sums of daily draw-off volumes
63
111.5
222.8
92.2
97
162.8
179.2
129.2
168
54.5
310.5
220
108.2
144
146.2
131.2
51.2
94.8
123.2
146.8
139.8
37.5
115
54.2
302.2
26
358.2
209.2
54
162.2
118.5
131
141.5
196.8
134
80.2
71.8
128.2
125
305
35.5
95.5
46.2
147.5
225.2
118.8
99
113.8
101.2
119
176.5
187
47.8
118.2
83.2
93.2
215.8
106.2
150.8
60.8
98.5
132.8
128.2
75.2
82.5
135.2
172
90.8
87
167
68.2
78.8
62.2
132.5
61.2
214
69.5
67.2
294.8
160
77
82.2
116.2
68.8
167.8
65
95.8
161.8
127.5
140
371.8
80.5
72.2
198
63.8
80.5
68.2
125.8
239.8
222.5
67.8
152.2
371.5
117.8
163.5
273.2
257.5
99
64.5
86.2
144.2
270.5
72
151.5
63.2
79.2
121.5
149
162.8
175.5
122.5
108
120.8
219.2
66.8
107.5
232
101.5
231.2
101
87.5
110.2
89.2
105.5
95.5
112.8
125.8
55.5
79.2
75.2
168.2
74
228.8
46.8
45.5
100.5
204.2
42
71
140
75
133.8
105.2
145.8
67
163.8
162
42.5
105.2
94.8
81.5
219.8
130.2
143.2
30.8
213.5
80.2
102.2
121.2
78
106
132.2
49.5
44
76.2
72.8
124.8
77.8
109.5
277.5
84.8
38.8
40.5
205
112
84
89.2
116.5
126.8
131.2
68.5
116.8
102.5
74
118.8
112.5
171.2
126.2
82.2
85.5
63
157.8
59.2
106.5
34.8
70.2
32
76
90.8
78.5
116.8
38.8
69.2
31.5
118.2
94
176.5
86.8
127.8
61.8
96.5
47.5
71
110.5
262
79.2
83.2
17.8
53
139
70.2
44.8
92.5
175.5
87.5
135.2
175.5
133.5
61
129
27.5
57.5
49
48.2
89.2
120.5
372.8
40.8
36.5
146.5
265.2
121
90
60.8
76.8
79
151.5
59
171.8
103.8
116.8
84.5
37.8
77.5
113
34.5
71.5
123.2
118.5
17.2
86
327.5
63.5
186.8
236.8
104.2
73.5
157.8
65.5
68.8
128.2
162.8
73.2
97.5
90.5
148
75.2
183.8
127.8
112.2
74.8
22.8
170.5
69
65.2
259.8
94
88.5
99.5
63.8
90.5
132.8
73.5
85.8
187.2
120.5
157.8
120.2
45.2
131.8
122.8
236.8
259.8
136
114.8
46.2
146.8
73.2
114.5
103.5
130.2
59.2
243.8
83
176.8
95.5
79.2
308.5
114.5
110
117
143
112.2
87.8
117.5
186
77.8
106
125.8
55
92
89.8
334
73.8
90.8
227.2
364
271
249.5
267.5
87.5
122.2
86.5
116.8
76
75
161
108.5
264.8
108.2
89
89
94.5
197
116.8
sums of draw-off volumes of each hour of the day
85.5
101.7
95.1
159
112.2
112.7
7835.5
9873.6000000
4133.6
1001.9
419.2
2114.6
2795.9
1112.9
1163.9
1750.2
1426.7
1441.3
1672.1
1607.8
2222.1
1615.2
1037.7
234.6
sums of draw-off volumes of each hour of weekdays
8.2
56.4
34.6
141.8
6.1
103.9
6436.9
7243.9
2336.9
458.2
317.1
1998
2669.5
987
375
292.4
267.5
1020.7
1540.3
1246.2
1698.5
865.5
492.2
61.5
sums of draw-off volumes of each hour of weekend-days
77.3
45.3
60.5
17.2
106.1
8.8
1398.6
2629.7
1796.7
543.7
102.1
116.6
126.4
125.9
788.9
1457.8
1159.2
420.6
131.8
361.6
523.6
749.7
545.5
173.1
holidays of household(s), numbers correspond to day of year
