21;29
14;30
25;31
51;49
18;73
37;81
28;82
25;85
33;88
191;125
82;126
54;127
5;146
7;157
34;170
1;175
20;176
10;180
11;181
31;187
6;221
174;222
310;223
5;224
25;236
23;241
61;242
25;243
34;247
165;267
11;268
20;271
17;275
15;276
47;320
22;321
39;324
26;325
10;339
6;349
173;358
12;373
34;375
31;413
12;414
25;415
210;416
4;431
18;433
33;435
11;451
36;457
8;468
8;510
155;511
24;512
66;514
2;515
13;516
31;517
2;522
15;541
34;543
39;545
22;547
174;548
19;560
20;561
1;564
6;565
20;571
63;586
30;607
19;609
38;610
27;612
6;638
152;639
168;641
153;642
36;654
25;660
20;701
41;702
19;703
228;704
30;721
168;723
11;752
201;797
21;798
28;799
43;800
213;818
26;827
29;833
36;845
18;850
29;851
14;852
14;853
35;893
5;894
30;895
54;896
4;898
22;914
10;924
19;943
27;945
12;947
3;971
23;989
25;990
10;991
48;992
168;1001
721;1011
156;1012
13;1013
6;1024
28;1034
8;1035
33;1039
36;1086
194;1087
63;1088
156;1089
330;1107
37;1121
9;1124
6;1134
27;1136
22;1142
52;1181
18;1183
37;1184
2;1185
9;1186
41;1187
19;1199
2;1214
4;1216
20;1217
26;1232
15;1233
8;1234
154;1235
13;1238
8;1239
5;1240
1;1277
5;1278
34;1279
7;1280
19;1281
32;1283
47;1284
29;1292
22;1297
40;1309
23;1312
31;1313
55;1314
8;1315
30;1316
161;1332
24;1333
8;1335
10;1373
13;1374
10;1375
256;1376
1;1388
33;1395
33;1396
31;1411
38;1421
4;1422
156;1429
29;1462
214;1469
179;1470
19;1471
30;1480
32;1490
13;1492
7;1523
2;1525
5;1563
10;1565
6;1566
38;1567
24;1568
3;1570
8;1585
11;1586
14;1587
32;1596
11;1599
30;1609
4;1610
9;1621
172;1662
22;1663
19;1664
4;1681
15;1684
22;1685
6;1705
26;1709
2;1711
6;1712
5;1714
14;1715
31;1716
35;1720
11;1729
42;1757
23;1758
197;1760
14;1771
30;1777
35;1779
32;1780
29;1781
13;1786
8;1789
10;1804
16;1813
33;1816
37;1840
60;1856
67;1857
28;1858
16;1859
22;1862
13;1880
11;1885
6;1888
30;1889
17;1892
29;1893
3;1899
23;1907
24;1908
156;1912
4;1914
12;1916
29;1920
6;1940
43;1949
22;1951
28;1952
3;1953
5;1954
202;1955
11;1956
26;1984
178;1985
7;1986
6;1988
22;2003
40;2046
3;2047
26;2048
8;2056
4;2068
2;2081
6;2090
23;2098
38;2103
7;2141
25;2143
101;2144
156;2153
25;2155
23;2162
18;2163
10;2171
9;2177
27;2192
26;2197
8;2198
25;2199
36;2238
59;2239
19;2240
17;2250
8;2257
6;2258
3;2272
7;2281
30;2283
8;2290
24;2296
366;2333
171;2334
51;2335
592;2336
10;2355
14;2356
5;2384
2;2430
2;2432
11;2450
6;2451
9;2452
4;2481
22;2485
25;2487
23;2488
17;2526
37;2528
204;2529
8;2530
25;2532
19;2556
25;2557
46;2558
6;2559
209;2560
15;2561
7;2562
45;2563
38;2564
25;2570
12;2573
152;2577
14;2578
16;2581
162;2584
18;2586
5;2587
328;2588
57;2621
115;2622
58;2623
17;2624
2;2625
29;2626
71;2627
25;2628
37;2629
6;2642
187;2654
30;2657
13;2659
147;2662
29;2668
4;2681
9;2682
1;2684
11;2717
4;2718
40;2719
34;2720
33;2722
11;2729
18;2731
13;2740
13;2756
5;2762
11;2769
3;2770
20;2776
20;2813
3;2814
65;2815
150;2816
160;2858
37;2860
10;2861
38;2864
7;2865
159;2871
208;2910
82;2911
27;2920
24;2924
6;2926
4;2929
2;2930
46;2931
12;2944
17;2951
18;2957
25;2961
3;2966
168;3005
49;3006
170;3007
14;3008
18;3011
5;3025
9;3028
22;3031
3;3038
18;3049
5;3053
24;3054
19;3059
232;3101
42;3102
48;3103
19;3104
14;3109
17;3115
156;3122
1;3123
11;3151
12;3155
14;3157
6;3169
14;3174
33;3197
15;3198
165;3199
170;3200
24;3202
21;3203
37;3204
24;3229
45;3232
2;3233
156;3234
30;3236
14;3242
2;3252
26;3253
3;3254
50;3295
4;3297
29;3298
63;3299
10;3300
37;3320
5;3324
36;3326
162;3328
8;3329
9;3330
15;3331
9;3332
10;3340
54;3347
29;3350
6;3352
8;3389
81;3390
28;3392
46;3409
15;3411
26;3412
31;3416
30;3422
34;3424
22;3438
35;3485
112;3486
15;3487
35;3488
10;3505
26;3506
18;3507
6;3512
7;3516
5;3524
6;3531
2;3532
10;3534
22;3581
23;3582
13;3583
178;3584
3;3587
1;3590
29;3598
197;3601
18;3614
5;3627
3;3630
1;3635
11;3636
9;3637
6;3677
41;3678
43;3679
44;3680
3;3682
34;3684
12;3696
35;3697
46;3699
26;3700
26;3710
2;3719
5;3722
166;3725
2;3729
9;3734
25;3770
39;3773
55;3774
30;3775
4;3776
216;3793
320;3794
158;3796
32;3820
16;3823
160;3824
165;3825
37;3871
10;3872
8;3873
6;3874
6;3875
16;3901
27;3903
13;3907
11;3912
8;3923
10;3940
3;3965
15;3966
53;3967
11;3968
41;3970
8;3971
12;3972
5;3979
16;3984
6;3996
71;3997
26;4000
19;4001
12;4002
36;4003
19;4021
7;4023
2;4026
10;4027
53;4061
14;4063
68;4064
12;4078
8;4083
8;4102
3;4104
6;4106
13;4109
161;4142
34;4157
44;4159
14;4160
11;4177
62;4179
13;4180
9;4186
27;4190
4;4193
19;4198
5;4205
21;4209
166;4211
39;4253
61;4255
172;4256
23;4272
15;4273
2;4276
562;4282
27;4312
111;4349
14;4350
7;4351
93;4352
7;4368
48;4370
8;4371
23;4372
19;4374
20;4385
20;4394
4;4395
32;4397
21;4399
37;4401
11;4404
20;4446
63;4447
47;4448
5;4451
4;4458
3;4466
7;4472
181;4496
22;4497
14;4498
10;4499
20;4502
24;4518
23;4543
17;4544
25;4547
12;4548
13;4549
8;4565
198;4573
4;4574
14;4575
16;4576
17;4579
26;4588
27;4594
31;4607
14;4637
101;4638
14;4639
16;4640
21;4642
27;4659
30;4669
13;4674
50;4675
42;4676
11;4677
22;4685
3;4689
7;4694
29;4696
5;4697
3;4733
194;4734
134;4735
52;4736
9;4755
25;4756
7;4766
29;4777
14;4780
1;4784
8;4790
164;4829
33;4830
188;4831
37;4832
29;4844
6;4849
159;4851
15;4852
36;4855
7;4862
32;4883
154;4922
18;4925
21;4927
90;4928
1;4936
326;4946
6;4947
23;4973
8;4974
2;4977
99;4984
82;5021
6;5022
14;5043
22;5044
18;5045
5;5066
32;5070
12;5074
25;5117
62;5118
158;5120
32;5125
10;5133
86;5138
32;5162
11;5169
28;5171
24;5173
5;5174
11;5194
10;5213
26;5214
17;5215
15;5216
23;5217
13;5219
9;5220
11;5226
7;5238
4;5246
2;5249
30;5253
154;5270
1;5275
14;5309
7;5310
41;5311
34;5312
35;5313
15;5314
30;5316
168;5327
1;5343
18;5348
9;5350
1;5363
6;5403
12;5405
10;5406
19;5407
559;5413
3;5417
177;5425
29;5427
23;5430
1;5450
16;5461
8;5463
169;5501
10;5502
78;5504
12;5508
14;5522
29;5524
19;5542
3;5551
67;5554
24;5560
22;5575
27;5597
24;5599
319;5600
6;5617
8;5620
26;5632
169;5641
2;5655
38;5673
4;5693
43;5694
44;5695
84;5696
6;5714
20;5737
4;5750
37;5789
59;5790
29;5791
202;5792
21;5796
28;5810
9;5811
9;5836
18;5880
53;5886
31;5887
13;5888
13;5889
183;5890
38;5891
15;5917
30;5918
16;5920
53;5922
24;5923
4;5938
8;5940
32;5942
1;5981
16;5982
164;5983
53;5984
5;5985
5;5987
4;5988
17;5999
39;6015
62;6016
5;6017
23;6018
18;6019
33;6020
29;6023
20;6038
12;6039
7;6043
19;6078
38;6079
5;6080
36;6097
15;6099
9;6100
5;6113
10;6126
164;6128
93;6173
16;6174
155;6175
18;6193
10;6196
4;6199
14;6208
9;6226
5;6232
6;6234
64;6269
24;6270
36;6271
4;6272
68;6289
15;6315
14;6318
6;6319
150;6325
160;6327
68;6365
1;6366
289;6367
216;6368
3;6380
35;6386
11;6403
25;6416
12;6422
28;6424
69;6461
19;6474
8;6481
19;6484
7;6486
10;6490
23;6502
170;6515
38;6517
50;6557
45;6559
1;6560
20;6562
17;6564
157;6567
44;6594
6;6603
8;6615
13;6636
69;6653
165;6654
43;6655
55;6656
163;6660
25;6687
31;6689
26;6691
16;6692
28;6702
24;6709
10;6711
51;6750
70;6751
54;6752
9;6760
18;6786
24;6787
1;6794
33;6796
2;6798
11;6807
9;6845
12;6846
14;6847
24;6848
6;6866
19;6867
6;6872
4;6887
6;6895
15;6897
172;6898
28;6903
1;6941
23;6942
37;6943
6;6944
7;6961
32;6964
27;6982
95;6984
21;6985
71;7037
2;7038
175;7039
14;7040
7;7057
8;7058
4;7059
34;7066
20;7074
161;7079
15;7089
19;7092
8;7133
49;7134
33;7135
7;7136
20;7142
3;7153
9;7154
19;7156
5;7163
1;7178
7;7180
34;7181
22;7184
5;7185
23;7189
7;7230
34;7231
27;7232
20;7233
25;7234
28;7235
574;7263
59;7264
4;7265
6;7267
16;7268
1;7283
18;7284
23;7285
14;7291
50;7325
24;7326
1;7327
25;7328
22;7332
24;7338
21;7359
25;7360
32;7363
11;7364
20;7368
9;7376
14;7378
21;7416
33;7421
18;7422
64;7424
27;7441
10;7442
11;7443
46;7444
4;7458
1;7475
19;7478
15;7479
54;7517
184;7518
193;7519
68;7520
27;7529
23;7537
28;7540
11;7555
574;7561
3;7565
14;7574
7;7605
18;7613
24;7614
192;7615
185;7616
14;7623
15;7633
13;7635
32;7636
30;7639
15;7641
4;7649
10;7659
31;7661
16;7668
6;7670
28;7671
2;7690
68;7709
74;7710
44;7711
15;7712
22;7730
18;7731
8;7758
26;7762
9;7763
7;7764
15;7766
32;7805
30;7806
21;7807
74;7808
31;7809
31;7826
22;7833
3;7836
17;7839
35;7855
32;7857
1;7862
12;7896
12;7902
20;7903
58;7904
169;7905
11;7907
12;7908
16;7915
5;7925
42;7933
1;7937
12;7939
24;7954
26;7957
9;7958
7;7959
1;7961
28;7968
3;7971
39;7997
24;7998
13;8000
20;8002
41;8003
6;8004
17;8030
32;8034
5;8035
16;8050
2;8052
11;8053
24;8056
13;8057
9;8058
74;8093
40;8094
69;8095
180;8096
158;8113
11;8114
13;8121
42;8124
14;8125
8;8146
26;8149
36;8156
52;8189
48;8190
56;8191
30;8205
9;8210
9;8211
5;8236
28;8238
23;8240
1;8274
11;8284
14;8285
96;8286
117;8287
62;8288
11;8307
20;8315
29;8335
22;8336
248;8381
87;8382
28;8383
176;8384
12;8392
9;8398
33;8402
24;8405
29;8430
1;8440
15;8477
198;8478
24;8479
14;8480
165;8482
1;8497
26;8498
15;8502
8;8524
44;8533
200;8573
30;8574
6;8575
3;8576
13;8577
26;8578
48;8580
32;8583
3;8589
13;8598
10;8600
9;8606
34;8607
9;8625
6;8628
66;8631
31;8634
21;8635
16;8665
19;8668
29;8669
176;8671
19;8672
12;8693
25;8695
53;8697
29;8699
165;8701
15;8704
3;8707
12;8714
6;8717
162;8718
173;8726
573;8727
75;8761
25;8762
22;8763
2;8764
36;8780
21;8781
25;8783
15;8784
35;8794
12;8806
10;8807
23;8815
21;8818
82;8857
71;8858
34;8859
13;8870
1;8877
28;8878
31;8879
16;8897
2;8903
5;8910
6;8911
67;8953
160;8955
350;8956
19;8960
12;8962
27;8975
33;8976
39;8998
24;9000
23;9005
6;9006
9;9008
23;9011
3;9049
42;9050
29;9051
17;9052
19;9067
54;9069
11;9070
27;9071
4;9098
14;9100
5;9108
30;9116
28;9131
25;9145
61;9147
10;9163
155;9168
14;9189
11;9200
18;9204
1;9242
35;9243
3;9244
18;9245
38;9247
45;9276
25;9278
30;9279
33;9297
9;9302
36;9304
9;9337
33;9338
19;9347
19;9356
22;9367
160;9369
14;9371
185;9373
15;9376
6;9385
21;9398
164;9433
16;9434
194;9435
205;9436
8;9453
38;9455
33;9456
162;9457
44;9462
18;9467
2;9472
35;9482
25;9486
15;9487
4;9529
588;9530
169;9532
19;9549
19;9550
9;9569
37;9580
30;9582
15;9585
41;9626
50;9628
23;9629
55;9647
38;9648
14;9650
10;9654
30;9658
1;9670
9;9677
1;9698
13;9711
45;9721
37;9722
114;9724
45;9732
9;9735
31;9742
167;9743
51;9765
20;9767
32;9768
16;9769
8;9773
20;9778
58;9817
698;9818
18;9819
586;9820
3;9832
6;9833
49;9837
15;9838
2;9859
7;9862
3;9872
21;9874
20;9876
7;9913
28;9915
36;9916
27;9917
11;9919
155;9920
21;9940
14;9945
72;9947
28;9949
26;9950
31;9951
15;9976
1;9995
148;10010
149;10011
55;10012
1;10015
6;10038
12;10041
46;10042
8;10043
1;10053
10;10057
27;10066
21;10068
5;10070
164;10071
30;10105
264;10106
31;10107
567;10108
38;10110
12;10159
151;10161
610;10201
217;10202
42;10203
66;10204
7;10221
11;10222
16;10224
35;10227
1;10250
3;10251
12;10253
10;10255
59;10297
35;10298
29;10299
22;10300
14;10317
13;10320
19;10326
148;10327
22;10342
2;10345
12;10351
21;10352
55;10393
17;10394
23;10395
93;10396
3;10413
21;10414
17;10415
11;10429
5;10443
4;10444
9;10447
28;10489
11;10490
87;10491
180;10492
11;10509
1;10510
15;10518
11;10539
1;10543
59;10586
59;10587
23;10588
16;10589
27;10590
20;10591
17;10592
4;10613
30;10619
159;10620
83;10624
20;10638
1;10640
28;10645
8;10648
23;10649
19;10657
3;10662
68;10681
32;10683
176;10684
41;10685
184;10686
6;10687
164;10688
1;10699
37;10707
31;10715
9;10716
1;10717
22;10718
22;10719
47;10720
1;10735
18;10739
200;10744
80;10777
32;10780
90;10798
50;10800
31;10828
5;10829
196;10873
173;10874
54;10875
6;10876
13;10880
50;10893
26;10895
20;10917
26;10918
1;10929
28;10932
13;10934
27;10969
41;10970
33;10971
4;10989
27;10991
11;10992
10;10994
34;11013
34;11018
25;11027
4;11031
3;11039
44;11065
57;11066
30;11067
81;11068
24;11086
18;11088
7;11095
10;11103
30;11106
12;11117
2;11118
2;11124
172;11161
181;11162
38;11163
34;11182
6;11183
14;11184
16;11198
16;11199
9;11207
31;11240
103;11257
163;11258
24;11259
10;11260
39;11261
13;11263
19;11264
31;11284
10;11286
20;11287
8;11290
30;11301
24;11308
35;11311
12;11315
24;11317
28;11334
30;11346
3;11347
8;11353
56;11355
47;11356
39;11357
5;11359
14;11360
5;11365
7;11369
22;11390
12;11391
151;11392
4;11407
39;11408
14;11414
167;11419
67;11450
5;11452
23;11463
13;11472
28;11489
566;11512
196;11545
244;11546
8;11547
10;11568
9;11581
11;11593
8;11597
4;11601
32;11641
2;11642
51;11643
41;11644
23;11648
28;11661
44;11664
10;11680
6;11685
175;11687
5;11689
8;11697
7;11700
53;11737
12;11739
187;11740
169;11757
3;11758
37;11760
2;11771
2;11785
18;11788
54;11833
27;11834
54;11835
348;11836
5;11841
20;11853
17;11854
12;11855
13;11863
167;11884
153;11885
7;11892
7;11912
9;11930
27;11931
15;11932
22;11933
2;11934
6;11935
97;11936
16;11954
19;11961
9;11964
3;11968
35;11987
1;12007
40;12025
11;12026
65;12027
32;12028
62;12029
24;12030
3;12031
20;12032
17;12036
17;12058
67;12061
7;12065
6;12068
40;12085
18;12094
38;12121
57;12122
13;12123
20;12124
1;12131
164;12135
2;12142
33;12152
19;12167
30;12176
551;12178
194;12217
96;12218
12;12219
40;12220
6;12238
28;12260
30;12272
367;12313
37;12314
207;12315
89;12316
7;12319
8;12333
9;12334
22;12335
16;12359
163;12372
5;12409
5;12410
226;12411
59;12412
14;12420
2;12429
13;12430
28;12432
7;12459
6;12460
39;12468
16;12505
52;12506
11;12508
4;12509
6;12519
13;12523
11;12525
8;12526
18;12550
13;12554
163;12555
26;12557
9;12559
53;12601
30;12603
149;12608
159;12632
5;12638
7;12639
4;12651
34;12661
12;12697
25;12699
18;12701
25;12702
14;12703
27;12704
20;12721
162;12729
31;12734
16;12747
7;12756
13;12789
47;12794
65;12795
4;12796
14;12802
27;12810
27;12813
31;12814
15;12816
16;12826
163;12840
48;12889
148;12890
37;12891
35;12892
23;12909
27;12912
14;12936
18;12945
32;12948
38;12986
88;12987
180;12988
36;12991
21;13005
15;13006
15;13008
8;13017
16;13019
10;13025
9;13042
15;13043
23;13062
4;13081
30;13082
13;13083
32;13084
18;13090
170;13091
164;13101
13;13102
18;13104
18;13131
57;13177
39;13178
16;13179
6;13180
42;13197
28;13200
11;13228
13;13232
10;13235
18;13273
11;13275
5;13276
19;13277
7;13278
49;13279
40;13280
9;13288
15;13299
13;13306
20;13307
29;13309
32;13312
10;13317
2;13322
33;13327
5;13333
8;13349
3;13369
5;13370
7;13373
49;13376
1;13404
33;13406
163;13407
7;13408
16;13410
9;13429
14;13454
182;13465
33;13466
24;13468
17;13471
10;13476
4;13485
8;13486
9;13488
157;13510
25;13514
150;13518
28;13520
12;13521
52;13561
4;13562
62;13563
3;13564
5;13575
153;13592
15;13598
2;13611
2;13653
59;13657
7;13658
213;13659
19;13660
6;13667
33;13677
367;13678
45;13679
40;13681
17;13690
4;13693
36;13701
12;13703
27;13713
28;13715
13;13741
33;13754
8;13756
17;13765
34;13767
1;13773
24;13774
21;13780
6;13798
22;13800
6;13802
2;13807
73;13849
52;13850
38;13851
19;13856
11;13941
67;13947
17;13948
7;13950
29;13960
25;13969
30;13980
5;13982
36;14000
21;14001
154;14012
9;14032
39;14041
6;14042
375;14043
21;14044
39;14045
8;14046
7;14048
7;14073
7;14075
3;14076
33;14079
167;14080
12;14094
30;14096
39;14100
9;14104
6;14105
14;14138
36;14139
31;14143
25;14150
4;14160
20;14184
8;14189
17;14191
3;14193
10;14195
29;14234
14;14235
40;14236
1;14278
172;14283
28;14289
9;14329
37;14330
202;14331
70;14332
8;14343
9;14344
16;14350
37;14352
161;14367
5;14379
6;14388
56;14425
29;14426
19;14427
4;14428
25;14434
155;14445
1;14460
11;14482
3;14508
6;14521
180;14522
20;14523
49;14524
32;14535
7;14537
25;14541
160;14543
38;14544
1;14550
13;14566
1;14573
178;14617
47;14620
38;14621
4;14622
15;14623
23;14651
2;14654
27;14656
36;14669
11;14670
11;14672
29;14678
5;14713
29;14714
35;14715
2;14716
58;14718
5;14719
48;14720
24;14730
12;14737
72;14746
6;14747
189;14748
19;14749
18;14750
28;14752
7;14765
19;14766
2;14769
5;14773
31;14810
73;14811
83;14812
14;14815
7;14829
16;14832
10;14857
34;14861
9;14903
44;14905
22;14906
32;14908
21;14910
166;14925
22;14928
17;14934
155;14949
153;14951
14;14954
200;15001
57;15004
14;15017
48;15021
9;15022
161;15030
2;15038
2;15047
155;15059
44;15097
13;15098
17;15119
10;15129
22;15143
1;15146
16;15147
8;15150
15;15156
24;15160
61;15193
4;15194
177;15196
12;15212
17;15213
14;15215
31;15218
2;15224
2;15233
20;15234
11;15236
23;15242
7;15246
19;15247
21;15249
22;15268
33;15283
14;15289
47;15290
18;15292
13;15293
7;15295
22;15296
28;15297
10;15300
9;15318
38;15321
24;15322
8;15324
5;15325
66;15334
15;15347
4;15361
3;15384
33;15385
10;15388
11;15389
61;15391
32;15397
31;15414
9;15417
12;15418
32;15420
2;15421
20;15423
3;15439
25;15442
9;15444
8;15451
21;15456
4;15481
194;15482
30;15483
583;15484
7;15495
12;15503
28;15504
5;15523
11;15528
5;15536
52;15577
190;15578
29;15579
17;15580
34;15587
6;15598
6;15600
28;15622
159;15635
5;15667
18;15673
6;15674
340;15675
12;15676
12;15693
9;15717
159;15721
10;15728
2;15742
2;15763
44;15770
13;15777
22;15790
30;15791
8;15819
4;15826
8;15865
36;15867
51;15868
592;15886
9;15912
158;15923
29;15962
41;15963
28;15964
4;15965
35;15966
50;15967
6;15971
16;15972
2;15974
7;15980
15;15982
4;15987
1;15993
29;15994
3;15997
15;16000
36;16014
7;16046
15;16058
38;16059
15;16060
23;16061
2;16062
28;16063
12;16064
34;16075
34;16084
23;16092
12;16095
152;16096
14;16115
16;16153
190;16156
6;16161
2;16163
11;16167
21;16175
33;16180
144;16184
4;16187
32;16193
2;16198
9;16200
7;16201
3;16203
5;16212
39;16249
5;16250
6;16251
4;16265
5;16271
21;16294
13;16297
169;16298
9;16299
17;16307
24;16315
17;16343
3;16345
69;16346
7;16347
30;16348
1;16366
21;16383
10;16386
35;16388
43;16391
150;16392
22;16393
16;16394
36;16441
57;16442
99;16443
37;16444
11;16462
22;16463
5;16464
16;16466
27;16479
1;16489
39;16491
16;16492
150;16495
13;16498
33;16537
36;16540
4;16544
1;16558
2;16560
21;16574
31;16579
29;16582
2;16593
3;16595
36;16596
21;16633
20;16635
39;16636
25;16639
1;16665
4;16667
34;16672
30;16687
2;16689
33;16729
59;16731
32;16732
21;16734
31;16735
26;16736
31;16761
15;16763
2;16767
27;16784
17;16786
11;16789
2;16826
185;16827
15;16848
26;16850
17;16854
2;16871
15;16879
29;16892
31;16910
30;16922
162;16924
29;16942
62;16944
155;16948
10;16959
3;16976
17;16977
43;17017
6;17018
155;17019
24;17039
3;17040
3;17063
29;17064
19;17074
29;17076
263;17114
5;17115
33;17116
25;17118
3;17122
15;17130
26;17135
47;17136
17;17155
4;17160
29;17209
36;17210
184;17211
336;17212
154;17229
171;17231
155;17232
28;17248
7;17259
10;17264
19;17296
23;17305
19;17310
22;17312
32;17336
22;17340
2;17342
13;17343
28;17355
152;17366
7;17368
30;17377
8;17402
27;17404
15;17410
3;17417
33;17429
20;17436
5;17438
6;17440
2;17443
4;17445
2;17464
13;17497
14;17498
41;17500
18;17514
19;17517
25;17518
12;17553
13;17555
7;17556
27;17576
14;17593
26;17594
580;17595
4;17596
8;17613
152;17638
9;17640
152;17685
145;17690
60;17691
34;17694
12;17709
8;17713
9;17736
28;17742
20;17770
55;17785
51;17786
92;17787
76;17788
11;17827
19;17829
5;17830
2;17840
5;17842
33;17881
24;17882
35;17883
35;17884
22;17887
16;17897
6;17898
21;17901
27;17902
16;17903
27;17904
8;17908
18;17918
23;17926
17;17930
11;17937
18;17939
162;17969
17;17977
14;17979
5;17980
23;17981
151;17986
32;18009
9;18010
5;18012
9;18014
10;18029
29;18034
46;18074
2;18075
22;18076
1;18078
3;18079
20;18080
26;18088
153;18101
28;18107
2;18111
33;18129
162;18130
9;18139
27;18170
37;18171
154;18172
25;18187
34;18189
10;18191
10;18192
160;18207
5;18216
11;18219
26;18220
3;18222
15;18226
8;18227
6;18265
24;18266
44;18267
31;18268
6;18285
41;18287
28;18293
5;18295
22;18309
25;18310
17;18316
25;18319
184;18361
52;18362
37;18363
69;18364
28;18365
6;18378
34;18407
19;18413
19;18416
19;18417
42;18457
73;18458
22;18459
27;18460
2;18461
9;18472
10;18478
9;18480
32;18486
157;18487
10;18502
17;18505
8;18553
35;18554
51;18556
18;18575
165;18598
12;18605
1;18607
6;18622
10;18635
14;18649
25;18650
13;18651
148;18654
8;18655
20;18656
151;18672
18;18680
7;18682
6;18683
33;18686
2;18687
10;18688
2;18702
8;18710
2;18729
29;18745
2;18746
47;18747
14;18748
26;18750
167;18751
19;18752
26;18777
9;18779
18;18783
31;18784
34;18797
19;18806
7;18808
23;18841
217;18842
28;18843
47;18844
12;18846
13;18848
59;18861
4;18862
176;18863
31;18864
15;18865
9;18872
18;18882
1;18887
9;18888
23;18890
48;18937
174;18938
97;18939
33;18940
15;18941
23;18958
2;18979
12;18981
53;18984
34;18988
11;18989
3;18995
157;19022
55;19033
27;19034
23;19053
22;19055
20;19056
4;19074
21;19088
24;19129
18;19130
79;19131
10;19151
5;19152
14;19175
36;19179
156;19182
13;19226
23;19227
65;19228
3;19235
21;19245
17;19246
20;19270
35;19275
30;19276
17;19282
8;19292
43;19321
45;19322
5;19325
58;19326
5;19328
15;19335
1;19344
166;19353
21;19354
28;19355
24;19357
159;19359
14;19363
20;19378
27;19381
24;19408
2;19409
30;19418
28;19419
34;19420
8;19422
12;19423
27;19424
13;19451
12;19456
23;19477
24;19480
210;19513
67;19514
27;19515
35;19516
26;19529
15;19558
9;19562
6;19563
24;19568
7;19569
51;19610
5;19611
25;19622
1;19630
15;19632
10;19646
4;19647
28;19656
10;19705
8;19708
30;19716
62;19725
26;19726
33;19727
24;19728
26;19748
34;19755
3;19762
25;19763
4;19801
23;19802
3;19803
15;19804
30;19821
7;19822
32;19823
14;19840
55;19897
45;19898
12;19899
18;19900
1;19903
52;19917
47;19919
25;19920
10;19938
23;19947
16;19951
54;19993
175;19997
2;19998
10;20000
31;20002
1;20020
6;20023
22;20025
2;20029
18;20031
12;20045
4;20051
26;20052
14;20091
14;20092
19;20093
37;20094
176;20095
9;20121
17;20126
21;20139
7;20149
13;20185
170;20186
30;20187
114;20188
7;20205
15;20206
25;20207
16;20208
14;20230
8;20231
55;20238
56;20281
34;20282
11;20283
7;20284
8;20301
18;20303
10;20321
4;20331
7;20332
38;20377
34;20378
20;20379
17;20381
31;20383
2;20386
16;20398
7;20399
2;20400
21;20402
31;20418
3;20422
4;20431
3;20432
25;20434
23;20440
18;20473
78;20474
17;20475
6;20496
7;20526
13;20569
1;20570
4;20571
21;20572
21;20573
180;20589
9;20592
165;20597
17;20613
31;20615
5;20618
6;20626
24;20654
13;20665
16;20668
2;20672
2;20690
4;20692
38;20697
54;20699
13;20701
5;20717
35;20719
153;20724
9;20727
8;20728
30;20761
156;20765
26;20766
35;20767
363;20768
9;20777
10;20787
26;20793
13;20796
21;20797
1;20799
10;20814
6;20816
24;20858
56;20859
13;20860
5;20868
29;20869
164;20878
20;20899
23;20901
4;20904
9;20909
25;20942
29;20953
36;20954
10;20955
321;20956
4;20974
14;20975
28;20976
6;20989
34;20998
4;21004
20;21034
19;21049
34;21050
2;21051
23;21052
39;21059
70;21070
15;21071
7;21084
9;21093
9;21104
28;21145
3;21146
187;21147
7;21163
38;21165
33;21191
27;21197
37;21200
6;21202
20;21204
52;21241
45;21242
19;21243
27;21255
19;21261
7;21264
7;21292
8;21297
6;21300
162;21337
37;21338
28;21341
23;21344
11;21369
10;21374
13;21381
18;21424
6;21433
16;21435
28;21436
24;21467
1;21469
21;21471
147;21472
154;21479
27;21491
62;21529
192;21530
18;21531
5;21532
202;21552
549;21556
20;21561
2;21625
73;21626
157;21627
26;21628
14;21647
18;21651
9;21672
18;21679
30;21721
203;21723
15;21724
5;21729
23;21731
3;21741
10;21752
34;21767
10;21779
14;21818
25;21820
10;21837
20;21839
1;21840
1;21855
15;21913
53;21915
54;21916
6;21933
30;21934
4;21957
18;21958
32;21962
32;22011
161;22013
23;22014
164;22015
47;22016
10;22025
12;22041
4;22042
13;22047
37;22048
5;22060
23;22064
25;22068
17;22106
10;22107
36;22109
36;22110
23;22111
6;22112
22;22114
8;22126
9;22138
29;22140
14;22143
15;22151
32;22157
7;22165
4;22166
13;22168
9;22202
32;22203
30;22204
5;22221
14;22223
19;22224
15;22248
23;22250
1;22251
9;22254
3;22256
19;22258
13;22297
27;22298
161;22299
36;22300
4;22332
27;22345
23;22346
24;22349
11;22350
20;22351
24;22355
179;22393
167;22394
158;22395
44;22396
5;22397
10;22415
35;22439
26;22443
32;22444
23;22445
1;22446
22;22451
3;22469
197;22490
22;22501
9;22509
23;22510
18;22533
24;22534
44;22545
10;22548
164;22585
43;22586
43;22587
179;22588
4;22595
5;22607
28;22630
22;22638
22;22642
31;22655
159;22683
165;22685
24;22686
17;22687
13;22688
38;22703
5;22708
57;22714
17;22716
35;22718
160;22719
12;22735
27;22777
164;22778
70;22779
25;22780
8;22782
26;22783
32;22788
20;22796
31;22809
14;22811
24;22812
23;22813
28;22814
14;22831
28;22839
188;22873
3;22875
1;22876
22;22893
8;22913
19;22921
3;22923
30;22969
48;22970
43;22971
92;22972
187;22990
20;22991
71;23016
24;23025
1;23026
14;23065
7;23066
27;23067
35;23068
19;23117
8;23120
37;23162
12;23163
84;23164
25;23175
22;23182
6;23183
6;23184
10;23207
5;23217
13;23219
10;23220
45;23258
10;23259
28;23260
44;23278
28;23279
8;23294
11;23305
22;23315
16;23353
2;23355
30;23356
10;23360
20;23369
27;23386
23;23387
3;23392
22;23407
13;23409
27;23415
61;23449
16;23450
50;23452
56;23453
10;23456
6;23462
14;23469
28;23480
6;23482
15;23483
10;23484
11;23498
10;23501
6;23504
27;23505
31;23507
57;23545
36;23546
196;23548
16;23566
29;23567
35;23568
12;23586
35;23596
39;23601
27;23604
183;23641
44;23642
20;23643
14;23644
27;23659
8;23664
8;23675
34;23684
557;23691
163;23699
433;23704
22;23737
47;23738
43;23740
11;23761
13;23780
10;23791
17;23796
21;23833
70;23835
24;23836
7;23853
2;23866
7;23879
12;23891
3;23900
22;23929
53;23930
217;23931
92;23932
18;23950
3;23952
7;23962
8;23973
165;23978
1;23988
7;24026
724;24027
2;24030
28;24031
4;24032
5;24039
10;24057
198;24059
46;24060
8;24061
11;24062
10;24087
8;24088
1;24115
8;24121
68;24123
8;24124
39;24125
22;24126
17;24127
28;24128
20;24135
11;24141
1;24145
1;24154
174;24155
12;24160
21;24165
9;24179
32;24180
12;24185
19;24217
34;24218
35;24219
83;24220
29;24227
22;24237
15;24239
39;24240
25;24243
31;24266
28;24272
44;24313
6;24336
22;24350
6;24355
165;24357
54;24409
48;24410
31;24411
27;24412
26;24413
36;24429
31;24431
23;24435
18;24448
13;24468
14;24505
41;24507
32;24508
29;24527
171;24528
9;24550
12;24563
8;24571
31;24601
25;24602
178;24603
85;24604
34;24621
22;24623
31;24646
34;24649
6;24657
2;24659
158;24660
24;24698
6;24701
23;24702
9;24703
12;24704
35;24710
20;24723
26;24730
12;24732
30;24733
31;24734
1;24751
7;24753
25;24780
201;24794
216;24795
34;24797
5;24823
17;24824
159;24826
15;24830
13;24841
2;24848
11;24889
20;24890
1;24891
155;24892
26;24895
157;24911
26;24912
10;24942
9;24947
17;24978
24;24985
164;24986
40;24988
8;25005
69;25007
11;25028
45;25032
47;25038
14;25039
23;25040
5;25041
35;25081
34;25082
6;25083
22;25084
5;25086
3;25101
10;25102
17;25106
3;25125
36;25131
167;25140
13;25177
43;25178
33;25180
12;25190
12;25199
23;25200
3;25205
6;25232
6;25234
29;25273
26;25275
8;25276
10;25287
14;25293
6;25296
4;25308
157;25316
12;25319
20;25331
24;25340
34;25363
8;25369
19;25370
15;25371
40;25372
4;25375
25;25401
32;25403
10;25405
8;25408
4;25409
175;25413
26;25417
14;25425
16;25430
22;25432
26;25465
4;25466
9;25468
36;25470
14;25472
17;25497
15;25499
17;25534
18;25561
64;25562
18;25563
35;25564
11;25570
16;25581
43;25583
34;25584
3;25585
30;25604
14;25609
165;25657
217;25658
27;25669
4;25677
18;25688
27;25707
35;25712
8;25748
21;25754
24;25755
20;25756
38;25775
172;25776
2;25799
5;25801
169;25802
15;25803
48;25849
3;25850
10;25851
8;25892
30;25945
29;25946
21;25947
49;25948
10;25964
21;25967
9;25968
22;25971
26;25993
24;25994
32;25995
29;25996
22;25999
20;26001
30;26018
34;26041
19;26042
6;26043
173;26044
39;26046
58;26047
157;26077
20;26078
173;26080
31;26089
570;26094
24;26129
3;26137
55;26138
13;26142
42;26143
29;26144
7;26159
24;26173
17;26174
12;26195
28;26196
40;26233
36;26234
35;26235
195;26236
11;26242
9;26247
17;26253
151;26255
11;26278
28;26283
166;26289
13;26290
35;26292
178;26329
32;26330
30;26332
12;26342
28;26345
4;26349
7;26367
11;26372
7;26377
24;26379
10;26380
22;26381
11;26383
7;26385
564;26386
91;26425
33;26427
47;26428
24;26448
22;26452
10;26460
25;26470
159;26477
6;26484
33;26523
39;26524
157;26536
17;26557
13;26569
35;26578
32;26617
52;26618
26;26619
34;26620
14;26639
152;26645
5;26646
158;26656
4;26668
154;26669
24;26714
44;26716
28;26717
33;26719
9;26745
14;26746
13;26749
8;26751
16;26752
23;26767
4;26773
46;26775
7;26804
29;26809
26;26811
20;26812
5;26814
15;26816
21;26834
30;26841
7;26842
30;26846
16;26847
25;26855
14;26858
30;26871
29;26905
14;26906
101;26907
31;26908
37;26922
6;26925
12;26926
164;26928
4;26942
5;26954
7;26956
33;26957
19;26958
5;26959
32;26960
14;26964
13;27001
176;27002
206;27003
17;27004
33;27017
3;27021
35;27023
157;27045
7;27053
4;27055
60;27097
17;27099
31;27100
26;27103
12;27119
24;27120
16;27122
22;27141
40;27144
45;27153
17;27193
162;27194
2;27195
161;27196
10;27215
32;27229
6;27238
30;27289
157;27290
31;27292
47;27312
14;27313
26;27342
24;27345
33;27351
2;27386
30;27387
16;27388
12;27390
21;27391
44;27392
14;27401
23;27415
163;27418
4;27419
26;27421
27;27422
22;27424
35;27436
153;27442
6;27481
160;27482
10;27486
12;27487
13;27512
7;27515
38;27516
7;27518
22;27529
5;27533
21;27543
453;27577
13;27578
17;27579
62;27580
5;27599
168;27600
12;27623
5;27636
26;27673
201;27675
25;27676
7;27680
21;27689
9;27693
145;27694
12;27696
3;27705
27;27707
5;27719
2;27722
28;27730
59;27769
49;27770
3;27771
6;27772
31;27784
25;27790
4;27792
1;27805
176;27813
3;27816
17;27819
21;27823
27;27829
27;27836
10;27844
5;27866
176;27867
33;27868
23;27891
10;27901
31;27910
10;27913
1;27921
35;27961
18;27963
29;27983
9;28019
22;28056
30;28057
10;28058
2;28059
23;28060
24;28061
25;28064
30;28076
20;28077
4;28091
24;28093
360;28094
33;28095
53;28096
20;28097
2;28112
28;28153
25;28156
14;28157
22;28158
17;28159
17;28183
47;28185
38;28186
8;28187
10;28189
31;28192
3;28198
16;28202
20;28244
22;28249
63;28250
49;28251
15;28252
25;28255
9;28258
9;28272
18;28275
17;28283
14;28299
194;28345
220;28346
33;28347
51;28348
18;28355
155;28365
3;28366
20;28368
27;28388
16;28393
34;28396
29;28398
10;28399
166;28400
30;28401
5;28402
1;28403
27;28404
96;28441
29;28442
69;28443
66;28444
13;28449
7;28452
27;28462
22;28488
8;28493
3;28497
36;28498
166;28537
3;28538
54;28540
23;28541
25;28552
5;28557
17;28581
9;28586
12;28590
14;28591
9;28592
17;28595
38;28633
79;28634
20;28655
28;28656
29;28677
33;28687
165;28691
6;28692
26;28713
8;28731
35;28732
29;28733
25;28734
11;28735
11;28736
5;28755
22;28761
28;28763
30;28767
14;28776
1;28784
10;28787
1;28816
7;28817
9;28822
2;28825
24;28826
18;28827
13;28828
25;28829
19;28830
31;28831
18;28849
20;28857
170;28862
5;28880
188;28921
12;28922
67;28923
14;28941
3;28943
48;28944
148;28950
27;28961
24;28967
53;29017
13;29018
43;29019
74;29020
23;29038
7;29045
21;29046
11;29063
13;29065
3;29067
20;29071
13;29075
33;29113
19;29114
32;29115
21;29116
5;29131
21;29133
36;29134
23;29136
148;29160
5;29165
21;29213
200;29214
56;29215
20;29216
162;29229
4;29231
26;29234
30;29235
166;29236
17;29251
28;29262
19;29263
60;29309
5;29310
56;29311
16;29312
16;29325
28;29329
21;29330
20;29332
4;29349
26;29354
16;29357
22;29363
24;29364
168;29367
10;29405
12;29406
12;29408
10;29409
21;29410
153;29412
27;29433
45;29438
29;29440
21;29441
24;29444
34;29446
21;29460
13;29464
157;29467
38;29468
4;29470
45;29503
25;29504
39;29505
348;29508
13;29522
5;29533
1;29536
5;29537
27;29597
3;29598
30;29599
62;29600
7;29619
5;29620
1;29631
1;29639
22;29645
8;29649
15;29654
1;29693
29;29694
83;29695
12;29696
157;29698
21;29703
1;29707
32;29741
30;29748
3;29751
158;29752
55;29789
42;29791
29;29792
21;29804
59;29809
5;29810
66;29811
5;29816
175;29823
30;29839
4;29847
167;29863
226;29885
88;29886
183;29887
13;29904
46;29905
158;29906
15;29907
2;29908
24;29929
19;29937
6;29944
35;29981
562;29982
37;29983
218;29984
145;30002
9;30019
20;30025
13;30028
30;30056
29;30059
43;30077
3;30079
18;30080
2;30082
195;30084
18;30099
10;30111
25;30112
16;30113
18;30115
21;30116
42;30129
29;30130
28;30135
1;30136
16;30140
24;30149
38;30173
30;30174
198;30175
2;30176
31;30208
10;30209
12;30210
9;30213
4;30226
49;30230
35;30232
3;30234
14;30238
20;30269
39;30270
2;30271
7;30272
6;30278
34;30290
14;30292
8;30306
19;30309
36;30318
177;30365
12;30366
196;30367
21;30368
52;30386
30;30388
21;30395
16;30410
32;30414
30;30422
47;30461
67;30462
44;30464
28;30468
14;30482
16;30483
25;30512
25;30515
27;30520
168;30557
28;30558
102;30559
43;30560
25;30566
6;30568
8;30578
33;30582
9;30605
36;30611
36;30653
47;30654
161;30655
21;30656
149;30676
4;30723
16;30749
2;30750
4;30751
8;30752
54;30754
24;30755
16;30756
13;30781
1;30784
174;30788
163;30801
7;30802
8;30805
27;30806
13;30845
6;30846
7;30847
44;30849
38;30850
1;30866
8;30876
25;30877
29;30878
23;30880
20;30882
13;30883
7;30894
3;30910
49;30941
70;30942
1;30943
46;30961
8;30962
164;30963
20;30964
577;30990
27;30997
13;31000
74;31037
82;31038
38;31039
70;31040
25;31045
4;31058
9;31090
27;31094
3;31103
158;31129
41;31134
214;31136
22;31143
5;31145
4;31153
14;31154
12;31164
21;31170
8;31177
12;31178
5;31180
9;31181
13;31185
15;31188
154;31189
17;31229
18;31230
35;31231
10;31232
34;31249
10;31250
164;31252
18;31258
19;31277
13;31280
44;31283
30;31325
26;31327
37;31328
19;31331
14;31332
14;31345
14;31348
21;31357
24;31370
26;31373
13;31374
31;31378
36;31384
12;31388
2;31415
8;31422
5;31423
567;31424
19;31425
47;31426
18;31428
30;31431
3;31454
23;31455
59;31457
30;31458
23;31459
13;31460
33;31465
32;31477
164;31480
158;31483
24;31498
160;31517
35;31518
19;31519
60;31521
18;31523
12;31524
23;31552
15;31570
9;31571
23;31575
21;31576
16;31578
23;31579
145;31597
24;31613
37;31614
54;31615
68;31616
7;31633
32;31659
22;31662
35;31665
16;31669
57;31709
13;31710
36;31711
69;31712
23;31731
36;31732
5;31738
7;31746
19;31751
166;31753
24;31756
8;31762
5;31764
29;31805
66;31806
47;31807
198;31808
172;31821
7;31826
27;31828
3;31840
23;31853
27;31901
14;31902
185;31903
22;31904
28;31907
35;31910
26;31912
41;31921
8;31922
20;31930
28;31933
15;31962
4;31997
186;31998
10;31999
40;32000
18;32011
5;32016
32;32041
12;32042
29;32044
1;32045
6;32046
8;32051
16;32095
31;32096
10;32097
39;32098
18;32099
40;32100
25;32114
7;32129
35;32130
24;32131
5;32132
19;32138
18;32146
35;32156
148;32160
8;32162
558;32189
46;32190
23;32191
3;32194
27;32196
49;32221
26;32224
2;32225
2;32250
14;32285
20;32286
34;32287
103;32288
23;32289
22;32305
23;32306
13;32307
15;32330
23;32332
21;32343
193;32381
72;32382
64;32383
8;32384
8;32400
6;32402
33;32404
6;32425
20;32436
14;32440
39;32477
32;32478
184;32479
170;32483
35;32499
3;32500
14;32521
9;32526
17;32534
3;32573
81;32574
9;32575
28;32576
22;32593
11;32595
20;32600
12;32615
24;32631
10;32637
13;32669
45;32670
27;32671
181;32672
3;32678
20;32684
5;32685
26;32692
8;32709
7;32713
24;32722
9;32725
20;32762
13;32765
11;32766
3;32768
150;32770
25;32774
12;32778
7;32781
31;32801
19;32802
4;32804
3;32817
5;32818
5;32820
36;32822
15;32827
33;32860
558;32861
13;32863
4;32864
9;32865
167;32867
9;32868
18;32870
27;32893
42;32894
160;32895
19;32897
5;32898
150;32906
16;32913
18;32914
7;32917
38;32921
32;32923
11;32924
60;32957
13;32958
185;32959
1;32960
7;32978
29;33005
151;33045
153;33055
34;33056
7;33074
7;33075
11;33076
238;33149
165;33150
40;33151
4;33152
181;33169
1;33170
7;33171
162;33189
19;33197
6;33198
21;33202
41;33204
24;33207
6;33230
586;33245
387;33246
16;33248
175;33265
22;33268
3;33290
18;33292
25;33295
17;33297
170;33302
31;33304
30;33341
65;33342
175;33343
39;33344
30;33361
556;33362
1;33367
157;33388
18;33398
13;33400
1;33437
52;33438
57;33439
155;33441
198;33442
47;33443
23;33444
18;33447
4;33470
16;33473
162;33475
12;33488
26;33490
5;33495
171;33496
19;33498
32;33499
36;33508
2;33533
183;33535
1;33537
163;33538
176;33539
153;33546
21;33552
2;33565
25;33566
159;33568
38;33570
64;33571
5;33585
7;33591
25;33595
10;33596
18;33629
19;33630
102;33631
101;33632
14;33645
11;33649
12;33652
7;33664
19;33674
21;33685
26;33686
29;33725
50;33726
154;33728
16;33735
11;33737
10;33745
1;33757
168;33769
25;33777
4;33781
21;33782
22;33821
61;33822
5;33824
183;33829
13;33835
3;33837
20;33841
8;33844
14;33851
17;33876
103;33917
38;33918
219;33919
16;33920
15;33937
12;33939
27;33961
20;33963
4;33970
13;33971
30;34013
21;34014
45;34016
19;34024
36;34034
11;34035
7;34036
1;34050
20;34051
3;34059
27;34061
22;34065
4;34066
37;34067
2;34076
19;34078
44;34109
169;34112
11;34114
5;34116
36;34143
12;34148
1;34161
3;34163
5;34167
14;34169
11;34182
21;34192
197;34205
57;34206
11;34208
2;34209
23;34210
11;34211
16;34212
23;34239
35;34242
17;34243
170;34246
20;34259
30;34265
23;34301
46;34302
40;34303
68;34304
6;34316
17;34322
7;34323
31;34324
170;34347
5;34348
7;34349
4;34360
10;34362
104;34397
11;34399
577;34400
155;34419
4;34429
25;34432
16;34434
11;34450
155;34451
1;34456
45;34493
39;34495
53;34496
19;34500
31;34514
17;34515
17;34516
20;34539
30;34545
1;34548
161;34552
8;34590
13;34591
223;34592
18;34593
1;34597
28;34606
33;34639
19;34644
13;34648
8;34676
2;34685
69;34686
216;34687
10;34688
1;34692
9;34705
1;34706
40;34729
26;34781
56;34784
29;34787
32;34788
22;34799
29;34814
2;34815
20;34816
18;34818
4;34819
23;34833
19;34834
41;34835
8;34840
19;34841
30;34842
8;34857
24;34877
242;34878
37;34879
11;34880
7;34881
166;34882
18;34883
174;34884
11;34893
30;34905
2;34912
28;34928
3;34930
10;34934
17;34937
16;34973
35;34974
190;34975
7;34976
20;34995
3;35005
169;35014
6;35019
7;35024
14;35029
