sums of daily draw-off volumes
115
84.2
12.2
85.8
68.2
76
54.2
85.8
65.2
99.8
139
67.8
121.8
118.2
242.8
51.8
67.2
56.8
75.5
83.5
59
34.8
17.5
62.2
76
57.8
81.2
106.8
80.5
179.2
114.5
69.8
94.8
174
197.8
77.5
46.8
175.5
66.8
29.2
155
60
29.8
70.5
70
33.5
90.2
87.2
60.2
122
104.8
43.8
163.5
34.8
120.5
90.2
92.8
34.2
106
102.2
90.8
139.8
32.5
176.8
137
65.8
179
97
95.8
68.2
20.5
42.8
243.2
59
63
29.2
46.5
49
115
128.2
65.2
111.5
85.2
121
111
28.5
78.5
61.5
191.5
165.8
132
110.2
277.8
34.2
65.5
24
33.8
127
89.5
53
18.5
81.2
17.2
44.2
53.2
25
68.5
197.8
149
29.5
22.2
167.2
90.5
61.2
28.2
65.8
46.5
44.2
30.2
49
31
113.8
45.2
82.2
126.2
148.8
45.8
104.2
25.8
75.5
53.2
99
27.2
27.2
55
67.2
32.2
56.5
80.8
39.5
61
45.8
37.5
41
90.8
26
41.2
102
94
15
80.5
19.8
81.5
71.2
21.8
38.8
83.8
95.5
72.2
15.2
78.2
66.5
179.5
143.5
20
103.2
110.2
63.5
33.5
112.8
51.5
82.8
24
83
76
128.5
17.5
37.2
26.2
37.5
35.5
81.2
39.5
18.5
69.2
70.8
15.8
45.8
84.2
47.5
71
66.2
139.5
53.2
40.2
42
27.5
48
31.8
62.8
75
31.8
94.8
159.8
24
29
79.8
95
158.8
51
55
24.8
24.8
40.5
37
34.2
50.8
20.5
395.5
67.2
90.5
21
107.2
53
146.2
101.5
76
59
55.8
70.5
123.8
20
48
72.8
44.8
236.2
83.2
64
37.8
66
31.2
59
35.5
23.8
170.8
75.8
57
41.2
22
40.2
74
23.2
170.8
42.2
32.8
75.2
106
81
20.2
46.8
147
58.8
27.8
30
122.5
181.2
62
60
135
17.2
111.2
73.2
75.2
79.2
104.2
105.2
22.2
104.8
159
21
85.8
223
86.5
171.2
112
60.8
20.5
13
77.8
115
154.8
71.5
85.8
79.2
69.2
112.2
118
33.2
10.5
55
50.8
344.5
107.5
95.8
42.2
55.2
141
65.2
48.2
39.2
34.8
99.2
33.5
157
74.2
3.2
31.5
83
64.5
63.5
29.5
222.5
103.5
236.8
27.5
59.8
94.2
106
135.2
92.8
65.2
216.2
15
99.8
54.8
65.5
146.2
40.5
40.2
29.8
86.8
84.8
29.8
115
68.8
104.5
127
80.8
196.5
224.5
71.5
132.5
84.8
42.5
92
164
108.5
54.2
34.8
97.2
126.2
75.5
20.8
175
28.2
sums of draw-off volumes of each hour of the day
97.3
112.3
66.2
73.5
75.1
114.9
5185.7
6478
2645.4
607.8
346.5
1472.7
1894.6
873.2
547
1388.4
831.1
830.9
1500.3
1066.2
1467.9
1023.9
396.8
66.2
sums of draw-off volumes of each hour of weekdays
27.7
38
15.9
59.7
21.1
58.3
4207.7
4611.5
1412.7
182.7
249.5
1401.8
1731.8
776.2
138
187.4
190.2
685.6
1405.4
884.9
1088.1
673.9
143.7
34.8
sums of draw-off volumes of each hour of weekend-days
69.6
74.3
50.3
13.8
54
56.6
978
1866.5
1232.7
425.1
97
70.9
162.8
97
409
1201
640.9
145.3
94.9
181.3
379.8
350
253.1
31.4
holidays of household(s), numbers correspond to day of year
