603;29
26;30
39;31
28;32
15;49
26;52
12;59
168;61
17;76
15;86
12;88
42;125
212;126
237;127
349;128
19;131
12;143
19;146
28;147
175;150
14;181
250;221
96;222
29;223
172;224
15;243
197;244
14;250
7;272
10;273
31;274
7;275
5;276
15;277
29;279
2;280
50;317
24;318
24;319
175;320
18;336
17;337
169;339
13;345
150;352
9;359
25;361
31;363
21;370
1;373
46;413
31;415
11;416
12;417
170;421
59;433
4;434
24;435
33;439
12;449
5;451
22;460
27;461
25;471
10;482
30;509
4;511
52;512
35;513
10;514
11;515
74;516
18;537
27;541
48;542
94;546
12;547
34;548
6;550
13;554
13;556
37;562
2;563
16;565
6;567
163;568
10;572
4;605
62;606
17;608
38;609
98;610
15;611
59;612
26;616
16;619
16;638
22;640
4;641
7;642
5;643
66;644
172;649
2;661
3;662
24;663
11;665
7;697
162;701
82;702
38;703
68;704
164;710
16;716
35;724
35;725
17;731
50;732
12;741
8;749
155;750
9;754
30;797
32;798
79;799
162;800
8;804
13;813
52;818
31;819
26;820
151;841
10;846
33;850
81;893
25;894
58;895
40;896
33;913
184;914
2;916
18;938
60;944
10;947
130;951
40;989
16;990
13;991
113;992
13;1009
17;1011
12;1012
165;1024
2;1029
25;1036
21;1037
148;1044
9;1045
30;1046
40;1048
67;1085
71;1086
2;1087
69;1088
13;1096
3;1097
38;1106
12;1121
4;1129
23;1130
1;1140
39;1180
14;1181
432;1183
23;1184
11;1187
19;1188
9;1206
2;1213
65;1215
17;1216
25;1217
22;1218
43;1220
8;1226
27;1235
14;1240
32;1243
49;1278
63;1279
1;1280
17;1281
39;1282
84;1283
23;1284
20;1292
18;1309
13;1311
150;1312
40;1314
31;1315
5;1316
7;1328
17;1331
38;1333
39;1334
41;1336
9;1339
23;1373
123;1374
4;1375
23;1389
181;1393
16;1395
32;1398
51;1413
55;1417
24;1469
13;1470
185;1471
1;1472
17;1485
43;1489
60;1490
26;1505
6;1514
42;1516
5;1522
13;1528
4;1551
330;1565
27;1566
64;1567
88;1568
6;1585
37;1586
5;1587
3;1588
32;1596
6;1603
8;1609
26;1617
5;1620
15;1623
23;1624
208;1661
166;1662
38;1663
42;1664
11;1682
27;1684
10;1706
2;1709
173;1714
20;1757
9;1758
252;1759
203;1760
12;1801
9;1802
21;1803
25;1809
8;1811
6;1813
32;1847
167;1854
186;1855
86;1856
5;1857
29;1858
31;1859
26;1860
12;1870
30;1885
167;1886
13;1887
29;1888
29;1891
31;1892
16;1903
54;1905
6;1908
24;1912
8;1940
3;1949
171;1950
34;1951
27;1952
74;1953
5;1954
62;1955
25;1956
9;1958
13;1964
35;1965
5;1967
10;1974
149;1982
76;1985
1;1990
189;2010
21;2012
12;2039
155;2045
46;2046
77;2047
16;2048
12;2065
37;2066
1;2079
36;2091
24;2094
6;2097
154;2100
10;2101
14;2141
83;2142
22;2143
65;2144
24;2157
28;2164
24;2169
18;2177
167;2179
27;2188
31;2189
36;2195
6;2196
16;2237
74;2238
3;2239
24;2240
3;2250
23;2256
39;2258
16;2260
3;2264
8;2266
31;2275
554;2282
27;2284
1;2292
196;2294
74;2333
57;2334
47;2335
100;2336
86;2353
11;2354
18;2355
159;2358
2;2372
10;2384
7;2385
14;2386
6;2388
43;2429
50;2430
52;2431
22;2432
17;2442
16;2450
24;2452
34;2467
23;2471
11;2479
19;2482
3;2483
15;2514
189;2525
21;2527
26;2528
8;2529
159;2531
20;2532
14;2538
3;2557
25;2558
19;2559
171;2561
22;2562
20;2563
155;2564
24;2565
14;2578
25;2579
172;2586
31;2591
26;2599
23;2621
8;2622
24;2623
584;2624
76;2625
23;2626
19;2627
39;2628
19;2632
4;2634
148;2640
7;2653
9;2655
155;2656
21;2657
4;2684
22;2696
14;2717
25;2718
73;2719
17;2720
27;2726
13;2727
7;2734
21;2738
9;2739
6;2740
19;2742
17;2750
24;2761
2;2766
12;2768
4;2774
120;2813
85;2814
35;2815
33;2816
37;2817
13;2821
28;2831
4;2833
18;2834
2;2835
16;2859
13;2860
11;2862
28;2870
20;2886
33;2909
33;2910
13;2911
22;2912
32;2917
20;2929
30;2930
195;2931
47;2932
37;2933
1;2955
18;2956
6;2958
6;2959
19;2966
6;2967
30;2968
46;3005
9;3006
52;3007
50;3008
25;3009
20;3028
6;3035
29;3050
38;3053
26;3059
560;3060
52;3101
26;3102
17;3103
40;3104
7;3109
16;3121
32;3124
1;3130
20;3143
148;3144
17;3146
12;3147
34;3150
7;3152
17;3153
10;3154
6;3156
162;3178
11;3198
32;3199
17;3200
33;3203
196;3204
4;3213
18;3216
9;3226
13;3230
29;3232
20;3233
20;3234
6;3235
16;3240
26;3255
25;3260
13;3293
28;3294
37;3295
32;3296
10;3297
28;3298
26;3300
12;3306
13;3321
32;3325
27;3326
53;3327
150;3332
21;3347
14;3351
23;3355
17;3356
8;3377
21;3389
455;3390
61;3391
33;3392
1;3395
12;3398
149;3400
10;3409
18;3410
12;3412
5;3435
2;3436
1;3437
8;3438
12;3445
3;3447
2;3451
4;3485
40;3486
777;3487
9;3488
19;3498
14;3506
30;3507
12;3527
6;3535
158;3537
5;3538
13;3544
56;3581
19;3582
43;3583
67;3584
8;3594
20;3601
33;3602
41;3604
3;3613
2;3629
164;3630
8;3632
164;3633
20;3636
37;3637
6;3638
11;3639
1;3677
6;3678
33;3679
22;3680
68;3698
21;3699
9;3704
111;3725
43;3727
10;3732
10;3733
32;3734
39;3735
14;3736
20;3773
112;3774
57;3775
71;3776
2;3780
195;3793
6;3794
16;3796
19;3802
34;3820
30;3830
39;3869
36;3870
10;3871
6;3872
19;3875
172;3876
5;3881
19;3891
5;3901
18;3905
202;3906
5;3922
4;3932
14;3945
25;3965
7;3966
33;3968
10;3970
38;3971
13;3972
1;3992
1;3998
7;3999
24;4001
25;4004
11;4020
38;4026
169;4062
47;4063
2;4064
8;4083
13;4092
10;4093
11;4100
15;4105
20;4108
15;4118
20;4120
18;4146
56;4157
48;4158
49;4159
46;4160
55;4178
20;4179
22;4203
11;4205
15;4209
35;4211
38;4253
33;4254
42;4255
61;4256
17;4275
7;4300
16;4301
3;4305
14;4307
3;4311
195;4350
42;4351
48;4352
12;4353
19;4357
18;4396
8;4397
44;4399
42;4406
34;4407
23;4443
40;4445
50;4446
1;4447
71;4448
17;4451
7;4460
28;4466
21;4468
7;4477
31;4490
18;4499
5;4502
159;4504
155;4517
9;4524
415;4541
46;4542
17;4544
35;4545
43;4546
16;4547
30;4552
3;4562
45;4574
13;4579
13;4589
11;4594
27;4595
16;4612
9;4615
88;4637
1;4638
62;4639
38;4640
200;4641
5;4642
4;4643
3;4644
11;4655
3;4669
30;4671
21;4672
9;4673
19;4674
16;4675
11;4690
3;4691
137;4733
21;4734
24;4735
42;4736
164;4743
49;4755
10;4761
31;4778
155;4782
22;4783
10;4784
10;4786
2;4791
4;4797
70;4829
187;4830
13;4831
160;4843
5;4850
29;4851
4;4875
14;4876
24;4882
25;4904
36;4925
68;4926
14;4927
34;4928
1;4938
31;4945
17;4960
158;4968
13;4972
28;4982
158;5009
41;5021
165;5022
3;5023
52;5024
2;5025
6;5030
5;5034
8;5036
1;5037
8;5039
28;5041
161;5043
5;5044
14;5065
170;5066
2;5067
33;5068
199;5117
53;5118
7;5119
8;5120
17;5125
40;5138
167;5139
4;5140
30;5156
4;5165
11;5171
1;5175
31;5213
9;5214
38;5216
146;5218
46;5220
26;5223
19;5228
5;5232
19;5244
31;5245
21;5247
11;5249
152;5250
37;5251
8;5252
9;5265
21;5268
49;5271
33;5272
13;5273
12;5274
3;5275
31;5286
12;5303
23;5310
26;5311
5;5314
50;5315
4;5318
14;5329
19;5341
27;5343
10;5344
3;5347
11;5348
30;5349
24;5357
15;5366
7;5367
18;5368
6;5370
243;5405
199;5406
290;5407
31;5408
190;5425
12;5426
6;5427
22;5428
22;5449
11;5450
7;5452
28;5455
165;5461
159;5462
20;5468
169;5501
192;5503
14;5504
25;5516
11;5523
14;5524
3;5535
18;5544
20;5551
36;5554
204;5597
23;5598
20;5599
41;5600
10;5604
21;5617
48;5618
10;5619
11;5635
2;5641
14;5644
25;5645
31;5649
24;5655
658;5693
24;5694
32;5695
14;5696
24;5705
14;5707
13;5713
15;5714
27;5716
1;5727
33;5734
17;5746
10;5747
10;5748
21;5751
19;5752
12;5766
7;5789
43;5790
47;5791
34;5792
29;5795
10;5799
13;5801
49;5804
24;5809
13;5811
22;5813
25;5830
24;5833
28;5847
31;5848
32;5852
9;5862
19;5867
165;5884
22;5885
146;5886
44;5887
63;5888
189;5889
17;5890
14;5891
14;5918
50;5919
14;5921
12;5922
18;5923
10;5924
29;5934
10;5946
7;5962
10;5981
25;5982
54;5983
28;5984
89;5985
17;5986
8;5987
44;5988
4;5995
26;6007
29;6015
15;6017
157;6018
15;6019
14;6020
22;6035
19;6036
9;6040
136;6077
34;6079
63;6080
7;6083
29;6099
16;6100
9;6117
28;6123
32;6125
16;6129
12;6135
13;6158
9;6173
36;6174
130;6175
45;6176
38;6181
3;6186
338;6193
39;6194
16;6195
8;6196
488;6200
20;6201
37;6207
5;6215
25;6225
26;6230
12;6269
191;6270
40;6271
180;6272
9;6273
162;6288
22;6289
24;6293
20;6306
3;6311
31;6319
16;6321
37;6325
15;6326
39;6328
81;6365
90;6366
144;6367
33;6368
17;6369
6;6378
20;6380
24;6385
18;6404
175;6409
33;6410
4;6411
1;6412
9;6414
164;6417
23;6422
155;6423
12;6437
3;6462
32;6463
2;6464
1;6481
22;6483
22;6484
7;6487
29;6500
19;6511
5;6513
40;6519
32;6531
32;6557
20;6558
223;6559
29;6560
80;6561
29;6562
27;6563
60;6564
22;6587
20;6589
26;6594
23;6595
3;6596
6;6614
12;6618
3;6620
8;6653
186;6654
12;6655
21;6656
237;6657
28;6659
11;6660
20;6685
27;6686
13;6687
7;6688
58;6691
21;6692
47;6695
10;6707
160;6715
85;6749
199;6750
120;6751
53;6752
30;6753
9;6757
36;6770
30;6772
30;6783
8;6794
4;6795
16;6797
16;6798
20;6802
16;6807
44;6845
57;6846
11;6847
14;6848
9;6850
82;6865
14;6866
1;6874
171;6885
7;6886
11;6889
29;6890
185;6892
21;6896
34;6898
10;6902
36;6904
8;6931
17;6935
19;6941
49;6942
22;6944
8;6961
1;6962
10;6963
19;6977
15;6978
6;6983
154;6992
31;6993
4;6994
13;6995
6;6999
19;7000
4;7037
10;7038
84;7039
36;7040
6;7043
15;7051
5;7057
30;7082
2;7084
26;7090
16;7092
99;7133
149;7134
161;7135
51;7136
7;7139
44;7153
33;7155
31;7171
12;7173
2;7182
19;7183
2;7187
33;7209
19;7214
167;7230
32;7231
194;7232
40;7233
34;7234
29;7236
22;7240
10;7261
1;7263
27;7264
155;7267
21;7281
18;7283
30;7289
5;7290
23;7325
620;7326
265;7330
195;7331
16;7332
24;7342
10;7346
59;7356
18;7359
9;7361
15;7362
36;7363
28;7377
1;7385
32;7422
49;7423
39;7424
4;7427
4;7442
22;7451
7;7456
39;7458
35;7465
18;7475
171;7476
2;7479
18;7480
211;7517
21;7518
139;7519
20;7520
15;7537
19;7538
31;7568
3;7575
29;7613
11;7614
40;7615
47;7616
17;7617
18;7624
3;7633
46;7634
5;7652
27;7659
10;7669
1;7670
29;7671
2;7702
19;7709
21;7710
235;7711
64;7712
2;7726
6;7729
18;7732
16;7741
8;7763
2;7767
26;7775
36;7792
38;7805
25;7806
31;7807
8;7808
11;7810
164;7816
5;7825
5;7827
6;7829
9;7844
40;7850
1;7856
20;7860
7;7864
13;7902
19;7903
28;7904
173;7905
20;7906
40;7907
168;7908
24;7909
6;7911
22;7912
10;7913
8;7917
66;7933
21;7934
25;7935
152;7936
191;7939
26;7940
8;7942
34;7948
2;7954
6;7956
22;7963
81;7997
167;7998
81;7999
105;8000
2;8001
55;8002
44;8003
69;8004
5;8008
27;8030
9;8031
9;8032
17;8034
19;8036
12;8051
24;8053
10;8093
8;8094
145;8095
17;8100
47;8113
8;8115
175;8144
33;8150
45;8151
241;8189
43;8190
24;8192
32;8209
19;8211
25;8220
39;8234
14;8242
5;8246
34;8247
16;8248
12;8285
171;8286
171;8288
3;8289
7;8292
1;8306
4;8307
33;8312
26;8315
27;8322
3;8337
6;8338
13;8341
52;8382
208;8383
27;8384
3;8389
4;8400
19;8402
28;8403
4;8404
25;8415
1;8439
25;8440
30;8477
52;8478
26;8479
58;8480
20;8494
29;8497
24;8499
14;8515
165;8522
18;8523
7;8524
15;8526
2;8527
17;8530
63;8534
5;8573
92;8575
185;8576
243;8577
45;8578
37;8580
13;8582
22;8591
20;8596
36;8605
53;8609
10;8616
18;8633
23;8648
28;8665
45;8666
41;8667
171;8669
164;8670
7;8671
10;8672
26;8684
40;8697
48;8700
9;8704
176;8711
3;8713
1;8717
6;8719
180;8721
2;8726
44;8761
215;8762
52;8763
21;8764
27;8767
25;8783
22;8784
3;8808
35;8811
15;8814
6;8818
43;8857
67;8858
55;8859
17;8860
31;8867
25;8869
17;8878
14;8879
7;8880
161;8896
39;8903
11;8906
1;8911
60;8916
71;8953
18;8954
6;8955
56;8956
1;8960
1;8968
186;8974
1;8975
549;8976
38;8984
29;8985
9;8991
24;8997
22;9004
18;9028
18;9049
223;9050
188;9051
38;9052
160;9069
1;9083
12;9093
41;9094
10;9095
12;9096
11;9099
20;9103
28;9105
151;9145
129;9146
37;9147
22;9148
160;9165
15;9166
37;9179
12;9191
27;9198
11;9199
40;9200
25;9202
8;9213
9;9221
19;9241
38;9245
29;9246
63;9247
26;9248
4;9258
2;9261
16;9273
178;9274
19;9277
30;9278
7;9295
153;9299
8;9333
34;9337
194;9338
10;9339
175;9340
24;9342
18;9343
17;9344
14;9350
28;9360
17;9369
12;9371
23;9372
7;9373
16;9375
67;9376
18;9377
33;9387
166;9398
5;9399
42;9433
47;9434
12;9435
57;9436
4;9441
32;9453
3;9455
55;9456
15;9481
2;9482
8;9489
603;9529
53;9531
12;9532
8;9543
6;9549
66;9550
15;9552
16;9574
21;9575
11;9579
31;9582
157;9583
85;9625
48;9626
27;9627
56;9628
19;9641
32;9646
53;9648
9;9669
19;9670
2;9673
3;9674
12;9676
2;9677
3;9682
4;9683
44;9721
220;9722
17;9723
172;9724
12;9741
160;9742
19;9743
18;9744
7;9753
26;9756
22;9757
15;9773
15;9780
16;9814
18;9817
34;9818
9;9819
49;9820
1;9837
9;9839
4;9840
32;9849
164;9859
17;9861
162;9867
18;9873
30;9910
5;9913
18;9914
29;9916
7;9917
116;9919
15;9920
6;9936
21;9949
17;9950
40;9951
13;9959
175;9966
26;9974
9;9975
9;10010
70;10011
56;10012
11;10013
36;10014
1;10016
36;10019
159;10022
1;10036
20;10042
154;10044
15;10046
30;10048
36;10063
30;10071
35;10105
31;10106
24;10107
165;10108
1;10109
51;10126
6;10150
8;10154
13;10159
90;10201
199;10202
37;10203
30;10204
1;10211
18;10215
145;10221
174;10223
1;10224
14;10230
11;10234
2;10246
20;10260
5;10297
72;10298
39;10299
13;10300
14;10319
31;10320
28;10344
35;10346
9;10350
27;10352
13;10365
39;10393
31;10394
13;10395
83;10396
20;10402
8;10414
3;10415
13;10419
5;10438
20;10440
7;10441
21;10442
28;10446
31;10489
102;10490
84;10491
203;10492
7;10499
22;10500
23;10509
72;10510
41;10511
8;10512
6;10533
23;10534
20;10536
10;10538
17;10539
31;10542
14;10544
25;10545
24;10585
54;10586
2;10587
32;10588
65;10589
171;10590
2;10591
6;10592
23;10617
13;10618
60;10619
37;10620
6;10623
14;10624
16;10629
30;10640
40;10642
4;10648
15;10669
35;10681
25;10684
6;10685
44;10686
37;10687
18;10704
18;10706
3;10707
10;10714
20;10716
8;10717
36;10718
7;10719
3;10728
165;10731
6;10735
13;10740
27;10741
34;10764
9;10777
184;10778
37;10779
266;10780
26;10786
38;10789
21;10797
5;10798
151;10809
34;10820
6;10823
14;10825
12;10828
22;10873
153;10874
217;10875
165;10876
2;10889
2;10893
30;10894
1;10895
184;10896
13;10897
24;10905
3;10906
15;10920
19;10921
22;10922
13;10924
15;10926
7;10928
13;10970
28;10971
97;10972
30;10989
5;10990
48;10992
21;10997
14;11017
70;11065
24;11066
54;11067
149;11068
20;11073
157;11077
2;11087
13;11088
5;11093
21;11097
25;11101
8;11115
27;11121
103;11161
26;11162
67;11163
24;11164
5;11205
10;11212
3;11217
32;11252
77;11258
18;11259
5;11260
19;11261
24;11262
19;11263
2;11264
26;11275
1;11284
19;11291
43;11292
45;11293
10;11294
21;11295
13;11296
24;11313
4;11315
31;11319
4;11354
30;11355
37;11356
32;11357
24;11358
201;11359
57;11360
7;11362
163;11385
11;11387
194;11388
25;11390
24;11392
5;11402
19;11407
7;11408
12;11411
31;11413
23;11416
19;11449
71;11450
58;11451
119;11452
23;11459
31;11464
25;11469
18;11471
3;11475
4;11483
24;11493
21;11499
28;11500
16;11504
11;11505
280;11545
260;11546
39;11547
85;11548
173;11563
2;11565
11;11566
10;11568
20;11572
26;11592
25;11596
60;11642
183;11643
65;11644
31;11646
22;11662
33;11663
21;11676
3;11677
32;11685
1;11693
7;11694
10;11697
3;11698
44;11737
181;11738
12;11740
7;11757
48;11758
23;11759
7;11760
14;11762
18;11766
25;11777
26;11779
168;11781
8;11784
4;11787
153;11796
157;11827
69;11833
40;11834
51;11835
6;11836
9;11846
10;11847
36;11852
27;11853
16;11854
31;11855
2;11877
28;11881
6;11908
158;11920
22;11929
42;11930
14;11932
23;11933
166;11934
2;11936
35;11938
13;11945
3;11962
19;11963
172;11965
29;11967
34;11968
27;11973
22;11980
9;11985
27;11988
3;11989
18;11995
92;12025
1;12026
11;12027
47;12028
64;12030
14;12031
193;12032
32;12035
14;12038
13;12039
28;12061
38;12062
11;12071
23;12073
14;12084
6;12086
18;12091
40;12121
186;12122
71;12124
11;12138
26;12144
12;12159
37;12165
19;12167
1;12170
9;12175
32;12178
2;12180
160;12217
10;12218
210;12220
5;12237
15;12239
11;12240
19;12258
13;12264
162;12265
15;12266
49;12268
50;12272
59;12313
29;12314
12;12315
203;12316
17;12330
8;12335
10;12336
33;12339
24;12358
6;12366
22;12369
182;12409
206;12410
55;12411
69;12412
17;12430
2;12433
7;12436
21;12442
26;12456
17;12462
23;12463
28;12464
153;12467
170;12505
63;12506
37;12507
9;12508
3;12512
26;12514
9;12523
27;12525
21;12526
164;12527
4;12533
161;12549
46;12557
6;12598
34;12601
4;12602
54;12603
41;12604
121;12605
36;12606
18;12607
37;12608
7;12618
9;12622
14;12633
47;12637
4;12639
3;12646
33;12653
3;12654
152;12657
160;12659
39;12660
24;12661
24;12662
33;12697
6;12698
46;12700
23;12701
68;12702
342;12703
189;12704
20;12730
27;12731
16;12734
3;12735
20;12736
11;12757
84;12793
48;12794
17;12795
85;12796
16;12799
25;12804
13;12809
20;12813
24;12814
56;12815
68;12816
2;12840
29;12843
19;12848
23;12849
17;12856
88;12889
48;12891
42;12892
10;12897
13;12906
16;12907
10;12910
16;12911
1;12914
164;12915
3;12941
25;12943
31;12985
230;12986
28;12987
11;12988
15;12991
20;12993
8;12996
17;13008
26;13012
8;13014
27;13030
5;13038
1;13042
8;13043
95;13081
594;13082
43;13083
7;13102
10;13103
5;13104
6;13107
4;13121
12;13125
9;13128
16;13131
11;13137
25;13139
38;13177
196;13178
34;13179
65;13180
5;13187
24;13188
48;13197
17;13198
327;13199
29;13200
5;13219
12;13220
20;13223
4;13225
196;13227
24;13228
19;13229
37;13273
18;13274
9;13275
5;13276
11;13277
167;13278
19;13279
18;13280
23;13300
7;13305
21;13307
32;13308
9;13312
18;13316
167;13319
5;13326
50;13329
19;13334
21;13336
11;13339
20;13353
38;13370
1;13371
171;13372
10;13376
26;13386
15;13398
41;13402
12;13403
32;13404
163;13405
2;13406
15;13407
1;13408
148;13435
48;13465
252;13466
284;13467
21;13468
12;13473
4;13477
11;13480
32;13486
19;13487
177;13488
25;13505
10;13509
45;13521
25;13524
3;13561
61;13562
223;13563
174;13564
8;13584
10;13593
10;13595
26;13598
5;13605
6;13607
155;13609
11;13610
19;13616
37;13657
57;13658
61;13659
23;13660
12;13672
25;13677
14;13678
18;13679
32;13704
4;13713
22;13738
49;13753
58;13754
606;13755
184;13756
20;13768
168;13773
182;13775
5;13776
35;13787
2;13797
11;13803
3;13812
11;13839
5;13849
17;13850
64;13851
180;13852
16;13869
36;13870
2;13893
36;13942
33;13945
193;13948
18;13949
6;13950
57;13951
2;13952
3;13977
9;13978
28;13979
1;13981
39;13983
23;13984
32;14001
30;14042
27;14043
11;14044
25;14045
58;14046
43;14047
4;14062
1;14064
26;14073
31;14074
177;14076
30;14077
24;14078
42;14080
8;14081
25;14091
10;14096
160;14098
12;14099
14;14101
7;14102
161;14104
9;14115
76;14137
24;14138
255;14139
340;14140
7;14142
22;14158
12;14159
1;14160
3;14166
13;14189
49;14191
5;14194
114;14233
27;14234
30;14235
42;14236
13;14240
32;14255
9;14256
28;14268
25;14279
2;14286
29;14289
27;14291
52;14329
47;14330
5;14331
190;14332
12;14338
3;14348
5;14349
29;14350
72;14351
1;14352
11;14353
1;14374
18;14375
1;14378
171;14379
145;14384
21;14388
46;14426
36;14427
201;14428
16;14444
57;14446
13;14470
27;14472
26;14473
33;14474
179;14480
15;14481
11;14494
16;14505
1;14521
35;14522
52;14523
3;14524
7;14541
15;14542
8;14543
161;14544
1;14567
147;14577
11;14585
27;14588
8;14590
21;14599
18;14616
28;14617
3;14618
28;14619
7;14620
178;14622
33;14623
26;14624
9;14628
14;14640
22;14649
4;14650
6;14651
19;14653
77;14655
20;14657
8;14713
207;14714
52;14718
10;14719
38;14720
27;14721
3;14724
38;14725
14;14732
12;14742
5;14745
555;14747
219;14748
23;14750
32;14751
4;14754
32;14765
22;14772
16;14773
2;14774
1;14788
10;14809
39;14810
183;14811
13;14812
23;14817
24;14829
18;14830
22;14831
15;14832
20;14833
26;14840
25;14856
23;14858
5;14862
9;14863
8;14868
180;14905
168;14906
16;14907
65;14908
93;14926
19;14928
6;14936
24;14940
16;14941
8;14942
12;14949
23;14961
14;14963
43;15001
55;15002
15;15003
2;15004
1;15005
32;15022
38;15023
10;15024
12;15053
18;15054
9;15055
15;15060
120;15097
44;15098
10;15099
9;15118
10;15119
5;15120
10;15126
5;15137
4;15143
31;15149
4;15193
4;15194
35;15195
33;15196
26;15197
24;15202
53;15213
571;15216
13;15222
2;15245
14;15250
25;15267
22;15271
15;15290
23;15291
6;15292
187;15294
14;15295
1;15296
30;15298
38;15303
19;15314
13;15341
20;15344
2;15346
14;15351
13;15385
1;15387
9;15389
35;15390
167;15391
36;15392
12;15417
10;15420
7;15423
2;15429
5;15439
34;15440
148;15441
5;15481
65;15482
31;15483
1;15484
33;15492
5;15501
11;15504
27;15506
15;15512
22;15513
4;15518
20;15526
29;15538
54;15577
28;15578
84;15579
247;15597
5;15609
23;15611
161;15629
26;15632
71;15636
23;15669
170;15673
61;15674
7;15675
31;15676
15;15693
17;15696
12;15697
51;15720
159;15723
159;15727
16;15732
38;15750
75;15769
192;15770
33;15771
29;15772
51;15775
162;15784
8;15786
23;15789
8;15790
29;15811
161;15818
11;15821
31;15822
32;15865
163;15866
16;15867
5;15868
25;15876
9;15880
11;15885
3;15886
12;15889
27;15909
22;15913
30;15919
30;15921
24;15922
15;15935
6;15949
49;15961
5;15965
36;15968
9;15985
31;15993
27;15995
19;15996
29;15997
51;15998
2;15999
181;16013
11;16017
17;16042
10;16045
23;16058
37;16060
41;16061
68;16062
16;16063
32;16064
165;16068
21;16075
70;16090
11;16091
64;16092
25;16093
179;16094
12;16112
22;16119
162;16120
59;16153
77;16154
43;16156
192;16174
17;16175
2;16179
8;16190
4;16193
28;16208
30;16211
5;16212
12;16249
7;16250
374;16251
196;16252
25;16254
11;16257
52;16269
36;16272
18;16288
9;16300
24;16303
193;16345
30;16346
223;16347
10;16348
28;16360
13;16363
62;16365
44;16367
174;16368
6;16388
4;16396
31;16398
4;16399
11;16400
345;16441
54;16442
206;16443
15;16444
5;16445
5;16452
44;16461
10;16464
9;16469
1;16481
4;16485
10;16494
14;16495
74;16537
37;16539
37;16540
22;16544
28;16548
7;16551
9;16557
14;16559
29;16560
23;16566
23;16596
15;16607
161;16623
21;16633
6;16634
28;16635
17;16636
6;16637
58;16638
9;16639
54;16640
37;16645
11;16666
25;16669
7;16671
8;16672
13;16675
37;16678
12;16700
5;16704
168;16729
27;16730
10;16731
54;16732
15;16733
84;16734
42;16735
7;16743
28;16750
21;16761
17;16762
13;16764
11;16765
30;16769
21;16782
17;16788
2;16791
39;16825
209;16826
37;16827
36;16828
563;16830
9;16845
204;16846
30;16861
18;16862
27;16863
9;16874
4;16880
222;16921
226;16922
36;16923
36;16937
21;16941
27;16943
3;16951
37;16974
7;16979
27;16980
6;17001
37;17005
48;17017
10;17018
55;17019
8;17028
27;17038
1;17039
16;17042
9;17045
4;17068
25;17070
23;17071
46;17113
207;17114
31;17115
10;17116
22;17120
6;17132
34;17134
4;17135
57;17136
9;17160
18;17162
7;17164
7;17165
22;17168
15;17170
31;17172
33;17209
255;17210
295;17211
24;17225
17;17259
16;17260
8;17262
29;17267
2;17287
31;17306
61;17307
16;17308
40;17309
15;17310
59;17312
31;17313
9;17318
5;17333
201;17337
22;17339
6;17340
29;17341
564;17342
39;17343
4;17344
11;17350
4;17358
17;17367
3;17379
34;17401
179;17402
18;17403
24;17404
7;17405
16;17408
30;17409
25;17413
22;17414
42;17433
17;17434
20;17436
306;17439
18;17445
12;17453
10;17456
20;17498
38;17499
2;17500
154;17513
31;17525
3;17541
13;17547
33;17549
44;17550
33;17556
9;17567
248;17593
171;17594
173;17595
197;17596
22;17602
170;17604
17;17613
14;17616
5;17619
14;17635
1;17637
8;17639
9;17640
29;17644
39;17645
10;17648
155;17689
32;17690
214;17691
157;17692
40;17712
7;17722
22;17734
4;17735
30;17737
186;17785
73;17786
28;17787
2;17788
19;17805
34;17831
11;17833
17;17836
25;17881
56;17883
42;17884
31;17890
16;17897
60;17902
193;17907
8;17918
10;17930
182;17938
19;17960
50;17977
28;17979
160;17982
164;18008
19;18010
18;18011
23;18012
38;18014
2;18015
26;18027
3;18029
34;18030
11;18035
20;18038
8;18074
3;18075
36;18077
27;18078
23;18079
19;18080
158;18100
7;18105
40;18110
3;18112
30;18113
37;18114
2;18127
34;18128
10;18131
160;18132
14;18152
30;18169
34;18170
35;18172
18;18189
53;18190
8;18217
20;18221
163;18226
29;18228
34;18265
32;18267
29;18268
22;18285
157;18288
7;18293
1;18300
28;18305
30;18309
8;18310
28;18316
8;18319
47;18321
193;18361
57;18362
49;18363
32;18364
57;18381
11;18382
23;18383
27;18384
37;18387
7;18396
1;18406
181;18458
30;18459
156;18460
1;18463
1;18473
9;18477
30;18501
6;18503
12;18504
8;18509
21;18510
159;18512
12;18515
32;18553
164;18554
27;18555
24;18562
17;18564
161;18567
5;18606
26;18610
14;18611
2;18632
25;18634
19;18640
12;18650
32;18651
174;18652
161;18654
53;18655
22;18656
15;18674
9;18681
18;18682
28;18685
3;18686
30;18688
7;18691
566;18695
10;18705
22;18709
3;18716
17;18730
178;18745
7;18746
36;18747
24;18749
23;18750
48;18751
170;18752
7;18757
163;18759
13;18777
4;18778
18;18779
5;18784
13;18788
18;18801
31;18803
8;18804
18;18807
12;18826
22;18842
42;18843
82;18844
13;18850
4;18861
43;18862
19;18864
5;18887
4;18889
11;18891
21;18892
13;18937
39;18938
48;18939
36;18940
16;18957
49;18960
5;18986
28;18989
22;18992
28;19002
49;19033
81;19034
178;19035
56;19036
564;19047
6;19056
30;19066
17;19073
1;19077
6;19078
32;19081
170;19086
185;19129
34;19130
35;19131
200;19132
173;19149
12;19160
26;19174
11;19177
20;19180
33;19188
48;19225
36;19226
75;19227
23;19229
8;19239
8;19245
164;19246
15;19247
32;19248
15;19272
12;19273
19;19274
18;19280
28;19309
192;19321
32;19322
22;19324
54;19325
164;19326
2;19327
10;19328
21;19329
8;19330
23;19337
171;19339
5;19344
40;19353
3;19354
12;19355
39;19358
18;19359
13;19369
14;19374
6;19375
153;19377
20;19378
155;19381
19;19383
8;19417
147;19418
7;19419
8;19420
60;19422
51;19424
26;19431
21;19433
7;19451
16;19452
4;19453
19;19454
29;19455
4;19460
29;19471
16;19474
33;19480
197;19513
368;19514
903;19516
3;19521
10;19533
28;19534
2;19535
34;19536
32;19543
28;19565
18;19566
23;19570
18;19571
20;19609
21;19610
170;19611
155;19612
17;19615
28;19631
170;19632
18;19653
8;19658
34;19659
29;19661
3;19663
13;19664
20;19678
22;19705
9;19706
197;19707
50;19708
2;19710
35;19727
9;19728
11;19732
7;19756
14;19758
5;19762
50;19763
28;19764
15;19766
34;19801
23;19802
45;19803
21;19804
16;19821
26;19822
9;19824
2;19838
15;19845
27;19846
2;19851
20;19871
357;19897
165;19898
84;19899
154;19900
8;19919
21;19926
33;19954
8;19993
10;19994
9;19995
165;19998
2;20000
9;20025
23;20028
176;20031
10;20036
7;20037
16;20048
35;20049
52;20052
25;20059
23;20063
32;20077
18;20083
27;20089
22;20090
35;20091
41;20092
44;20093
303;20095
27;20121
5;20124
8;20125
24;20127
20;20140
25;20141
157;20150
3;20152
33;20163
78;20185
26;20186
90;20188
5;20190
5;20199
28;20207
7;20213
26;20229
31;20230
36;20281
33;20282
35;20283
53;20284
27;20286
18;20297
4;20308
18;20327
11;20334
20;20335
10;20336
5;20344
4;20371
55;20377
14;20378
49;20379
49;20380
166;20397
32;20399
4;20400
14;20405
6;20411
2;20412
28;20424
162;20427
17;20432
7;20435
22;20467
47;20473
17;20474
5;20475
34;20476
29;20493
24;20494
3;20505
8;20510
7;20513
5;20519
14;20532
6;20547
149;20569
83;20570
17;20571
28;20572
4;20582
26;20589
8;20590
31;20592
6;20594
19;20626
22;20627
28;20628
3;20665
33;20667
11;20668
24;20670
13;20671
5;20676
23;20689
18;20697
183;20698
16;20699
42;20700
55;20701
5;20702
29;20704
24;20715
573;20719
19;20727
36;20761
8;20762
32;20763
4;20764
25;20765
1;20767
2;20768
21;20793
3;20794
171;20797
51;20798
30;20799
16;20800
12;20806
39;20815
13;20823
32;20826
64;20857
58;20858
40;20860
12;20878
20;20884
23;20921
213;20953
7;20954
78;20955
21;20964
1;20971
7;20973
1;20981
16;20999
2;21001
28;21002
9;21007
10;21010
20;21011
30;21049
19;21050
62;21051
46;21052
18;21060
37;21065
24;21094
44;21102
27;21104
15;21145
198;21146
25;21147
33;21148
31;21166
4;21167
22;21168
30;21188
6;21202
185;21241
46;21242
12;21243
76;21244
5;21258
169;21262
53;21264
3;21269
8;21274
160;21289
33;21292
15;21299
21;21328
25;21337
16;21340
20;21341
12;21342
31;21343
28;21344
8;21367
25;21370
52;21371
31;21372
13;21376
8;21392
48;21394
30;21398
31;21400
2;21404
6;21434
17;21437
17;21438
50;21439
88;21440
26;21444
54;21467
156;21471
9;21472
19;21483
35;21485
7;21492
37;21493
7;21496
18;21526
113;21529
65;21530
40;21531
50;21532
17;21549
7;21550
163;21551
59;21552
2;21553
169;21581
9;21583
2;21584
64;21625
2;21626
40;21627
16;21632
30;21645
21;21647
20;21672
35;21673
13;21677
150;21682
202;21721
182;21722
54;21723
52;21724
42;21741
32;21745
9;21760
165;21765
9;21794
63;21817
34;21818
45;21819
61;21820
7;21824
86;21837
716;21838
28;21853
26;21874
17;21913
579;21914
40;21915
4;21916
4;21919
2;21922
12;21933
4;21934
7;21936
6;21949
40;21951
16;21960
8;21967
8;21968
7;22010
46;22011
75;22012
109;22013
59;22014
27;22015
44;22016
30;22021
28;22041
23;22043
29;22044
14;22047
8;22048
35;22049
7;22050
4;22051
6;22066
6;22068
27;22071
49;22105
41;22106
23;22107
60;22108
21;22110
11;22117
572;22139
24;22140
31;22143
30;22146
7;22152
12;22157
53;22159
28;22163
164;22164
36;22166
11;22168
9;22201
26;22203
8;22204
16;22217
60;22221
27;22222
37;22223
166;22247
6;22250
32;22251
51;22297
183;22299
9;22300
177;22318
2;22328
4;22393
15;22394
8;22395
20;22396
30;22398
20;22414
10;22416
18;22429
13;22445
159;22447
20;22450
57;22489
9;22490
58;22491
4;22509
13;22511
7;22512
23;22531
5;22533
37;22538
18;22547
36;22585
212;22586
43;22587
45;22588
2;22605
167;22606
165;22607
31;22610
10;22613
3;22614
2;22616
1;22631
5;22635
11;22636
6;22637
168;22644
36;22681
599;22682
40;22683
8;22684
1;22685
4;22686
22;22687
11;22703
12;22712
194;22714
17;22715
25;22718
33;22734
23;22741
8;22742
42;22777
31;22778
34;22779
28;22781
33;22784
24;22793
174;22810
15;22811
9;22813
26;22814
5;22815
2;22822
9;22823
7;22830
23;22837
5;22874
61;22875
14;22876
20;22883
5;22890
31;22911
22;22915
40;22918
26;22919
21;22924
16;22929
26;22932
1;22949
368;22969
151;22970
166;22971
7;22997
19;23007
14;23013
10;23015
20;23027
2;23028
10;23052
43;23065
161;23066
35;23067
55;23068
36;23069
7;23075
17;23086
30;23087
6;23088
168;23095
10;23100
8;23108
19;23109
2;23112
31;23113
5;23116
26;23117
3;23122
591;23161
66;23162
6;23182
21;23184
35;23212
57;23257
21;23258
160;23259
1;23260
17;23277
5;23286
18;23293
1;23294
4;23301
31;23302
1;23307
17;23341
34;23354
51;23356
26;23357
23;23358
25;23359
199;23360
26;23363
24;23370
19;23382
168;23385
31;23386
2;23387
5;23389
1;23390
7;23391
159;23410
21;23414
5;23430
563;23449
28;23450
35;23451
1;23452
24;23453
33;23454
21;23455
16;23472
146;23479
157;23486
3;23496
1;23498
4;23505
9;23507
16;23510
23;23545
20;23548
13;23559
21;23562
35;23565
3;23566
5;23579
8;23589
14;23592
1;23596
59;23641
37;23642
57;23643
30;23644
36;23661
23;23664
19;23679
10;23686
1;23696
16;23697
8;23698
148;23700
19;23707
18;23734
64;23737
15;23738
51;23739
232;23740
10;23745
15;23746
3;23759
30;23774
7;23784
18;23792
42;23796
4;23828
362;23834
70;23835
175;23836
89;23854
35;23855
21;23878
159;23879
11;23880
17;23886
22;23915
70;23929
41;23930
66;23931
6;23932
25;23949
20;23951
21;23973
44;23988
20;23996
9;24022
10;24026
338;24028
4;24030
171;24031
158;24045
30;24046
14;24051
168;24059
27;24061
20;24062
45;24063
196;24077
568;24078
175;24080
13;24081
146;24107
46;24122
29;24123
27;24125
1;24126
5;24127
29;24146
6;24153
7;24154
11;24157
4;24159
8;24176
24;24179
40;24180
5;24184
34;24217
11;24218
51;24219
88;24220
161;24228
166;24232
15;24237
3;24238
6;24239
6;24262
21;24264
9;24265
14;24268
410;24313
54;24314
79;24315
11;24316
2;24318
35;24334
16;24335
38;24357
19;24358
24;24363
5;24368
29;24394
30;24409
3;24410
189;24411
26;24412
17;24414
7;24417
14;24429
25;24430
163;24431
159;24432
8;24437
6;24441
7;24450
7;24454
5;24456
28;24459
20;24461
20;24464
8;24467
42;24505
94;24506
31;24507
14;24508
33;24510
27;24526
25;24551
20;24552
13;24555
179;24601
188;24602
42;24603
61;24604
27;24619
49;24621
25;24622
2;24648
40;24651
158;24656
156;24659
553;24669
6;24678
27;24697
18;24698
17;24700
30;24701
11;24702
3;24703
42;24704
40;24717
11;24729
26;24730
19;24731
3;24732
8;24733
19;24735
11;24754
28;24758
13;24793
28;24794
31;24795
57;24797
39;24798
6;24799
66;24800
3;24823
8;24826
25;24827
10;24828
17;24830
8;24832
17;24845
30;24848
31;24890
12;24891
9;24892
27;24894
25;24903
4;24911
13;24912
10;24935
11;24939
36;24940
12;24946
9;24948
84;24985
76;24986
24;24987
73;24988
24;24996
574;25007
5;25027
44;25033
18;25042
11;25043
21;25057
32;25081
16;25082
24;25084
10;25101
23;25102
23;25103
9;25104
33;25122
19;25124
1;25140
154;25166
38;25175
11;25177
17;25178
12;25179
39;25180
2;25189
13;25197
13;25198
19;25207
27;25231
22;25233
9;25235
58;25275
41;25276
15;25282
7;25284
5;25287
24;25294
36;25295
22;25296
26;25301
18;25318
13;25321
9;25324
4;25325
27;25329
11;25369
8;25370
8;25371
14;25374
28;25375
11;25376
24;25380
38;25401
34;25402
47;25405
170;25406
13;25407
8;25421
9;25423
46;25425
14;25426
23;25432
31;25433
28;25466
21;25468
57;25470
33;25479
166;25482
4;25484
1;25495
166;25497
147;25499
1;25500
21;25501
9;25502
154;25503
32;25504
19;25515
164;25518
30;25519
10;25521
11;25523
3;25524
122;25561
81;25562
162;25563
11;25564
23;25581
17;25582
12;25583
29;25605
23;25607
20;25615
41;25616
11;25617
4;25654
154;25657
207;25658
23;25659
42;25660
26;25663
6;25676
1;25677
90;25680
15;25684
168;25686
59;25704
38;25712
9;25713
231;25753
3;25754
17;25755
18;25756
12;25768
33;25770
24;25774
25;25791
556;25802
14;25812
202;25849
27;25850
20;25851
60;25852
57;25869
6;25870
11;25872
19;25874
26;25910
198;25945
100;25946
59;25947
15;25948
42;25968
7;25984
17;25987
22;25988
39;25991
8;25995
8;26004
43;26041
38;26042
23;26044
40;26045
17;26046
35;26047
37;26048
6;26055
32;26058
2;26064
28;26073
17;26075
38;26077
3;26079
12;26090
14;26093
6;26095
168;26097
54;26098
4;26103
14;26117
25;26132
63;26137
21;26139
7;26140
3;26141
57;26142
33;26143
16;26144
159;26147
5;26151
18;26158
29;26174
165;26175
8;26200
57;26233
182;26234
19;26235
27;26236
9;26252
54;26254
197;26255
29;26256
12;26266
28;26329
59;26330
219;26331
10;26332
23;26349
32;26350
6;26351
22;26352
2;26358
44;26376
21;26378
10;26383
70;26387
5;26425
53;26426
19;26427
38;26428
1;26445
30;26480
13;26483
5;26521
19;26522
37;26523
185;26524
158;26541
21;26542
25;26543
174;26544
25;26546
12;26576
78;26617
554;26618
51;26619
22;26620
156;26639
26;26642
32;26664
18;26671
35;26673
10;26713
3;26715
44;26717
25;26718
21;26723
3;26747
4;26748
25;26749
159;26751
156;26769
10;26771
36;26809
15;26810
54;26811
58;26812
187;26814
4;26815
225;26816
1;26819
2;26829
43;26832
156;26842
3;26845
10;26846
33;26862
19;26863
22;26872
27;26883
7;26905
72;26906
10;26907
96;26908
28;26914
14;26916
17;26917
28;26920
2;26922
189;26927
4;26934
25;26936
7;26947
35;26949
7;26951
33;26952
29;26953
8;26963
19;27001
100;27002
176;27003
10;27004
17;27019
18;27021
34;27024
21;27026
14;27041
12;27052
32;27097
56;27098
21;27099
182;27100
24;27119
4;27129
11;27146
1;27148
15;27150
159;27151
39;27193
29;27194
42;27195
102;27196
16;27213
39;27214
163;27215
27;27216
159;27223
27;27244
12;27245
2;27251
28;27274
13;27289
5;27290
72;27291
5;27292
38;27305
4;27309
15;27310
26;27311
7;27318
5;27331
157;27335
15;27337
172;27340
59;27343
32;27347
6;27348
18;27386
64;27388
236;27389
8;27391
17;27398
25;27417
62;27419
33;27420
23;27421
12;27424
156;27437
13;27439
13;27445
3;27471
2;27481
30;27482
28;27483
25;27484
7;27485
22;27487
57;27488
4;27489
4;27504
21;27514
32;27515
9;27517
2;27519
35;27520
3;27521
14;27522
5;27528
32;27532
14;27533
33;27536
40;27543
16;27579
90;27580
23;27584
86;27598
9;27599
53;27600
11;27621
6;27627
559;27628
21;27629
173;27633
23;27653
172;27673
31;27674
59;27675
2;27676
5;27681
23;27690
70;27693
7;27694
55;27695
40;27699
8;27706
21;27713
25;27726
32;27729
25;27731
17;27769
18;27770
73;27771
191;27772
7;27774
37;27781
14;27782
2;27789
60;27790
3;27806
12;27813
4;27815
164;27816
16;27823
8;27824
3;27825
14;27827
20;27828
56;27865
40;27866
52;27867
76;27868
2;27874
1;27882
33;27884
3;27885
15;27886
20;27888
21;27916
160;27919
19;27924
15;27943
37;27961
14;27962
46;27963
117;27964
27;27973
164;27981
10;27982
33;27983
18;28007
24;28031
154;28037
4;28043
9;28057
194;28058
35;28059
39;28061
40;28062
39;28063
42;28064
17;28069
75;28090
4;28091
5;28094
6;28110
26;28112
26;28114
156;28115
27;28130
155;28153
29;28154
29;28155
15;28158
18;28160
1;28162
28;28177
1;28185
10;28187
8;28188
44;28189
153;28190
28;28191
164;28207
160;28219
66;28250
29;28251
11;28252
3;28260
21;28269
15;28271
18;28279
5;28282
37;28287
7;28290
10;28291
6;28345
31;28346
54;28347
77;28348
187;28352
23;28360
19;28368
22;28372
23;28379
165;28382
8;28387
5;28392
8;28401
22;28441
63;28442
180;28443
65;28444
22;28460
20;28461
2;28463
20;28464
15;28470
10;28486
40;28488
57;28489
35;28494
19;28531
10;28537
23;28538
149;28539
15;28540
9;28545
30;28546
27;28547
32;28553
12;28557
1;28558
30;28560
24;28581
36;28585
8;28587
12;28588
161;28596
92;28633
75;28634
57;28635
16;28636
13;28653
15;28654
1;28655
28;28662
2;28690
37;28691
164;28704
25;28730
5;28731
165;28732
67;28736
14;28745
14;28746
26;28751
6;28761
28;28762
27;28764
23;28767
7;28773
5;28776
7;28783
31;28792
9;28805
93;28825
46;28826
30;28828
39;28829
2;28831
13;28832
8;28833
9;28848
54;28859
6;28860
80;28862
28;28863
24;28877
26;28881
15;28919
36;28921
173;28922
28;28923
191;28924
15;28926
10;28941
9;28942
18;28944
7;28955
6;28961
6;28970
21;28975
37;28991
26;29017
60;29018
68;29020
1;29024
144;29039
49;29040
36;29058
3;29066
8;29071
32;29074
12;29075
31;29077
27;29100
35;29113
638;29114
21;29115
17;29116
8;29131
12;29133
22;29135
30;29136
27;29155
4;29159
11;29165
12;29166
590;29170
3;29171
17;29201
43;29213
32;29214
98;29215
61;29216
12;29219
37;29233
31;29234
21;29236
16;29238
170;29263
31;29266
171;29267
1;29269
30;29309
17;29312
17;29329
20;29332
5;29353
16;29357
18;29358
12;29360
16;29382
14;29384
97;29405
16;29406
59;29407
48;29408
337;29409
37;29410
18;29411
41;29412
159;29422
29;29437
56;29441
3;29442
3;29443
13;29461
20;29465
153;29469
13;29483
28;29501
28;29503
35;29504
26;29505
9;29506
42;29507
33;29508
30;29515
46;29535
13;29536
17;29537
32;29539
9;29546
19;29553
22;29556
9;29557
30;29558
2;29562
161;29597
33;29598
212;29599
99;29600
30;29614
10;29616
152;29644
33;29645
17;29646
5;29649
59;29693
254;29694
8;29695
29;29696
1;29698
1;29705
15;29713
20;29715
5;29716
21;29740
30;29741
6;29742
230;29789
78;29790
34;29791
39;29792
12;29793
23;29809
26;29810
23;29812
5;29815
17;29818
36;29833
33;29834
11;29839
4;29856
217;29885
75;29886
30;29887
33;29888
8;29900
28;29907
42;29908
24;29915
27;29930
2;29941
173;29981
172;29982
55;29983
72;29984
12;29994
22;30003
28;30017
557;30030
22;30032
10;30035
7;30037
44;30077
24;30078
26;30079
32;30080
170;30081
13;30082
51;30083
21;30084
16;30094
14;30099
6;30103
4;30104
21;30108
29;30110
25;30111
7;30113
10;30114
10;30116
20;30119
6;30132
19;30135
24;30139
24;30140
4;30174
170;30175
4;30176
7;30177
27;30180
21;30195
12;30198
10;30205
9;30206
14;30207
54;30208
8;30209
25;30210
10;30211
24;30212
32;30213
8;30218
3;30225
26;30226
5;30231
24;30234
15;30239
5;30269
14;30270
37;30271
47;30272
162;30291
36;30292
10;30297
25;30306
24;30314
161;30315
153;30319
10;30320
24;30321
19;30325
4;30335
24;30358
21;30360
17;30364
82;30365
203;30366
73;30367
20;30368
37;30369
13;30387
15;30388
27;30412
4;30416
15;30461
179;30462
179;30463
12;30483
32;30484
6;30491
1;30497
28;30508
2;30509
2;30514
13;30522
6;30557
95;30558
610;30559
52;30560
1;30561
39;30563
14;30578
1;30580
3;30597
22;30600
22;30606
8;30607
29;30610
5;30612
10;30613
3;30615
53;30653
187;30654
217;30655
258;30656
12;30673
30;30675
2;30688
15;30696
5;30700
5;30706
5;30707
145;30750
2;30751
48;30752
34;30753
8;30754
32;30755
3;30756
2;30764
71;30783
33;30785
3;30787
7;30788
11;30791
565;30803
4;30808
35;30810
24;30845
23;30846
10;30847
2;30849
40;30850
48;30851
9;30852
29;30862
23;30872
8;30881
15;30884
19;30891
6;30894
180;30898
165;30900
18;30901
26;30904
60;30941
63;30942
82;30943
47;30944
4;30950
12;30960
59;30961
35;30962
19;30963
12;30964
17;30988
31;30991
20;30993
191;30994
3;30995
6;30999
38;31037
17;31038
62;31039
186;31040
9;31041
161;31042
14;31043
20;31049
6;31059
180;31060
35;31065
21;31083
16;31089
15;31093
193;31133
36;31134
16;31135
278;31136
2;31143
16;31153
23;31154
25;31160
33;31166
3;31168
130;31187
4;31188
187;31229
192;31230
10;31232
13;31243
12;31249
39;31250
23;31251
16;31255
9;31265
11;31277
4;31279
28;31280
26;31281
10;31284
82;31325
30;31326
269;31327
52;31328
24;31329
11;31336
8;31345
22;31346
9;31347
16;31348
26;31357
12;31373
4;31375
7;31377
4;31423
1;31424
175;31425
102;31426
53;31427
68;31428
8;31430
8;31448
160;31452
7;31453
161;31455
4;31457
27;31458
14;31459
22;31473
41;31474
20;31475
14;31482
20;31502
337;31518
23;31519
30;31520
71;31521
43;31522
101;31523
154;31540
9;31549
6;31551
13;31553
7;31554
9;31555
163;31556
36;31573
14;31613
25;31614
32;31615
24;31616
166;31619
3;31626
6;31633
5;31635
3;31637
3;31644
16;31661
22;31663
168;31669
152;31706
80;31709
35;31710
71;31711
59;31712
30;31718
29;31727
3;31728
6;31729
168;31730
33;31731
35;31732
23;31735
11;31755
28;31759
22;31760
49;31805
52;31806
29;31807
36;31810
12;31821
4;31827
2;31836
17;31849
23;31855
18;31859
4;31860
31;31862
11;31894
47;31901
73;31902
74;31904
7;31907
27;31922
7;31923
158;31940
7;31949
45;31951
8;31959
12;31990
19;31997
158;31998
178;31999
67;32000
8;32006
30;32011
169;32018
28;32020
28;32049
16;32093
38;32094
4;32095
351;32096
2;32097
29;32098
23;32099
20;32100
15;32117
77;32126
2;32127
5;32128
176;32132
21;32144
7;32145
21;32147
36;32149
30;32153
6;32165
20;32180
61;32189
20;32190
24;32191
30;32192
118;32194
5;32197
36;32203
8;32206
34;32217
3;32221
160;32222
33;32223
24;32224
20;32225
1;32227
20;32228
29;32245
4;32246
36;32247
23;32251
47;32285
30;32286
164;32287
14;32288
22;32298
5;32303
39;32305
40;32306
16;32307
16;32308
6;32309
31;32316
7;32318
21;32328
25;32330
19;32332
169;32337
156;32343
56;32381
37;32382
847;32383
190;32384
10;32397
16;32402
17;32404
18;32411
11;32425
13;32430
4;32432
17;32434
9;32437
2;32440
50;32477
46;32478
235;32479
164;32480
36;32492
18;32497
24;32499
7;32512
2;32518
23;32521
60;32522
12;32523
15;32525
14;32528
4;32533
9;32568
28;32570
8;32573
44;32574
190;32575
38;32576
24;32585
4;32594
55;32595
13;32598
12;32610
26;32631
6;32652
422;32669
23;32670
183;32671
3;32672
4;32674
27;32683
168;32689
166;32692
16;32695
556;32704
34;32713
573;32718
23;32720
7;32735
49;32765
12;32766
27;32767
3;32768
45;32769
7;32770
8;32771
10;32772
7;32798
3;32799
24;32800
12;32801
5;32804
8;32809
25;32821
5;32835
5;32841
22;32861
43;32862
37;32863
1;32864
54;32865
19;32867
196;32868
29;32875
11;32893
8;32894
52;32897
21;32898
29;32905
8;32914
11;32921
12;32923
28;32924
22;32957
234;32958
3;32959
29;32960
19;32969
42;32977
193;32978
7;32979
1;32980
10;33009
8;33014
255;33053
42;33054
202;33055
43;33056
9;33074
11;33076
2;33099
10;33104
20;33107
1;33108
4;33145
24;33149
63;33150
6;33151
5;33152
21;33158
3;33166
3;33169
3;33171
6;33191
30;33194
1;33195
14;33198
19;33200
24;33202
18;33206
23;33208
65;33245
611;33246
52;33247
110;33248
9;33265
65;33266
162;33267
6;33268
1;33278
30;33285
144;33298
162;33301
19;33302
26;33341
27;33342
42;33344
3;33353
15;33362
11;33363
23;33364
30;33367
2;33374
26;33387
17;33389
30;33390
8;33391
154;33396
21;33405
5;33437
75;33438
23;33439
5;33440
197;33441
34;33443
6;33448
25;33449
42;33455
26;33459
24;33469
1;33472
16;33475
24;33476
6;33479
8;33491
36;33493
52;33499
10;33500
26;33507
171;33509
5;33533
13;33537
12;33538
6;33554
29;33565
31;33566
3;33569
14;33571
19;33589
19;33625
26;33629
40;33630
2;33631
62;33632
5;33639
15;33640
13;33642
43;33649
11;33650
3;33673
13;33676
29;33688
31;33723
101;33726
71;33727
27;33728
46;33745
14;33775
28;33776
4;33778
161;33779
37;33780
83;33821
41;33822
235;33823
216;33824
200;33841
5;33843
25;33847
3;33859
27;33869
26;33871
16;33876
10;33879
75;33918
350;33919
12;33920
167;33933
14;33936
9;33937
152;33938
28;33939
19;33940
24;33949
12;33950
3;33956
2;33965
14;33968
12;33975
5;33981
23;34013
40;34014
38;34015
16;34018
33;34033
54;34034
16;34036
1;34041
13;34055
2;34057
9;34071
13;34108
29;34109
20;34110
208;34111
64;34112
33;34113
60;34114
5;34115
28;34116
2;34135
11;34137
17;34141
6;34142
23;34143
3;34145
47;34146
34;34148
12;34150
1;34158
33;34163
19;34164
5;34190
22;34206
25;34208
11;34209
17;34211
39;34212
18;34221
31;34222
12;34237
21;34238
26;34240
4;34244
28;34260
3;34266
20;34267
79;34301
8;34302
13;34303
61;34304
28;34306
26;34319
18;34322
41;34323
2;34324
29;34338
13;34347
40;34351
21;34357
30;34360
31;34361
312;34397
81;34398
123;34399
81;34400
8;34406
9;34418
47;34419
14;34443
165;34448
10;34452
12;34480
52;34493
50;34494
34;34495
78;34496
5;34511
33;34514
2;34515
17;34516
26;34530
16;34536
5;34537
10;34540
11;34543
15;34546
3;34547
17;34550
51;34589
81;34590
8;34591
14;34594
42;34609
38;34610
40;34611
43;34639
7;34641
2;34642
7;34647
4;34648
317;34686
18;34687
4;34688
29;34705
147;34706
39;34707
17;34710
22;34711
14;34715
32;34716
24;34725
16;34730
145;34762
2;34781
60;34782
187;34783
27;34784
42;34785
34;34786
36;34787
57;34788
40;34790
32;34791
22;34794
9;34813
15;34815
4;34817
27;34820
13;34825
33;34829
14;34830
4;34838
1;34841
26;34862
15;34869
25;34877
23;34878
769;34879
38;34880
32;34881
50;34884
26;34886
11;34888
197;34909
5;34911
29;34912
4;34914
149;34915
1;34931
21;34933
12;34935
39;34936
17;34942
184;34973
10;34974
69;34975
28;34976
9;34988
2;34991
14;34992
3;34994
173;34996
15;35011
28;35028
2;35029
20;35031
