sums of daily draw-off volumes
240.2
276.8
219.8
181.8
120.2
181.2
166.8
214.5
156.8
160.2
166
75.8
200.5
176
127
108.8
169.8
169.2
141.2
243.2
229.2
146.5
136.2
254.5
147.8
78.5
283.2
297.2
78
110.8
142
215.2
115.5
159.2
134
203.2
271.8
175.5
104.8
140.5
135
61.8
82.5
93.8
58.5
115.5
119.5
219.5
137.2
170.2
126.5
106.2
215.5
135.2
184.8
83.8
351.2
125.5
121
233
110.8
211.2
148
95.5
319
200.2
249.2
48.5
161.8
216.5
168
184
100.2
58.5
152.5
209.2
329.8
110
114.8
70.8
104.8
101.5
271
181.5
122
123
119.2
99
135
194.8
245
116.2
137
252.8
195
168.5
148.2
221.5
69.2
249.8
93.5
186.8
133.2
131.8
166
83.5
185.5
71.5
72.8
184.8
149.8
124
209.2
226.8
64
143.8
59.5
108.2
226.5
117.8
232.8
117.8
184.5
120.5
211
154.8
111.5
179.8
105.8
201.5
185
217.5
201
136.5
109
108.8
209.2
265.8
166.8
173.8
241.2
177.8
70.8
336.2
82.8
120
231.5
204
94.5
196
165
123
128.2
329.8
116
161
62.5
62
194.8
107.2
119.8
67
174.8
180.2
212.8
106
114
243.8
116.2
191
208.2
180.5
79.5
128.8
141.8
296.2
160.5
67.2
131.5
169.2
291.5
195.8
95
281.8
165.2
92.5
155.8
153.8
149.2
101
107.8
123.5
156.5
117.5
302.8
200.2
69.5
71
297.5
182.2
118.2
306
121.2
416
176.5
113.5
60
205.5
142.5
197.8
82.2
67.5
152.2
53.8
106.8
269
124
54.2
103.2
76.8
91
191.2
100.2
132
178.5
97.8
184.5
268.8
186.8
146
293.2
96.8
105.5
79.2
57.8
226.8
258.2
115.5
71.8
189.5
168
179.8
79
209.5
265.5
35.8
115.8
126.2
235.8
83.8
486.5
97
146.2
173.2
192.8
74.8
370
79.8
89.5
49.8
233.2
52.8
94
76.2
134.2
269.2
138
210.5
233.2
107
128.8
154.2
155.8
146.5
136.5
39.8
165.2
243
115
217
159.5
105.2
126.2
164.2
164.8
170
105.5
261.8
149.5
165.8
124.5
126.2
217.8
217.5
55.5
157
137.8
149.5
125
112.5
116.8
143
117.5
364.2
185.2
33.8
279.8
110.8
188
112.2
142.8
121.5
282.5
154
128
182.8
134
117.2
230
197.2
250.8
161.2
165.2
195
189.8
145
143
222.2
255.5
121.8
196.2
69.2
116
174.2
218.2
178.8
206.8
311.8
177.5
112.8
552.8
61.2
147.8
142
148.8
66.8
359
108.8
153.8
82.2
70.2
130
221.8
224.5
61.2
167
70.5
110
212.5
96.5
84.2
169.8
201
372.2
139.2
sums of draw-off volumes of each hour of the day
101.3
206.6
220
161.7
172.5
111.8
10622.2
14021.8
4658.9
1371.3
773
3261.2
3252.5
1027.7
1696.5
2599.1
1624.2
1460.2
2004.7
2868
3097.6
2037.7
792.7
325.2
sums of draw-off volumes of each hour of weekdays
27.1
35
48.9
74
114.7
53.6
9110.1
9801.3999999
1998.2
648.5
539.6
3048.6
3105.5
866.2
392.8
348.8
589.5
845.7
1830.9
2086.3
2036.9
1354.1
193.5
224.7
sums of draw-off volumes of each hour of weekend-days
74.2
171.6
171.1
87.7
57.8
58.2
1512.1
4220.4
2660.7
722.8
233.4
212.6
147
161.5
1303.7
2250.3
1034.7
614.5
173.8
781.7
1060.7
683.6
599.2
100.5
holidays of household(s), numbers correspond to day of year
