sums of daily draw-off volumes
138.8
116.8
257.8
134.2
132.8
102.8
232
262.8
135.2
165.5
194.5
191.2
124.2
371
121
104.5
104.8
194.2
174.5
108.2
269.8
113.5
223.5
57.5
115.5
208.2
170.5
172.5
279.2
176.8
144.5
80.5
144.5
151
195
92.5
144.2
180.2
81
221.5
254
191
76.5
160.8
147.2
135.2
286.5
137.8
209
180.5
179
204.2
71.8
192.8
62.5
116
236.5
124.5
117.8
260.8
198.5
134.5
144.2
60.8
240.2
91.8
125.5
221.8
120
216.2
294.8
177.5
191
190
204
255.8
233.2
335.5
263.8
124
177.5
124.5
132
173
132
189
296
208.8
129.5
264.8
86.5
55.2
208.2
199
81.2
144
109
315
76.5
112.8
147.2
154.8
85.2
154.5
209.8
213
204
181.2
206
302.2
222.5
218.2
326.8
128.2
129.2
127.5
114.2
219
186
138.2
96
101.5
261.5
238.8
199.2
191
107.8
124.5
174.8
79
279.5
188.8
107
157
90
60.2
162.2
131
193.8
199.2
221.2
194.2
45
235
111
84
258
209.2
152
125
75
106.5
94.2
303.5
91.8
87.5
235.5
205.8
171.8
123.2
159.2
242
97
117.8
138.2
73.2
43.2
191
71.8
70
95.5
108.2
328.8
257.8
269.2
86
141.8
73.2
133
43.8
118.2
200.5
158.2
71
93.2
135.2
207.5
310
182
237.5
219
119.5
194.5
48.2
124
199
163
158.8
69
53.5
89
177.5
138.5
190.2
150.2
134.2
48.8
157.8
314.8
173.2
95.5
89.2
69
165.5
141.2
402
192.2
87.2
122.5
85
59.8
185.2
287.2
68
103.2
146
185
76
107
87.5
160.5
170.5
100
174.5
43.8
236
211.2
201.5
169
131.5
165.5
191.2
96.8
61.2
150.2
83.8
140.8
133.8
85
52.2
208.2
166.2
176
129.2
105
86.5
42
103.5
132.2
142.8
86.5
163
169.8
237.2
169.8
107.2
91.2
91.5
79.8
82.8
86.5
139
126.8
265.2
137.2
74
175
36.8
397.5
133
135.2
198.8
97
134.5
185.5
177
143.5
155.8
137.2
222.2
140.5
123.8
166.2
206.8
94.2
134
233.5
159.8
283.8
103
85
103.2
106.8
266.8
103.8
101.5
281
190.5
104.8
152.2
195.5
106.5
258.5
108.8
264
60.2
315.8
95.5
89.8
189
125
219.2
121.2
105.5
49
299.8
149.8
110.2
293.2
168.5
105.2
96.8
56
206.2
138.8
280.5
176.5
119
46
107.2
273.5
159.8
201.2
147.8
257.5
171
441.8
106.5
83.2
317.2
128.2
169.8
128.2
142.5
284.2
206.5
134.5
211.8
198.8
153.2
321.8
78
79.8
151.2
159
sums of draw-off volumes of each hour of the day
198.8
236.5
285
177.7
218.7
204.4
10024.3
12754.6
5154.7
1138.1
866.3
2916.2
3676
1347.1
1686.4
3413
1844.9
1570.6
1798.1
2051.7
3090.3
2265.4
895.2
217.6
sums of draw-off volumes of each hour of weekdays
130.4
88.1
199.7
91.1
174
132.6
8066.3
8836.8
2672.9
495.6
741.8
2797.4
3504.1
1089.6
709.8
581.8
537.9
1090.3
1570.5
1706.6
2202.3
1227.2
422.3
155
sums of draw-off volumes of each hour of weekend-days
68.4
148.4
85.3
86.6
44.7
71.8
1958
3917.8
2481.8
642.5
124.5
118.8
171.9
257.5
976.6
2831.2
1307
480.3
227.6
345.1
888
1038.2
472.9
62.6
holidays of household(s), numbers correspond to day of year
