46;29
98;30
33;31
79;32
10;33
23;44
155;49
44;50
27;51
6;67
3;79
24;82
7;87
12;99
99;125
3;126
52;127
35;128
7;142
21;147
8;148
13;153
37;154
34;169
4;171
19;172
20;173
33;176
9;178
14;179
22;180
7;183
18;184
251;221
78;222
131;223
64;224
13;225
162;239
6;240
31;241
19;242
193;243
37;256
1;259
6;260
10;265
3;267
3;271
23;274
4;296
15;306
24;317
32;318
54;320
10;332
1;334
17;337
64;339
45;340
26;350
173;355
5;360
30;362
8;365
29;384
31;413
29;414
29;415
47;416
1;433
1;435
144;442
18;443
13;460
152;461
9;462
9;463
32;465
1;466
15;471
25;500
18;509
41;510
24;513
20;514
7;530
12;540
23;542
32;545
15;548
5;555
167;564
22;569
11;584
345;605
23;606
3;607
183;608
25;609
33;610
10;615
5;626
8;627
15;639
35;641
152;642
44;643
4;655
26;662
6;668
18;701
14;702
212;703
58;704
18;722
33;723
161;724
31;726
174;734
5;745
60;746
195;747
11;750
2;751
17;755
19;758
14;764
9;768
34;797
37;798
65;799
79;800
166;803
33;817
5;826
32;830
4;831
10;832
13;835
7;841
48;849
8;852
172;893
27;894
95;895
66;896
2;898
37;914
53;915
13;941
149;946
20;947
8;950
20;952
26;972
67;989
218;990
65;991
17;992
11;993
16;1010
158;1012
14;1036
4;1038
161;1041
21;1042
64;1085
12;1086
32;1087
40;1088
6;1100
24;1106
7;1108
163;1120
5;1129
35;1132
21;1133
162;1139
35;1142
159;1146
177;1181
33;1182
38;1183
15;1184
29;1185
32;1186
40;1187
7;1188
3;1201
4;1209
9;1214
16;1215
26;1216
19;1220
9;1233
22;1234
18;1235
155;1256
34;1277
9;1278
198;1279
21;1280
34;1281
4;1282
566;1284
167;1309
160;1312
42;1313
41;1315
33;1324
16;1336
4;1339
55;1373
12;1374
80;1375
60;1376
60;1394
24;1395
25;1396
2;1398
27;1418
43;1420
12;1423
36;1427
10;1430
14;1431
24;1432
69;1469
24;1470
1;1471
35;1480
2;1481
184;1490
20;1506
10;1511
4;1521
52;1522
17;1527
88;1565
67;1566
30;1567
5;1568
21;1575
22;1586
18;1587
7;1588
41;1615
13;1616
20;1617
19;1618
6;1621
62;1624
220;1661
233;1662
32;1663
97;1664
25;1666
32;1675
22;1683
8;1685
10;1691
27;1706
20;1709
38;1714
13;1719
273;1757
79;1758
91;1759
11;1760
6;1767
1;1769
41;1772
68;1777
18;1779
9;1780
29;1797
5;1803
32;1809
16;1810
19;1812
22;1853
171;1854
54;1855
1;1860
32;1862
4;1867
20;1875
25;1880
40;1887
8;1891
21;1892
6;1905
5;1909
24;1912
5;1925
8;1936
39;1945
22;1949
61;1950
245;1952
75;1953
36;1954
37;1956
19;1972
19;1974
14;1977
159;1982
202;1983
33;1985
12;1986
40;1987
7;1988
31;2005
15;2014
12;2030
50;2045
166;2046
53;2047
23;2048
5;2066
40;2067
17;2068
27;2077
19;2078
31;2093
11;2097
13;2114
34;2141
591;2142
12;2143
63;2144
5;2163
3;2164
14;2168
159;2196
45;2237
35;2239
5;2240
11;2253
10;2257
22;2258
11;2276
8;2282
16;2284
6;2288
6;2289
20;2290
35;2292
30;2333
55;2334
65;2335
38;2336
3;2337
3;2346
39;2355
9;2356
6;2357
5;2374
6;2379
13;2382
158;2388
18;2391
14;2393
11;2409
360;2429
22;2430
49;2431
50;2432
10;2449
4;2450
33;2451
29;2452
161;2453
14;2473
30;2475
6;2477
37;2480
17;2485
174;2525
24;2526
2;2528
24;2529
55;2530
201;2531
6;2532
9;2536
13;2537
32;2557
10;2559
25;2560
4;2562
54;2563
11;2564
38;2582
3;2598
5;2621
11;2623
198;2624
7;2625
170;2626
21;2627
43;2628
8;2634
1;2653
46;2655
26;2656
14;2658
29;2659
17;2660
12;2662
32;2664
5;2675
9;2679
33;2684
83;2717
223;2718
206;2719
180;2720
1;2737
2;2739
24;2740
14;2759
44;2763
11;2765
162;2768
167;2776
127;2813
168;2814
27;2815
44;2816
19;2817
24;2833
4;2834
55;2835
13;2836
37;2848
151;2859
24;2864
14;2874
5;2886
70;2909
46;2910
50;2912
5;2919
14;2928
5;2931
2;2939
8;2947
7;2950
160;2953
178;2954
5;2955
22;2966
1;2968
31;3005
40;3006
85;3007
36;3008
13;3024
6;3025
2;3027
17;3041
18;3052
11;3054
13;3057
17;3058
33;3063
63;3101
3;3102
21;3103
37;3104
9;3108
1;3114
39;3122
24;3124
9;3139
13;3144
8;3148
162;3156
20;3157
169;3159
82;3197
21;3198
84;3200
172;3201
53;3202
36;3204
7;3225
20;3231
19;3232
31;3233
14;3236
3;3240
8;3246
2;3251
22;3256
17;3258
13;3259
32;3289
25;3293
29;3294
46;3297
34;3298
73;3299
5;3300
9;3302
24;3313
12;3317
24;3321
20;3325
49;3326
5;3328
152;3329
21;3334
29;3345
147;3346
11;3347
32;3349
1;3350
30;3389
15;3391
204;3392
23;3410
51;3411
15;3424
10;3441
9;3448
13;3451
18;3478
18;3486
46;3487
31;3488
14;3505
158;3506
19;3508
18;3525
27;3529
10;3533
12;3535
23;3538
183;3543
28;3568
44;3581
218;3582
57;3583
16;3584
35;3599
33;3601
27;3602
54;3604
10;3611
29;3623
13;3625
27;3630
24;3631
30;3637
51;3638
25;3639
13;3666
30;3677
14;3678
6;3679
62;3680
3;3697
19;3698
168;3708
3;3721
4;3722
2;3728
21;3773
106;3774
20;3775
13;3776
25;3781
164;3794
25;3796
153;3797
12;3809
156;3816
153;3824
26;3826
8;3830
4;3832
210;3869
12;3870
31;3871
33;3872
207;3873
31;3874
54;3875
24;3888
24;3901
35;3902
165;3903
29;3904
34;3905
11;3907
9;3909
5;3912
29;3915
23;3926
33;3928
11;3929
6;3931
6;3957
48;3965
171;3966
16;3967
7;3968
30;3969
47;3972
10;3992
2;3995
46;3997
6;3998
26;4000
3;4002
34;4003
45;4017
31;4019
11;4020
185;4021
7;4025
24;4026
9;4027
24;4051
32;4061
61;4062
40;4063
24;4064
30;4081
15;4084
7;4087
24;4111
38;4113
11;4115
57;4157
60;4158
192;4160
162;4171
68;4178
32;4179
8;4180
6;4182
1;4202
11;4209
24;4211
15;4212
7;4215
22;4253
53;4254
171;4255
26;4256
26;4257
171;4274
5;4275
13;4281
20;4296
14;4297
16;4299
6;4302
15;4303
6;4305
25;4309
4;4348
166;4349
58;4350
43;4351
210;4352
3;4360
11;4364
4;4369
1;4371
15;4378
7;4389
16;4396
3;4408
166;4433
3;4445
219;4446
15;4447
228;4448
5;4455
23;4457
34;4466
3;4467
19;4468
3;4471
7;4487
164;4492
16;4494
34;4496
172;4498
3;4499
1;4501
31;4504
11;4514
2;4542
153;4543
32;4544
49;4545
48;4547
35;4548
11;4560
30;4573
5;4574
29;4575
12;4577
43;4578
5;4581
16;4587
2;4591
1;4594
7;4596
13;4598
12;4599
16;4602
19;4603
29;4638
29;4639
20;4640
66;4641
52;4642
153;4643
89;4644
28;4645
20;4646
2;4658
39;4660
3;4665
5;4668
68;4669
191;4670
1;4689
22;4691
2;4695
17;4698
29;4732
17;4733
192;4734
84;4735
27;4736
30;4740
23;4741
9;4753
29;4754
8;4755
43;4756
2;4767
14;4768
163;4769
24;4774
4;4779
24;4787
6;4805
20;4808
206;4829
19;4830
71;4831
31;4832
17;4843
165;4847
8;4850
10;4851
33;4852
26;4856
37;4875
33;4878
7;4880
4;4881
6;4882
14;4887
3;4888
40;4925
9;4926
210;4927
182;4928
1;4937
153;4945
12;4947
8;4948
151;4974
20;4975
13;4976
10;4977
1;4979
7;4980
1;4994
23;5010
57;5021
59;5022
23;5023
22;5024
25;5038
6;5041
24;5059
28;5071
19;5074
48;5117
12;5119
44;5120
4;5137
3;5138
602;5139
2;5140
10;5165
13;5166
19;5167
14;5173
19;5209
9;5213
34;5214
10;5215
8;5217
18;5218
2;5219
24;5231
12;5245
17;5246
25;5247
33;5250
12;5251
5;5252
1;5265
17;5269
4;5275
9;5283
8;5288
38;5309
51;5310
23;5313
54;5314
5;5319
11;5324
10;5331
30;5332
3;5335
58;5336
7;5344
56;5345
15;5346
1;5366
10;5368
15;5370
25;5371
35;5374
207;5405
75;5406
219;5407
200;5408
176;5425
23;5426
11;5427
35;5461
20;5476
111;5501
10;5502
12;5503
33;5504
27;5521
168;5523
10;5524
9;5540
19;5544
13;5547
21;5548
34;5558
11;5560
106;5597
60;5598
88;5599
25;5601
35;5613
72;5617
28;5620
26;5624
12;5643
16;5649
3;5654
10;5689
33;5693
224;5694
76;5695
43;5696
148;5701
5;5704
11;5705
36;5708
38;5713
6;5714
17;5715
7;5716
21;5725
10;5736
10;5743
161;5744
13;5745
7;5746
167;5751
17;5789
38;5790
19;5791
165;5792
4;5797
210;5809
9;5810
26;5812
15;5817
32;5837
171;5840
31;5842
4;5844
27;5845
26;5847
55;5885
19;5886
40;5887
18;5888
18;5889
24;5890
60;5891
178;5892
17;5895
23;5905
9;5907
13;5919
28;5921
29;5923
7;5947
3;5960
15;5981
16;5983
17;5985
33;5986
63;5987
25;5988
20;5989
21;6010
159;6013
15;6014
16;6016
28;6017
41;6020
38;6025
9;6037
36;6038
10;6041
5;6042
7;6044
34;6077
36;6078
56;6079
30;6080
15;6081
16;6096
21;6099
7;6121
19;6125
6;6131
3;6135
276;6173
16;6174
50;6175
64;6176
7;6187
176;6193
49;6194
69;6196
163;6199
32;6201
9;6207
1;6211
14;6218
28;6226
2;6227
1;6228
4;6231
3;6247
12;6269
183;6270
32;6271
46;6272
5;6290
22;6291
9;6292
11;6316
38;6324
6;6328
31;6365
6;6366
10;6367
24;6368
166;6385
17;6386
2;6397
8;6398
22;6412
5;6417
161;6418
43;6421
7;6423
224;6461
16;6462
357;6463
36;6464
7;6474
10;6481
14;6482
173;6483
22;6502
3;6505
25;6507
7;6553
25;6557
1;6559
2;6560
30;6561
43;6562
10;6563
24;6564
7;6580
156;6590
10;6592
5;6593
27;6595
27;6596
20;6603
16;6612
5;6613
12;6614
16;6615
5;6618
32;6619
16;6649
32;6653
59;6654
161;6655
31;6656
39;6657
13;6658
147;6659
15;6660
18;6663
6;6665
37;6676
2;6685
28;6687
2;6691
153;6707
24;6708
5;6710
14;6712
20;6713
30;6714
13;6715
50;6749
78;6750
176;6751
559;6752
24;6769
19;6770
24;6771
3;6775
12;6777
172;6794
7;6797
29;6804
26;6808
36;6845
90;6846
36;6847
164;6848
14;6866
178;6867
35;6868
32;6879
11;6889
17;6895
56;6897
12;6901
23;6903
6;6907
157;6913
14;6935
187;6941
26;6942
43;6943
75;6944
2;6945
38;6953
7;6962
9;6985
15;6988
7;6992
164;6993
19;6994
1;6998
43;7037
158;7038
36;7039
14;7040
172;7048
30;7057
174;7059
7;7060
11;7064
17;7066
17;7079
16;7083
34;7085
10;7090
9;7091
4;7092
4;7093
4;7094
23;7126
58;7133
36;7134
35;7135
363;7136
22;7157
1;7172
49;7178
166;7179
29;7182
1;7185
17;7187
16;7192
17;7216
16;7229
10;7230
193;7231
6;7232
8;7233
72;7234
21;7235
9;7236
160;7257
22;7262
46;7263
28;7264
4;7265
155;7267
160;7268
24;7274
30;7282
32;7285
10;7290
126;7325
18;7326
197;7328
23;7329
19;7331
79;7332
17;7360
10;7361
41;7362
23;7367
163;7378
208;7379
9;7381
6;7410
13;7421
36;7422
14;7423
24;7424
559;7426
10;7441
152;7442
40;7443
3;7444
4;7462
1;7465
13;7467
168;7468
33;7469
12;7470
35;7473
160;7474
8;7476
45;7477
6;7478
12;7489
12;7502
224;7517
61;7518
15;7519
209;7520
10;7531
24;7536
33;7537
28;7539
19;7540
19;7542
158;7546
164;7561
39;7564
28;7567
11;7602
17;7613
90;7614
23;7615
51;7616
31;7621
161;7626
16;7628
40;7633
10;7634
23;7658
16;7660
7;7666
27;7709
53;7710
186;7711
218;7712
19;7714
6;7715
183;7729
8;7732
10;7754
8;7802
135;7805
7;7806
193;7807
28;7808
28;7815
37;7825
24;7834
8;7838
23;7846
6;7850
1;7864
26;7901
18;7902
13;7903
10;7904
60;7905
40;7906
34;7907
4;7924
6;7933
176;7934
11;7935
54;7938
24;7939
3;7953
7;7954
20;7956
6;7957
16;7962
26;7972
6;7997
10;7999
9;8000
31;8001
16;8003
169;8004
40;8014
27;8028
163;8030
20;8036
9;8041
9;8055
153;8059
4;8060
1;8076
28;8093
217;8094
19;8095
2;8096
11;8113
13;8114
29;8115
157;8138
24;8139
4;8144
10;8145
13;8150
54;8189
82;8190
60;8191
173;8192
5;8194
11;8205
26;8209
37;8211
34;8221
19;8222
10;8224
18;8240
12;8242
41;8243
174;8246
32;8281
636;8285
72;8286
52;8287
10;8288
17;8289
36;8297
160;8298
2;8306
24;8308
15;8313
40;8321
36;8329
3;8335
19;8341
30;8342
28;8366
27;8381
19;8382
584;8383
38;8384
16;8392
13;8395
3;8401
8;8402
33;8404
12;8425
26;8438
28;8439
26;8478
40;8479
2;8480
20;8490
24;8493
162;8495
34;8497
29;8500
34;8506
22;8507
23;8514
13;8524
30;8526
27;8530
32;8532
14;8557
12;8563
83;8573
32;8574
22;8575
25;8577
27;8578
7;8579
17;8580
5;8583
30;8592
38;8606
563;8607
36;8609
8;8610
22;8611
23;8612
16;8626
1;8629
30;8631
48;8634
24;8665
28;8666
5;8667
66;8668
4;8670
33;8671
13;8672
12;8680
34;8683
3;8697
8;8698
45;8699
5;8704
4;8719
35;8722
22;8724
5;8728
55;8761
14;8762
22;8763
4;8780
16;8782
5;8783
27;8807
25;8812
20;8815
16;8819
17;8830
190;8857
16;8858
31;8859
29;8860
8;8862
12;8863
10;8865
32;8877
25;8878
15;8879
34;8899
12;8902
16;8903
23;8907
157;8908
44;8909
165;8911
14;8912
11;8953
196;8954
81;8955
29;8956
5;8975
43;8976
364;8997
11;8998
27;9001
13;9005
3;9010
13;9011
168;9050
51;9051
46;9052
26;9070
18;9072
16;9094
42;9145
46;9146
71;9147
41;9148
4;9164
1;9165
26;9166
35;9167
12;9173
9;9174
27;9185
11;9189
20;9191
161;9195
29;9196
30;9198
11;9201
14;9223
10;9231
28;9241
30;9242
30;9244
10;9245
4;9247
9;9248
3;9269
7;9273
37;9275
10;9276
20;9277
10;9278
11;9283
16;9287
147;9296
14;9302
26;9303
23;9319
26;9320
61;9337
13;9338
204;9339
190;9340
215;9341
4;9343
81;9344
22;9367
50;9370
2;9371
3;9375
5;9376
6;9389
5;9391
161;9395
6;9396
183;9400
1;9433
25;9434
29;9435
94;9436
25;9453
2;9454
12;9456
19;9477
21;9487
39;9489
39;9491
39;9529
179;9530
36;9532
11;9535
11;9538
8;9550
88;9551
18;9576
19;9578
4;9581
38;9584
41;9625
35;9626
94;9627
229;9628
6;9633
1;9639
34;9647
18;9659
26;9669
9;9672
11;9674
17;9675
3;9678
41;9680
24;9684
21;9721
76;9722
48;9723
202;9724
172;9736
19;9741
3;9742
24;9743
15;9762
3;9766
3;9767
27;9770
2;9778
4;9786
7;9811
7;9817
22;9818
20;9819
189;9820
13;9825
4;9826
33;9837
12;9839
10;9840
12;9868
8;9873
4;9876
9;9907
18;9913
14;9914
191;9915
13;9916
83;9917
9;9920
1;9941
17;9942
14;9945
36;9946
53;9949
24;9950
26;9951
7;9957
47;9967
23;9969
26;9975
7;9976
14;9985
17;9992
27;9997
166;10009
25;10010
199;10011
44;10012
32;10013
6;10014
27;10015
22;10016
6;10023
18;10025
12;10041
12;10042
22;10044
14;10045
30;10046
67;10047
21;10048
4;10054
2;10061
12;10063
25;10067
15;10079
600;10105
27;10106
42;10107
63;10108
21;10122
12;10123
9;10125
4;10126
3;10127
5;10148
11;10149
33;10151
8;10155
1;10156
8;10158
5;10159
159;10178
35;10186
57;10201
56;10202
16;10203
48;10204
182;10221
14;10222
33;10223
28;10225
28;10241
20;10247
33;10251
13;10257
20;10259
74;10260
154;10277
17;10288
18;10297
29;10298
82;10299
189;10300
19;10318
34;10319
14;10320
4;10323
8;10324
7;10325
32;10337
13;10343
64;10344
10;10346
5;10347
4;10348
22;10356
18;10391
192;10393
27;10394
63;10395
11;10396
38;10413
27;10414
166;10415
9;10421
31;10437
24;10440
163;10441
6;10442
7;10449
32;10451
10;10452
26;10469
260;10489
61;10490
58;10491
261;10492
20;10499
166;10509
12;10510
15;10512
11;10520
162;10528
15;10529
34;10533
40;10540
36;10542
5;10545
27;10548
1;10585
36;10586
31;10587
52;10589
162;10590
35;10591
69;10592
19;10596
164;10605
18;10609
166;10615
12;10617
3;10619
38;10622
10;10623
2;10634
19;10639
14;10643
23;10645
16;10646
10;10663
22;10681
78;10682
185;10683
39;10684
17;10685
16;10686
29;10687
150;10688
17;10700
6;10705
6;10711
20;10715
26;10718
178;10719
17;10735
26;10736
14;10738
6;10740
6;10742
5;10743
33;10777
224;10778
59;10779
636;10780
8;10797
22;10798
32;10799
1;10801
34;10819
171;10821
10;10822
1;10827
23;10829
38;10835
15;10836
14;10873
82;10874
47;10875
33;10876
18;10893
15;10894
14;10898
33;10904
21;10919
7;10920
38;10921
10;10924
2;10925
155;10926
1;10927
23;10931
22;10969
32;10970
187;10971
71;10972
23;10992
27;11007
30;11013
58;11018
40;11020
2;11024
25;11034
215;11065
87;11066
15;11067
24;11068
32;11071
17;11081
78;11087
25;11111
5;11117
12;11118
4;11144
36;11161
89;11162
48;11163
15;11164
11;11166
7;11182
7;11183
17;11195
156;11202
5;11207
30;11212
32;11232
50;11258
30;11262
63;11263
22;11264
4;11280
164;11289
2;11290
30;11292
20;11294
36;11295
23;11297
174;11301
23;11309
2;11316
14;11318
176;11319
43;11320
25;11330
178;11353
22;11354
58;11356
9;11357
232;11360
12;11361
1;11377
28;11385
14;11388
34;11389
76;11390
1;11391
23;11411
31;11415
53;11449
17;11450
27;11451
11;11452
12;11469
347;11470
19;11486
2;11497
27;11499
8;11501
13;11503
5;11506
12;11518
12;11527
7;11545
4;11547
43;11548
26;11550
45;11565
34;11566
1;11567
8;11573
151;11585
7;11586
29;11599
1;11600
5;11601
11;11602
80;11641
44;11642
20;11643
38;11644
10;11649
27;11650
22;11662
31;11663
18;11664
30;11668
12;11670
35;11687
16;11693
11;11694
12;11699
80;11737
76;11738
596;11739
9;11740
6;11748
157;11752
36;11758
18;11759
20;11764
27;11789
20;11790
1;11792
18;11833
359;11834
181;11835
41;11836
10;11840
23;11853
10;11854
4;11856
36;11865
25;11867
11;11872
27;11876
10;11879
24;11881
1;11887
155;11891
20;11892
23;11919
152;11925
7;11929
10;11930
154;11931
61;11932
53;11934
13;11935
23;11941
155;11957
3;11962
11;11963
34;11966
31;11967
4;11986
1;11987
19;11988
37;11989
6;11990
56;12025
69;12026
9;12027
50;12028
158;12029
27;12030
54;12031
30;12032
6;12043
27;12048
13;12058
25;12062
29;12063
5;12078
26;12080
165;12084
15;12086
57;12121
49;12122
172;12123
63;12124
7;12143
24;12144
14;12153
11;12163
12;12171
17;12175
5;12176
155;12217
25;12218
93;12219
27;12220
17;12224
51;12237
55;12238
23;12250
8;12262
2;12265
42;12276
5;12308
38;12313
4;12314
371;12315
75;12316
7;12329
2;12336
162;12337
15;12364
20;12369
89;12409
20;12410
25;12411
32;12412
14;12429
13;12430
10;12432
11;12438
15;12450
10;12453
8;12454
3;12456
23;12457
28;12459
15;12464
60;12505
650;12506
22;12507
195;12508
7;12512
31;12522
16;12525
22;12526
11;12527
23;12528
3;12535
12;12550
11;12552
25;12560
17;12565
13;12574
76;12602
17;12603
30;12604
29;12605
7;12606
48;12607
5;12608
8;12618
161;12626
3;12628
6;12633
85;12634
24;12636
178;12638
24;12639
20;12640
6;12649
1;12659
8;12662
19;12664
24;12673
31;12697
24;12698
23;12699
16;12700
53;12702
60;12703
8;12715
5;12720
30;12724
24;12729
21;12730
26;12732
37;12734
19;12735
23;12736
4;12758
176;12793
36;12794
68;12795
44;12796
12;12801
25;12809
11;12810
28;12812
4;12815
179;12816
30;12834
12;12839
3;12842
48;12889
26;12890
40;12891
57;12892
27;12893
29;12911
44;12912
35;12927
8;12933
10;12939
31;12946
5;12948
11;12980
8;12985
15;12986
46;12987
55;12988
19;13006
26;13007
14;13008
16;13022
18;13038
5;13041
8;13042
16;13075
50;13081
29;13083
189;13084
148;13093
2;13101
9;13102
3;13103
6;13104
156;13120
4;13125
34;13133
3;13140
29;13177
5;13178
36;13179
174;13197
27;13199
4;13200
9;13222
14;13223
31;13226
13;13233
20;13234
162;13236
37;13251
22;13277
151;13278
25;13279
14;13280
17;13283
31;13288
168;13289
2;13291
1;13297
187;13306
13;13308
16;13309
5;13310
33;13311
18;13327
35;13334
38;13367
36;13369
5;13370
52;13371
55;13372
13;13373
7;13376
22;13393
32;13399
30;13401
185;13402
18;13403
90;13405
26;13406
149;13407
26;13413
7;13421
6;13436
42;13465
144;13466
25;13467
206;13468
21;13472
35;13479
162;13496
22;13498
5;13503
13;13509
36;13511
34;13514
41;13515
9;13516
2;13517
33;13519
15;13521
16;13522
24;13523
183;13561
33;13562
78;13563
52;13564
7;13578
9;13582
159;13584
27;13605
25;13610
161;13612
5;13613
14;13619
24;13620
2;13657
28;13658
31;13659
11;13660
16;13679
22;13686
11;13699
7;13702
16;13707
5;13708
31;13712
22;13731
23;13753
76;13754
179;13755
156;13756
33;13758
22;13774
156;13776
6;13777
158;13781
25;13797
18;13799
28;13801
10;13811
28;13812
13;13849
27;13850
48;13851
236;13852
8;13866
11;13872
22;13890
25;13894
11;13897
43;13899
8;13935
37;13945
12;13947
5;13949
1;13952
2;13961
10;13971
23;13972
7;13978
38;13980
63;13981
18;13982
1;13983
34;13988
15;14000
29;14001
1;14002
32;14012
8;14041
11;14042
93;14043
6;14044
362;14046
4;14047
46;14048
14;14070
149;14073
218;14074
68;14076
19;14083
3;14095
1;14098
30;14099
108;14137
200;14138
48;14140
20;14144
17;14146
15;14158
58;14159
23;14160
38;14180
157;14182
43;14189
100;14190
10;14194
170;14228
56;14233
38;14234
69;14235
76;14236
28;14240
26;14253
11;14254
42;14255
20;14267
18;14280
14;14281
4;14284
30;14286
6;14287
30;14329
68;14330
40;14331
46;14332
36;14349
34;14350
30;14351
4;14354
1;14356
21;14361
153;14368
12;14374
1;14381
24;14382
11;14416
8;14425
13;14426
74;14427
46;14428
27;14446
25;14447
26;14469
2;14470
20;14472
29;14477
10;14481
9;14483
53;14521
16;14522
34;14523
14;14524
18;14532
154;14536
11;14542
47;14543
25;14544
28;14548
3;14549
4;14572
4;14576
4;14579
11;14587
22;14617
2;14618
15;14619
19;14620
64;14622
27;14623
57;14624
23;14641
7;14650
26;14651
18;14652
21;14653
27;14660
6;14671
14;14673
29;14676
11;14713
16;14714
202;14715
54;14716
15;14717
68;14718
19;14720
1;14721
19;14737
34;14740
18;14745
1;14746
176;14750
557;14768
23;14776
76;14810
17;14811
233;14812
5;14853
17;14854
19;14859
14;14905
51;14906
87;14907
51;14908
26;14916
9;14921
36;14926
35;14927
8;14952
9;14954
18;14955
6;14959
5;15001
255;15002
65;15003
7;15004
17;15005
155;15011
19;15021
206;15022
13;15024
20;15047
4;15051
21;15058
155;15059
143;15097
189;15098
256;15099
65;15100
21;15115
11;15117
8;15118
48;15119
8;15120
9;15128
3;15143
21;15152
34;15154
7;15156
37;15193
232;15194
15;15195
32;15196
24;15199
21;15208
23;15212
3;15213
32;15214
10;15216
3;15232
33;15237
25;15238
45;15244
144;15250
8;15252
158;15270
31;15284
11;15289
29;15291
17;15292
13;15293
44;15294
48;15296
6;15308
27;15321
13;15324
6;15325
13;15326
27;15327
17;15328
3;15338
30;15349
17;15367
27;15386
5;15388
59;15389
9;15390
35;15392
7;15401
46;15417
11;15418
36;15420
19;15421
5;15422
4;15423
168;15424
12;15437
146;15439
1;15441
30;15446
1;15481
45;15482
31;15483
83;15484
17;15503
5;15513
556;15519
160;15524
29;15530
41;15533
185;15577
34;15578
25;15579
28;15580
27;15584
16;15590
4;15600
3;15614
12;15624
4;15627
29;15629
21;15636
62;15673
48;15674
24;15675
29;15676
2;15684
19;15691
24;15693
52;15694
27;15695
30;15696
24;15717
17;15718
24;15719
21;15720
29;15721
39;15731
16;15769
34;15770
172;15771
52;15772
8;15789
12;15791
39;15792
2;15793
10;15806
7;15821
1;15822
5;15823
170;15827
25;15838
24;15849
26;15865
148;15867
10;15885
12;15886
3;15898
24;15899
2;15915
11;15919
33;15924
4;15961
7;15962
28;15964
23;15965
11;15967
2;15975
18;15977
5;15984
5;15993
16;15994
28;15997
24;15998
2;16000
26;16057
154;16058
4;16059
19;16060
26;16061
22;16062
7;16086
8;16088
149;16089
23;16091
2;16092
24;16093
50;16095
15;16096
24;16097
3;16107
1;16109
165;16111
15;16113
27;16115
40;16153
27;16154
81;16155
2;16156
12;16157
63;16174
44;16175
10;16206
8;16220
30;16251
62;16252
4;16270
175;16271
9;16300
9;16333
31;16345
28;16346
59;16347
5;16348
25;16367
10;16368
10;16386
8;16391
26;16395
168;16397
3;16404
25;16441
219;16442
28;16443
46;16444
18;16463
7;16464
10;16477
9;16486
7;16491
15;16492
3;16493
19;16494
27;16500
13;16537
33;16538
71;16539
89;16540
31;16557
22;16558
562;16559
5;16560
400;16572
31;16593
28;16594
29;16596
1;16604
16;16631
8;16632
46;16634
24;16635
170;16636
30;16637
162;16638
32;16639
32;16640
12;16643
15;16665
14;16666
10;16669
204;16670
165;16672
13;16684
11;16689
14;16693
11;16695
18;16696
24;16699
15;16712
17;16729
10;16730
1;16731
51;16732
714;16734
38;16735
30;16736
3;16745
4;16761
9;16763
9;16768
2;16785
174;16788
52;16826
16;16827
154;16828
3;16833
4;16841
9;16847
29;16848
13;16853
6;16881
29;16884
29;16888
20;16922
18;16923
173;16924
31;16941
174;16943
28;16944
38;16951
21;16965
2;16967
4;16971
29;16973
7;16976
6;16979
16;16983
36;17017
77;17018
21;17019
23;17020
2;17026
43;17038
4;17039
44;17040
16;17061
27;17066
30;17099
31;17113
330;17114
13;17116
26;17134
15;17135
23;17136
27;17157
29;17163
6;17164
2;17172
24;17212
35;17228
7;17229
16;17231
31;17232
22;17240
24;17254
12;17258
4;17260
20;17293
8;17305
11;17306
10;17307
37;17309
36;17311
72;17312
26;17320
15;17321
24;17324
39;17329
19;17331
41;17339
7;17340
4;17341
17;17343
8;17344
33;17350
19;17357
11;17358
16;17367
9;17380
57;17401
77;17403
31;17405
163;17406
26;17407
19;17408
185;17433
10;17435
36;17439
11;17440
171;17460
7;17472
19;17486
68;17497
15;17498
17;17499
159;17500
16;17517
19;17518
56;17519
28;17527
7;17542
27;17545
167;17551
27;17552
8;17554
16;17593
72;17594
36;17595
45;17596
20;17616
9;17632
4;17643
29;17644
37;17648
16;17652
11;17668
8;17689
92;17690
16;17691
7;17692
3;17695
42;17709
6;17734
31;17737
157;17741
11;17785
105;17786
2;17787
68;17788
157;17792
8;17806
63;17808
16;17809
28;17829
30;17831
22;17837
22;17838
9;17844
574;17881
190;17882
21;17883
4;17884
5;17886
5;17894
1;17901
4;17902
14;17906
12;17937
43;17977
33;17978
20;17979
16;17980
6;17981
70;17982
21;17983
35;17984
564;17985
8;18008
2;18009
196;18014
5;18016
5;18020
17;18021
2;18033
20;18034
164;18037
13;18048
44;18073
21;18074
260;18076
47;18079
12;18080
17;18092
60;18107
35;18108
6;18109
23;18111
15;18112
24;18132
8;18133
156;18136
147;18169
573;18170
69;18172
22;18173
41;18189
22;18191
10;18194
17;18203
8;18216
14;18225
5;18226
22;18227
9;18261
27;18265
62;18266
158;18267
40;18268
19;18273
4;18275
1;18285
188;18287
145;18288
52;18319
20;18320
151;18323
16;18361
155;18362
16;18363
73;18364
20;18365
164;18366
13;18393
19;18406
2;18420
71;18457
195;18458
256;18459
171;18460
9;18467
1;18471
14;18477
11;18479
29;18480
2;18502
15;18503
4;18513
81;18555
42;18556
10;18564
33;18576
20;18580
7;18599
26;18632
5;18648
3;18649
8;18650
43;18651
35;18653
29;18654
1;18655
9;18656
4;18680
2;18681
10;18682
22;18683
159;18684
30;18685
23;18686
32;18687
24;18701
9;18711
22;18720
9;18745
155;18746
325;18749
24;18750
30;18751
18;18779
14;18781
2;18783
21;18784
24;18803
174;18806
15;18841
69;18842
246;18844
152;18862
16;18889
2;18897
152;18905
14;18917
37;18937
31;18938
12;18939
185;18940
24;18958
3;18960
27;18982
162;18984
34;18985
2;18986
34;18989
17;18991
8;18995
45;18996
28;19033
37;19034
13;19035
35;19036
17;19041
29;19055
21;19056
3;19057
3;19077
4;19081
12;19084
37;19088
5;19090
32;19092
26;19129
1;19130
32;19131
26;19132
7;19149
6;19151
18;19176
8;19177
19;19182
5;19187
16;19188
50;19196
28;19225
7;19226
34;19227
183;19228
27;19244
9;19246
11;19247
26;19273
5;19278
26;19282
19;19298
19;19319
159;19321
18;19322
74;19323
9;19326
18;19327
181;19328
36;19329
12;19354
54;19358
8;19372
10;19373
46;19377
22;19378
21;19383
4;19384
4;19407
27;19417
60;19418
14;19421
13;19422
16;19423
10;19424
9;19449
19;19450
63;19451
16;19453
184;19454
28;19468
14;19471
18;19474
4;19476
33;19477
22;19478
186;19513
45;19514
193;19515
16;19516
1;19520
4;19529
29;19533
46;19534
189;19536
37;19542
4;19546
1;19559
1;19564
2;19570
7;19571
30;19606
34;19608
173;19609
77;19611
62;19612
18;19625
10;19629
3;19630
28;19631
25;19632
24;19653
22;19654
35;19656
27;19662
7;19665
26;19668
8;19705
45;19706
92;19707
6;19708
14;19715
6;19719
21;19725
18;19728
146;19750
160;19759
21;19761
27;19801
30;19802
21;19803
45;19804
5;19812
3;19824
8;19845
19;19850
32;19854
5;19860
16;19898
102;19899
21;19900
5;19902
15;19913
170;19917
31;19920
26;19945
25;19946
163;19947
29;19955
28;19957
160;19993
10;19994
152;19995
8;19996
203;19997
33;19999
3;20019
602;20028
28;20029
54;20030
6;20056
33;20091
30;20094
7;20095
12;20113
33;20121
152;20122
30;20123
10;20125
13;20126
166;20142
14;20146
33;20147
160;20149
6;20178
160;20185
43;20187
18;20201
1;20205
25;20206
31;20223
30;20229
28;20235
6;20242
21;20243
13;20248
6;20264
19;20281
21;20282
60;20283
47;20284
6;20301
149;20313
45;20335
1;20339
3;20352
32;20377
9;20378
32;20379
70;20380
24;20391
11;20393
8;20400
2;20413
27;20425
33;20426
24;20436
4;20439
30;20450
251;20473
36;20474
61;20475
79;20476
22;20490
30;20495
37;20523
3;20524
25;20525
32;20528
21;20529
35;20531
239;20569
65;20570
28;20571
32;20572
88;20589
29;20592
27;20599
7;20613
13;20615
10;20618
16;20619
11;20626
36;20657
194;20665
159;20666
9;20667
21;20668
179;20669
1;20670
174;20671
239;20672
4;20695
8;20697
20;20698
15;20699
36;20700
15;20703
164;20704
36;20705
10;20719
15;20720
25;20722
63;20723
185;20725
30;20754
11;20762
6;20763
20;20765
29;20766
8;20767
3;20770
38;20791
15;20795
31;20797
157;20798
13;20800
151;20804
154;20813
14;20814
27;20818
34;20819
28;20824
220;20858
25;20859
6;20860
4;20868
14;20872
29;20873
16;20875
34;20877
1;20881
34;20953
74;20954
20;20956
3;20960
9;20967
28;20974
17;20975
62;20976
3;20978
32;20998
16;21001
27;21009
165;21011
18;21050
81;21051
18;21052
17;21070
169;21096
17;21098
4;21101
5;21102
11;21105
84;21146
12;21147
24;21148
39;21166
24;21168
9;21176
22;21189
10;21195
8;21199
7;21213
147;21233
288;21242
5;21243
4;21256
27;21258
13;21262
33;21263
50;21264
2;21283
2;21290
12;21292
158;21299
5;21316
27;21338
32;21339
5;21340
13;21341
52;21342
29;21343
50;21344
13;21355
27;21366
6;21369
159;21372
22;21373
4;21375
604;21376
14;21388
32;21391
23;21393
24;21394
3;21397
5;21399
34;21413
10;21433
25;21434
51;21435
26;21437
14;21438
24;21440
10;21465
30;21468
15;21473
4;21487
29;21490
30;21515
14;21530
17;21531
213;21532
25;21551
48;21574
19;21576
8;21577
6;21578
10;21580
23;21590
99;21625
137;21626
236;21627
24;21628
35;21646
17;21647
25;21658
11;21675
186;21722
158;21723
89;21724
5;21730
36;21736
27;21738
167;21741
26;21744
5;21767
11;21776
30;21779
14;21817
10;21818
23;21819
9;21820
13;21838
38;21862
11;21869
168;21873
18;21876
112;21913
31;21914
10;21915
16;21928
43;21934
20;21936
161;21944
7;21957
15;21958
11;21967
2;21969
13;22010
7;22011
178;22012
16;22013
11;22029
14;22041
3;22046
6;22047
26;22048
33;22049
20;22051
23;22072
32;22084
75;22105
168;22107
19;22108
31;22109
3;22110
8;22112
8;22128
9;22130
50;22140
51;22142
160;22148
21;22165
4;22166
3;22167
152;22196
13;22201
8;22202
37;22203
11;22204
21;22208
155;22219
3;22221
8;22222
19;22223
2;22224
31;22235
17;22245
163;22247
14;22252
21;22254
7;22266
45;22297
21;22298
31;22299
15;22300
24;22317
15;22318
6;22320
14;22324
35;22337
161;22348
26;22350
7;22353
106;22393
189;22394
103;22395
18;22396
27;22401
45;22414
18;22415
10;22419
16;22439
5;22441
4;22442
157;22451
12;22489
25;22492
29;22504
21;22509
2;22510
8;22515
8;22520
7;22523
4;22533
15;22536
4;22538
15;22541
25;22544
157;22585
82;22586
74;22587
18;22588
163;22599
36;22608
12;22611
163;22629
32;22630
156;22631
31;22633
20;22635
3;22674
17;22681
11;22683
164;22684
151;22685
169;22686
18;22687
20;22688
17;22691
1;22694
11;22706
28;22713
8;22718
20;22720
144;22727
9;22737
20;22739
34;22741
32;22754
41;22778
65;22779
1;22782
73;22783
310;22784
14;22812
12;22814
27;22816
188;22822
2;22823
2;22833
39;22837
62;22873
71;22874
42;22875
40;22876
45;22893
11;22894
172;22895
174;22896
15;22923
16;22924
28;22928
76;22969
23;22970
64;22971
3;22972
21;22973
12;22975
163;22990
37;22991
25;22992
32;22994
20;23008
11;23014
34;23017
5;23028
162;23059
12;23065
18;23066
55;23068
31;23085
170;23088
8;23098
155;23102
19;23111
18;23120
14;23124
55;23161
27;23162
198;23163
209;23164
166;23167
13;23177
9;23182
5;23205
48;23206
2;23209
20;23213
13;23220
14;23257
32;23258
17;23259
60;23260
42;23278
156;23280
41;23301
25;23303
21;23353
36;23354
45;23355
37;23356
27;23357
16;23358
6;23362
31;23386
15;23389
11;23416
20;23437
4;23449
1;23450
5;23451
47;23452
12;23453
33;23454
30;23455
149;23456
68;23481
54;23483
15;23484
13;23485
6;23487
27;23502
29;23504
27;23506
23;23507
23;23509
15;23512
13;23533
35;23545
17;23546
179;23547
7;23548
20;23568
29;23589
9;23597
26;23603
61;23641
98;23642
9;23643
34;23644
170;23661
6;23662
5;23663
157;23672
16;23692
7;23695
336;23737
57;23739
55;23740
1;23759
32;23761
3;23779
7;23783
9;23784
11;23785
17;23790
7;23792
26;23833
54;23834
69;23835
29;23836
21;23843
20;23854
45;23856
6;23861
7;23876
4;23881
11;23889
16;23890
32;23892
18;23929
25;23930
24;23931
25;23932
5;23951
28;23952
8;23956
25;23973
2;23981
13;23988
36;24000
26;24013
30;24026
1;24027
29;24028
5;24029
29;24030
410;24032
16;24049
16;24057
14;24059
174;24061
12;24062
12;24063
13;24076
1;24078
11;24084
16;24085
18;24090
23;24121
9;24122
36;24124
31;24125
29;24126
31;24128
169;24133
30;24140
18;24148
18;24153
14;24159
27;24160
170;24171
22;24179
13;24181
25;24186
14;24206
94;24218
239;24219
40;24220
14;24227
28;24237
14;24238
31;24239
4;24240
4;24262
2;24265
20;24266
22;24268
3;24269
168;24270
4;24271
3;24272
208;24313
45;24314
10;24315
15;24326
28;24332
13;24334
11;24351
156;24359
12;24372
19;24381
31;24410
169;24411
89;24412
22;24418
17;24431
44;24432
13;24437
27;24439
8;24465
39;24505
219;24506
25;24507
11;24526
3;24535
9;24546
23;24557
17;24558
2;24581
8;24583
27;24601
13;24602
27;24603
3;24604
25;24607
18;24612
18;24623
11;24624
14;24646
2;24656
26;24698
34;24699
4;24701
38;24702
63;24703
14;24712
14;24725
4;24728
5;24729
26;24730
43;24733
21;24735
7;24736
9;24741
10;24751
34;24753
62;24755
20;24775
51;24794
182;24799
2;24800
10;24803
16;24805
16;24810
5;24821
2;24827
60;24828
12;24829
8;24831
11;24841
37;24845
23;24846
23;24851
32;24852
19;24854
82;24889
42;24890
197;24891
62;24892
22;24893
14;24904
20;24909
28;24910
23;24911
4;24912
7;24916
39;24935
22;24937
9;24945
7;24979
3;24985
32;24986
14;24987
50;24988
5;24997
4;25001
151;25006
25;25008
26;25030
29;25033
28;25072
73;25081
20;25082
197;25083
46;25084
193;25104
22;25105
3;25119
20;25126
11;25127
10;25131
2;25136
27;25139
20;25177
207;25178
15;25179
41;25180
16;25185
152;25197
9;25198
16;25199
29;25203
32;25207
19;25216
36;25222
42;25224
9;25225
11;25228
25;25244
3;25273
74;25274
38;25275
563;25276
8;25288
5;25293
8;25294
13;25295
149;25296
13;25297
26;25319
24;25320
2;25328
13;25331
10;25332
12;25369
28;25372
34;25373
39;25374
50;25375
48;25376
6;25386
20;25393
1;25396
20;25403
38;25404
18;25406
15;25407
14;25415
170;25419
22;25423
2;25425
24;25427
34;25429
4;25430
80;25432
19;25454
28;25466
1;25471
41;25472
21;25476
20;25490
47;25498
1;25499
23;25500
32;25501
9;25503
5;25504
149;25514
13;25521
20;25528
29;25559
77;25561
1;25562
21;25563
38;25564
11;25583
4;25584
20;25614
164;25616
23;25657
25;25658
34;25659
72;25660
46;25677
46;25679
16;25681
20;25704
31;25707
12;25709
34;25710
1;25711
6;25713
40;25753
76;25754
60;25755
17;25772
40;25797
26;25799
29;25800
3;25801
23;25806
2;25807
3;25808
33;25849
216;25850
15;25851
9;25852
39;25871
16;25872
3;25904
5;25932
91;25945
13;25946
15;25947
10;25948
20;25950
3;25964
31;25966
50;25967
23;25994
32;25996
22;25998
31;26000
25;26043
29;26044
8;26045
8;26046
170;26047
156;26053
24;26074
12;26076
18;26078
27;26096
60;26100
19;26107
24;26137
11;26138
33;26139
30;26140
20;26141
66;26142
7;26149
25;26166
55;26170
30;26171
39;26174
167;26176
33;26221
23;26233
31;26234
723;26235
34;26236
64;26253
2;26254
12;26257
27;26278
10;26282
9;26283
35;26285
27;26286
10;26287
21;26292
47;26329
185;26330
21;26331
169;26332
29;26345
14;26376
46;26380
15;26382
23;26396
30;26425
50;26426
25;26427
19;26428
11;26440
10;26444
20;26453
4;26463
17;26470
28;26472
32;26476
19;26478
31;26484
31;26501
22;26519
184;26521
228;26522
40;26523
64;26524
13;26527
10;26536
14;26542
30;26566
13;26570
23;26571
2;26578
26;26588
4;26618
41;26619
14;26620
6;26628
26;26630
8;26637
2;26638
23;26661
1;26664
15;26665
7;26685
8;26706
64;26713
560;26714
16;26715
27;26716
16;26717
31;26718
1;26719
29;26720
14;26726
164;26747
7;26748
3;26761
25;26766
45;26769
6;26770
14;26772
560;26773
156;26809
23;26810
33;26811
22;26812
15;26813
29;26814
44;26815
7;26816
40;26844
10;26845
12;26847
20;26848
12;26853
16;26855
8;26861
2;26863
29;26870
32;26871
22;26872
17;26906
48;26907
22;26908
4;26917
6;26920
19;26925
167;26926
173;26928
14;26934
6;26940
18;26949
5;26959
38;26961
4;26964
9;26978
19;26999
213;27001
17;27002
24;27003
72;27004
32;27015
18;27021
10;27022
21;27023
163;27024
1;27027
39;27051
4;27057
153;27059
36;27097
30;27098
15;27099
41;27100
36;27101
14;27120
7;27127
167;27145
27;27150
8;27152
7;27156
21;27193
202;27194
43;27195
22;27206
175;27214
2;27216
9;27220
12;27221
15;27248
37;27260
8;27270
225;27289
204;27290
30;27291
34;27292
22;27312
18;27336
9;27337
33;27340
159;27343
164;27385
58;27386
1;27388
54;27389
12;27391
10;27409
168;27419
152;27420
41;27423
12;27424
4;27431
23;27441
9;27442
10;27469
33;27481
361;27482
1;27483
5;27485
35;27486
6;27513
2;27515
56;27519
5;27526
8;27533
52;27539
34;27577
45;27578
22;27579
198;27580
20;27582
8;27585
173;27598
27;27622
11;27630
25;27631
15;27633
13;27635
32;27636
161;27673
73;27674
153;27675
7;27676
8;27694
25;27695
14;27699
10;27709
35;27712
7;27720
17;27722
3;27727
16;27730
20;27732
81;27769
104;27770
210;27771
32;27772
161;27773
157;27780
28;27781
26;27789
19;27790
31;27792
12;27803
19;27813
9;27828
14;27865
5;27866
82;27867
64;27868
24;27878
165;27884
24;27885
36;27886
37;27888
30;27914
6;27917
13;27921
16;27922
46;27923
208;27961
41;27962
22;27963
12;27964
9;27969
3;27982
12;27983
18;27990
7;28005
1;28014
162;28016
37;28057
43;28058
76;28059
7;28060
25;28061
17;28062
1;28063
10;28087
18;28089
11;28090
91;28092
163;28093
21;28094
29;28096
34;28103
54;28109
28;28116
4;28152
223;28153
43;28154
43;28155
4;28156
27;28175
12;28181
18;28182
3;28186
8;28187
8;28189
35;28191
147;28198
37;28209
189;28215
18;28216
8;28217
24;28235
3;28249
3;28250
100;28251
3;28265
13;28266
164;28267
17;28269
4;28274
10;28293
12;28295
4;28299
8;28303
12;28305
36;28345
49;28346
77;28347
84;28348
169;28356
36;28365
37;28366
22;28368
10;28378
14;28391
2;28394
42;28441
179;28442
26;28443
38;28444
174;28446
180;28461
27;28462
28;28463
5;28464
153;28478
24;28489
21;28490
14;28491
23;28512
64;28537
48;28538
34;28539
169;28540
35;28547
167;28550
5;28558
31;28584
54;28585
13;28586
19;28591
131;28633
162;28634
13;28635
591;28636
21;28670
162;28671
14;28686
12;28687
6;28690
23;28702
34;28729
31;28732
30;28733
4;28738
11;28742
2;28748
154;28759
33;28762
6;28764
36;28765
36;28766
5;28779
5;28786
25;28792
28;28826
27;28828
25;28830
20;28831
11;28832
31;28858
11;28859
166;28860
5;28878
16;28879
31;28921
4;28922
199;28923
18;28924
6;28926
17;28942
74;28943
13;28944
28;28966
7;28970
16;28978
5;29016
22;29017
110;29018
23;29019
201;29020
30;29039
20;29040
8;29071
8;29076
150;29100
16;29113
72;29114
165;29115
194;29116
17;29126
14;29133
24;29135
20;29136
21;29142
18;29143
1;29157
152;29159
9;29160
6;29162
12;29164
176;29165
71;29213
28;29214
31;29215
165;29216
25;29226
10;29235
11;29241
6;29243
10;29258
5;29259
15;29263
4;29264
13;29265
7;29270
14;29271
22;29309
23;29310
52;29311
19;29313
170;29329
9;29330
69;29331
17;29332
19;29359
6;29366
15;29405
68;29406
18;29407
27;29408
230;29409
3;29410
28;29411
44;29412
28;29433
5;29437
1;29438
579;29439
6;29443
1;29454
16;29455
16;29459
3;29461
34;29463
2;29468
12;29482
26;29501
47;29502
54;29503
19;29504
221;29505
39;29506
28;29507
29;29508
81;29533
6;29535
15;29536
4;29538
28;29541
21;29544
35;29551
20;29552
21;29553
8;29555
38;29562
10;29563
154;29596
34;29597
46;29598
18;29599
6;29617
17;29619
2;29620
2;29621
28;29641
17;29650
30;29651
8;29652
6;29653
23;29654
28;29655
6;29693
32;29694
158;29695
9;29696
7;29715
15;29737
17;29738
33;29739
156;29743
170;29744
6;29745
38;29789
9;29790
385;29791
3;29792
32;29801
9;29808
18;29810
41;29811
3;29813
1;29831
10;29834
40;29835
12;29837
8;29846
173;29848
67;29887
36;29888
16;29902
177;29905
18;29907
10;29908
9;29909
4;29918
2;29927
37;29934
46;29937
1;29942
3;29944
67;29981
61;29982
23;29983
14;29984
2;29986
37;29992
18;30001
11;30002
3;30003
564;30004
13;30011
10;30015
47;30026
164;30033
34;30055
15;30077
56;30080
167;30083
9;30084
6;30095
16;30107
7;30108
8;30111
36;30112
9;30114
18;30115
11;30130
27;30131
6;30134
10;30136
22;30153
34;30173
317;30174
60;30175
21;30176
8;30178
159;30179
2;30180
10;30187
9;30190
35;30205
83;30206
38;30208
27;30209
31;30212
165;30219
2;30225
19;30226
14;30235
30;30270
50;30271
71;30272
14;30278
7;30289
8;30291
15;30313
22;30318
16;30323
8;30326
569;30346
8;30353
230;30365
27;30366
28;30367
102;30368
8;30376
22;30379
8;30380
13;30386
11;30387
25;30388
30;30401
9;30409
18;30422
155;30430
23;30461
203;30463
61;30464
19;30481
16;30482
31;30484
5;30500
24;30507
10;30557
156;30558
9;30559
58;30560
24;30577
9;30579
2;30580
28;30602
2;30603
1;30604
9;30605
35;30607
16;30611
197;30653
23;30654
183;30655
6;30665
22;30673
26;30675
40;30676
23;30699
170;30706
30;30709
36;30711
25;30725
22;30755
21;30756
166;30781
63;30784
30;30785
7;30786
27;30788
36;30803
28;30804
33;30808
27;30811
15;30812
40;30845
184;30846
47;30847
20;30848
173;30850
187;30851
16;30852
33;30877
3;30880
7;30881
78;30882
4;30884
12;30888
39;30898
28;30903
6;30906
52;30941
25;30942
94;30943
64;30944
161;30945
16;30946
17;30951
29;30961
2;30985
9;30993
4;30995
5;30999
7;31000
28;31038
163;31039
56;31040
8;31056
31;31057
86;31058
11;31059
21;31061
8;31080
10;31088
21;31133
33;31135
64;31136
16;31138
2;31149
17;31155
26;31156
7;31180
7;31182
3;31190
63;31229
55;31230
200;31231
43;31232
559;31247
39;31250
13;31251
20;31272
15;31277
160;31283
16;31284
16;31286
30;31325
37;31326
9;31327
29;31332
12;31337
33;31338
32;31343
14;31345
2;31347
195;31348
1;31351
7;31358
1;31372
18;31379
21;31383
158;31390
30;31421
40;31424
34;31426
64;31427
29;31428
24;31437
8;31440
127;31453
6;31454
1;31456
6;31457
16;31459
10;31477
27;31480
19;31483
8;31503
18;31507
165;31513
2;31517
597;31518
16;31519
29;31520
11;31521
29;31522
55;31524
6;31530
28;31533
34;31539
12;31540
25;31553
38;31554
15;31556
19;31568
17;31569
3;31574
2;31575
21;31577
23;31579
6;31594
23;31599
227;31613
19;31614
13;31615
28;31616
166;31634
42;31635
15;31636
8;31659
21;31663
23;31665
18;31666
32;31667
26;31669
7;31680
15;31709
16;31710
55;31711
37;31712
183;31730
13;31736
22;31754
10;31758
24;31762
24;31766
22;31767
28;31805
7;31807
24;31808
13;31825
5;31826
20;31835
27;31843
10;31852
22;31855
27;31856
204;31857
7;31894
66;31901
29;31902
16;31904
21;31909
8;31922
43;31923
19;31924
7;31954
8;31959
26;31997
3;31998
21;31999
251;32000
180;32005
6;32009
32;32011
33;32017
17;32018
20;32020
15;32024
27;32044
23;32046
23;32048
148;32049
16;32073
28;32082
5;32093
200;32094
22;32095
14;32096
40;32097
6;32098
17;32099
5;32103
45;32127
12;32128
32;32129
11;32132
28;32144
29;32147
11;32153
34;32156
7;32171
9;32189
561;32190
23;32191
158;32192
28;32194
31;32196
24;32197
21;32201
75;32224
155;32226
17;32228
2;32241
11;32242
102;32285
18;32286
84;32287
154;32288
3;32307
168;32315
19;32331
158;32342
97;32381
53;32382
221;32383
16;32384
35;32401
31;32412
14;32428
9;32436
4;32477
49;32478
6;32479
43;32480
17;32486
2;32495
1;32500
17;32521
27;32525
18;32527
1;32554
89;32573
22;32575
28;32576
28;32593
16;32594
36;32600
20;32618
10;32623
164;32628
15;32632
12;32668
36;32669
145;32670
45;32671
16;32672
12;32673
14;32675
12;32681
564;32689
54;32690
8;32692
10;32715
165;32722
1;32724
15;32765
4;32766
27;32767
23;32768
116;32769
76;32770
31;32772
14;32778
8;32791
24;32797
29;32798
26;32800
25;32802
148;32803
10;32808
12;32815
22;32824
29;32825
12;32836
11;32843
157;32846
3;32861
186;32862
3;32863
30;32864
23;32865
45;32866
11;32867
48;32868
14;32888
12;32893
63;32894
22;32896
32;32898
38;32899
45;32900
8;32922
25;32923
17;32926
25;32957
1;32958
37;32959
48;32960
75;32977
160;32978
28;32980
173;32985
2;32989
6;32999
20;33004
5;33013
11;33016
13;33028
67;33055
44;33056
149;33066
12;33073
6;33074
5;33075
24;33083
1;33100
146;33109
5;33111
558;33112
17;33130
178;33149
68;33150
30;33151
63;33152
13;33154
18;33163
22;33169
191;33170
1;33171
20;33172
24;33196
14;33198
25;33208
19;33223
50;33245
29;33246
8;33247
968;33248
31;33259
5;33266
1;33267
575;33268
9;33280
24;33293
21;33295
22;33298
5;33304
33;33341
36;33342
33;33343
41;33344
26;33357
154;33358
8;33362
10;33363
29;33388
2;33389
13;33394
12;33399
29;33400
11;33417
26;33437
23;33438
4;33439
55;33440
16;33441
33;33443
36;33444
11;33454
18;33470
15;33472
23;33476
30;33490
6;33495
1;33497
25;33499
27;33533
159;33534
162;33535
27;33536
27;33537
18;33538
17;33539
30;33540
23;33550
25;33560
31;33566
566;33567
10;33568
11;33569
15;33570
61;33571
1;33572
22;33587
25;33589
12;33590
118;33629
30;33630
36;33631
9;33632
26;33648
2;33650
19;33651
30;33652
6;33663
19;33665
1;33674
20;33675
28;33677
163;33682
6;33688
71;33725
45;33726
17;33727
37;33728
161;33736
65;33745
57;33746
29;33747
13;33756
39;33770
32;33771
19;33773
24;33779
70;33781
18;33821
38;33822
32;33823
180;33824
14;33837
7;33842
23;33843
158;33844
27;33850
6;33868
7;33869
3;33875
66;33917
75;33919
28;33920
14;33924
6;33926
185;33937
162;33938
9;33944
5;33969
20;33970
42;34013
235;34014
82;34015
34;34016
18;34023
23;34032
184;34033
334;34035
45;34036
29;34044
36;34050
30;34067
45;34070
163;34086
37;34109
190;34111
28;34112
24;34113
32;34114
21;34116
1;34127
29;34136
82;34143
14;34144
172;34146
3;34147
17;34148
1;34161
5;34167
7;34170
10;34193
35;34205
16;34206
40;34207
24;34208
6;34209
5;34210
17;34211
40;34212
3;34233
235;34238
1;34241
11;34243
38;34256
21;34259
2;34262
22;34264
12;34266
24;34301
20;34302
35;34303
125;34304
12;34305
18;34319
10;34321
5;34324
554;34331
10;34348
13;34353
21;34355
20;34375
42;34397
2;34398
581;34399
43;34400
9;34406
18;34418
6;34419
23;34420
21;34439
1;34442
29;34464
51;34493
79;34494
23;34495
59;34496
156;34501
36;34504
14;34513
41;34514
57;34515
18;34516
23;34521
18;34530
19;34535
7;34546
12;34550
46;34589
49;34590
73;34591
205;34592
39;34609
38;34610
12;34611
24;34631
4;34633
2;34635
27;34637
35;34638
158;34641
7;34642
568;34647
3;34679
19;34685
11;34687
56;34688
30;34689
25;34703
61;34705
1;34707
27;34708
11;34724
22;34730
12;34732
26;34741
8;34744
4;34759
33;34781
27;34785
2;34787
19;34788
30;34790
42;34813
32;34814
10;34815
5;34817
29;34819
20;34832
14;34834
9;34835
8;34837
6;34841
29;34846
30;34879
8;34881
29;34882
5;34883
39;34884
15;34887
6;34907
46;34909
47;34911
189;34912
45;34915
23;34916
47;34931
27;34934
31;34935
3;34938
15;34939
18;34955
20;34957
44;34973
69;34974
116;34975
232;34976
13;34990
45;34993
3;34995
29;34996
38;35022
9;35024
