sums of daily draw-off volumes
58
59.8
108.5
138.8
186.2
50
78
72.2
40.5
115.8
37.5
44.5
87.2
108.2
30.5
154.5
25
78
126.8
33
313
59.5
63
76
54
74.2
155.5
207.5
37
119.5
63
203.8
118.2
69.5
89.8
72.2
70
191.5
54.8
37.8
116.5
82.8
32.5
88.8
58.5
93.2
87
114
69.8
87.8
121.5
37.2
70.2
168.8
61.5
31.8
48.5
28.5
34
214.2
79.5
63.2
123.5
51.8
44.2
65.8
71
80.2
64.2
268
36.5
47
35.8
40
30.2
102.8
117.5
75
28.2
100.5
50.8
52
88.2
265.2
72.5
131
76.5
69.5
101.8
242
42.8
45
58.5
113
73
46.8
110.2
126
65.8
25.8
81
72.8
101.8
51
112.2
63.2
33
43.2
35.5
104.2
127.5
46.8
71.2
39.2
34.2
96.2
51.2
90.8
95.8
104.5
36
123
34
118.8
63.5
76.2
46.8
30
22
27.2
44
32.8
47.2
61.2
59
39.8
37.2
57.2
93.2
51
148
25.5
31.2
176.8
35.2
72.5
91.5
87.8
96.8
18
27.8
78.2
100.8
236.8
32
270.5
226.8
34
89.5
126
18.2
88.5
76.2
42.5
39.8
109.8
79.2
66.5
20.5
164.5
106.8
81
170
38
75.2
42.2
217.5
29.5
68
36.2
204
78.8
42
39
37
29
35.2
29.2
100.2
82.5
56
26.2
85.5
174.2
36.5
79.5
84.2
45.2
80.8
94.5
116.5
54.5
132.5
59.5
95.8
11.8
44
93.5
149.5
29.2
115
25.5
59.5
34
81.5
14.8
28.8
79.2
41
158.5
27
48.8
70.5
76.2
88
17
84.2
95
50.2
63.8
42.5
71
48
77
92.8
81.8
117
92.5
74
75.5
113
70
34
71
50
70.5
82.2
38.8
244
65
54
56
72
20.8
89.5
74.8
118
94.2
35.2
74.5
119.8
87.2
75.8
64.8
35
65
35.5
209
68
62.2
18.8
114.5
53.8
89.5
86.8
22.5
244.2
12.5
42.5
40.8
33.2
81.2
69.8
102
44.5
56.8
79
117.2
8
72.8
40.5
71
21.5
74.8
37
53
74.8
305.5
19
172.2
49.8
17
35
35.2
31
12.8
69.2
214.2
81.8
28
106
101.8
27.5
38.8
184.2
107.8
64
53.5
189
69
91.2
93
64.5
202.2
114.2
121.2
15.5
81
223.8
136.5
158.5
30
41
56.5
81.5
119.5
42.5
89.5
15.8
159
41.5
110.8
121.5
112.2
88.5
40
27.5
61.8
87.2
25.2
30.5
97
73.2
98.2
72.2
93.5
25.2
87
40
71.8
157
172.2
94.8
56.2
73.8
sums of draw-off volumes of each hour of the day
97.4
51.9
61.4
83.3
73.2
78.9
4972.5
6634
2509.6
591.3
231.4
1462.9
1936.8
726.8
837.7
1380.3
842.3
827.2
914.4
1225.7
1696.4
1291.1
519.6
150.2
sums of draw-off volumes of each hour of weekdays
21
51.9
28
75.5
59.6
66.7
4123.5
4550.3
1244.1
334.9
158.4
1319
1864.7
567
266.5
120.4
210.5
531.4
784.6
1016.9
1243.8
835.5
189.4
59.2
sums of draw-off volumes of each hour of weekend-days
76.4
0
33.4
7.8
13.6
12.2
849
2083.7
1265.5
256.4
73
143.9
72.1
159.8
571.2
1259.9
631.8
295.8
129.8
208.8
452.6
455.6
330.2
91
holidays of household(s), numbers correspond to day of year
