5;20
82;29
18;32
23;50
9;73
154;81
13;83
198;125
14;126
38;127
6;128
167;146
2;162
34;169
10;170
13;171
12;180
5;221
48;222
33;223
64;224
8;233
3;242
30;243
170;244
11;253
39;254
13;278
12;280
2;297
194;317
65;318
42;319
37;320
8;338
4;340
12;357
22;362
31;372
19;374
19;375
9;381
28;405
12;409
49;413
25;414
47;415
29;416
8;417
1;427
20;428
92;433
1;434
4;439
20;458
10;481
9;506
34;509
8;510
33;511
11;512
30;513
23;514
10;515
28;516
8;527
26;532
2;537
149;541
7;545
162;546
12;548
17;556
20;565
37;568
161;569
22;597
14;605
6;607
149;609
44;610
189;619
3;626
23;629
26;637
43;641
4;643
31;651
19;657
13;662
23;664
568;701
11;702
41;703
56;704
29;717
12;718
25;721
13;723
35;724
18;734
16;736
20;742
9;747
9;749
43;752
4;753
24;755
17;758
78;797
37;798
53;799
5;802
31;817
31;818
6;819
5;820
18;827
29;844
47;893
18;894
11;895
18;896
167;915
7;918
18;921
3;923
8;949
31;950
222;989
211;990
32;991
41;992
14;1009
11;1036
27;1040
4;1074
25;1085
83;1086
16;1087
62;1088
36;1105
23;1106
10;1107
155;1108
5;1134
26;1136
14;1140
11;1176
7;1184
11;1185
75;1186
2;1188
21;1199
15;1218
3;1220
10;1223
17;1231
13;1234
6;1235
25;1237
22;1244
170;1277
1;1278
35;1279
162;1280
160;1281
171;1282
33;1283
28;1284
4;1310
35;1315
13;1322
11;1327
18;1329
17;1339
18;1354
33;1373
41;1374
30;1375
15;1376
29;1393
6;1395
23;1396
24;1422
29;1423
17;1439
36;1469
43;1470
17;1471
7;1472
148;1479
29;1489
7;1492
16;1517
31;1519
7;1525
19;1565
25;1566
34;1567
3;1568
38;1586
7;1602
10;1608
39;1618
1;1621
10;1624
10;1628
46;1661
6;1662
15;1663
60;1664
8;1682
15;1708
30;1757
7;1759
2;1760
5;1766
30;1777
32;1778
181;1779
32;1801
11;1813
6;1853
10;1854
1;1855
165;1857
12;1858
15;1859
29;1860
2;1877
20;1885
24;1887
10;1891
12;1892
14;1902
20;1905
9;1910
12;1914
11;1916
172;1950
192;1951
7;1952
27;1953
83;1956
16;1983
15;1986
4;1988
33;1998
24;2000
32;2004
23;2008
1;2012
362;2045
2;2046
4;2047
30;2048
47;2066
28;2071
25;2076
5;2081
4;2083
12;2090
33;2092
6;2095
19;2102
36;2143
23;2144
10;2145
28;2155
35;2161
35;2162
1;2163
4;2164
15;2169
2;2186
26;2193
17;2195
8;2237
561;2238
66;2239
164;2251
22;2257
23;2258
23;2259
4;2260
30;2282
21;2293
26;2333
34;2334
70;2335
13;2355
28;2378
31;2382
3;2387
54;2429
22;2430
14;2431
10;2451
21;2452
162;2474
7;2480
29;2481
36;2487
60;2525
15;2526
206;2529
15;2530
23;2532
25;2565
10;2581
3;2587
8;2621
39;2622
22;2623
11;2624
202;2625
17;2626
21;2627
29;2642
6;2653
24;2656
17;2659
15;2660
12;2663
13;2670
23;2673
7;2678
7;2679
35;2684
29;2705
31;2717
232;2720
601;2738
16;2739
4;2740
8;2762
4;2765
36;2766
12;2774
7;2775
15;2813
14;2814
228;2815
50;2816
9;2817
2;2832
47;2833
19;2834
17;2835
35;2869
18;2870
158;2891
153;2909
56;2910
62;2911
5;2930
177;2931
20;2938
22;2956
35;2958
12;2961
6;2980
15;3005
44;3008
25;3012
3;3025
54;3026
36;3028
19;3046
20;3049
2;3052
19;3053
11;3054
28;3061
17;3062
5;3082
14;3083
41;3101
181;3102
79;3103
161;3124
26;3140
27;3147
13;3149
9;3152
23;3157
156;3179
19;3200
37;3201
3;3202
15;3203
18;3204
1;3223
34;3227
39;3229
7;3232
15;3247
158;3252
17;3254
2;3255
204;3256
85;3293
23;3296
8;3298
36;3300
1;3312
5;3314
159;3316
21;3326
173;3328
11;3331
10;3332
7;3334
5;3341
33;3346
14;3348
2;3350
4;3352
7;3354
100;3390
172;3391
188;3392
160;3397
29;3402
1;3404
13;3418
23;3429
9;3434
2;3435
3;3440
38;3441
169;3442
22;3443
21;3447
185;3485
184;3486
39;3487
55;3488
11;3506
37;3508
40;3513
3;3520
31;3529
23;3530
175;3554
44;3581
551;3582
52;3583
7;3584
163;3603
9;3604
24;3609
15;3629
17;3632
37;3677
210;3678
29;3679
44;3680
171;3698
11;3699
36;3700
5;3704
15;3714
151;3722
160;3727
9;3730
36;3732
21;3736
2;3763
43;3773
23;3774
7;3775
7;3776
13;3793
6;3796
16;3801
24;3809
19;3825
1;3830
8;3870
65;3871
7;3872
28;3874
21;3875
21;3876
164;3902
51;3903
2;3904
22;3908
23;3920
5;3921
22;3929
6;3943
8;3954
43;3963
7;3965
38;3966
2;3967
30;3969
18;3970
48;3971
1;3979
33;3999
17;4000
8;4001
170;4020
6;4026
185;4062
48;4063
7;4083
10;4107
9;4108
19;4120
37;4157
116;4158
48;4159
28;4160
3;4177
23;4179
158;4201
7;4210
16;4253
7;4255
160;4256
22;4274
17;4275
20;4277
15;4298
12;4306
15;4311
15;4312
4;4325
7;4336
1;4349
36;4350
112;4351
22;4352
24;4371
14;4385
5;4396
8;4397
22;4402
15;4405
45;4445
44;4446
45;4447
41;4448
25;4462
55;4465
27;4466
167;4467
8;4494
22;4502
17;4503
41;4543
7;4544
200;4545
19;4546
41;4547
17;4548
8;4561
12;4573
24;4578
9;4579
35;4637
34;4639
42;4640
26;4641
45;4642
78;4643
180;4644
11;4670
26;4671
18;4672
2;4673
20;4675
160;4676
27;4688
10;4696
25;4733
68;4734
77;4735
216;4736
17;4741
10;4742
24;4755
10;4756
13;4757
4;4769
9;4774
549;4777
1;4781
29;4786
19;4829
122;4830
6;4831
14;4841
25;4850
3;4851
13;4875
28;4884
171;4885
22;4887
49;4925
176;4926
34;4928
51;4946
29;4947
31;4970
8;5001
8;5019
48;5021
38;5022
79;5023
23;5024
19;5030
17;5038
15;5041
10;5043
19;5046
26;5079
87;5117
170;5119
15;5120
17;5133
3;5137
26;5139
2;5141
7;5143
27;5144
2;5163
154;5164
28;5167
22;5168
170;5213
58;5216
18;5218
13;5219
169;5220
25;5228
4;5245
30;5246
21;5247
12;5250
36;5271
558;5309
7;5310
61;5311
30;5312
151;5313
166;5314
41;5315
195;5316
16;5322
14;5338
52;5341
32;5342
194;5343
6;5344
41;5345
6;5348
31;5349
27;5368
7;5370
45;5405
207;5406
46;5407
82;5408
29;5427
29;5428
27;5454
160;5457
22;5459
11;5464
198;5501
2;5502
69;5503
5;5504
16;5517
15;5538
1;5542
3;5545
3;5552
5;5553
43;5598
198;5599
31;5600
56;5619
29;5620
20;5641
26;5649
6;5650
39;5655
184;5693
14;5694
26;5695
71;5696
158;5703
30;5712
29;5715
8;5737
5;5743
26;5747
160;5749
11;5790
27;5791
27;5792
3;5809
54;5810
1;5812
25;5822
4;5833
21;5836
19;5846
8;5886
25;5887
152;5888
61;5889
82;5890
30;5891
5;5892
30;5895
17;5917
15;5918
4;5919
184;5922
3;5928
4;5936
154;5937
30;5938
2;5939
14;5969
197;5983
23;5984
1;5986
53;5988
18;6012
170;6018
168;6019
3;6032
4;6037
27;6039
161;6042
197;6077
5;6078
21;6079
37;6080
10;6095
35;6097
13;6100
15;6121
15;6136
59;6173
223;6174
228;6175
71;6176
5;6193
20;6194
2;6206
23;6214
30;6218
33;6226
24;6227
6;6231
17;6232
152;6252
33;6269
5;6270
30;6271
21;6272
17;6280
18;6283
184;6289
11;6304
6;6313
31;6325
35;6353
23;6365
61;6366
45;6368
2;6384
27;6386
18;6411
19;6415
23;6419
1;6421
38;6462
6;6463
10;6464
161;6482
31;6483
40;6484
16;6505
28;6508
4;6511
32;6557
19;6558
57;6559
59;6560
6;6561
16;6562
23;6563
7;6564
15;6572
20;6583
13;6595
20;6596
1;6612
1;6620
4;6629
9;6645
25;6653
34;6655
25;6656
33;6657
31;6658
3;6659
13;6669
9;6685
4;6686
177;6690
1;6692
8;6708
3;6711
29;6712
633;6750
37;6751
4;6752
22;6769
14;6774
157;6795
21;6796
7;6800
40;6802
19;6805
65;6845
557;6846
174;6847
194;6848
26;6856
166;6865
173;6866
21;6867
22;6881
150;6890
15;6895
20;6896
32;6903
12;6905
47;6941
18;6942
189;6943
18;6944
5;6962
61;6964
16;6983
31;6992
160;6995
3;7027
32;7037
121;7038
206;7039
35;7040
24;7052
9;7058
30;7059
45;7060
2;7083
40;7084
14;7089
27;7093
9;7094
93;7133
38;7134
55;7135
53;7136
23;7154
19;7155
21;7174
25;7177
17;7182
3;7188
21;7190
25;7192
168;7198
11;7229
22;7230
4;7231
13;7232
12;7234
198;7235
9;7257
29;7262
4;7264
2;7266
3;7275
5;7283
33;7284
167;7286
20;7287
46;7289
20;7290
12;7291
8;7298
28;7302
23;7325
31;7326
2;7327
51;7329
5;7330
28;7332
16;7357
64;7361
21;7363
25;7384
38;7388
14;7421
72;7422
31;7423
14;7434
10;7441
32;7466
46;7469
17;7473
13;7518
58;7519
9;7520
1;7529
25;7537
4;7538
63;7540
6;7566
14;7573
28;7576
5;7613
36;7614
20;7615
186;7616
8;7634
154;7636
26;7657
1;7658
5;7662
14;7665
1;7669
59;7709
54;7710
37;7711
13;7712
17;7729
29;7730
26;7732
5;7744
29;7755
24;7763
26;7805
38;7807
28;7808
28;7826
28;7839
153;7895
11;7897
12;7901
15;7903
9;7904
4;7905
40;7906
16;7920
6;7921
1;7922
26;7932
23;7936
2;7938
10;7940
4;7954
25;7961
14;7998
55;7999
145;8000
10;8001
8;8003
22;8004
26;8008
8;8029
23;8032
163;8045
3;8050
32;8093
5;8094
35;8095
48;8096
166;8113
22;8114
30;8115
10;8116
27;8137
10;8140
49;8145
19;8147
14;8152
39;8173
2;8190
46;8191
2;8192
14;8224
9;8228
10;8229
2;8236
54;8238
14;8239
31;8240
11;8242
31;8256
32;8259
10;8285
38;8287
82;8288
15;8304
22;8305
4;8308
1;8331
17;8333
11;8334
5;8337
33;8344
181;8381
46;8382
7;8383
163;8397
8;8403
13;8422
2;8428
15;8429
18;8477
75;8479
27;8480
158;8490
190;8498
15;8499
32;8500
13;8518
1;8521
19;8525
17;8526
6;8528
12;8537
32;8547
9;8569
3;8572
35;8573
4;8574
44;8576
23;8577
32;8579
3;8585
14;8590
167;8605
29;8608
8;8609
12;8610
18;8665
20;8670
41;8672
5;8690
5;8691
7;8697
30;8698
7;8699
47;8701
6;8703
2;8716
23;8721
35;8722
18;8727
44;8761
9;8762
9;8763
45;8764
7;8768
13;8769
5;8781
28;8782
155;8784
21;8787
332;8798
9;8810
4;8813
13;8820
28;8857
223;8858
180;8860
12;8869
35;8877
23;8888
8;8900
35;8902
29;8905
6;8909
9;8918
30;8953
705;8954
36;8955
35;8956
7;8958
3;8973
30;8974
21;8975
3;8978
14;8979
12;8998
21;9010
27;9049
166;9050
7;9051
22;9052
12;9067
27;9071
164;9125
59;9145
24;9146
31;9147
1;9148
34;9152
16;9153
6;9166
166;9167
6;9175
8;9182
16;9193
13;9196
26;9201
32;9204
160;9207
34;9240
23;9241
37;9243
13;9246
146;9247
17;9248
29;9273
5;9275
3;9293
1;9332
5;9338
70;9339
87;9340
17;9341
1;9343
11;9344
17;9371
33;9375
8;9381
15;9386
11;9392
5;9399
11;9433
13;9434
31;9436
4;9453
46;9456
8;9482
18;9484
17;9485
145;9490
31;9529
163;9530
24;9531
2;9532
6;9552
167;9557
161;9578
38;9581
6;9585
34;9588
59;9625
57;9626
37;9627
7;9628
1;9632
18;9633
46;9645
5;9647
2;9670
20;9672
12;9678
6;9685
161;9721
3;9722
91;9723
69;9724
22;9737
22;9741
35;9743
25;9744
29;9765
155;9769
1;9772
1;9774
51;9817
30;9818
9;9819
52;9820
23;9828
25;9837
24;9861
23;9903
9;9913
29;9914
22;9916
169;9918
12;9919
13;9920
7;9940
63;9945
171;9947
167;9948
33;9950
24;9952
13;9958
11;9967
14;9968
4;10006
10;10009
42;10011
13;10012
38;10014
28;10016
5;10018
11;10025
16;10040
7;10041
36;10043
2;10044
26;10046
13;10051
30;10055
30;10061
15;10064
35;10065
2;10066
36;10067
27;10068
17;10069
50;10105
35;10106
179;10107
29;10108
16;10142
14;10163
573;10201
53;10202
21;10203
19;10219
23;10221
2;10222
24;10253
21;10254
9;10256
40;10297
45;10298
12;10299
15;10300
17;10309
43;10317
9;10320
17;10322
7;10331
26;10346
20;10348
5;10353
9;10358
16;10393
47;10394
29;10396
11;10413
10;10416
23;10432
11;10434
6;10440
151;10441
22;10445
16;10446
22;10448
9;10450
21;10490
191;10491
42;10492
8;10502
16;10503
18;10509
27;10510
12;10514
158;10516
3;10520
27;10527
12;10532
16;10533
12;10534
33;10539
21;10544
183;10585
64;10586
5;10587
185;10588
201;10591
28;10592
6;10597
36;10614
20;10619
11;10620
8;10628
16;10637
14;10666
171;10682
27;10683
65;10684
27;10685
4;10686
147;10687
165;10714
5;10715
8;10716
29;10746
22;10777
3;10778
116;10779
173;10799
22;10814
11;10818
22;10822
15;10824
27;10825
154;10832
47;10873
10;10874
6;10876
35;10887
156;10892
172;10894
1;10898
28;10906
10;10909
3;10919
6;10923
3;10925
3;10930
17;10932
12;10969
33;10970
4;10974
23;10984
3;10990
13;11005
14;11020
12;11024
326;11066
29;11068
17;11086
29;11087
28;11096
6;11115
28;11117
32;11122
4;11124
17;11161
39;11163
41;11164
6;11174
16;11183
4;11194
160;11196
31;11197
14;11198
21;11202
11;11204
32;11210
24;11217
31;11253
45;11257
33;11258
36;11259
19;11260
15;11263
56;11264
9;11268
157;11285
13;11290
1;11291
4;11293
4;11295
34;11301
17;11304
27;11313
5;11318
21;11353
48;11356
39;11357
3;11360
8;11373
18;11385
27;11388
602;11389
18;11390
5;11391
3;11405
33;11450
16;11451
38;11461
12;11472
29;11488
11;11494
18;11502
3;11514
28;11545
17;11546
37;11547
17;11548
11;11555
4;11561
28;11568
19;11575
3;11581
14;11595
26;11598
12;11603
2;11619
19;11642
12;11643
184;11661
23;11662
16;11686
158;11689
3;11692
28;11693
28;11696
30;11737
15;11739
4;11740
45;11758
11;11759
8;11770
38;11778
16;11781
558;11783
6;11788
23;11793
12;11800
183;11833
597;11834
25;11835
31;11836
5;11855
26;11856
163;11857
32;11864
2;11873
33;11878
22;11883
6;11884
16;11885
165;11903
32;11929
180;11931
38;11932
12;11933
9;11934
22;11935
37;11936
9;11962
3;11963
11;11964
20;11966
67;11967
189;11968
6;11984
21;11989
23;11996
28;12002
9;12019
29;12025
8;12026
18;12027
9;12029
8;12030
54;12031
29;12032
4;12037
29;12051
12;12058
28;12062
14;12064
24;12072
8;12080
10;12083
73;12121
5;12122
185;12141
34;12143
12;12144
28;12153
6;12172
19;12174
5;12175
158;12176
6;12217
1;12218
14;12219
2;12220
14;12237
3;12238
45;12240
8;12248
18;12271
7;12272
24;12273
224;12313
33;12314
183;12315
42;12316
164;12333
5;12341
7;12365
5;12368
9;12409
50;12410
38;12411
41;12412
25;12429
13;12430
37;12431
568;12433
5;12461
24;12464
15;12465
8;12505
31;12506
38;12507
18;12526
16;12527
151;12545
21;12557
29;12601
19;12602
10;12604
86;12606
5;12607
27;12608
28;12628
3;12631
3;12634
29;12635
184;12636
6;12637
8;12656
27;12659
9;12663
6;12673
17;12697
13;12698
8;12700
21;12701
15;12702
22;12704
16;12707
11;12720
21;12726
12;12729
5;12730
1;12732
46;12733
23;12734
12;12739
32;12749
30;12750
34;12755
9;12757
160;12793
48;12794
21;12795
33;12796
28;12803
22;12810
12;12813
1;12814
7;12819
5;12842
20;12844
37;12847
41;12889
60;12890
7;12896
155;12910
33;12912
25;12933
151;12936
28;12938
2;12944
21;12946
33;12985
31;12986
1;12988
22;12998
34;13007
567;13037
35;13043
23;13044
28;13059
84;13082
6;13083
29;13084
27;13085
165;13101
21;13103
18;13104
17;13111
35;13121
4;13126
10;13128
31;13131
17;13135
3;13140
22;13177
52;13178
22;13179
14;13180
164;13186
28;13193
25;13197
1;13198
6;13200
32;13204
11;13207
5;13208
27;13216
20;13221
4;13223
169;13224
33;13225
37;13229
6;13230
17;13233
28;13236
14;13275
19;13276
11;13277
5;13280
12;13297
160;13305
48;13306
12;13307
13;13310
9;13312
15;13328
8;13349
172;13359
19;13369
17;13371
31;13372
16;13373
9;13374
26;13375
7;13376
157;13403
20;13410
165;13411
153;13421
1;13426
4;13428
4;13445
206;13465
11;13466
62;13467
205;13468
23;13471
21;13484
12;13487
6;13488
2;13500
23;13511
4;13513
192;13561
42;13562
33;13563
19;13564
18;13565
13;13584
24;13590
6;13602
12;13605
33;13610
170;13613
4;13618
11;13658
235;13659
64;13660
30;13666
3;13679
8;13689
40;13709
8;13753
41;13754
120;13755
25;13756
19;13764
19;13774
9;13791
18;13798
5;13804
157;13811
20;13812
44;13849
193;13851
36;13852
26;13853
28;13869
19;13870
9;13889
32;13893
28;13895
10;13898
15;13899
13;13901
70;13946
14;13947
162;13948
51;13950
20;13951
161;13952
10;13953
6;13956
3;13977
5;13978
32;13981
168;13983
14;13997
21;14000
32;14042
33;14043
40;14044
37;14048
26;14051
16;14073
9;14075
21;14094
37;14096
170;14104
11;14137
13;14138
21;14139
22;14140
180;14159
11;14160
30;14170
5;14184
4;14186
27;14196
12;14233
6;14234
23;14235
28;14255
33;14256
22;14289
12;14290
66;14329
30;14330
20;14331
50;14332
157;14338
22;14352
11;14368
25;14385
9;14387
20;14425
19;14426
34;14428
26;14447
7;14448
4;14453
5;14470
3;14472
12;14475
11;14477
22;14479
24;14519
58;14521
6;14522
38;14523
3;14524
3;14528
6;14541
11;14542
11;14554
12;14567
33;14579
5;14580
166;14617
58;14618
18;14619
11;14621
17;14623
38;14634
6;14642
19;14643
47;14650
26;14654
12;14655
18;14656
27;14671
20;14676
199;14713
8;14714
11;14715
34;14716
54;14717
56;14718
27;14719
16;14724
35;14734
16;14737
10;14748
20;14765
5;14770
23;14771
30;14775
24;14809
37;14810
10;14811
37;14812
3;14829
21;14830
7;14831
10;14832
20;14842
162;14859
54;14905
11;14908
164;14926
4;14927
24;14928
10;14952
35;14953
3;14957
71;15001
5;15002
84;15004
21;15021
23;15048
32;15050
32;15097
27;15098
56;15099
191;15100
10;15101
29;15110
6;15116
9;15129
6;15133
9;15136
7;15144
6;15146
10;15152
14;15155
16;15193
21;15194
34;15195
62;15196
175;15212
26;15213
28;15214
11;15215
14;15241
11;15242
15;15246
17;15289
19;15290
165;15291
561;15294
19;15295
21;15296
18;15315
25;15317
173;15321
9;15323
27;15324
27;15327
27;15333
32;15341
27;15347
23;15351
25;15352
50;15385
42;15386
22;15388
29;15390
9;15392
7;15394
155;15395
7;15413
3;15418
11;15419
34;15420
5;15423
37;15424
7;15438
10;15441
25;15445
19;15446
220;15482
14;15498
26;15501
43;15502
1;15526
21;15528
9;15534
19;15536
41;15577
26;15578
41;15579
154;15580
34;15581
26;15597
20;15608
82;15673
30;15674
104;15675
65;15676
17;15700
26;15709
12;15715
13;15724
19;15725
16;15732
8;15766
4;15770
1;15771
26;15772
37;15775
1;15786
20;15787
4;15789
26;15790
3;15792
28;15823
14;15828
60;15865
18;15866
29;15868
5;15887
26;15917
22;15923
18;15949
32;15961
160;15962
34;15963
34;15964
36;15965
20;15968
2;15971
170;15997
198;15998
13;16016
25;16017
16;16018
11;16042
41;16057
190;16058
9;16059
30;16060
4;16062
23;16063
57;16064
6;16077
39;16094
193;16117
50;16153
190;16154
10;16155
30;16156
26;16157
19;16174
25;16175
34;16188
14;16205
34;16239
36;16249
45;16250
69;16251
194;16252
22;16262
38;16270
4;16289
3;16302
8;16305
78;16345
23;16346
369;16347
167;16348
2;16365
186;16366
23;16367
1;16391
16;16404
48;16441
8;16442
31;16443
17;16444
30;16459
69;16461
12;16462
4;16489
27;16498
15;16500
7;16522
7;16537
38;16538
44;16539
3;16541
9;16557
5;16558
6;16562
3;16570
28;16585
8;16588
21;16589
192;16634
4;16635
37;16637
2;16652
3;16660
151;16670
18;16672
23;16673
32;16678
18;16690
19;16691
8;16692
10;16693
13;16721
59;16729
33;16730
26;16732
42;16733
12;16734
17;16754
2;16759
26;16761
23;16768
9;16776
15;16787
201;16825
21;16826
14;16827
4;16828
17;16845
26;16874
69;16921
48;16922
16;16923
35;16924
40;16925
157;16929
1;16939
23;16940
4;16941
5;16944
9;16951
15;16967
32;16974
20;16979
15;16980
13;17017
47;17018
41;17019
52;17020
6;17027
28;17037
15;17066
2;17071
3;17089
15;17113
8;17114
152;17115
18;17128
179;17133
157;17134
5;17144
23;17149
159;17163
31;17166
10;17172
2;17185
2;17209
171;17210
198;17211
41;17212
26;17223
25;17229
34;17232
29;17253
36;17255
12;17256
26;17258
4;17262
13;17268
10;17305
37;17306
21;17307
30;17308
30;17310
68;17311
28;17324
18;17334
23;17337
53;17339
27;17343
15;17367
206;17401
27;17403
34;17404
38;17405
24;17406
19;17407
26;17408
11;17425
18;17436
1;17437
23;17438
2;17439
7;17452
18;17454
12;17457
24;17461
35;17497
23;17498
14;17499
65;17500
56;17517
38;17519
5;17526
29;17529
35;17544
29;17565
66;17595
37;17596
29;17597
5;17634
19;17689
32;17690
67;17691
199;17692
1;17709
12;17711
6;17714
6;17728
3;17733
24;17735
149;17736
11;17737
21;17743
3;17747
76;17785
69;17786
50;17787
35;17788
187;17806
7;17832
13;17835
28;17881
15;17882
6;17883
13;17884
7;17893
17;17903
4;17912
40;17929
30;17932
167;17935
5;17936
12;17954
19;17965
32;17977
75;17978
26;17980
6;17981
23;17982
19;17983
15;17984
25;18011
6;18012
1;18013
3;18014
161;18015
24;18035
35;18037
8;18039
157;18054
5;18055
32;18063
24;18070
179;18073
52;18074
34;18075
1;18076
10;18077
31;18079
15;18080
32;18105
15;18108
48;18122
15;18139
31;18169
20;18171
4;18172
9;18182
2;18189
7;18190
28;18192
15;18200
16;18218
12;18265
2;18266
21;18267
12;18268
12;18283
27;18285
7;18286
1;18323
157;18362
28;18363
75;18364
7;18381
20;18383
24;18405
8;18417
3;18418
19;18457
95;18459
2;18460
11;18461
37;18477
21;18498
19;18501
34;18505
12;18511
31;18516
14;18553
110;18554
18;18555
9;18573
10;18576
28;18577
12;18597
19;18601
34;18605
23;18608
26;18611
2;18616
3;18646
21;18649
4;18650
6;18651
10;18652
193;18653
26;18654
26;18655
158;18681
157;18684
5;18686
22;18688
156;18703
5;18711
158;18746
167;18749
61;18750
38;18751
7;18756
4;18761
21;18777
16;18779
16;18782
165;18783
1;18784
14;18802
26;18805
25;18841
8;18842
31;18843
51;18844
26;18845
23;18852
165;18864
9;18869
3;18937
13;18938
24;18940
35;18942
41;18957
22;18970
6;18972
3;18982
31;18983
158;18987
3;18990
9;19013
50;19033
10;19034
13;19035
37;19036
1;19054
39;19056
10;19057
29;19079
12;19080
19;19082
25;19129
8;19130
41;19131
9;19132
18;19147
21;19149
36;19151
328;19173
19;19174
14;19175
163;19178
159;19184
52;19225
31;19227
9;19245
28;19248
11;19264
30;19266
1;19276
10;19278
10;19283
16;19284
35;19321
48;19322
44;19323
7;19324
7;19325
6;19326
10;19351
19;19357
15;19359
192;19380
15;19417
179;19418
150;19422
4;19423
6;19424
30;19447
152;19450
22;19452
38;19454
52;19455
23;19456
25;19469
28;19470
5;19475
1;19476
3;19511
52;19513
49;19514
13;19515
11;19516
4;19533
1;19535
18;19536
30;19554
8;19557
15;19562
30;19610
171;19611
38;19612
22;19629
61;19630
38;19631
14;19636
24;19655
25;19659
30;19663
1;19664
4;19667
13;19672
37;19705
56;19707
32;19708
16;19727
27;19728
6;19749
5;19751
8;19752
151;19754
11;19757
2;19762
4;19763
27;19764
156;19779
575;19801
29;19803
180;19804
9;19823
18;19848
19;19851
40;19852
8;19853
24;19858
25;19897
196;19899
61;19900
17;19919
32;19924
155;19927
16;19943
7;19950
24;19984
2;19992
16;19993
27;19994
178;19995
19;19996
35;19997
2;19998
10;20025
162;20028
7;20032
5;20041
4;20050
6;20051
3;20073
15;20091
48;20093
14;20096
21;20121
10;20125
10;20126
36;20128
181;20147
14;20149
29;20185
31;20186
596;20187
27;20199
50;20206
26;20207
2;20226
13;20229
4;20234
10;20235
161;20281
48;20282
27;20283
168;20284
19;20303
13;20304
34;20329
1;20337
4;20338
28;20377
13;20378
19;20379
1;20380
18;20394
3;20397
21;20399
17;20400
11;20417
166;20429
26;20431
18;20435
30;20455
144;20473
50;20474
26;20475
1;20479
28;20493
9;20506
29;20513
15;20514
14;20526
15;20569
186;20570
32;20571
31;20575
35;20579
1;20589
51;20590
12;20592
5;20597
2;20605
16;20621
13;20623
6;20625
4;20626
21;20644
179;20665
12;20668
13;20669
12;20670
17;20671
26;20698
175;20699
2;20702
178;20717
24;20722
60;20761
33;20762
156;20763
19;20764
32;20765
33;20767
4;20774
7;20793
16;20794
150;20795
26;20796
8;20797
31;20798
27;20800
11;20801
47;20824
210;20857
394;20858
34;20859
101;20860
9;20874
14;20878
23;20879
20;20884
36;20904
153;20910
11;20953
62;20954
18;20956
24;20958
24;20964
7;20973
172;20974
12;21003
16;21005
31;21006
5;21009
21;21012
2;21047
18;21049
29;21050
49;21051
10;21052
12;21090
32;21097
29;21132
13;21143
37;21146
204;21147
7;21148
7;21156
68;21165
21;21202
22;21204
1;21240
181;21241
14;21249
17;21299
1;21337
79;21339
20;21340
53;21341
32;21344
15;21352
20;21368
23;21369
18;21374
8;21375
26;21376
1;21392
1;21395
172;21396
19;21399
37;21404
29;21433
18;21434
24;21436
9;21437
45;21438
30;21440
3;21445
27;21470
9;21471
39;21486
21;21488
14;21490
19;21492
8;21493
4;21529
79;21530
41;21531
19;21532
24;21549
16;21550
34;21552
12;21562
13;21571
20;21574
2;21585
28;21588
52;21625
34;21627
11;21645
22;21659
14;21662
24;21669
10;21678
176;21681
33;21707
21;21721
40;21723
31;21724
11;21741
28;21774
25;21775
14;21777
162;21804
160;21818
8;21820
9;21836
28;21866
11;21867
28;21869
9;21886
170;21913
176;21914
1;21915
31;21916
26;21922
2;21925
2;21933
16;21934
26;21941
565;21962
10;21970
17;22002
74;22009
11;22011
37;22013
42;22014
554;22037
68;22047
4;22065
27;22067
16;22071
20;22089
1;22094
195;22106
66;22107
26;22108
210;22109
23;22111
8;22112
9;22130
5;22137
21;22138
29;22142
29;22159
34;22164
20;22167
11;22202
23;22203
6;22204
15;22219
5;22222
31;22223
10;22234
62;22245
18;22260
31;22297
65;22298
2;22299
168;22300
15;22304
9;22305
20;22307
45;22319
14;22342
1;22349
30;22351
20;22354
10;22356
2;22393
18;22394
39;22395
54;22396
26;22413
24;22414
10;22416
28;22430
39;22446
1;22447
96;22489
26;22490
49;22491
42;22492
3;22505
7;22510
33;22511
16;22516
5;22517
26;22536
21;22541
12;22545
12;22585
48;22586
39;22587
24;22588
4;22606
8;22631
31;22636
24;22637
4;22658
16;22681
13;22686
3;22687
57;22688
4;22697
14;22705
9;22713
13;22717
148;22738
7;22777
28;22778
6;22779
12;22783
21;22784
12;22809
39;22810
25;22811
35;22812
31;22814
20;22815
28;22833
36;22839
8;22842
1;22864
95;22874
23;22875
14;22876
27;22878
158;22895
12;22908
4;22913
3;22917
26;22918
40;22921
15;22926
87;22969
20;22970
9;22971
30;22972
35;22978
9;22980
10;22991
10;22992
30;23009
24;23022
26;23023
6;23026
52;23066
13;23068
15;23072
18;23074
30;23085
17;23086
15;23087
9;23089
14;23114
33;23115
20;23122
37;23161
167;23162
29;23164
11;23180
72;23182
24;23183
62;23184
2;23189
169;23205
10;23212
27;23214
14;23215
19;23219
14;23220
30;23257
10;23259
10;23260
7;23302
6;23309
157;23310
29;23316
27;23349
32;23353
27;23355
26;23356
2;23357
18;23359
22;23360
11;23384
4;23386
18;23387
4;23395
12;23403
14;23406
20;23407
9;23408
169;23449
17;23451
41;23453
13;23454
11;23456
41;23485
10;23486
11;23488
27;23511
4;23515
65;23545
184;23546
38;23547
76;23548
3;23564
4;23568
1;23572
25;23575
17;23587
29;23596
3;23598
8;23637
29;23641
48;23642
11;23643
12;23644
3;23661
9;23664
45;23689
32;23737
39;23738
29;23739
3;23740
33;23757
5;23759
7;23760
37;23783
29;23789
4;23793
6;23796
18;23834
22;23835
20;23853
16;23856
3;23877
12;23885
20;23919
10;23929
197;23930
88;23931
201;23932
3;23937
15;23941
5;23948
23;23949
16;23951
9;23952
18;23971
21;23974
33;24022
9;24026
16;24027
2;24028
6;24030
185;24031
34;24032
26;24053
29;24059
3;24060
5;24068
32;24123
41;24124
7;24126
144;24128
4;24135
19;24144
24;24154
6;24156
6;24157
31;24160
86;24217
33;24218
18;24219
23;24220
1;24225
8;24228
27;24238
28;24240
44;24266
8;24268
23;24269
17;24272
6;24275
25;24276
164;24307
33;24313
32;24314
3;24316
8;24324
32;24334
9;24343
160;24362
45;24409
72;24410
34;24411
5;24422
26;24429
561;24430
14;24431
12;24432
9;24451
19;24465
12;24505
364;24506
169;24508
19;24520
13;24528
2;24549
22;24550
178;24601
183;24602
364;24603
3;24604
162;24613
9;24615
4;24622
31;24623
15;24624
4;24653
22;24658
68;24698
186;24699
30;24702
25;24712
23;24714
8;24729
37;24731
11;24733
4;24734
17;24736
172;24737
15;24744
25;24764
20;24794
24;24796
18;24797
37;24798
36;24799
28;24800
13;24827
40;24829
5;24830
16;24843
24;24846
158;24855
3;24889
10;24890
21;24891
37;24892
13;24905
24;24909
4;24934
7;24938
40;24942
19;24948
5;24959
34;24968
14;24979
174;24985
15;24987
145;24988
13;24995
2;25025
12;25028
30;25029
14;25040
75;25081
175;25082
27;25083
1;25084
26;25102
42;25103
9;25110
37;25127
23;25130
1;25134
6;25139
142;25177
16;25178
194;25179
33;25180
10;25191
31;25197
22;25198
9;25199
159;25224
12;25231
198;25273
176;25274
7;25275
1;25293
25;25320
13;25323
39;25326
17;25331
19;25361
37;25372
26;25373
9;25391
20;25402
21;25403
23;25405
34;25408
11;25412
13;25422
12;25429
156;25430
8;25435
29;25455
12;25465
35;25466
25;25467
7;25468
29;25469
28;25470
9;25482
18;25522
32;25526
15;25561
49;25562
41;25563
158;25564
4;25583
26;25605
146;25606
40;25618
12;25619
16;25657
13;25658
48;25660
159;25677
10;25678
12;25690
149;25703
4;25705
2;25709
12;25712
16;25756
15;25773
16;25775
27;25776
2;25807
10;25812
166;25849
16;25850
2;25852
26;25869
49;25870
22;25872
4;25880
6;25891
26;25897
14;25908
28;25945
20;25948
10;25993
13;25997
157;26002
13;26014
18;26038
26;26042
43;26043
16;26045
8;26046
171;26048
27;26074
3;26078
26;26103
15;26133
24;26137
20;26138
18;26140
2;26141
8;26142
47;26143
7;26144
7;26168
18;26170
29;26171
24;26172
16;26173
12;26191
36;26193
16;26197
25;26233
192;26234
29;26235
9;26236
25;26240
8;26253
21;26258
1;26281
156;26287
31;26288
7;26290
157;26291
36;26329
153;26330
23;26331
31;26332
36;26337
164;26346
11;26349
27;26350
2;26351
22;26363
4;26379
10;26385
56;26425
47;26427
16;26434
52;26445
180;26446
4;26447
14;26448
13;26458
29;26476
5;26519
150;26521
19;26522
3;26523
28;26524
4;26543
8;26544
26;26547
553;26561
7;26565
19;26572
5;26575
14;26576
11;26580
19;26618
26;26619
5;26631
4;26637
65;26638
22;26639
6;26640
1;26667
25;26675
38;26714
20;26715
5;26716
18;26718
1;26719
22;26741
30;26746
21;26749
36;26750
5;26752
3;26767
26;26772
25;26773
15;26775
4;26810
166;26812
167;26814
3;26816
165;26841
14;26843
31;26846
34;26856
27;26862
10;26869
241;26905
15;26906
55;26907
7;26910
28;26925
43;26926
8;26927
11;26936
16;26938
13;26944
13;26950
5;26952
4;26957
34;26963
590;27001
28;27002
15;27003
26;27004
32;27014
25;27028
7;27047
3;27074
9;27081
18;27097
179;27098
162;27099
14;27109
29;27114
10;27119
1;27124
163;27139
10;27142
8;27150
20;27155
7;27156
46;27193
23;27194
48;27195
178;27196
29;27207
28;27210
161;27235
19;27239
20;27243
15;27251
3;27261
197;27290
215;27291
61;27292
2;27303
3;27310
26;27311
27;27315
9;27316
17;27326
16;27345
187;27385
22;27386
23;27387
6;27388
2;27389
13;27390
185;27391
1;27392
50;27396
31;27399
17;27416
33;27417
31;27419
174;27421
36;27427
14;27436
18;27438
27;27440
19;27481
14;27483
249;27484
7;27485
74;27486
49;27487
22;27489
13;27510
1;27512
32;27514
175;27516
43;27520
21;27527
2;27528
16;27533
1;27536
9;27539
1;27544
18;27565
45;27577
49;27579
11;27580
17;27592
153;27597
24;27599
11;27612
21;27614
22;27625
2;27626
25;27627
1;27631
10;27633
36;27673
9;27674
35;27675
22;27676
6;27683
51;27694
36;27695
22;27701
14;27721
3;27722
3;27725
144;27728
39;27729
10;27730
27;27732
13;27769
73;27770
64;27771
57;27772
9;27780
21;27791
166;27814
33;27816
9;27824
8;27826
28;27867
50;27868
10;27886
2;27888
1;27905
25;27910
22;27916
10;27917
165;27921
82;27961
12;27962
221;27963
44;27964
31;27974
6;27978
19;27982
5;27983
23;27991
1;28005
22;28015
7;28016
147;28020
3;28057
26;28058
31;28059
6;28060
3;28061
9;28063
53;28064
9;28083
19;28091
11;28092
26;28096
11;28097
3;28112
22;28115
572;28118
32;28153
165;28154
46;28156
17;28157
24;28158
12;28159
12;28164
159;28172
42;28186
26;28187
37;28189
21;28191
11;28207
3;28212
68;28249
55;28250
8;28251
16;28252
22;28261
559;28272
23;28277
2;28293
13;28297
9;28305
7;28308
16;28317
60;28345
37;28346
19;28347
22;28348
19;28365
561;28366
168;28368
7;28370
23;28372
15;28387
20;28390
34;28441
176;28442
1;28443
53;28444
55;28462
8;28463
19;28464
27;28488
7;28497
10;28537
116;28538
30;28539
3;28540
24;28557
12;28558
12;28583
15;28586
9;28595
15;28607
29;28633
55;28634
570;28635
73;28636
19;28653
21;28655
30;28656
35;28677
170;28678
28;28687
27;28713
17;28729
40;28730
32;28732
28;28733
8;28734
40;28735
12;28736
40;28761
13;28762
28;28763
19;28764
217;28766
12;28767
4;28771
25;28790
9;28792
32;28823
7;28825
26;28827
50;28828
8;28829
51;28830
38;28835
38;28847
16;28860
38;28864
27;28878
4;28881
67;28921
41;28924
11;28931
4;28941
15;28955
8;28965
9;28980
15;28983
17;29007
54;29017
25;29018
46;29019
86;29020
1;29032
40;29037
35;29038
6;29039
15;29040
13;29048
17;29068
16;29076
11;29113
169;29114
37;29115
17;29118
2;29126
9;29134
32;29136
24;29138
6;29166
19;29169
10;29175
5;29197
14;29206
46;29213
30;29214
97;29215
12;29234
156;29235
28;29264
1;29271
47;29309
17;29310
41;29311
7;29312
2;29318
39;29329
14;29330
7;29331
5;29353
152;29354
6;29357
22;29359
11;29360
16;29367
12;29391
22;29405
15;29406
170;29407
3;29408
78;29409
39;29410
6;29411
17;29412
7;29419
24;29439
23;29440
15;29441
16;29442
15;29444
6;29449
1;29458
15;29460
19;29466
179;29501
3;29502
13;29504
103;29508
5;29522
35;29532
15;29533
16;29537
15;29539
25;29554
6;29559
8;29564
36;29597
64;29598
14;29599
31;29600
53;29618
8;29619
17;29621
20;29630
18;29636
21;29654
34;29677
8;29693
3;29694
23;29695
181;29696
43;29713
164;29714
45;29715
5;29719
15;29735
4;29742
5;29745
30;29748
6;29784
180;29789
33;29790
18;29791
48;29792
27;29795
9;29809
1;29811
3;29824
15;29840
7;29842
6;29843
10;29848
11;29885
173;29887
2;29888
3;29893
152;29905
4;29907
5;29930
11;29934
84;29981
57;29982
3;29983
199;29984
22;29985
20;30001
40;30002
13;30004
170;30018
29;30023
20;30026
17;30036
2;30037
34;30039
10;30078
11;30079
35;30080
6;30081
8;30082
8;30083
19;30084
1;30092
2;30112
24;30116
11;30129
23;30139
14;30146
17;30173
9;30174
24;30175
8;30179
26;30180
157;30195
34;30203
27;30209
159;30212
7;30225
3;30232
159;30233
3;30234
14;30236
556;30245
19;30256
251;30269
74;30270
17;30271
5;30272
36;30280
33;30291
26;30294
7;30316
13;30324
12;30327
75;30365
83;30366
1;30367
167;30368
27;30413
5;30422
35;30461
209;30462
5;30463
20;30464
16;30469
16;30475
30;30481
18;30490
26;30499
19;30512
18;30528
32;30536
164;30557
62;30559
186;30560
52;30579
7;30604
17;30608
29;30623
51;30653
24;30654
3;30674
2;30676
3;30677
14;30702
13;30705
165;30712
40;30749
188;30751
11;30752
21;30754
31;30755
10;30756
10;30778
49;30785
10;30788
34;30799
10;30802
24;30809
5;30812
30;30845
3;30846
41;30848
63;30849
39;30850
4;30852
166;30877
8;30878
6;30880
22;30883
30;30884
36;30897
8;30899
5;30901
2;30904
32;30907
37;30941
18;30942
59;30943
344;30944
49;30958
38;30962
27;30970
16;30991
19;31037
20;31038
2;31039
3;31040
8;31057
13;31059
9;31081
12;31084
6;31090
23;31092
5;31094
25;31133
18;31135
341;31136
36;31148
13;31153
8;31154
9;31156
36;31166
1;31174
165;31186
184;31229
24;31230
13;31231
33;31232
18;31250
3;31251
48;31252
12;31264
13;31269
18;31275
12;31284
5;31285
20;31288
30;31325
2;31326
22;31327
343;31328
5;31334
31;31343
7;31345
169;31346
731;31347
36;31374
12;31376
161;31380
5;31387
27;31394
5;31404
9;31421
30;31423
170;31424
21;31425
32;31426
19;31432
15;31434
5;31445
22;31453
35;31454
7;31456
32;31458
24;31460
10;31464
13;31474
20;31477
27;31482
16;31514
37;31517
5;31518
1;31522
19;31523
34;31524
33;31546
155;31549
8;31555
17;31556
27;31559
8;31562
148;31565
29;31566
20;31567
2;31574
20;31576
21;31613
21;31614
189;31615
50;31616
22;31648
19;31669
23;31691
1;31709
27;31710
31;31711
51;31712
19;31729
7;31730
27;31754
7;31760
182;31805
1;31807
40;31808
32;31825
1;31828
24;31852
1;31853
17;31856
2;31860
24;31891
38;31901
30;31902
44;31903
27;31904
157;31921
8;31922
3;31923
8;31944
2;31960
17;31996
75;31997
199;31999
14;32016
12;32017
28;32019
12;32020
25;32026
26;32047
23;32049
22;32053
7;32055
153;32077
16;32094
38;32096
39;32098
20;32099
25;32100
17;32103
12;32125
31;32127
18;32128
9;32130
19;32132
17;32138
8;32155
11;32189
15;32191
31;32192
9;32194
1;32195
39;32196
13;32198
27;32221
2;32224
40;32225
15;32226
14;32243
6;32249
19;32263
28;32285
201;32286
2;32287
2;32288
9;32289
6;32305
20;32306
102;32307
3;32333
23;32334
25;32337
94;32381
11;32383
41;32384
12;32403
11;32404
25;32431
4;32434
1;32438
9;32439
11;32447
88;32477
44;32478
191;32479
31;32480
169;32484
6;32497
12;32498
10;32500
15;32520
10;32523
160;32524
47;32573
28;32574
44;32575
43;32576
22;32595
12;32596
16;32622
170;32623
13;32628
10;32661
14;32669
76;32670
39;32671
28;32672
28;32680
27;32686
8;32689
10;32690
9;32691
7;32696
3;32716
17;32725
24;32738
2;32766
46;32768
41;32769
20;32770
3;32771
17;32773
16;32775
9;32790
14;32798
20;32799
5;32801
19;32802
6;32803
2;32804
16;32819
10;32823
16;32824
93;32861
22;32862
163;32863
39;32864
60;32865
64;32866
30;32868
19;32872
19;32878
23;32896
18;32910
24;32916
40;32957
4;32958
906;32959
38;32960
18;32977
159;32980
27;32985
6;33003
49;33011
27;33016
12;33055
44;33056
24;33058
11;33070
22;33073
37;33075
5;33076
164;33086
30;33087
5;33099
189;33149
329;33150
12;33151
29;33152
8;33160
10;33161
8;33168
27;33171
19;33195
9;33198
5;33202
1;33205
40;33245
53;33246
36;33247
337;33248
24;33265
5;33267
10;33268
154;33276
5;33282
8;33291
13;33298
22;33302
20;33336
56;33341
11;33342
19;33343
11;33344
13;33347
161;33361
31;33362
3;33363
1;33386
165;33387
31;33391
29;33392
34;33396
1;33407
40;33438
28;33439
32;33444
4;33445
17;33451
1;33454
35;33469
17;33470
47;33472
15;33473
21;33487
13;33495
56;33533
25;33534
55;33535
16;33536
48;33537
11;33539
49;33540
35;33547
38;33553
33;33558
33;33565
10;33566
55;33569
6;33571
5;33572
47;33589
29;33629
77;33630
23;33631
3;33633
34;33649
3;33650
12;33651
184;33677
21;33680
10;33687
14;33725
26;33726
54;33727
43;33728
20;33747
9;33748
27;33774
5;33776
17;33778
27;33783
173;33821
4;33822
42;33823
234;33824
5;33841
8;33842
186;33843
164;33849
164;33851
24;33867
19;33879
32;33917
32;33919
6;33937
21;33939
2;33940
12;33972
26;33973
23;33975
7;34011
28;34013
13;34014
32;34015
22;34033
4;34037
9;34039
8;34059
37;34062
30;34072
4;34110
28;34111
10;34112
31;34113
2;34114
14;34116
22;34141
18;34142
9;34148
3;34169
15;34199
162;34205
42;34206
49;34207
32;34208
160;34209
5;34210
167;34212
33;34223
49;34237
69;34241
24;34247
11;34257
10;34259
24;34266
10;34268
76;34302
16;34303
7;34306
36;34324
10;34342
35;34357
19;34397
7;34399
41;34400
50;34419
10;34435
20;34445
16;34446
39;34493
325;34494
30;34495
59;34496
5;34497
39;34515
11;34543
23;34544
155;34548
3;34563
195;34590
107;34591
328;34592
25;34609
11;34620
36;34634
4;34635
18;34646
23;34676
114;34685
41;34686
37;34688
61;34707
26;34710
20;34729
3;34733
5;34735
19;34736
174;34737
14;34738
23;34740
4;34772
563;34781
206;34783
39;34784
23;34786
12;34799
7;34807
6;34809
20;34814
23;34816
3;34818
42;34819
3;34835
36;34840
31;34850
30;34877
7;34878
35;34879
37;34881
25;34909
5;34912
40;34915
28;34916
10;34921
21;34926
28;34929
170;34930
26;34936
4;34937
10;34939
40;34943
35;34973
56;34974
185;34975
65;34976
2;34979
5;34994
3;34995
16;35000
5;35005
18;35007
25;35022
43;35027
