sums of daily draw-off volumes
76
123.5
109
116
84
199.2
152.2
237.5
73.2
82
139.5
114.8
59.5
214.5
66.2
85.2
49
37.5
82.5
93
157.2
144.2
58
230.5
51.2
88.8
89.2
127
245
113.5
175
74.8
144.8
181.2
151
237.5
152
264.2
233.8
40.2
109.8
108.8
69.5
105
74.8
67.5
124
94.5
178.5
263
105.8
92.5
77.5
140
139
408.8
164.5
79.2
112
177.8
48
201.5
209.8
87
185.2
127
63.5
83.5
72.2
102
238.5
406.8
136.2
149.2
140.2
152.5
85
59
55.2
114
73.2
37
89.2
119.2
116.8
66.2
67.5
108.8
145.8
103.8
66
173.5
147
229.2
65.2
190.5
76.8
70.2
73.2
158
67.5
153.5
53.5
195
110.8
80.8
186.2
66.2
93.2
154.2
190.8
165.5
141.2
124.2
28.5
124.8
104
126.5
198
40
54
118.2
191.5
326.5
169.8
80.2
131.2
35.5
165.8
206.2
70.8
118.2
88.5
98.5
130.8
186.5
123.8
180.8
79.5
201.2
144.8
141.5
97.8
110.2
113.2
184.2
105.2
81
34
97.5
40.8
52.5
120.8
136
82.8
76.2
59
103
103.2
303.8
118
88.2
85.5
96
43
40
189.5
150.8
99.5
113.2
216.2
65.2
44.8
129.2
69.2
70.8
122.2
51
190
154.8
90
122.5
82.2
34.2
138.2
109.2
83
122.5
162.5
33
23.5
80.5
70.2
76.2
198
173.5
84.5
84.8
57.2
210.2
49.5
95.8
182.5
51
117.8
95.5
264.5
127.2
124.2
88
197
118.8
85.2
86.5
102.2
164.8
165
248.5
100.8
38
102
53.2
131.2
73.8
73
85.8
50.8
103.8
256.2
212.5
174
45.2
107.5
60.2
84
47.5
70.2
77
104.5
74
59
164.2
62.2
61.5
86
111.2
41.2
56
22.8
156.5
87
78.5
86.8
110.2
199.2
150.2
243.8
155.2
104.8
45.8
113.2
105.5
157
119
97.2
56
122.8
106.2
21.5
82.8
60.2
84.5
74.8
165.2
129.8
102.8
213
43.2
66.2
155.2
123.2
180.8
158.2
142.5
143.2
217.5
187
102.2
114.2
113.2
78.2
155
201
151.8
199.5
237.8
95
61.5
257.5
142.8
83.8
42.5
92.8
84
97.2
96.5
125.8
105.8
70.5
140
90.8
90.2
177.5
39.5
165.2
262.2
89.5
103
137.2
68.8
110.8
123.8
147
30
163
100.8
388.5
130.8
144.8
80.5
48.2
75
85.2
115
105.5
55.8
110
54.8
184
98.8
69
71.5
143.5
318.5
88.5
161.5
176.8
146.5
67.5
130.5
99
60.5
255.8
38.5
47.5
35.2
215.5
45
40.8
171.5
181.8
140
246.8
136.8
114.5
sums of draw-off volumes of each hour of the day
162.6
255.1
143.6
243.3
101.5
133.5
8403.8
9873.0999999
3583.7
810.5
404.4
2423.9
2887
987.00000000
1113.4
1995.5
1349.8
1055.6
1833
1827.8
1825.4
1538.2
543.9
192.1
sums of draw-off volumes of each hour of weekdays
113.5
198
85.7
127.4
75.6
35.7
6697.2
6907.2
1830.1
370.1
285.2
2312.3
2770.1
675.3
289.2
358.3
496.3
820
1758.5
1413
1335.7
759.1
133.2
124.7
sums of draw-off volumes of each hour of weekend-days
49.1
57.1
57.9
115.9
25.9
97.8
1706.6
2965.9
1753.6
440.4
119.2
111.6
116.9
311.7
824.2
1637.2
853.49999999
235.6
74.5
414.8
489.7
779.1
410.7
67.4
holidays of household(s), numbers correspond to day of year
