sums of daily draw-off volumes
42.2
169
133.5
164.2
57.5
35.5
56.2
250.5
123.8
35
110.8
60.5
205
57.2
35.8
106.2
112.5
29.2
166.5
57.8
52.5
25
26.5
20.8
48.2
234.5
82
92.8
121.5
80.5
59.8
72.8
88.2
50.5
88.2
26.5
23.2
30.5
49.2
37.2
109.8
101
33.2
52
118.8
112.5
196.2
199.2
239.8
73.8
63
70
42.8
92.5
51.2
41.2
92.2
72.5
20
390
115
103
79.8
22.5
167.8
88.2
96.2
19.8
62.8
51.2
65.2
50.5
44.8
90
31.8
54.8
59.2
59.5
57.8
17
39.2
124.2
165.5
49.8
130.2
65
21.2
208.8
39.2
79.2
146.5
29.5
117.8
59
17.8
129.8
82
79
150.5
41.2
54.2
211.2
48.8
86
34.2
59.2
147.5
86.8
97.5
74.2
122.2
150.5
45.8
66.8
64.5
165.5
80.5
93.8
93.2
254.5
70.2
41
38.8
59.5
87.2
181.2
70.5
147.2
37.2
31
17.2
35.8
78
143.8
24.2
100.8
62.8
70.2
33.8
41.2
19.5
35
47.2
63.5
37.5
71.2
78.2
22.8
89.2
41.8
137.8
121
52.2
164.8
31
71
69.5
145.8
71.5
141.2
81.8
25.2
27.2
17.5
22.5
27.2
77.2
198.8
57.2
143
78
32.5
109.8
114.5
166
50.5
25.2
39.8
67.2
55
40.5
65
61.5
57
43
64.8
50.8
123.2
65.8
23.8
36
72
56
48.8
40.5
27.2
17.5
51.5
128
24.2
54.5
50.5
44.8
84.2
15.5
39
56.2
48.8
67.8
192.5
83
45.2
39
59
64.8
39.5
36.8
39
31.2
29.5
47.8
111.8
63
26.8
17
84.5
57.8
76.5
73.8
71.5
129.2
91.2
18.2
63
45.2
56.8
35.8
95.8
33
99.8
39.2
127.5
163.5
54.5
113
26
39
64
54
93.5
146
188.2
132.8
80
121.2
140.8
87
121
91
77.2
174.5
12
195.5
134
43.5
72.2
21.5
84.2
73.8
112.2
70
69
235.2
162.8
60.2
48.2
42.8
32.8
34.8
175
63
98.2
65
53.8
15.2
135.2
31.2
62.8
121.8
62.2
96
90
252.8
55.5
309.8
80.8
37.8
65
74.2
90.8
230.2
31.2
76
105.5
79.5
27.5
68.2
146.8
29.5
16.2
42
81.2
89.8
70.2
56.8
10
128
38
63.2
33.8
6
57.2
43
99.5
74.8
18.8
106.2
68.2
160.8
210.2
143
111.8
64.8
61.8
61.5
53.2
22.5
46.5
59.2
43
66.2
47
153.8
119.5
60.8
73.5
39.2
78
76.8
97.5
28.2
20.8
44.5
57.2
195.2
46.2
97
95
31.2
71.8
31
80.8
255.2
64.5
19.8
sums of draw-off volumes of each hour of the day
101.7
110.5
97.8
109
170.2
80.8
4855.4
7275
2539.8
661
390.8
1232.9
1794.1
730.8
720
1135.7
725.5
790.2
846.90000000
1293.4
1857.3
1013.6
390.1
93.5
sums of draw-off volumes of each hour of weekdays
48.7
23.7
52
96.2
13.7
59.3
3830.7
4927.2
1295.1
211.2
326.2
1176.7
1638.8
616.4
152.8
190.4
126.3
567.5
729.30000000
1079.6
1439.8
543.4
160.5
51.2
sums of draw-off volumes of each hour of weekend-days
53
86.8
45.8
12.8
156.5
21.5
1024.7
2347.8
1244.7
449.8
64.6
56.2
155.3
114.4
567.2
945.3
599.2
222.7
117.6
213.8
417.5
470.2
229.6
42.3
holidays of household(s), numbers correspond to day of year
