21;29
178;30
8;31
32;32
5;50
9;52
21;64
24;79
5;83
14;94
10;125
21;126
69;127
59;128
158;146
41;148
27;154
8;165
5;184
18;221
71;222
28;223
193;224
23;242
34;243
25;244
2;252
5;270
1;312
25;318
179;319
17;320
4;338
13;339
19;351
13;359
6;372
163;373
3;376
27;413
579;414
42;415
50;416
33;433
54;436
22;469
8;509
28;511
23;512
54;515
17;541
39;545
19;563
13;565
4;605
36;609
51;610
21;612
36;618
13;636
5;639
12;642
13;644
11;657
1;659
23;660
23;664
44;701
26;704
22;722
30;724
1;745
3;756
11;758
216;797
23;798
13;799
55;800
160;851
6;856
1;857
1;858
593;893
39;894
3;895
46;896
21;913
22;915
33;919
17;938
4;989
26;991
14;1004
16;1012
34;1036
4;1038
38;1043
18;1044
20;1048
10;1085
29;1086
78;1087
160;1088
7;1099
15;1105
27;1135
8;1136
158;1181
17;1183
7;1185
16;1186
9;1187
160;1188
4;1202
12;1214
27;1216
27;1219
6;1220
19;1231
15;1239
17;1242
30;1248
4;1277
13;1278
11;1279
25;1280
8;1282
16;1283
46;1284
22;1297
11;1309
23;1311
10;1325
12;1338
12;1373
30;1374
1;1375
168;1376
4;1377
16;1382
35;1386
10;1396
2;1403
16;1418
20;1419
176;1425
2;1426
8;1470
18;1487
37;1489
28;1490
32;1514
38;1516
30;1565
4;1566
86;1567
24;1578
28;1588
17;1620
17;1621
9;1624
179;1662
68;1663
151;1664
5;1682
24;1683
23;1684
29;1711
10;1713
8;1719
26;1758
296;1759
28;1760
24;1778
7;1779
2;1803
5;1812
8;1825
12;1836
172;1854
3;1858
35;1860
7;1864
4;1885
16;1888
16;1889
23;1892
17;1902
179;1915
15;1949
171;1950
171;1955
32;1969
21;1981
34;1982
29;1983
28;1984
2;1985
8;1989
32;2003
21;2005
32;2046
18;2047
31;2050
15;2065
9;2066
36;2067
20;2093
2;2094
23;2097
23;2141
33;2143
15;2144
15;2158
11;2163
158;2188
22;2189
9;2191
172;2239
34;2263
6;2268
9;2281
11;2284
13;2289
3;2296
28;2334
65;2335
19;2336
160;2339
32;2355
9;2357
166;2363
66;2377
18;2384
5;2429
162;2442
7;2450
38;2476
13;2513
161;2530
13;2532
1;2533
8;2545
51;2561
24;2563
7;2565
1;2573
10;2582
50;2584
53;2585
180;2625
18;2626
11;2638
20;2654
15;2658
14;2663
6;2717
15;2718
32;2719
41;2720
17;2747
1;2767
37;2774
28;2813
6;2814
164;2815
11;2816
6;2828
5;2833
19;2836
28;2838
3;2840
4;2864
7;2870
31;2872
53;2910
6;2911
6;2912
20;2930
16;2932
156;2964
14;2965
4;2968
17;3006
11;3007
163;3008
18;3028
9;3039
23;3040
18;3053
9;3057
10;3089
13;3101
14;3102
18;3104
6;3110
42;3121
34;3122
20;3125
4;3145
8;3146
20;3148
146;3175
165;3185
10;3197
22;3198
176;3200
5;3202
52;3204
37;3216
1;3230
7;3232
22;3236
20;3254
29;3255
16;3258
9;3259
9;3294
23;3295
1;3296
2;3297
16;3298
6;3300
30;3310
17;3325
17;3328
32;3331
24;3345
3;3350
21;3352
3;3356
15;3371
601;3389
56;3390
25;3391
163;3392
25;3409
28;3410
13;3433
10;3436
11;3446
12;3448
34;3460
112;3485
12;3486
152;3487
17;3488
3;3497
10;3500
11;3511
16;3517
27;3527
16;3581
27;3582
18;3583
190;3584
20;3591
16;3631
159;3635
54;3677
3;3678
171;3680
29;3698
13;3724
40;3735
29;3773
58;3774
10;3775
23;3776
25;3793
9;3794
174;3796
31;3821
17;3849
170;3870
30;3871
568;3872
12;3876
1;3897
5;3903
13;3905
7;3931
12;3932
5;3960
29;3965
19;3966
16;3970
18;3971
38;3972
11;3980
3;3998
25;4000
24;4001
14;4010
12;4012
20;4019
10;4021
4;4023
26;4061
18;4063
104;4064
21;4080
19;4084
29;4088
15;4110
7;4157
31;4158
32;4159
7;4160
14;4178
31;4192
26;4201
20;4209
16;4212
7;4213
47;4253
16;4254
60;4255
31;4275
8;4301
25;4303
45;4312
173;4349
60;4350
53;4351
218;4352
17;4371
23;4396
1;4397
3;4445
20;4446
214;4447
191;4448
12;4449
7;4474
2;4487
7;4499
9;4500
5;4518
57;4541
27;4543
148;4546
49;4547
8;4552
25;4565
24;4577
162;4580
2;4584
22;4593
21;4637
2;4638
190;4639
554;4640
11;4642
12;4644
565;4649
7;4661
33;4669
8;4675
13;4705
126;4734
26;4735
24;4736
29;4737
14;4743
28;4753
6;4754
19;4772
18;4778
28;4790
149;4829
3;4830
22;4849
148;4851
2;4872
19;4877
12;4880
9;4882
160;4884
173;4927
159;4928
12;4934
23;4940
30;4945
28;4946
31;4947
4;4979
12;5017
21;5021
29;5022
7;5023
7;5024
3;5034
7;5043
9;5048
22;5072
1;5078
19;5079
152;5080
56;5119
55;5120
15;5132
24;5139
13;5157
3;5166
2;5172
24;5173
3;5192
8;5201
34;5213
33;5217
3;5218
1;5233
23;5245
24;5247
26;5248
154;5252
12;5267
18;5269
21;5270
11;5274
5;5279
25;5310
36;5314
167;5315
11;5341
3;5344
3;5345
18;5348
10;5358
14;5361
24;5365
3;5369
31;5405
15;5406
2;5407
21;5408
8;5425
7;5434
31;5449
28;5454
10;5455
6;5457
36;5502
206;5503
42;5504
12;5548
10;5550
4;5557
5;5559
21;5560
6;5586
160;5597
26;5598
168;5599
173;5600
31;5617
18;5639
33;5649
68;5650
5;5651
16;5652
207;5693
52;5694
23;5695
5;5696
16;5713
31;5716
22;5727
18;5739
160;5745
7;5747
36;5789
47;5790
174;5791
25;5792
147;5809
10;5820
13;5887
17;5890
2;5891
1;5892
22;5920
1;5921
2;5924
18;5938
15;5961
21;5982
14;5986
5;5987
6;6006
29;6017
169;6020
13;6035
23;6041
16;6042
21;6077
22;6080
25;6099
151;6103
3;6132
6;6133
16;6175
4;6176
28;6184
12;6194
31;6196
22;6207
17;6217
32;6224
1;6269
67;6270
28;6271
23;6272
4;6275
4;6291
161;6316
14;6322
37;6325
34;6366
17;6367
18;6368
28;6411
3;6412
22;6461
183;6463
12;6468
24;6470
6;6476
30;6477
13;6481
20;6492
9;6506
20;6507
35;6515
10;6554
46;6558
5;6559
47;6561
12;6563
14;6564
17;6581
30;6591
158;6594
20;6604
7;6619
14;6641
9;6644
2;6655
35;6656
11;6657
11;6658
5;6659
36;6660
6;6684
4;6689
23;6691
1;6702
8;6704
43;6710
19;6751
5;6760
33;6772
29;6793
47;6796
2;6800
11;6811
33;6846
18;6847
6;6857
3;6900
168;6941
28;6942
42;6943
65;6944
13;7038
22;7039
2;7040
4;7041
27;7050
7;7056
155;7059
8;7062
11;7083
21;7084
7;7088
9;7091
5;7095
31;7096
34;7133
25;7136
59;7153
22;7154
4;7157
23;7166
12;7171
6;7181
28;7183
6;7185
32;7186
10;7229
13;7230
15;7231
36;7232
46;7233
32;7234
27;7263
27;7264
12;7265
5;7266
157;7283
9;7288
22;7290
35;7299
538;7325
25;7327
27;7329
7;7332
4;7358
158;7359
29;7361
12;7377
718;7380
13;7383
23;7387
25;7394
183;7421
40;7423
149;7438
19;7443
29;7444
25;7468
24;7480
12;7517
71;7519
9;7521
22;7523
15;7529
154;7537
16;7538
1;7539
44;7540
19;7567
18;7575
16;7613
195;7614
38;7615
9;7616
8;7633
31;7634
30;7635
30;7647
2;7659
14;7665
4;7666
154;7670
8;7711
35;7712
28;7730
26;7731
28;7755
7;7756
170;7760
5;7767
4;7805
34;7806
173;7807
173;7808
14;7814
13;7821
20;7827
7;7846
26;7854
21;7862
207;7901
11;7903
1;7908
160;7910
9;7930
6;7936
26;7939
10;7943
10;7956
2;7986
14;7997
21;8002
25;8003
9;8007
31;8012
7;8030
161;8031
23;8032
9;8033
40;8036
25;8049
24;8052
3;8054
23;8055
20;8094
30;8096
14;8137
37;8141
26;8151
164;8191
17;8192
4;8201
13;8208
19;8209
7;8210
7;8242
10;8244
2;8285
164;8286
159;8287
37;8288
24;8305
45;8381
17;8382
20;8384
24;8388
27;8403
40;8404
7;8405
37;8425
2;8432
28;8433
222;8477
69;8478
36;8479
26;8499
195;8575
24;8576
166;8577
8;8585
5;8591
25;8606
24;8611
23;8631
11;8668
66;8669
12;8670
14;8671
5;8683
23;8698
9;8701
34;8704
8;8713
39;8761
3;8762
21;8763
45;8764
151;8775
48;8781
30;8783
27;8784
11;8802
29;8807
52;8814
8;8857
40;8858
24;8859
2;8860
9;8879
32;8880
7;8892
10;8907
24;8913
46;8953
6;8954
161;8955
5;8956
1;8957
31;8963
7;8971
5;8976
6;9004
159;9049
43;9052
18;9059
11;9063
13;9069
33;9072
179;9146
33;9147
19;9148
1;9165
17;9167
11;9204
1;9217
8;9241
187;9244
1;9245
1;9246
17;9248
31;9249
166;9276
28;9280
23;9286
13;9299
24;9306
31;9340
23;9341
23;9343
2;9433
23;9434
40;9435
22;9453
2;9455
16;9456
22;9457
32;9487
11;9530
11;9532
15;9549
162;9551
9;9579
6;9583
12;9587
9;9588
8;9625
165;9626
28;9627
94;9628
16;9643
28;9645
3;9646
18;9647
30;9648
29;9676
32;9679
18;9721
24;9722
6;9724
45;9742
48;9744
6;9747
4;9767
8;9768
5;9772
3;9774
6;9776
10;9780
39;9818
29;9837
158;9840
20;9847
36;9861
7;9864
16;9868
12;9874
3;9875
2;9880
32;9914
32;9915
562;9918
7;9919
4;9920
3;9945
11;9946
10;9947
14;9949
1;9975
22;9982
25;10004
184;10009
65;10010
2;10011
17;10012
3;10042
10;10048
208;10105
53;10106
64;10107
27;10108
20;10152
35;10201
50;10202
33;10204
7;10221
7;10222
25;10223
22;10251
7;10252
161;10259
16;10298
44;10299
64;10300
9;10317
166;10318
14;10319
20;10328
10;10341
3;10355
30;10393
27;10395
14;10416
28;10426
19;10429
16;10441
32;10444
173;10489
11;10490
40;10491
14;10494
35;10504
27;10511
182;10512
11;10534
159;10544
18;10587
8;10588
15;10590
8;10591
19;10622
14;10623
3;10624
26;10625
32;10640
25;10642
8;10644
6;10651
7;10665
19;10670
14;10681
1;10683
163;10687
3;10688
18;10714
33;10727
28;10730
33;10737
10;10777
36;10778
186;10779
1;10802
32;10828
19;10829
23;10836
61;10873
20;10874
59;10876
21;10879
47;10893
3;10896
4;10920
1;10927
22;10932
25;10945
35;10969
16;10970
26;10971
54;10972
208;10989
11;10991
25;11002
3;11016
28;11018
19;11065
41;11066
9;11067
24;11068
13;11085
5;11093
18;11109
7;11112
160;11114
11;11115
2;11124
31;11161
8;11162
1;11163
15;11164
39;11171
20;11177
25;11178
170;11183
13;11184
19;11208
28;11212
5;11213
30;11215
19;11217
24;11219
1;11236
25;11258
18;11259
14;11263
60;11264
33;11288
5;11290
13;11291
26;11293
2;11295
11;11296
18;11354
17;11356
8;11357
61;11358
18;11386
9;11388
47;11389
25;11392
21;11412
164;11443
171;11449
7;11450
10;11451
25;11452
13;11453
34;11457
8;11459
12;11464
15;11469
10;11470
26;11483
32;11495
326;11545
17;11547
35;11548
3;11569
6;11574
10;11642
151;11643
30;11644
150;11655
31;11661
27;11662
4;11663
9;11677
17;11686
17;11694
12;11695
2;11738
17;11739
14;11740
20;11781
10;11786
20;11787
4;11833
24;11834
583;11835
24;11836
65;11854
22;11877
2;11881
20;11927
46;11929
23;11930
19;11931
26;11933
39;11936
11;11963
20;11964
35;11965
3;11966
30;11967
20;11987
17;12018
69;12025
21;12027
13;12028
33;12031
15;12032
20;12037
23;12047
62;12057
17;12061
25;12062
23;12075
18;12085
9;12121
25;12123
6;12124
162;12129
15;12169
7;12180
3;12204
57;12217
84;12218
8;12220
9;12237
33;12240
27;12252
4;12263
25;12314
19;12316
16;12333
35;12334
19;12370
37;12371
1;12409
14;12410
55;12411
187;12412
7;12429
3;12454
7;12455
27;12465
13;12506
178;12507
12;12523
156;12526
150;12561
19;12563
5;12564
56;12601
34;12602
159;12603
35;12604
3;12605
23;12607
14;12623
16;12633
4;12636
28;12637
8;12658
7;12659
23;12671
20;12697
6;12698
11;12699
71;12702
31;12703
76;12704
3;12727
28;12729
34;12730
67;12733
12;12736
22;12750
169;12794
2;12795
26;12796
4;12813
15;12814
8;12846
22;12889
41;12891
14;12892
19;12896
37;12909
10;12911
20;12933
2;12934
9;12942
37;12947
156;12985
65;12987
22;12988
33;12999
9;13032
16;13037
31;13040
165;13043
22;13044
35;13082
161;13083
31;13084
3;13103
22;13132
6;13133
76;13177
30;13178
26;13180
12;13197
16;13198
33;13199
19;13207
10;13232
30;13234
2;13236
160;13266
152;13269
29;13273
47;13284
7;13305
39;13306
1;13308
11;13311
32;13328
4;13334
31;13370
5;13372
9;13374
33;13375
5;13376
5;13378
11;13396
10;13406
14;13407
24;13410
7;13416
33;13418
20;13464
9;13466
165;13467
30;13468
34;13511
34;13527
25;13561
20;13564
1;13578
4;13583
38;13588
6;13601
17;13609
1;13615
24;13619
197;13657
17;13659
32;13677
6;13703
20;13709
5;13711
17;13716
62;13753
8;13756
5;13762
7;13769
11;13772
14;13775
8;13806
29;13849
25;13852
2;13869
40;13871
9;13872
28;13894
1;13902
1;13907
19;13936
6;13945
25;13948
18;13949
5;13950
50;13978
32;13979
22;13981
6;13984
6;13997
28;14003
21;14016
188;14041
11;14042
161;14043
4;14044
18;14046
155;14047
14;14073
31;14079
18;14086
4;14092
14;14096
26;14097
9;14098
31;14137
30;14139
25;14154
27;14157
10;14178
21;14191
2;14196
7;14233
165;14234
28;14248
1;14254
164;14255
38;14256
40;14257
24;14273
6;14285
22;14288
31;14289
23;14291
16;14329
187;14332
15;14347
11;14349
39;14376
27;14383
156;14398
43;14425
1;14426
51;14427
50;14428
25;14445
41;14447
1;14458
31;14470
27;14476
20;14477
11;14481
15;14521
5;14523
21;14524
21;14544
22;14568
16;14619
5;14620
3;14621
9;14622
168;14623
36;14642
2;14649
3;14651
29;14652
7;14655
15;14714
5;14716
14;14717
9;14719
27;14720
13;14748
22;14750
17;14751
9;14771
25;14772
20;14810
31;14812
164;14853
2;14866
28;14906
7;14907
41;14908
19;14911
31;14925
5;14931
13;14940
22;14949
167;15001
25;15002
29;15003
12;15004
24;15021
1;15030
21;15043
4;15048
316;15056
1;15097
155;15099
79;15100
13;15118
30;15119
1;15122
6;15135
30;15137
6;15150
54;15193
199;15194
8;15195
36;15196
5;15213
42;15214
10;15215
11;15216
162;15244
23;15263
2;15282
9;15291
152;15292
66;15295
11;15322
7;15343
20;15345
2;15346
50;15386
66;15387
12;15390
29;15391
34;15392
2;15420
166;15424
25;15432
26;15444
32;15481
13;15502
15;15503
159;15504
26;15505
2;15528
6;15537
35;15540
29;15560
29;15577
18;15578
7;15579
25;15580
33;15587
5;15611
53;15622
32;15624
19;15625
21;15626
33;15673
27;15674
21;15675
154;15676
33;15695
169;15696
17;15729
31;15749
3;15772
28;15792
35;15810
34;15820
32;15865
158;15867
7;15868
13;15909
34;15912
182;15961
6;15964
36;15966
14;15993
8;16047
9;16057
46;16058
46;16060
32;16063
24;16069
9;16073
30;16089
153;16093
15;16095
2;16103
26;16110
10;16120
24;16153
9;16154
2;16155
161;16156
13;16180
24;16187
5;16197
24;16205
10;16207
32;16249
11;16251
63;16252
22;16266
14;16272
3;16293
14;16305
160;16307
16;16345
4;16365
164;16381
7;16404
3;16441
8;16442
8;16443
156;16444
28;16454
20;16455
27;16463
5;16497
7;16537
86;16538
25;16539
18;16540
18;16553
6;16557
1;16578
22;16586
8;16588
53;16592
24;16635
43;16636
16;16638
33;16655
2;16681
15;16729
29;16730
6;16732
24;16735
16;16736
6;16748
11;16761
13;16764
10;16766
9;16767
9;16768
24;16792
46;16825
38;16826
43;16828
13;16845
6;16866
21;16870
20;16871
20;16874
211;16921
155;16922
27;16923
25;16924
27;16948
30;16971
25;16975
1;16976
3;17017
169;17019
178;17020
16;17037
8;17038
9;17061
178;17113
32;17114
58;17115
359;17116
38;17121
14;17130
7;17135
26;17157
11;17159
15;17180
191;17210
13;17212
148;17282
17;17306
15;17307
23;17309
38;17310
17;17311
4;17312
5;17324
14;17341
10;17343
34;17367
16;17386
2;17397
2;17402
27;17403
6;17404
32;17407
2;17438
24;17457
12;17459
3;17461
12;17497
58;17498
41;17499
7;17514
6;17528
32;17544
10;17594
6;17595
13;17596
18;17630
8;17637
23;17648
156;17684
42;17689
42;17690
49;17691
47;17692
21;17710
155;17712
9;17726
11;17736
24;17741
32;17785
62;17786
39;17787
9;17788
25;17802
17;17805
22;17807
18;17832
26;17835
157;17882
11;17883
21;17884
1;17901
3;17902
168;17903
4;17925
10;17927
10;17929
10;17930
4;17937
30;17939
3;17972
12;17978
10;17979
168;17980
34;17981
25;17982
155;17984
4;17998
30;18009
7;18011
9;18035
13;18073
1;18074
21;18075
49;18076
200;18079
17;18080
12;18107
34;18108
10;18121
13;18125
1;18169
10;18170
7;18171
18;18172
17;18189
17;18191
29;18213
14;18218
33;18222
180;18265
12;18267
32;18285
12;18295
8;18310
1;18361
58;18362
27;18363
29;18364
14;18403
6;18405
1;18409
24;18429
32;18457
36;18458
168;18459
36;18460
16;18466
11;18477
8;18489
11;18515
22;18516
49;18554
35;18601
10;18650
22;18651
24;18652
2;18655
13;18656
151;18660
163;18671
9;18686
9;18704
19;18705
8;18745
33;18746
150;18747
19;18748
1;18749
21;18750
45;18751
15;18752
6;18758
9;18762
16;18782
13;18792
11;18800
31;18802
11;18844
35;18858
11;18863
19;18937
60;18938
24;18939
165;18940
9;18957
13;18958
38;18960
3;18976
3;18978
10;18982
39;19034
32;19035
15;19036
13;19063
12;19084
6;19130
5;19138
20;19144
29;19174
2;19179
8;19183
188;19225
37;19226
68;19227
36;19228
167;19305
11;19321
10;19323
5;19326
72;19327
163;19329
16;19367
19;19373
20;19377
26;19379
12;19382
8;19398
29;19419
27;19420
29;19423
40;19424
13;19435
18;19439
30;19455
12;19457
5;19467
10;19477
1;19513
24;19515
12;19516
16;19535
11;19537
26;19565
50;19610
12;19611
10;19612
12;19626
12;19665
51;19705
49;19706
12;19707
5;19712
9;19725
22;19757
4;19758
3;19804
35;19821
9;19823
158;19824
16;19827
7;19838
15;19846
6;19847
14;19853
1;19854
31;19897
8;19898
5;19899
2;19900
165;19907
167;19918
19;19928
12;19942
24;19956
53;19994
14;19996
155;20006
164;20025
30;20030
173;20089
28;20091
31;20093
23;20094
40;20095
8;20096
31;20109
36;20110
13;20139
15;20142
4;20150
12;20152
10;20185
212;20186
12;20189
538;20204
7;20207
3;20229
12;20236
10;20240
15;20243
30;20282
27;20283
25;20302
38;20303
1;20328
1;20336
5;20377
14;20378
39;20379
34;20398
15;20399
5;20400
14;20473
33;20496
12;20518
155;20571
11;20591
45;20592
12;20638
35;20668
334;20669
150;20671
9;20672
6;20718
5;20725
15;20755
192;20762
24;20763
23;20766
31;20767
25;20771
6;20776
15;20794
25;20795
32;20797
566;20798
19;20824
41;20857
7;20858
82;20859
43;20860
34;20879
16;20880
12;20908
7;20913
23;20914
18;20953
23;20956
19;20974
19;20975
20;20976
33;20990
27;20998
18;21004
8;21006
161;21009
21;21051
7;21055
1;21062
17;21070
19;21079
16;21097
11;21119
35;21145
3;21146
16;21147
5;21148
27;21166
31;21199
167;21229
26;21241
17;21242
27;21243
8;21244
12;21261
10;21272
19;21291
23;21298
30;21341
31;21344
7;21352
155;21353
1;21370
8;21373
28;21376
6;21400
27;21433
37;21436
11;21439
13;21470
8;21486
7;21487
35;21488
4;21501
23;21529
34;21530
1;21531
42;21532
18;21550
9;21552
11;21574
17;21576
33;21577
27;21625
55;21626
6;21643
17;21647
188;21722
49;21723
27;21724
18;21742
4;21743
1;21744
9;21818
36;21819
11;21820
11;21839
11;21849
32;21861
22;21914
19;21917
1;21933
11;21936
6;21956
19;21962
9;21966
5;22009
197;22010
10;22012
14;22014
24;22016
25;22042
6;22045
6;22049
2;22053
21;22069
144;22072
15;22102
157;22105
40;22106
6;22107
16;22108
175;22109
14;22111
14;22122
30;22129
31;22141
15;22142
169;22160
13;22163
4;22201
17;22202
11;22203
27;22204
28;22221
4;22222
8;22225
3;22246
8;22252
4;22258
13;22297
24;22298
6;22299
50;22310
37;22317
29;22323
15;22336
5;22348
1;22350
29;22393
18;22395
182;22396
17;22415
13;22416
8;22422
23;22439
24;22449
15;22489
6;22491
29;22492
6;22494
30;22510
9;22511
18;22531
167;22533
9;22586
18;22587
29;22588
1;22601
19;22606
18;22632
18;22634
13;22639
4;22688
1;22709
31;22718
3;22720
5;22733
27;22735
18;22777
22;22779
11;22782
26;22783
6;22810
18;22816
10;22838
35;22873
33;22875
36;22876
10;22903
32;22923
26;22969
30;22970
11;22971
18;22990
1;22992
14;23013
157;23016
13;23023
18;23026
44;23065
14;23066
29;23067
43;23068
19;23073
28;23076
14;23087
14;23088
8;23110
22;23117
15;23162
1;23163
4;23168
57;23181
170;23195
162;23211
4;23216
20;23219
25;23258
130;23259
35;23261
14;23266
29;23277
10;23278
16;23301
29;23307
25;23309
14;23311
32;23354
1;23355
229;23356
6;23357
6;23360
13;23362
7;23391
38;23408
17;23410
5;23411
6;23412
21;23450
10;23452
156;23456
6;23471
27;23481
37;23482
25;23483
3;23487
7;23488
15;23491
172;23492
29;23545
5;23546
22;23548
8;23553
23;23561
9;23565
34;23592
40;23641
28;23642
22;23643
8;23661
12;23696
48;23738
24;23739
18;23740
15;23742
21;23758
9;23762
38;23764
4;23783
29;23788
26;23794
17;23795
37;23796
171;23834
14;23835
43;23836
1;23849
11;23880
1;23884
20;23886
16;23890
24;23930
3;23931
169;23932
14;23937
34;23950
31;23961
16;23974
13;23979
21;24030
57;24032
3;24033
10;24057
41;24060
4;24063
58;24064
5;24077
9;24121
15;24122
26;24123
35;24126
4;24127
12;24153
175;24155
31;24165
4;24168
37;24174
26;24203
23;24211
2;24217
16;24219
21;24234
161;24240
38;24314
78;24315
10;24316
19;24321
5;24330
6;24333
2;24336
24;24360
3;24410
18;24411
30;24412
5;24428
18;24431
1;24461
164;24466
194;24506
219;24507
9;24525
1;24526
27;24529
28;24603
20;24622
32;24629
4;24654
162;24659
8;24681
11;24697
41;24699
1;24700
14;24701
13;24703
19;24704
19;24733
39;24735
20;24758
161;24793
25;24797
8;24798
51;24799
13;24800
20;24825
18;24837
2;24849
563;24889
21;24890
38;24891
11;24892
16;24897
19;24910
2;24912
5;24913
23;24937
13;24944
16;24985
36;24988
10;24997
4;25005
31;25006
16;25011
9;25024
14;25031
26;25041
9;25081
198;25083
15;25084
2;25110
21;25125
31;25177
179;25178
35;25179
4;25180
4;25200
1;25208
15;25222
2;25223
11;25273
6;25293
31;25296
2;25299
26;25320
21;25331
2;25369
17;25373
6;25375
21;25377
5;25398
4;25404
11;25406
7;25425
28;25429
29;25466
45;25467
27;25470
27;25472
10;25501
26;25508
37;25511
39;25527
30;25561
12;25562
27;25563
10;25564
19;25581
9;25613
5;25614
24;25657
46;25658
51;25659
43;25660
19;25680
21;25753
9;25754
24;25756
33;25850
37;25851
16;25852
10;25877
97;25895
12;25899
184;25945
9;25946
2;25948
45;25966
172;25997
161;25998
9;25999
20;26004
28;26042
178;26044
40;26045
4;26046
10;26047
604;26048
30;26057
13;26074
4;26075
29;26079
24;26095
24;26110
24;26137
33;26140
10;26141
34;26142
6;26158
10;26169
40;26192
173;26233
4;26235
234;26236
2;26252
13;26255
9;26330
210;26331
40;26332
7;26366
14;26370
4;26376
167;26378
20;26425
25;26426
584;26427
14;26428
7;26448
15;26480
17;26521
13;26522
27;26523
104;26524
31;26528
32;26567
22;26572
28;26576
11;26617
54;26618
19;26620
7;26669
10;26676
13;26713
20;26714
36;26717
557;26718
17;26719
169;26720
25;26728
14;26750
158;26768
2;26770
34;26810
30;26811
15;26812
20;26814
24;26816
175;26841
5;26842
13;26843
7;26845
49;26846
28;26848
166;26851
9;26862
26;26864
33;26870
13;26905
9;26906
11;26908
31;26928
17;26934
5;26936
20;26944
5;26949
28;26959
165;27001
47;27002
170;27003
12;27004
21;27024
12;27098
41;27100
15;27120
4;27131
164;27141
20;27154
3;27193
20;27194
17;27195
28;27196
1;27213
166;27216
24;27227
22;27240
24;27273
11;27289
22;27290
5;27291
173;27292
28;27309
7;27311
3;27314
15;27320
9;27322
4;27329
1;27344
61;27347
173;27386
6;27388
11;27389
11;27395
7;27417
13;27421
16;27423
567;27424
9;27432
21;27435
4;27444
153;27445
14;27451
18;27479
26;27482
26;27483
15;27485
57;27487
21;27513
38;27515
12;27532
18;27536
26;27578
7;27580
28;27597
166;27600
12;27624
74;27673
4;27674
173;27680
22;27693
25;27722
30;27771
25;27772
22;27789
8;27796
5;27807
1;27822
34;27826
26;27865
173;27866
15;27867
23;27885
3;27961
8;27962
71;27963
20;27964
30;27975
12;27981
23;27982
13;27987
10;28010
20;28059
6;28061
12;28062
18;28064
20;28085
2;28091
21;28092
10;28093
4;28117
18;28120
26;28123
10;28147
24;28153
1;28154
73;28157
17;28185
33;28188
3;28190
23;28191
23;28192
19;28206
26;28209
17;28211
5;28249
28;28250
8;28251
9;28252
26;28269
14;28272
23;28296
29;28345
14;28347
12;28348
20;28365
52;28368
3;28390
22;28393
22;28398
193;28441
73;28443
2;28444
20;28446
162;28491
34;28495
14;28500
18;28538
5;28539
5;28540
6;28559
23;28591
29;28633
5;28635
19;28636
27;28637
23;28650
22;28655
8;28656
27;28667
9;28682
23;28730
20;28731
9;28733
11;28734
31;28736
22;28748
62;28766
39;28781
5;28782
25;28788
40;28825
22;28826
26;28828
26;28830
33;28831
34;28832
153;28856
27;28857
19;28859
29;28864
10;28876
7;28882
20;28883
4;28884
13;28921
8;28922
23;28924
39;28933
153;28942
10;28943
22;28977
37;29018
3;29019
6;29029
36;29036
30;29037
5;29041
17;29046
5;29076
6;29114
16;29116
3;29130
28;29157
1;29165
17;29171
208;29214
18;29216
7;29234
4;29260
6;29261
25;29265
32;29270
30;29309
25;29310
22;29311
30;29312
15;29332
174;29337
16;29361
192;29363
17;29406
30;29414
15;29436
17;29440
40;29441
29;29457
14;29466
9;29482
16;29501
15;29502
32;29503
174;29507
23;29530
5;29533
23;29538
77;29539
20;29545
1;29546
18;29557
9;29559
7;29563
10;29564
8;29572
4;29597
36;29598
219;29599
32;29600
157;29607
5;29617
15;29619
29;29656
71;29693
8;29694
55;29695
172;29697
10;29726
38;29732
26;29738
25;29752
5;29772
162;29789
18;29790
20;29791
21;29792
7;29793
25;29801
39;29809
13;29812
30;29839
33;29886
20;29887
13;29888
15;29895
181;29905
174;29908
30;29929
11;29933
32;29940
11;29983
4;29984
19;30002
27;30003
17;30004
6;30016
152;30038
558;30070
24;30077
21;30078
1;30079
31;30081
4;30082
8;30083
12;30095
37;30101
11;30112
7;30117
31;30119
5;30127
13;30128
28;30129
8;30135
8;30175
49;30176
13;30177
19;30178
16;30179
7;30180
11;30189
39;30206
6;30208
10;30209
4;30210
40;30212
12;30213
12;30226
38;30227
18;30232
635;30269
15;30271
9;30289
32;30292
11;30307
21;30318
170;30324
7;30326
48;30368
9;30385
34;30411
32;30414
25;30420
8;30424
6;30462
21;30463
7;30471
20;30481
2;30482
6;30501
5;30516
28;30559
62;30560
166;30567
170;30578
31;30604
14;30613
9;30616
36;30653
27;30654
18;30655
30;30656
39;30659
17;30665
3;30674
58;30675
11;30676
4;30683
3;30705
4;30710
20;30753
2;30754
69;30756
26;30760
30;30765
1;30785
3;30786
152;30798
5;30801
30;30804
9;30807
26;30809
8;30846
15;30849
33;30850
31;30851
32;30852
26;30873
12;30880
31;30884
19;30900
21;30941
1;30942
41;30943
8;30961
22;30994
40;31037
23;31038
39;31039
4;31040
28;31085
1;31095
6;31134
2;31135
38;31136
27;31138
31;31155
2;31180
164;31229
6;31231
30;31232
14;31251
22;31252
38;31254
20;31260
6;31281
152;31282
9;31294
163;31325
12;31327
4;31328
1;31345
15;31347
21;31372
12;31374
8;31379
555;31385
11;31423
7;31425
15;31426
7;31427
25;31432
6;31443
2;31474
19;31475
26;31481
15;31483
21;31515
8;31517
15;31518
157;31537
41;31549
19;31554
159;31555
10;31574
18;31577
14;31580
29;31615
163;31620
5;31653
25;31657
11;31661
2;31668
178;31709
41;31710
34;31711
6;31727
35;31731
13;31761
32;31763
17;31767
37;31805
5;31806
19;31807
3;31825
5;31826
6;31828
37;31857
2;31864
21;31901
85;31902
9;31903
154;31904
9;31909
2;31911
17;31917
33;31922
4;31936
33;31997
16;31999
36;32013
6;32017
6;32019
20;32093
12;32094
4;32095
10;32096
52;32098
23;32100
22;32131
17;32190
8;32191
28;32194
14;32195
27;32222
27;32223
44;32226
31;32227
13;32247
22;32249
36;32285
189;32286
19;32306
11;32307
36;32308
11;32337
3;32366
5;32381
37;32382
21;32384
45;32402
8;32403
12;32427
25;32430
22;32436
33;32438
2;32440
44;32477
17;32478
160;32479
2;32492
15;32498
23;32500
19;32532
1;32533
31;32573
58;32574
51;32575
35;32576
2;32591
17;32593
2;32596
16;32608
1;32617
23;32620
14;32667
3;32669
19;32670
46;32672
155;32676
4;32684
33;32690
2;32703
7;32724
22;32765
27;32769
18;32770
15;32771
5;32797
14;32804
34;32805
13;32806
17;32858
9;32862
13;32863
178;32864
155;32865
44;32866
17;32868
149;32879
18;32890
177;32896
5;32900
22;32909
34;32919
5;32920
8;32959
36;32976
10;32981
8;33003
4;33009
9;33015
23;33050
60;33053
46;33054
17;33055
13;33073
52;33076
15;33110
90;33149
70;33150
63;33151
9;33152
22;33169
29;33171
16;33172
3;33203
23;33205
18;33207
5;33245
44;33247
18;33267
14;33272
25;33286
30;33291
23;33303
160;33341
38;33342
186;33344
9;33364
9;33374
8;33398
2;33438
6;33440
11;33441
5;33454
20;33474
28;33475
7;33485
1;33499
19;33500
4;33530
27;33533
13;33534
15;33538
147;33540
22;33563
34;33566
29;33567
18;33570
2;33589
7;33594
26;33596
114;33629
55;33630
50;33631
5;33632
19;33633
161;33636
29;33643
15;33650
33;33651
13;33725
27;33726
7;33727
4;33728
27;33748
10;33777
2;33778
10;33821
164;33823
21;33842
28;33843
31;33868
3;33873
5;33879
42;33880
26;33903
15;33911
15;33918
175;33919
10;33929
8;33937
1;33956
1;33963
11;33964
11;33968
1;33973
36;34013
202;34014
20;34059
8;34068
11;34070
12;34109
3;34110
12;34111
6;34113
17;34115
24;34133
11;34143
20;34144
26;34146
8;34147
13;34206
8;34207
27;34208
23;34210
35;34212
13;34214
40;34241
166;34242
32;34243
15;34244
35;34261
6;34262
1;34263
18;34264
36;34301
7;34302
1;34303
49;34304
159;34322
9;34324
28;34325
3;34348
1;34350
4;34376
16;34397
2;34398
2;34400
12;34417
48;34418
154;34419
153;34493
23;34494
26;34495
10;34496
8;34513
12;34516
5;34524
198;34590
2;34592
16;34596
2;34606
20;34611
21;34612
560;34640
20;34685
36;34686
15;34708
9;34737
6;34739
10;34741
5;34781
4;34783
15;34784
12;34786
33;34787
20;34788
171;34813
23;34814
7;34817
14;34818
22;34821
6;34827
173;34833
24;34842
3;34879
11;34881
11;34884
1;34906
13;34909
32;34910
12;34911
28;34913
7;34916
15;34925
4;34936
33;34939
39;34974
25;34975
19;34976
32;34981
18;34994
18;34995
8;34996
14;35029
