sums of daily draw-off volumes
79.2
99.5
99.8
110.8
201.8
50.2
62.2
34.2
118.8
193.5
43.5
83.5
131
50.2
123
40.2
53.8
124.2
97
123
141
46.5
71.5
62
140.8
53
98
64.5
37.2
78
68.8
67
47.2
179.2
51
239.8
98.5
111.5
77.5
89.8
208.8
62
58
47.8
58
136.2
116.2
132.2
350.8
82.8
131
115
72.2
48
94
78.5
39.8
84
176
135.2
109.8
19
77.8
57
40.5
84.8
25
93.5
91.5
52
36.5
15
75.8
80.5
62.8
102.8
397.2
123.5
95.2
132.8
76.8
121.2
110
104.2
31.8
60.2
96.5
61.8
88.2
117.5
45.5
114
39
67
69.2
65
125
19.2
39.8
58.8
112.8
45.8
80.5
174.5
76.5
93
86.8
86.5
41.5
163
45.5
79.8
76.8
59.5
107.8
77.2
111.8
52
56
131.8
96.8
114.5
20.8
181
73
89
56
56.2
37.8
75.2
133.2
102.5
95.2
56
52.8
129.8
64.5
63.5
120.5
46.8
73
34
73.5
28.8
33.8
59.5
163.2
36.5
137.2
112.8
75.2
21
69.5
39
54.2
41.5
149.8
80.2
137.5
67.2
102.5
72
67.8
113.5
32.8
61
59.5
102.5
68
79.8
47.8
63.8
61
29.5
43
51.8
125.2
95.8
184.5
51
81.2
31.5
39
19.5
139
62.5
107.2
114.2
92.5
36.5
61
40
85
21
105.5
94.5
14.2
86
27.8
17.5
82.2
130.2
55.2
22.5
24
38
66
108.2
104
103.5
204.8
30.5
28
14.8
55.8
134.8
243.2
66.2
86.5
23
29.2
77.2
66.5
35.5
47
26.2
71.8
27.5
21.8
113.5
173.8
28.5
45
78.5
70
31.2
17.8
27.8
36.5
72
58.8
108.2
81.8
90
119.8
32.5
27.5
71.5
69.2
76
49.8
87
62.2
45.5
59.8
112.5
61.5
46.2
74.5
177.8
40.5
61.2
67.8
24.2
25.2
60
28
45.8
13.5
51.2
150.5
247
39.2
106.5
112.8
166.2
68.5
25.2
252.8
158.5
34.8
103.8
64
70.2
90.8
251.2
57.8
59.8
74.5
31.2
59.2
47.5
39.2
67.2
28.2
43.5
124.5
14.2
42.2
61.8
112.5
67
34.8
17.8
75
126
40.5
109.8
126.2
101.2
85
127.2
59
199.8
75.5
225
39
16.8
120
62.5
93.2
51.8
23.2
33.8
26.5
115.2
197.8
33.2
115.5
58.8
89
28.5
83.5
24.2
35.8
57.8
75.5
53.2
70.2
59
70.8
37
210.8
18.8
56.5
85.8
39.8
102.5
24.8
86
120.2
22.5
76
68.5
69.2
34.8
108
73.2
59.5
59.2
204.8
24
132.2
42.5
43.2
sums of draw-off volumes of each hour of the day
76.3
58.2
85.1
60.9
157
243.3
5264.9
7331.5
2987.8
753.4
446.7
1450.7
1631.5
515.3
656.1
983.9
896.2
745.2
706.9
923.4
1722.1
980
523.8
106.7
sums of draw-off volumes of each hour of weekdays
15.6
18.3
24.5
51.1
50.8
42.8
4247.1
5139
1406.1
395.6
209.9
1285.1
1548.4
476.4
232
137.2
92.2
430.8
646.2
769.4
1286.1
535.3
263.1
66.1
sums of draw-off volumes of each hour of weekend-days
60.7
39.9
60.6
9.8
106.2
200.5
1017.8
2192.5
1581.7
357.8
236.8
165.6
83.1
38.9
424.1
846.7
804
314.4
60.7
154
436
444.7
260.7
40.6
holidays of household(s), numbers correspond to day of year
