sums of daily draw-off volumes
93.5
49.5
84
55.5
31
104
19
26
30.5
72.5
6
15.5
96.8
87.8
31.8
24.2
21.5
18
78.5
114
21.8
0
24
16
6
69.5
163
49.2
31
85.8
41.2
30.5
64.5
87
76
31.5
29.8
49.2
12.8
15.2
18.2
20.5
26.5
24.8
2
9.5
10
13.8
45
24.8
43.8
4.8
9.5
65.2
24.5
40.5
12
77.2
11.5
13.5
77
18.5
36.5
93.8
77.2
17.8
32.5
17.2
70.8
76.8
14.8
56
39.5
35.8
57.8
61.5
32
43.5
25
40
16.5
45.8
26
66.5
22.8
68.8
35.2
7.5
11.2
68.5
57.2
71.8
22.5
6.2
9.2
25.2
14.8
18.2
27.2
9.5
54.8
7.2
20
71.5
59.2
55.8
20.8
50.5
61.5
27.5
52.2
15.8
51.2
29.8
27
104.2
10.2
11.2
109.5
13.2
201.8
10.8
109.5
17.2
99.8
27
50.5
17.2
6
50.2
64.5
64
17.2
22.8
43
40
25.8
45.5
62.8
65.2
62.5
13
72.2
16.8
14
20.8
26.8
29.2
17.5
4
6.5
8.5
19
66.2
52.8
37.8
15.2
20.8
35.8
55.2
119.8
200
60.8
103.8
50.8
46
165.2
156.2
14.5
19.2
17
38.5
85.8
14.8
50.8
15.2
14.2
46
28.2
22.2
13
122.8
12.2
34.8
7.2
11.8
16.8
51.8
11.8
6.8
20.8
35
8.2
5.5
39.8
13.2
3.8
54.8
158
33
24.2
17.5
19.2
18.8
70.5
27.5
36
18
21.2
78.5
27.2
69
17.2
9.8
155
48.5
21
46.5
44.8
54.2
55.2
7.2
24.2
39.5
15.2
17
61.2
38.8
86.2
19.8
30.8
4.2
58.5
22.2
18.2
27
19.8
13.8
43.2
34
24
44.8
16.2
219
42.5
99.8
22.5
16.8
236
6.5
71.2
14.2
76.8
25.8
32
13
11
9.8
68.5
23.2
18.2
9.2
12.2
28.5
11
47.8
55.8
22
105.2
43.5
2.5
15.2
32
20
20.5
16.5
51.2
30.8
66.5
23.8
53.8
26.5
55.5
16
13.8
72.2
18.2
6.2
17
8.5
48.8
14
22.5
14.8
10.2
11.8
18
4.5
17
25.8
19.8
4.5
27.8
60.8
8.2
9.8
26.2
17.5
25.8
36.8
14.8
20
13.2
211
33.8
3
32.2
10.2
0
46
17
0
28
46
70.5
11
26.8
16
161.8
81
13.5
32.5
23.5
59
35.8
87.2
27.5
9
33.2
31
60.8
21.5
16.8
17
19.5
98.5
66
10
20.5
99.5
17.2
194.5
64.8
52.2
43
29.2
49.5
6.5
78.8
55
40.2
48.2
32.8
65.2
24
sums of draw-off volumes of each hour of the day
27.6
8.2
43.4
13.2
28.2
12
2518
3226.5
1395.4
188.6
325.7
708.6
648.7
181.3
437.9
293.8
706
476.1
484.8
768.4
987.6
516.6
636.1
104.2
sums of draw-off volumes of each hour of weekdays
18.1
4.7
42.2
11.7
21
11
2033.3
2122.8
456.1
53.3
154.1
579.8
627.8
167.7
143
105.5
237.6
367.4
452.6
617.1
856.3
231.7
187.6
14.4
sums of draw-off volumes of each hour of weekend-days
9.5
3.5
1.2
1.5
7.2
1
484.7
1103.7
939.3
135.3
171.6
128.8
20.9
13.6
294.9
188.3
468.4
108.7
32.2
151.3
131.3
284.9
448.5
89.8
holidays of household(s), numbers correspond to day of year
