sums of daily draw-off volumes
146
209.8
87.8
126
137
116.5
173.2
88.8
120.5
157.5
234.8
29.2
120.8
145.5
155
99.2
136
191
99.8
164.5
142
174.2
28
81.5
67.8
335
115.2
138.8
104
248.8
53.5
271
84.8
162
336.2
101.5
252
114
140.5
118
161
90
94.8
49.8
176.8
190.8
76.8
109.8
86.5
71.5
101.8
134
140.2
82.5
60
158.8
46.5
158.2
126.5
55.8
68.5
95.8
29.5
118.8
42.8
116
149.2
113
132
122.8
98
141.5
98.5
125.2
192.2
132.5
96
223
174.8
220
262.2
126.2
169.8
98.8
84.2
153.5
195
94
103.8
75.2
90.8
71.8
263
57.5
158.8
149
82.5
145.2
75.5
98.5
180
80.2
272
125.5
314.2
72.5
298.2
72
215.5
134.2
152.8
128.5
93.2
163.8
91.2
132.8
133.2
55.2
213.8
91
152.8
72.2
89.8
155.8
110.8
117.8
101.2
70
93.2
98.2
269
82.5
211.8
132.8
57.2
46.8
128.8
39.5
188.2
107
176.5
47
105.5
113
105
54.2
62.5
89.5
138.2
54.5
93
127.5
227.2
105
97.5
74.8
232
94.2
43
76.5
49.2
107.8
58.2
68.8
81.8
41.8
171
197.8
52.2
137.2
103.5
209.2
227.8
433.2
225.8
115.5
127.2
38.5
187.2
85.2
109
143.5
119.5
147
95
122.8
25
107
115.2
41.8
131
181.5
108.2
97.8
240.5
69.8
137.5
107.2
82.8
28
79.2
139
129.8
66.2
90
160.2
93.5
44.5
47.8
85.5
40
27.8
57.2
68.8
18.2
65.5
196
215.8
87
70.5
120
38
97.2
84.5
167.5
79.5
139.5
95
138
83.2
113.5
136.2
97
167
30
50.8
62.8
93
35.8
126
89.8
58
150.5
61
116.5
325.8
52.2
64
81.5
78
85.5
192.5
49.8
117.5
60.5
53.2
23.2
72.2
107.5
79
45.5
54.2
127.5
64.5
109.5
95
86
58
99
30.5
112
118.2
113.8
99
120.2
50.2
46.5
143.2
34.8
96.2
131
104.8
46
75.5
84.5
133
110
266
64.2
70.8
149.8
89
133.2
233.2
59.5
170.8
146.8
45.5
61.5
236.2
238.8
50.2
97.2
121.5
114
78.8
129.2
126.2
55.5
164.8
251.8
50.5
122.8
53.8
244
103.8
101.8
230.2
158
103.5
124.2
100.2
142
344
80.2
123.8
66.2
265.5
201
133.5
68.2
37.2
91
149
88.5
186.8
167.5
82
70
90.8
140.5
58.2
95.5
191.8
39.2
98.5
113
53.2
102.8
191
273
147
113.5
271.5
106.5
87.8
230.5
106.2
101.8
142
51.5
77
91.8
336.2
149.2
sums of draw-off volumes of each hour of the day
93.7
214
135.1
62.4
47.3
77.5
8032.8
9955.7
3885.8
631.9
493.3
2378.5
2516.8
951.3
1410.8
1836.5
1342.5
1081.2
1425
1977
2434
1960.7
631.4
183.1
sums of draw-off volumes of each hour of weekdays
63.7
149.7
68.4
32.2
24.1
24.3
6432.2
6901.9
2042.5
257
408.5
2200.8
2398.2
842.3
274.4
342.4
342.6
856.2
1306.5
1692.3
1658.7
1260.7
166.1
61.4
sums of draw-off volumes of each hour of weekend-days
30
64.3
66.7
30.2
23.2
53.2
1600.6
3053.8
1843.3
374.9
84.8
177.7
118.6
109
1136.4
1494.1
999.90000000
225
118.5
284.7
775.3
700
465.3
121.7
holidays of household(s), numbers correspond to day of year
