sums of daily draw-off volumes
344.2
64
51.2
295.2
103.5
36
166.8
31.2
136.2
100.8
100
79
60
221.2
112.2
68
81.8
68
43.2
115
67.2
92
115
241
162
67.5
94.8
156.2
191.2
100.5
134.5
137.2
110.2
92.2
129.2
109.8
81.8
36.8
56.8
57.2
117.2
146
102.2
207
111.8
124.8
69.2
110.2
167.8
205.2
62.8
320.2
76.2
166
218.8
184.2
45.5
85.5
117.2
77.8
70.5
172.8
201.5
150.5
130.2
41.2
97
31.2
242.2
118
228.2
195
142.8
184
150.5
170.5
150.8
92
147.2
67.8
264.2
164
134.2
109.2
35
122
140.8
87.2
97.5
69
106.5
91.5
430.8
37
143
122.2
143.2
205
124.5
97.5
109.2
115.8
113.5
137.8
139.5
149.8
209.2
58.8
85
154
152.5
212
102.8
35.8
102
134.2
126.5
225.2
153.5
54
59.5
132.2
47
82.2
155.2
104
286
45.5
130.8
97
57.2
98.5
156
65.5
102.5
98.8
142.5
169.8
149
253.8
123.2
88.5
41.5
119.5
67.2
135
122.8
18.2
76.8
126
144.8
210.5
246
76
78.8
82.8
22.2
88
126.2
118.2
96.5
77
58.8
191.5
196.5
77.8
74
62
141
169.2
59
78.2
120.8
96.5
67.2
54.5
89
177.8
188
78.8
97
147
108.5
141.5
84.2
110.2
85.5
176.8
91.8
69
94.2
49.5
70.2
30.8
60.5
255.2
123.2
70.8
116
70.8
119.8
167.2
152.5
127.2
106.8
40.2
149
37.5
120.2
119
68
58.8
84.5
36.8
65
190.5
75.8
41.5
43.5
138.2
47.2
122
93.8
114.2
346.5
108.8
85.2
87
100.2
64.8
111.5
204.5
53.5
87.5
130
95.5
98
163.8
86.8
97
128.5
101.5
140.2
138.2
157.2
292.8
99.2
95
184.5
114.8
42
90.8
22.2
144.2
106
84.8
68.2
67
122
109
61.8
57
102.2
249.5
95.2
64.5
81.5
140.5
65.5
188.5
89
96.2
182.5
44.2
72.2
98.5
62.8
112.2
73
146.5
106
295.2
39
44
40
147
185
92.8
124.2
68.2
99.5
247.5
108.5
76.8
82.2
112.5
113.5
136.2
50.8
95.5
95.2
66.8
83.5
105.5
128.5
36
358.8
101.2
99.5
215.2
153.8
196.2
111.8
213.8
100.5
77.5
89.2
23.5
136.5
80
125.5
105.8
166.2
139.8
342.2
86.2
158.2
112.8
97.2
59.8
167.5
99
200.2
58.2
197.2
126.8
137.8
114.8
122.8
123.8
94
428
115.2
214.5
70.8
48.2
238.8
175.8
140.2
129.5
140
52
262.8
63.5
41
125.5
217.8
133
113.5
129
51.5
66.2
288.5
110
109.2
sums of draw-off volumes of each hour of the day
166.4
144.8
256.1
117.9
73.3
91.1
7779.4
9885.1
3857.8
1156.5
459.7
2784.8
2651.1
1343.6
1164
1891
1349.5
885.3
1492.1
1920.3
1954.4
1410.9
660.7
228.3
sums of draw-off volumes of each hour of weekdays
33.2
110.3
38.6
76.8
42.2
29.1
6268.9
7050.1
1875.5
547.5
300.7
2643.8
2520.2
1174.3
251.6
227.8
337.9
510.5
1323.4
1515.3
1566.7
837.7
100.3
31.6
sums of draw-off volumes of each hour of weekend-days
133.2
34.5
217.5
41.1
31.1
62
1510.5
2835
1982.3
609
159
141
130.9
169.3
912.4
1663.2
1011.6
374.8
168.7
405
387.7
573.2
560.4
196.7
holidays of household(s), numbers correspond to day of year
