sums of daily draw-off volumes
112.5
22.2
39
27
109.5
115
106.8
85.5
33
36.5
206.5
220.8
33.2
146.5
57
107.8
56.2
46.2
13
120.2
92.2
65
52.8
48
225
41.5
81.2
117.8
82
31
40.8
47.5
83.5
75.5
84
232.5
90.5
52.5
58.5
112.5
90.8
103.2
150.2
12.2
113.5
111
30
83.5
148.5
126.5
47
82.8
68.8
36.5
31.8
105
58.2
137.5
74.5
43.5
77.2
99.5
134
277.5
60.2
58.5
69.2
61
99.5
142.5
73.8
103.5
131.8
39.2
73.2
199.2
80.2
42
25.5
49.5
104
112
93.5
101.5
64.8
78.8
61.5
40
48.2
75.2
56.8
63.2
100
33.5
159
60.5
36
19.5
62.2
59.5
100.2
72.5
115.2
47.5
21
64.8
136.2
34.8
118.5
87.8
225.5
112.2
165.8
166.8
41.2
99
81.5
57.2
81.5
33.2
112.2
81.2
110.2
91.8
42.2
62.5
21.2
28.5
48.5
72.8
58
56
124.8
73.2
33
69.8
95
89.8
125.8
61.8
101
52.8
296
62
37.8
52.8
197.2
107.8
11.2
178.5
20.2
123
64
144.2
29.2
119.8
119.8
61.2
77.5
76.5
108.5
71.5
174.5
34.5
32.2
72.8
99.8
35.8
36.5
28.8
75.8
103.8
84.8
42.5
67.2
39.5
42.2
68.5
79.2
21.2
54
55
103.8
215.2
24.2
109.5
52.5
61.5
40.2
18
145.2
82
29.5
16
80.5
140
51.5
90
38
23
104.2
32.8
40.2
83.8
118
103.8
48.2
102.8
62.8
41
32.2
36.5
56.8
84.8
78.5
161.2
51.5
54.2
34
14.2
32.8
30
82.5
221.2
41
61
105
62.2
41
76
109.2
36
26.8
29.8
82.8
197
124.8
30
29.2
124.5
109
38.2
92.5
218.5
99
25.8
26.8
32
40.8
17
29.5
185.8
103.5
34
91.8
258.2
19.5
116.8
90
108.2
81.5
26.5
68.5
70.5
79.2
173
91.5
35
70
38
27.2
82.8
70.5
25
28.5
81.2
31.2
33
137
49.8
81.5
96.5
35
55.5
100
17.2
79
64
42.5
26.8
36.2
45.8
137
202.8
47
113
17.2
65.5
89.8
173
39
54
101.2
121.2
122.5
24.5
133.5
92
33.2
25
95.5
73.2
36.8
55.8
41.8
26.2
84.8
36.2
140.5
94.8
57.8
131.8
102
160.8
36.2
53.5
135.8
45
145.8
66.2
32.5
176.8
45.8
19
43.2
55.5
99
135.8
121.5
23.8
160
66.2
110.8
69.8
270
121
74.2
35
141
103.5
40
54.8
38
75.5
32.2
71.2
86.5
54.5
166.2
84.8
29.5
74
216.2
31.5
71.2
sums of draw-off volumes of each hour of the day
59.1
80.3
29.3
52.2
19
78.7
4781.2
5972.5
2743.6
618.4
311.7
1897.5
1986.7
807.1
912.6
1533.8
912.4
770
1075.1
1285
1907.5
891
355.5
154.3
sums of draw-off volumes of each hour of weekdays
27.8
58.5
2.3
18.2
13.8
28.1
3967.5
4489.2
1298.7
160.1
249.8
1483.9
1905.8
623.2
191.8
189.3
250.2
570.4
1017.8
1119.6
1118.4
602.5
119.6
74.9
sums of draw-off volumes of each hour of weekend-days
31.3
21.8
27
34
5.2
50.6
813.7
1483.3
1444.9
458.3
61.9
413.6
80.9
183.9
720.8
1344.5
662.2
199.6
57.3
165.4
789.1
288.5
235.9
79.4
holidays of household(s), numbers correspond to day of year
