32;8
9;18
6;20
18;29
178;30
370;32
26;52
8;53
2;70
18;77
3;84
22;126
195;127
11;128
32;138
2;146
4;159
14;172
5;179
3;182
161;183
11;222
70;223
38;224
16;243
20;244
31;265
3;267
39;273
54;275
30;277
13;278
57;317
61;318
47;341
22;362
11;367
41;368
20;369
25;373
37;374
7;376
23;405
180;413
111;414
28;415
19;416
33;429
4;432
19;433
17;435
31;450
14;468
12;470
9;503
17;505
15;511
11;512
11;513
2;514
11;516
3;539
14;541
35;546
3;547
3;548
28;563
35;565
8;569
12;572
24;573
171;602
2;605
154;606
51;607
47;608
246;609
12;610
17;611
18;612
14;613
159;618
11;619
51;638
163;642
23;643
18;662
21;663
8;667
37;701
4;702
20;703
32;704
10;705
210;722
171;723
20;724
37;739
34;755
19;758
3;760
31;772
10;796
54;797
205;798
6;799
4;808
2;817
31;818
26;819
29;820
18;824
32;842
25;867
44;893
16;894
11;895
9;896
7;908
34;914
16;925
19;935
16;936
27;941
166;943
168;947
13;949
3;962
52;989
52;990
48;991
42;992
40;1010
4;1011
8;1012
36;1040
36;1048
3;1079
46;1085
193;1086
27;1087
14;1088
10;1105
17;1107
31;1109
163;1123
4;1136
25;1137
25;1143
14;1157
33;1181
166;1183
50;1184
26;1185
37;1186
20;1192
32;1193
36;1216
29;1218
10;1226
25;1233
9;1238
9;1239
165;1240
51;1277
584;1278
24;1280
8;1281
28;1282
74;1284
11;1294
2;1303
6;1310
16;1313
10;1326
9;1350
29;1358
22;1373
10;1374
91;1375
31;1376
7;1380
31;1388
10;1393
5;1394
9;1395
51;1396
22;1400
19;1417
32;1424
23;1432
11;1460
11;1469
9;1470
69;1471
167;1472
27;1489
81;1490
22;1492
146;1500
157;1513
28;1515
31;1521
27;1522
1;1525
50;1565
207;1566
194;1567
21;1568
7;1574
33;1585
1;1586
59;1588
23;1600
13;1614
8;1616
179;1618
6;1661
72;1662
198;1663
173;1664
33;1675
33;1681
7;1683
12;1684
16;1696
27;1708
20;1709
3;1711
17;1720
46;1757
25;1758
164;1759
54;1760
3;1776
40;1777
162;1780
10;1781
10;1798
174;1801
19;1812
4;1813
27;1834
9;1853
59;1854
51;1855
5;1856
35;1857
14;1859
1;1880
20;1885
57;1887
21;1888
6;1890
19;1900
22;1915
4;1916
33;1931
4;1950
30;1951
39;1952
23;1953
18;1954
24;1955
12;1956
4;1973
1;1981
9;1982
26;1984
7;2005
6;2006
39;2008
46;2011
53;2045
58;2046
10;2047
228;2048
4;2063
34;2065
13;2066
27;2067
11;2092
152;2093
18;2103
3;2141
3;2142
145;2143
39;2144
3;2152
36;2163
5;2164
17;2170
25;2200
30;2219
10;2237
6;2238
62;2239
73;2240
10;2247
29;2251
5;2252
161;2257
19;2258
18;2260
153;2272
31;2287
1;2288
11;2291
175;2334
197;2335
24;2345
8;2355
30;2360
12;2377
17;2380
6;2385
25;2388
54;2429
41;2430
7;2431
33;2432
2;2444
2;2450
143;2451
11;2452
18;2465
7;2471
9;2478
2;2525
24;2526
179;2527
28;2528
16;2530
162;2532
2;2545
6;2546
13;2559
23;2560
4;2562
30;2564
15;2580
10;2622
185;2623
192;2624
22;2626
39;2627
24;2628
24;2642
25;2643
6;2648
1;2653
4;2656
45;2657
8;2660
8;2661
6;2673
8;2675
8;2714
5;2717
63;2718
13;2719
24;2720
5;2721
13;2738
1;2772
102;2813
3;2814
159;2815
159;2816
26;2818
3;2835
21;2836
21;2850
6;2858
3;2862
13;2863
11;2866
41;2870
23;2872
196;2909
20;2911
29;2912
18;2929
27;2930
2;2931
8;2956
23;2966
25;3006
53;3007
22;3026
30;3028
11;3050
10;3053
22;3060
15;3061
51;3101
29;3102
13;3103
35;3104
11;3121
3;3123
9;3124
19;3168
57;3197
177;3199
13;3200
17;3201
73;3203
26;3216
23;3217
2;3218
54;3229
174;3230
20;3231
586;3232
5;3233
17;3235
2;3260
6;3271
18;3275
28;3293
46;3294
27;3296
177;3297
28;3298
18;3299
164;3301
11;3305
4;3325
28;3327
11;3328
24;3331
1;3351
11;3360
6;3390
32;3391
44;3392
15;3409
31;3410
2;3424
36;3448
164;3485
43;3486
30;3499
14;3500
157;3504
28;3505
47;3506
174;3507
23;3530
156;3535
16;3539
26;3541
8;3570
5;3571
20;3581
3;3582
6;3583
43;3584
2;3592
16;3594
20;3603
29;3604
14;3609
14;3618
34;3624
30;3627
14;3635
174;3639
26;3677
15;3678
54;3679
162;3680
10;3682
1;3691
3;3693
35;3699
40;3700
22;3720
13;3723
19;3724
2;3735
156;3745
16;3774
347;3776
29;3784
194;3793
9;3796
8;3826
22;3827
11;3828
11;3830
46;3832
3;3847
18;3859
11;3862
162;3870
18;3872
2;3873
46;3874
27;3875
10;3876
4;3884
14;3888
7;3890
21;3903
11;3904
28;3916
28;3923
20;3928
51;3930
5;3960
161;3966
33;3967
8;3969
69;3970
18;3971
33;3972
11;3997
4;4000
10;4003
19;4008
14;4013
33;4015
8;4021
24;4060
43;4061
8;4062
51;4063
36;4081
29;4082
30;4106
35;4107
18;4157
327;4158
86;4159
195;4160
3;4177
23;4178
8;4180
26;4194
12;4203
32;4253
61;4254
26;4255
10;4256
23;4273
20;4276
36;4300
50;4349
35;4350
17;4351
13;4352
5;4354
1;4367
33;4370
5;4372
6;4391
3;4395
16;4398
22;4403
20;4431
175;4445
29;4446
48;4447
21;4448
18;4458
14;4467
2;4492
30;4493
4;4502
33;4504
26;4542
7;4544
183;4545
21;4546
6;4550
9;4558
15;4568
10;4576
11;4577
20;4579
5;4585
7;4593
170;4598
38;4601
168;4602
34;4605
9;4615
52;4637
2;4638
29;4641
5;4643
12;4648
160;4655
4;4659
13;4670
16;4671
4;4673
27;4674
37;4694
5;4696
31;4733
29;4734
27;4735
3;4736
17;4753
13;4756
10;4783
145;4830
24;4832
9;4836
18;4841
21;4844
1;4846
9;4849
5;4852
7;4861
9;4868
36;4874
37;4876
35;4878
17;4886
35;4925
61;4926
88;4927
25;4928
18;4940
26;4945
9;4946
13;4958
165;4966
24;4968
200;5021
54;5022
18;5023
53;5024
24;5028
171;5037
35;5038
27;5042
5;5043
14;5068
11;5069
13;5072
20;5074
31;5080
159;5110
18;5117
17;5118
9;5119
57;5120
32;5134
12;5137
23;5138
28;5171
32;5172
24;5174
1;5175
37;5214
29;5215
27;5216
4;5217
11;5218
161;5219
10;5220
15;5237
15;5240
12;5247
46;5248
3;5250
27;5252
19;5265
32;5271
1;5285
3;5309
78;5310
27;5314
56;5316
33;5327
2;5339
4;5341
6;5343
14;5345
7;5346
24;5347
30;5370
24;5371
5;5405
68;5406
19;5408
4;5410
28;5414
15;5421
2;5425
16;5427
7;5428
20;5434
14;5441
23;5452
6;5453
17;5457
5;5461
33;5498
37;5501
65;5502
55;5503
52;5504
5;5522
9;5524
27;5528
35;5529
6;5552
23;5578
12;5596
56;5597
8;5598
57;5600
28;5617
14;5618
19;5619
9;5631
12;5641
13;5650
4;5654
35;5655
36;5693
237;5694
171;5695
16;5696
11;5699
21;5716
20;5736
19;5749
5;5789
21;5791
25;5792
11;5794
175;5805
149;5808
15;5809
8;5810
167;5829
5;5833
8;5845
16;5847
6;5875
31;5886
39;5887
30;5889
86;5891
38;5892
23;5895
20;5901
43;5917
150;5918
13;5919
18;5921
5;5923
4;5924
3;5930
11;5945
27;5956
7;5977
15;5981
3;5982
11;5984
72;5985
13;5986
36;5988
25;5996
3;6009
17;6015
5;6016
175;6019
1;6040
35;6042
23;6077
222;6078
6;6079
31;6091
31;6093
20;6097
8;6098
1;6129
56;6173
330;6174
36;6175
20;6176
11;6181
15;6185
1;6193
29;6196
4;6203
6;6215
8;6217
21;6218
8;6220
2;6223
12;6224
23;6229
180;6269
10;6270
21;6271
48;6272
32;6286
166;6291
55;6292
10;6296
21;6304
9;6311
3;6318
166;6326
4;6365
35;6367
76;6368
154;6385
181;6388
24;6415
17;6417
16;6418
5;6421
13;6430
191;6461
34;6463
7;6464
7;6472
5;6474
32;6481
11;6483
11;6484
13;6509
20;6511
2;6516
6;6518
22;6520
5;6558
171;6559
2;6560
27;6562
171;6564
24;6567
20;6582
35;6595
32;6596
17;6614
23;6615
53;6617
22;6620
26;6649
35;6653
27;6655
53;6656
74;6657
16;6658
26;6659
24;6660
6;6675
3;6688
1;6689
1;6690
26;6691
193;6692
23;6695
10;6707
10;6709
9;6710
15;6749
61;6750
1;6751
66;6752
17;6770
18;6771
26;6772
36;6795
28;6798
7;6801
9;6845
9;6846
21;6847
184;6848
19;6850
31;6856
9;6859
153;6865
2;6867
22;6880
7;6881
44;6894
27;6896
25;6898
21;6901
54;6943
19;6944
14;6961
228;6962
8;6963
35;6964
7;6968
25;6970
5;6974
1;6995
165;6998
6;7034
38;7037
4;7038
57;7039
12;7044
40;7057
39;7060
15;7062
163;7088
15;7093
11;7128
35;7133
30;7135
13;7136
25;7156
14;7177
8;7180
171;7188
25;7190
6;7192
20;7230
177;7231
11;7233
39;7234
9;7235
32;7260
36;7261
51;7263
35;7267
9;7270
14;7271
33;7285
3;7289
31;7291
34;7293
35;7307
183;7325
167;7327
33;7329
33;7331
3;7332
40;7333
14;7343
7;7357
6;7358
149;7359
53;7360
22;7379
157;7380
24;7421
24;7422
83;7423
51;7424
168;7442
37;7444
11;7447
10;7455
8;7463
168;7472
30;7476
11;7477
8;7517
16;7518
21;7519
76;7520
17;7527
152;7537
26;7538
26;7541
2;7552
156;7556
17;7565
6;7568
64;7613
10;7614
29;7615
26;7616
36;7634
82;7635
34;7636
26;7664
26;7709
51;7710
32;7711
34;7712
155;7721
38;7724
36;7731
8;7754
4;7755
28;7764
198;7805
55;7807
54;7808
21;7815
13;7820
4;7825
33;7826
1;7827
4;7849
26;7876
161;7879
204;7903
56;7905
22;7906
339;7907
25;7908
17;7912
10;7916
22;7935
168;7936
34;7937
2;7952
6;7955
15;7997
22;7998
36;7999
34;8001
38;8002
3;8003
9;8004
2;8011
4;8025
6;8026
22;8030
28;8031
26;8050
28;8052
17;8054
21;8056
26;8060
18;8089
12;8093
39;8094
24;8095
10;8096
21;8111
29;8114
1;8116
22;8117
19;8119
167;8120
24;8123
2;8125
27;8140
10;8149
23;8151
2;8187
31;8189
350;8190
45;8192
20;8200
30;8209
33;8211
24;8212
31;8241
40;8245
26;8285
64;8286
19;8287
3;8288
24;8297
11;8304
40;8308
19;8311
9;8318
3;8328
26;8333
8;8335
1;8341
206;8381
5;8382
29;8383
93;8384
173;8402
2;8403
17;8404
148;8434
3;8440
6;8454
172;8477
26;8478
38;8479
24;8480
22;8498
16;8500
3;8521
14;8527
6;8570
23;8573
34;8574
67;8575
155;8576
174;8577
10;8578
67;8579
37;8580
1;8582
2;8594
8;8606
12;8607
28;8611
3;8618
29;8619
20;8620
81;8667
23;8668
49;8669
13;8670
16;8671
2;8697
18;8698
2;8699
558;8701
33;8703
35;8704
11;8718
9;8719
15;8727
14;8728
30;8761
32;8763
20;8764
11;8783
10;8804
12;8808
11;8820
13;8838
39;8857
89;8859
25;8860
151;8880
29;8895
5;8905
47;8906
25;8908
7;8931
62;8953
59;8955
68;8975
172;9000
19;9006
2;9007
44;9009
230;9049
47;9050
101;9051
198;9052
160;9071
15;9074
7;9085
159;9095
14;9097
173;9098
7;9101
9;9104
4;9108
15;9145
28;9146
105;9147
107;9148
30;9165
3;9167
26;9195
1;9196
17;9197
14;9221
31;9241
2;9246
28;9248
3;9256
9;9268
2;9275
7;9276
36;9277
1;9278
48;9279
160;9280
16;9291
5;9298
4;9302
2;9326
25;9337
5;9338
34;9340
4;9343
13;9347
24;9354
1;9372
27;9375
68;9394
11;9398
11;9433
25;9434
280;9435
9;9436
6;9454
40;9456
6;9461
16;9471
22;9477
7;9486
4;9488
30;9529
44;9530
35;9531
9;9535
35;9550
169;9563
7;9568
9;9570
2;9592
15;9627
66;9628
8;9631
3;9645
28;9648
35;9672
28;9676
16;9679
17;9681
5;9682
12;9684
36;9721
41;9723
1;9724
18;9741
19;9742
11;9743
15;9765
564;9768
28;9775
17;9776
11;9817
36;9818
15;9837
15;9838
46;9839
21;9849
33;9864
31;9873
35;9874
1;9913
190;9914
6;9915
190;9917
18;9918
30;9919
149;9920
161;9931
56;9946
22;9950
3;9952
85;9969
40;9975
170;10009
13;10013
192;10014
163;10015
54;10016
6;10026
30;10042
17;10043
197;10045
17;10056
14;10062
36;10066
41;10105
22;10106
12;10107
15;10108
16;10115
28;10120
148;10124
22;10141
17;10143
37;10152
22;10153
1;10155
15;10158
14;10160
39;10177
5;10201
39;10202
19;10203
29;10217
169;10224
2;10245
42;10247
55;10248
43;10250
37;10252
5;10258
10;10297
29;10298
30;10299
184;10300
15;10318
1;10319
189;10320
3;10341
4;10351
3;10353
40;10393
47;10394
200;10395
2;10413
9;10414
30;10416
22;10426
157;10440
27;10441
3;10452
33;10461
10;10490
9;10492
5;10509
6;10511
166;10546
19;10585
25;10586
17;10587
43;10588
161;10589
47;10590
15;10591
210;10592
29;10596
13;10615
21;10617
8;10621
3;10623
13;10624
1;10648
30;10681
10;10682
5;10683
46;10684
48;10685
22;10686
343;10687
3;10688
31;10714
567;10715
13;10720
2;10732
14;10738
22;10746
10;10777
28;10778
83;10779
45;10780
19;10785
158;10799
66;10800
23;10805
3;10818
5;10819
9;10828
58;10873
370;10875
55;10894
3;10895
10;10897
30;10901
11;10920
17;10922
34;10923
2;10932
7;10943
26;10969
55;10970
152;10971
44;10972
29;10981
12;10989
19;10990
11;10991
18;11013
5;11023
8;11027
21;11033
25;11065
12;11067
2;11068
1;11073
26;11085
44;11087
31;11088
10;11117
13;11122
32;11161
185;11162
240;11163
10;11164
20;11172
35;11181
24;11182
7;11183
29;11184
15;11187
26;11202
3;11208
146;11215
36;11219
560;11257
50;11258
40;11259
21;11260
27;11261
56;11262
42;11264
19;11290
25;11292
26;11294
26;11296
25;11306
12;11309
7;11319
12;11344
23;11355
32;11358
40;11359
37;11360
14;11367
26;11374
5;11376
27;11379
20;11382
18;11385
10;11387
182;11389
10;11390
38;11402
2;11406
20;11407
34;11412
18;11449
15;11450
16;11451
71;11452
1;11483
14;11491
13;11496
8;11503
7;11506
4;11542
28;11546
26;11547
46;11548
39;11551
11;11553
12;11554
37;11566
168;11567
24;11568
8;11577
1;11584
33;11589
22;11601
1;11603
58;11641
29;11642
559;11643
33;11644
2;11661
34;11662
2;11668
13;11680
3;11685
52;11690
32;11694
1;11695
8;11697
11;11736
24;11737
4;11738
14;11739
42;11740
4;11756
595;11757
27;11758
1;11796
6;11833
41;11834
20;11835
54;11836
4;11849
152;11881
31;11882
2;11886
37;11925
28;11929
158;11930
32;11933
15;11934
22;11935
30;11962
9;11963
51;11964
35;11966
5;11967
160;11968
23;11972
144;11977
17;11988
23;11989
21;11991
13;12004
15;12009
4;12026
51;12027
38;12028
31;12029
27;12030
22;12031
17;12057
9;12060
10;12061
39;12064
29;12067
569;12077
9;12080
16;12087
69;12121
191;12122
35;12123
1;12124
21;12140
22;12141
50;12142
14;12157
34;12168
20;12171
28;12172
19;12176
31;12180
24;12217
57;12218
34;12219
27;12220
14;12237
5;12238
16;12240
15;12267
5;12288
29;12313
35;12314
19;12315
77;12316
28;12334
4;12336
15;12356
13;12360
24;12361
28;12362
21;12371
7;12410
8;12411
51;12412
7;12414
26;12429
5;12431
14;12463
20;12468
31;12484
9;12505
19;12506
177;12507
20;12508
5;12518
23;12527
8;12528
9;12530
9;12531
12;12546
48;12551
27;12555
22;12557
7;12559
7;12563
38;12601
25;12602
12;12604
8;12606
11;12607
150;12608
5;12616
14;12633
64;12636
13;12637
4;12639
28;12640
16;12643
17;12649
32;12662
25;12664
9;12675
30;12697
30;12698
40;12699
17;12701
46;12702
203;12703
161;12704
5;12718
3;12734
25;12735
162;12754
197;12793
7;12794
66;12796
9;12801
26;12838
4;12844
28;12847
21;12848
27;12889
2;12890
35;12891
727;12892
22;12903
13;12910
5;12922
26;12923
25;12930
5;12939
12;12943
28;12946
27;12947
132;12985
307;12986
14;12991
26;12994
188;13006
44;13007
32;13017
15;13027
162;13029
10;13031
1;13033
7;13038
14;13040
20;13048
10;13070
40;13081
71;13082
51;13083
5;13101
165;13102
157;13104
13;13111
18;13122
37;13127
36;13177
25;13178
159;13179
14;13185
10;13198
9;13200
6;13230
23;13233
31;13255
3;13269
27;13273
20;13274
22;13278
4;13279
15;13280
22;13294
16;13305
21;13309
15;13311
8;13369
22;13371
3;13372
4;13373
37;13374
13;13405
16;13406
57;13407
159;13408
2;13430
15;13458
44;13465
18;13466
16;13467
21;13468
155;13486
1;13488
160;13561
22;13562
24;13563
21;13564
23;13566
25;13582
7;13583
159;13614
21;13657
2;13658
9;13659
30;13660
9;13680
1;13683
10;13696
25;13700
6;13702
23;13705
214;13753
59;13755
31;13756
38;13773
7;13775
164;13776
15;13797
23;13800
8;13806
31;13809
10;13810
4;13811
5;13826
9;13847
43;13849
61;13851
69;13852
12;13861
29;13870
28;13873
4;13885
567;13893
10;13894
40;13946
24;13949
14;13950
3;13951
12;13979
39;13981
3;13982
169;13984
31;13999
20;14006
12;14007
8;14030
10;14041
12;14042
71;14043
6;14045
91;14047
9;14056
25;14072
153;14075
28;14077
5;14078
22;14079
30;14137
30;14138
24;14139
66;14140
18;14145
24;14157
66;14158
5;14159
17;14161
34;14187
33;14189
18;14193
27;14196
173;14233
187;14234
14;14236
33;14244
9;14249
171;14253
6;14254
2;14255
32;14256
9;14286
8;14288
31;14329
6;14330
9;14331
8;14332
2;14349
11;14350
9;14369
37;14374
11;14376
29;14411
8;14425
30;14426
37;14427
70;14428
22;14432
13;14447
12;14448
15;14449
3;14480
8;14484
58;14521
67;14522
10;14523
10;14530
38;14541
22;14543
27;14544
15;14568
16;14575
164;14578
2;14590
3;14598
15;14603
36;14617
5;14618
55;14619
116;14621
1;14622
35;14650
9;14651
20;14654
5;14655
2;14662
31;14672
7;14687
155;14697
13;14713
31;14714
23;14715
34;14716
32;14717
154;14718
4;14719
39;14720
150;14746
155;14769
3;14775
26;14799
194;14809
225;14812
23;14822
3;14827
10;14829
1;14830
2;14832
21;14857
23;14862
91;14906
338;14907
168;14908
158;14915
34;14927
19;14928
37;14949
40;14951
27;14954
164;14956
14;14960
21;14961
23;14963
26;15001
89;15003
90;15004
7;15015
41;15021
10;15025
3;15040
76;15097
34;15099
49;15100
157;15117
7;15119
4;15120
20;15134
19;15147
16;15154
43;15193
17;15194
4;15196
6;15210
166;15214
13;15215
20;15237
17;15244
3;15245
2;15248
23;15289
17;15292
18;15293
742;15295
16;15296
22;15317
13;15321
27;15322
14;15323
3;15324
30;15325
4;15332
41;15334
20;15337
25;15344
1;15352
11;15354
27;15369
16;15385
29;15386
7;15387
19;15388
36;15389
62;15390
12;15394
25;15396
164;15417
15;15419
157;15420
7;15421
6;15445
33;15481
18;15482
6;15483
8;15486
31;15492
14;15501
51;15503
22;15508
11;15510
24;15533
163;15535
563;15575
18;15577
20;15578
26;15579
2;15580
19;15590
5;15592
1;15600
11;15625
18;15634
39;15635
19;15672
6;15673
9;15674
21;15675
10;15676
12;15683
1;15694
17;15696
19;15717
7;15769
29;15770
45;15771
1;15772
32;15790
4;15802
8;15823
3;15825
39;15826
18;15841
19;15865
5;15866
16;15867
166;15868
12;15874
7;15886
25;15887
12;15909
6;15913
6;15960
13;15961
31;15963
12;15964
10;15979
5;15993
19;15996
9;15997
35;15999
11;16002
9;16015
11;16018
36;16023
8;16058
4;16059
150;16060
13;16061
10;16064
21;16069
29;16074
3;16083
23;16089
1;16090
17;16092
25;16094
20;16096
1;16103
4;16107
53;16153
11;16155
26;16174
8;16175
7;16176
6;16199
19;16202
30;16205
6;16212
4;16248
24;16249
23;16250
30;16251
561;16269
13;16271
8;16272
2;16294
31;16295
26;16304
3;16306
3;16319
45;16345
73;16346
9;16347
4;16348
11;16355
22;16367
8;16400
6;16404
18;16417
605;16441
223;16442
45;16443
31;16444
2;16461
5;16462
10;16481
29;16486
23;16494
2;16498
26;16537
231;16538
76;16539
26;16556
7;16559
36;16560
19;16582
28;16586
18;16588
4;16589
8;16591
20;16594
52;16596
33;16634
20;16635
26;16636
182;16637
39;16638
28;16640
29;16644
26;16645
55;16665
19;16668
16;16669
9;16670
15;16688
11;16696
5;16700
57;16730
3;16733
17;16735
21;16736
15;16738
14;16749
17;16761
63;16764
26;16766
4;16767
30;16768
33;16773
33;16786
21;16815
63;16825
3;16826
36;16827
40;16828
15;16845
9;16846
4;16856
8;16862
11;16864
21;16868
26;16870
23;16875
12;16879
43;16921
41;16922
23;16923
182;16924
23;16928
167;16939
9;16941
4;16942
10;16943
32;16944
11;16948
6;16972
3;16974
2;16980
6;17017
219;17018
59;17019
30;17020
22;17037
3;17058
3;17062
34;17063
10;17072
14;17113
25;17114
59;17116
165;17125
30;17129
28;17135
60;17136
10;17158
31;17168
8;17170
8;17171
33;17210
34;17211
180;17212
8;17230
21;17231
26;17254
25;17261
164;17276
34;17278
162;17305
2;17307
10;17308
13;17312
8;17335
6;17341
29;17342
25;17343
7;17349
3;17353
17;17361
24;17362
5;17366
14;17369
30;17370
4;17401
55;17402
20;17403
28;17404
36;17406
10;17408
163;17412
19;17434
3;17436
5;17437
12;17439
27;17440
20;17462
230;17497
5;17498
36;17499
30;17518
4;17519
4;17554
9;17592
53;17593
69;17594
11;17595
43;17596
38;17609
31;17614
30;17615
24;17639
20;17642
16;17689
76;17690
171;17702
24;17703
1;17706
29;17712
19;17724
28;17740
40;17785
180;17786
49;17787
35;17788
39;17805
15;17806
8;17807
9;17808
21;17814
26;17822
3;17831
27;17833
3;17837
4;17840
35;17881
19;17883
179;17884
17;17901
21;17902
25;17903
10;17904
7;17911
19;17977
8;17979
36;17980
22;17982
13;18004
18;18012
1;18015
14;18016
18;18033
12;18050
21;18074
30;18075
162;18076
6;18077
335;18078
56;18080
147;18108
9;18110
12;18114
57;18127
26;18129
383;18169
44;18170
4;18171
24;18172
60;18189
86;18192
18;18214
2;18220
16;18222
31;18225
92;18265
154;18266
48;18267
12;18268
2;18271
156;18287
25;18288
9;18298
158;18317
23;18361
42;18362
67;18363
3;18364
1;18369
152;18372
9;18382
23;18384
4;18399
1;18415
155;18431
15;18458
30;18459
29;18460
6;18461
20;18470
163;18478
7;18500
9;18507
35;18509
8;18553
3;18554
3;18555
44;18556
14;18573
4;18598
8;18603
18;18604
3;18610
21;18617
44;18650
8;18652
13;18653
46;18654
54;18656
154;18658
16;18674
20;18684
23;18685
15;18686
61;18687
3;18702
25;18705
16;18707
575;18709
30;18746
25;18747
8;18748
7;18749
15;18750
9;18751
6;18752
25;18761
31;18779
15;18781
17;18782
11;18802
104;18806
24;18824
163;18842
65;18844
16;18861
1;18862
9;18864
29;18880
14;18884
2;18889
10;18897
13;18919
29;18922
1;18927
49;18937
28;18938
183;18939
32;18940
11;18957
37;18959
22;18960
27;18984
35;19033
12;19035
44;19036
18;19044
2;19053
22;19054
32;19055
32;19058
38;19082
16;19083
20;19102
38;19129
14;19130
31;19131
8;19134
5;19136
2;19150
15;19169
10;19172
3;19174
30;19177
26;19181
23;19187
25;19225
29;19226
39;19227
25;19228
23;19248
37;19265
13;19267
21;19270
23;19272
33;19277
160;19283
7;19322
15;19323
8;19325
39;19328
2;19331
26;19349
163;19351
14;19354
2;19358
21;19359
14;19405
19;19420
220;19421
30;19424
17;19449
177;19450
32;19452
152;19455
26;19456
9;19474
155;19475
156;19479
3;19486
9;19515
9;19516
12;19535
27;19536
7;19562
8;19565
62;19610
11;19612
17;19630
1;19632
2;19664
17;19668
6;19705
32;19707
72;19708
14;19749
25;19755
17;19764
6;19801
40;19802
48;19804
155;19821
8;19822
11;19823
39;19824
25;19853
23;19855
145;19860
34;19891
97;19897
15;19898
1;19900
10;19917
28;19930
13;19945
24;19951
19;19967
45;19995
5;19996
4;19998
46;19999
17;20006
30;20027
3;20028
1;20029
11;20030
36;20047
14;20053
20;20089
12;20090
12;20091
5;20092
18;20093
51;20094
31;20095
19;20100
18;20121
5;20124
12;20125
159;20126
7;20127
18;20141
2;20144
19;20145
16;20147
24;20152
158;20185
5;20186
4;20205
35;20240
34;20241
22;20243
563;20244
13;20261
3;20277
4;20281
42;20283
492;20284
13;20299
4;20301
40;20302
16;20303
27;20305
10;20314
23;20325
18;20326
190;20334
15;20337
2;20339
26;20356
4;20377
24;20378
84;20379
9;20380
27;20398
6;20428
160;20435
40;20436
41;20475
5;20476
28;20486
164;20495
4;20518
21;20528
173;20536
157;20569
3;20570
15;20571
162;20572
26;20592
1;20597
45;20619
2;20628
6;20666
29;20667
24;20670
568;20671
17;20677
11;20684
34;20700
17;20702
17;20704
15;20720
8;20726
56;20728
3;20764
5;20765
18;20766
3;20793
23;20795
13;20799
16;20817
7;20819
29;20858
19;20877
1;20878
1;20879
33;20913
19;20914
153;20954
332;20955
29;20956
161;20957
32;20959
3;20997
28;21009
16;21050
17;21051
4;21052
28;21058
7;21060
203;21145
56;21146
169;21147
91;21148
21;21167
53;21168
33;21189
31;21191
162;21198
28;21203
11;21204
16;21242
47;21244
189;21262
24;21267
20;21286
16;21290
9;21292
34;21316
28;21337
49;21338
31;21340
19;21341
3;21344
3;21351
163;21370
74;21372
174;21374
149;21376
10;21377
157;21385
31;21390
301;21433
2;21434
11;21436
157;21438
187;21439
5;21440
5;21457
20;21465
203;21467
2;21471
2;21472
157;21492
8;21495
2;21520
10;21529
66;21530
2;21532
28;21549
28;21550
10;21564
18;21573
20;21577
13;21582
203;21626
61;21628
161;21646
27;21673
24;21680
230;21721
48;21722
29;21723
178;21724
194;21725
1;21741
3;21751
32;21771
12;21777
597;21817
39;21818
6;21837
33;21838
19;21839
4;21840
4;21850
3;21873
21;21914
191;21915
183;21916
160;21935
10;21950
23;21959
12;21970
3;22009
9;22010
211;22011
41;22012
42;22013
33;22015
30;22041
5;22042
62;22043
38;22045
13;22046
11;22059
12;22066
5;22067
19;22068
20;22071
2;22093
24;22096
11;22097
44;22105
79;22106
6;22107
8;22108
47;22109
8;22110
24;22111
10;22137
25;22138
10;22143
12;22144
9;22167
24;22183
24;22201
29;22203
47;22204
5;22220
24;22224
2;22251
4;22259
187;22297
30;22298
48;22299
39;22300
31;22307
25;22319
7;22335
26;22349
1;22350
6;22355
1;22357
24;22393
43;22395
42;22396
59;22414
24;22415
13;22416
561;22444
7;22446
14;22451
1;22452
15;22489
62;22490
77;22491
25;22510
9;22511
9;22544
169;22547
40;22586
31;22587
57;22588
7;22597
1;22605
40;22608
18;22629
13;22641
18;22642
22;22683
33;22684
11;22685
31;22686
8;22687
160;22688
3;22692
179;22694
18;22696
28;22712
556;22716
9;22718
183;22720
7;22741
151;22768
38;22777
2;22778
17;22779
29;22780
159;22782
6;22783
1;22784
14;22795
166;22801
12;22809
151;22813
28;22814
2;22816
153;22822
1;22826
18;22830
3;22838
31;22839
211;22873
25;22874
24;22875
9;22876
156;22895
9;22896
13;22897
32;22917
15;22922
20;22926
2;22929
11;22956
13;22969
49;22970
43;22971
12;22972
7;22992
9;23017
29;23021
27;23025
24;23028
1;23044
7;23065
5;23076
1;23085
18;23087
13;23088
12;23110
31;23111
10;23115
16;23161
46;23162
29;23163
31;23164
6;23176
13;23177
20;23182
32;23184
6;23197
147;23208
19;23213
4;23215
6;23219
37;23257
16;23258
2;23271
13;23301
25;23304
12;23307
8;23310
184;23354
37;23356
28;23358
52;23359
14;23360
173;23385
10;23386
39;23387
18;23389
5;23395
22;23411
7;23414
12;23449
50;23450
17;23451
10;23452
9;23455
17;23456
6;23469
4;23481
14;23483
8;23484
24;23486
4;23487
1;23509
27;23511
5;23512
30;23545
19;23546
94;23547
202;23548
6;23556
18;23558
32;23561
32;23567
18;23568
18;23590
1;23594
5;23597
5;23599
16;23601
179;23641
4;23643
167;23644
28;23689
61;23737
54;23738
3;23739
14;23749
19;23759
38;23772
162;23778
20;23782
20;23784
4;23792
18;23795
14;23833
30;23834
17;23835
2;23853
22;23854
155;23855
5;23856
2;23877
7;23884
8;23886
49;23929
7;23930
2;23931
26;23932
21;23949
19;23950
1;23974
10;23979
19;23982
25;23983
6;23986
29;24007
6;24026
32;24027
12;24028
10;24030
47;24031
19;24032
25;24057
8;24060
5;24061
4;24062
3;24064
31;24081
31;24121
2;24122
15;24123
18;24130
5;24137
607;24153
15;24154
17;24155
4;24157
35;24177
5;24217
14;24218
13;24219
4;24220
37;24240
154;24246
15;24268
6;24273
20;24313
47;24314
29;24315
29;24333
23;24334
23;24336
5;24354
4;24363
172;24400
82;24409
21;24410
53;24412
10;24421
1;24428
34;24429
16;24430
9;24431
26;24432
24;24457
4;24458
16;24459
22;24464
3;24468
5;24484
15;24505
6;24506
27;24507
6;24508
6;24525
11;24527
36;24528
160;24562
27;24564
2;24594
22;24601
22;24602
45;24603
1;24604
8;24621
5;24623
30;24624
5;24636
30;24645
27;24649
35;24656
5;24657
26;24697
11;24698
20;24699
45;24700
2;24702
2;24710
23;24728
22;24729
18;24733
23;24738
26;24745
31;24748
21;24751
13;24766
34;24775
17;24793
21;24794
228;24795
40;24796
30;24800
10;24826
20;24829
4;24830
24;24831
8;24849
6;24852
9;24853
25;24854
11;24875
195;24889
70;24890
47;24891
27;24892
36;24910
149;24911
18;24912
23;24930
19;24933
9;24939
8;24946
9;24957
27;24985
34;24986
162;24987
36;25005
33;25017
161;25032
15;25038
19;25042
28;25043
3;25060
27;25081
37;25082
6;25083
51;25084
157;25113
6;25121
10;25123
11;25127
5;25129
8;25134
21;25135
11;25138
65;25178
54;25179
11;25180
37;25189
20;25199
21;25200
24;25222
37;25232
152;25234
1;25256
33;25273
172;25274
36;25275
11;25276
2;25294
28;25295
4;25324
19;25327
43;25328
13;25329
8;25344
24;25349
164;25371
22;25372
20;25373
175;25376
7;25402
145;25404
26;25405
1;25406
21;25408
9;25424
17;25427
21;25459
15;25466
7;25468
28;25469
34;25470
40;25471
4;25497
72;25501
28;25502
178;25503
8;25505
2;25507
5;25516
7;25517
9;25519
28;25521
25;25524
30;25561
24;25562
67;25563
14;25564
162;25584
5;25606
10;25609
156;25617
38;25657
76;25658
64;25659
104;25660
25;25662
10;25679
35;25701
34;25704
25;25706
17;25714
29;25716
22;25753
161;25754
13;25755
18;25756
27;25773
20;25774
16;25775
9;25776
6;25797
16;25813
17;25827
185;25849
176;25850
99;25851
8;25852
9;25854
39;25869
19;25873
6;25890
5;25893
17;25897
21;25902
4;25904
6;25907
37;25945
18;25947
11;25948
6;25966
32;25968
12;25980
9;25991
12;25998
570;26002
12;26004
21;26041
59;26042
32;26043
6;26044
14;26046
17;26047
28;26048
2;26067
20;26071
2;26073
23;26079
173;26080
21;26094
25;26095
25;26097
29;26137
27;26138
26;26139
13;26140
17;26141
22;26150
23;26154
42;26169
20;26171
73;26175
2;26186
25;26192
37;26196
196;26233
13;26234
10;26235
73;26236
9;26256
4;26277
10;26280
5;26285
196;26329
93;26330
173;26331
38;26332
25;26336
185;26349
13;26350
3;26352
5;26362
8;26381
38;26384
14;26423
57;26425
41;26426
48;26427
83;26428
162;26446
4;26447
18;26451
23;26459
14;26479
4;26480
5;26481
1;26521
17;26522
29;26523
12;26536
10;26541
38;26543
9;26558
165;26562
5;26565
201;26617
10;26619
204;26620
13;26637
28;26639
172;26640
24;26644
21;26652
12;26654
26;26661
7;26662
10;26666
3;26667
6;26673
1;26674
16;26714
28;26717
31;26718
31;26719
27;26720
16;26729
6;26750
3;26751
32;26752
14;26767
15;26769
30;26771
11;26809
21;26810
25;26813
7;26814
3;26815
151;26816
23;26820
5;26840
19;26842
1;26843
167;26863
33;26866
120;26905
36;26906
11;26907
47;26908
10;26912
26;26923
5;26925
14;26926
4;26928
12;26943
22;26950
156;26954
26;26959
9;26996
103;27001
159;27002
140;27003
44;27004
1;27024
30;27046
72;27098
11;27100
550;27118
23;27119
7;27133
20;27154
20;27193
8;27194
15;27195
48;27196
12;27202
38;27215
40;27290
26;27291
9;27295
11;27305
16;27309
10;27310
40;27312
4;27319
24;27335
15;27385
2;27386
12;27387
12;27388
20;27389
36;27390
7;27391
45;27417
14;27418
38;27421
24;27424
27;27444
26;27445
24;27448
5;27481
18;27482
24;27483
58;27484
44;27485
26;27486
11;27488
26;27490
166;27503
10;27513
16;27518
23;27520
21;27533
22;27536
21;27537
23;27543
23;27577
16;27578
16;27579
24;27580
8;27600
29;27612
8;27624
25;27633
8;27650
16;27673
1;27674
235;27675
5;27676
10;27687
2;27693
26;27701
15;27723
37;27727
12;27769
36;27770
20;27771
25;27789
43;27790
23;27791
25;27792
10;27803
23;27820
153;27824
9;27825
13;27827
26;27828
19;27865
21;27866
2;27867
29;27868
13;27872
23;27885
10;27887
22;27908
5;27909
171;27922
39;27961
49;27962
200;27963
25;27964
16;27967
158;27978
75;27981
187;27982
14;27984
16;28005
16;28008
14;28010
19;28012
25;28015
13;28057
52;28059
26;28060
40;28061
41;28062
25;28063
31;28064
8;28065
166;28090
27;28109
2;28113
20;28117
8;28153
9;28156
20;28157
6;28158
34;28160
16;28168
26;28185
21;28186
10;28190
7;28192
20;28193
21;28205
34;28215
10;28219
7;28249
22;28251
32;28252
16;28266
27;28270
18;28295
15;28306
10;28345
35;28346
2;28347
17;28348
9;28366
4;28367
62;28368
7;28389
16;28396
180;28441
9;28442
5;28444
24;28462
33;28463
2;28487
3;28499
28;28525
199;28537
65;28538
50;28539
24;28540
171;28542
37;28558
158;28560
16;28586
7;28594
24;28598
57;28633
49;28635
45;28636
16;28653
15;28655
190;28656
3;28680
164;28685
3;28686
23;28729
11;28730
31;28731
15;28732
196;28733
101;28735
5;28736
12;28751
15;28761
20;28762
25;28765
12;28766
40;28767
4;28768
1;28781
7;28784
14;28789
2;28790
29;28827
33;28828
4;28829
37;28830
8;28834
6;28838
15;28857
166;28880
14;28884
13;28885
13;28893
45;28921
58;28922
60;28923
32;28924
24;28925
31;28942
7;28968
5;28975
13;28980
66;29017
10;29018
13;29020
33;29024
32;29030
24;29072
20;29098
13;29113
29;29114
44;29115
27;29116
16;29124
10;29133
19;29135
4;29161
18;29165
12;29213
1;29214
13;29215
53;29216
15;29234
9;29235
2;29264
29;29309
15;29310
112;29311
34;29312
9;29323
25;29329
31;29330
7;29331
1;29332
16;29344
11;29353
7;29354
8;29360
2;29362
30;29363
4;29374
19;29392
21;29406
29;29407
21;29408
8;29409
29;29411
4;29429
7;29442
12;29444
1;29445
22;29446
24;29458
6;29502
13;29503
185;29506
19;29508
51;29533
10;29534
57;29536
17;29537
43;29539
19;29540
28;29556
7;29589
27;29597
7;29599
36;29600
4;29604
31;29606
168;29610
13;29617
13;29618
34;29619
6;29620
7;29636
146;29691
12;29693
17;29694
51;29695
21;29696
15;29709
15;29714
44;29715
22;29740
2;29741
10;29749
1;29789
206;29790
31;29791
4;29798
167;29809
5;29812
8;29842
16;29845
61;29885
306;29886
218;29887
225;29888
30;29905
5;29930
36;29931
30;29934
17;29935
24;29944
18;29981
54;29982
161;29983
34;29984
3;30002
35;30003
3;30011
33;30017
3;30025
48;30028
26;30033
12;30034
32;30037
5;30039
13;30062
11;30077
7;30081
34;30082
6;30089
11;30092
24;30094
46;30111
3;30114
2;30116
7;30121
23;30130
2;30138
30;30144
4;30145
6;30173
17;30174
14;30175
15;30176
62;30177
36;30178
16;30179
20;30205
25;30207
17;30209
8;30213
17;30225
15;30227
8;30229
12;30234
38;30269
53;30270
6;30271
13;30272
4;30276
15;30277
2;30278
25;30289
202;30292
28;30313
21;30321
25;30365
53;30366
209;30367
8;30368
18;30387
167;30412
31;30418
166;30419
1;30422
8;30454
10;30462
10;30464
12;30474
32;30481
6;30482
7;30495
53;30507
28;30510
36;30511
19;30513
163;30514
14;30519
3;30520
18;30556
80;30557
27;30558
299;30559
164;30560
9;30580
11;30601
30;30624
27;30653
20;30654
42;30656
1;30658
23;30673
9;30686
31;30701
32;30710
8;30712
32;30749
36;30750
34;30751
20;30754
5;30755
15;30756
3;30776
61;30783
565;30785
19;30786
161;30787
15;30792
7;30793
2;30798
24;30805
13;30845
80;30846
10;30848
202;30849
55;30850
15;30852
36;30856
8;30869
31;30870
18;30880
20;30882
32;30904
1;30941
49;30942
15;30944
7;30951
4;30953
13;30956
554;30961
21;30963
35;30964
18;30989
33;31037
177;31038
29;31039
33;31051
21;31052
4;31058
1;31059
5;31076
157;31081
6;31086
23;31090
29;31092
13;31094
43;31133
58;31134
3;31135
559;31143
9;31154
34;31156
19;31160
18;31180
164;31181
42;31186
1;31192
178;31230
225;31231
24;31232
8;31238
20;31243
28;31251
56;31252
18;31256
165;31267
8;31300
26;31325
54;31326
238;31327
5;31328
36;31334
14;31338
7;31346
29;31348
32;31351
6;31367
167;31378
34;31421
11;31422
2;31423
36;31424
64;31425
6;31426
8;31436
30;31453
36;31456
35;31457
19;31475
24;31484
23;31517
28;31518
13;31519
8;31520
37;31521
3;31522
7;31523
10;31524
32;31538
30;31541
45;31550
25;31551
21;31555
21;31556
18;31566
17;31570
51;31574
2;31577
17;31580
55;31613
187;31614
34;31615
27;31616
16;31618
9;31630
32;31633
17;31634
26;31635
162;31636
9;31640
16;31649
3;31663
15;31665
6;31668
3;31669
16;31709
172;31711
50;31712
20;31729
323;31731
27;31732
32;31751
6;31754
34;31760
28;31761
23;31765
22;31806
30;31807
49;31808
16;31822
17;31825
12;31827
29;31828
10;31863
29;31864
22;31901
181;31902
9;31903
56;31904
555;31917
12;31923
1;31924
7;31933
9;31949
21;31953
60;31997
25;31998
61;31999
5;32011
168;32018
25;32020
28;32021
10;32036
7;32041
6;32050
47;32093
83;32094
53;32095
14;32096
29;32097
14;32099
28;32100
27;32125
16;32126
5;32127
15;32130
20;32149
26;32152
52;32189
63;32190
12;32191
222;32194
3;32195
30;32220
5;32221
162;32222
23;32224
169;32226
20;32228
5;32231
8;32241
169;32245
12;32246
4;32251
14;32252
60;32285
24;32286
16;32287
52;32288
21;32291
33;32302
155;32304
33;32307
165;32308
13;32330
12;32333
97;32381
81;32383
62;32384
5;32387
188;32402
57;32404
3;32424
149;32427
28;32437
29;32438
7;32439
56;32477
7;32478
35;32479
65;32480
38;32488
17;32499
13;32510
9;32525
33;32534
13;32535
23;32536
15;32573
21;32574
8;32575
35;32576
33;32587
2;32595
8;32601
12;32617
11;32619
24;32621
9;32622
10;32631
25;32650
29;32670
47;32671
18;32691
22;32692
159;32713
2;32714
29;32719
3;32721
5;32726
14;32727
5;32738
67;32765
13;32766
53;32767
24;32768
1;32769
33;32770
20;32772
28;32773
16;32790
2;32800
37;32801
4;32802
33;32803
8;32812
9;32813
15;32817
3;32818
26;32823
7;32826
7;32856
84;32861
48;32862
21;32867
571;32868
7;32879
10;32896
26;32897
23;32898
11;32899
10;32900
23;32909
172;32913
31;32914
6;32915
12;32918
177;32923
16;32926
25;32957
19;32958
6;32959
1;32960
1;32978
11;32982
14;33002
6;33003
30;33008
6;33020
2;33053
20;33055
54;33056
28;33064
28;33073
39;33075
14;33076
5;33091
33;33097
16;33107
1;33150
27;33151
25;33152
7;33154
5;33168
8;33169
6;33171
29;33199
30;33200
17;33204
149;33208
27;33245
27;33246
76;33247
187;33248
14;33251
8;33265
25;33266
3;33277
4;33296
12;33303
35;33341
15;33342
54;33343
42;33344
17;33350
61;33361
22;33362
24;33363
29;33364
34;33386
16;33399
9;33439
33;33440
32;33441
18;33442
25;33444
20;33456
160;33470
24;33471
4;33472
36;33473
46;33492
11;33497
50;33498
5;33533
13;33534
20;33536
14;33537
29;33538
13;33539
188;33540
26;33568
188;33570
11;33580
11;33581
5;33582
4;33591
14;33595
213;33629
34;33630
32;33631
2;33632
41;33649
12;33650
1;33652
17;33657
4;33679
16;33710
77;33725
42;33726
360;33727
22;33728
33;33747
28;33748
8;33771
13;33778
189;33822
17;33823
7;33824
37;33825
17;33842
172;33844
20;33868
13;33874
29;33875
2;33877
37;33892
32;33898
29;33917
118;33918
24;33919
25;33920
10;33931
16;33932
8;33933
29;33937
10;33961
19;33966
44;34013
4;34014
26;34015
61;34016
2;34034
12;34035
12;34036
159;34061
6;34063
159;34109
43;34111
2;34116
13;34138
20;34145
22;34164
20;34166
5;34171
5;34187
10;34205
29;34207
32;34208
19;34209
4;34210
12;34212
33;34225
30;34239
7;34240
187;34241
32;34242
28;34243
7;34244
9;34262
232;34302
181;34304
10;34321
48;34324
2;34327
1;34338
163;34349
9;34350
160;34351
186;34354
160;34355
4;34366
26;34390
199;34397
56;34398
29;34399
85;34400
151;34414
5;34419
29;34441
38;34494
62;34495
490;34496
17;34502
24;34513
29;34515
15;34516
1;34535
23;34545
1;34546
80;34547
24;34548
570;34589
22;34590
6;34592
1;34609
7;34614
22;34618
27;34629
26;34633
26;34638
30;34639
25;34641
3;34642
5;34649
24;34669
53;34685
19;34686
18;34687
51;34688
16;34705
14;34706
149;34707
26;34709
16;34723
27;34724
8;34742
10;34781
39;34782
153;34784
12;34785
32;34786
20;34787
199;34788
14;34794
7;34804
4;34813
161;34815
6;34819
151;34821
11;34838
13;34843
48;34877
161;34878
12;34879
19;34880
204;34881
28;34882
33;34883
31;34894
23;34909
1;34910
29;34911
26;34913
22;34915
6;34921
12;34930
35;34933
16;34936
1;34938
12;34940
39;34973
33;34974
34;34975
63;34976
29;34993
31;34999
163;35006
22;35014
15;35019
16;35020
25;35022
8;35027
22;35028
