sums of daily draw-off volumes
167.5
112.2
81.2
82
122.8
60.2
296.5
149.2
112
142.8
80.2
139.5
165.2
203.5
100.2
196.8
198.8
154.2
177.8
87.5
80.2
152
69
154.8
123.5
81.8
126
151.8
33
147.8
80.8
47
42.5
311.5
150.5
41.5
219.5
108
100.5
212.2
120.2
106.5
64
174.5
52
51.5
98.5
182.5
93.8
32.5
93.2
116
169
103
112
77.2
62.2
81
72.5
132.8
151.2
130
111.2
85.5
145.5
180.2
131.2
90.2
150.5
140.8
68.8
145.8
140.2
97.2
84.5
133.5
225.5
156.2
130.8
76.8
103
95.8
273
84.2
112
151.5
63.2
169
80.2
169
219.8
31.5
105.8
108.2
281
83
91.5
53.5
106.5
85
58.2
187.5
60.8
237.8
227.2
102.5
121
117
142.5
49
156.2
289
112.2
149.2
100
41
202
234
137.5
40.8
115
206.5
180.5
77.5
202.5
224.8
133.8
49.2
73.2
34.5
108.2
115.5
182.8
89.5
238.5
243
141.8
70.5
49
80.2
67.5
110.2
34
151
209.2
91.8
110
98
161
31
61.8
107.2
85
198.2
132
283.5
66.5
95.5
72.8
256.8
145.5
95.2
180.5
28.5
42
71.5
51.8
82.2
41.5
182
44.5
248.2
137.8
128.2
83.2
73
139
96.5
109.5
131.2
88.8
100.5
77.2
82
91
114.8
78.2
37.2
218.2
167
164
120
78.5
31.5
268.2
75.8
83.2
108
67.8
51.2
107
74.2
252.5
18
27.5
41.5
125
60.2
53
112
205.2
228
95
109
102.8
200.5
22
25.5
184.5
18
214.5
80.2
231.2
265
49.2
119
181.8
176.2
150
138.5
79.8
39.8
100.2
197
91.5
56.2
312
245.5
129
56
24.5
93.8
28.2
147.2
52
124
94.5
103.2
65.5
46.2
57.8
187.2
62
45
123.2
74.8
59.2
70.8
119
155.2
128.8
88.2
105.2
92.5
157.8
127.8
117
114.2
77
152.8
179.8
117
89
80
194.2
118.2
71.5
184.5
62.2
116.5
122.2
121.5
170.8
35.2
45
75.5
128.5
37.2
88.8
104.5
78.8
213.2
112.8
60.5
34.2
40.5
64
194.8
135.5
133.5
84.5
68.8
44.5
50
26.2
85.2
49.2
112
88.2
88.8
109.5
238
116.8
54.8
73
101.8
169.5
100.2
159.5
48.2
249.8
130
179.2
132.8
237.5
180.5
155.5
76.2
102
154.2
182.8
53.5
218.2
98.8
94.2
243.2
146
176.5
77.2
47
88.2
101
313.8
29.8
59.8
76
95.8
87.2
117
135.2
89
149.8
125.8
89.2
81.5
71
111
289
145
201
192.5
105.2
208
179.8
125
sums of draw-off volumes of each hour of the day
107.2
162
146.6
56.1
127.3
226.5
7303.8
9897.4000000
3558.2
1137.3
549.8
2849.1
2731.1
889
1258.9
1938.9
1751.6
991.4
1443
1816.4
2253.3
1536.7
547
188.7
sums of draw-off volumes of each hour of weekdays
85.5
54.8
63.9
46.4
61.7
211.5
5987.8
6554.7
1682.4
448.4
378.9
2691.8
2618.6
781.2
271.5
196.6
371.4
768.2
1296.7
1460.8
1731.4
810.8
197.4
118.3
sums of draw-off volumes of each hour of weekend-days
21.7
107.2
82.7
9.7
65.6
15
1316
3342.7
1875.8
688.9
170.9
157.3
112.5
107.8
987.4
1742.3
1380.2
223.2
146.3
355.6
521.9
725.9
349.6
70.4
holidays of household(s), numbers correspond to day of year
