sums of daily draw-off volumes
14.2
14.2
12
39.2
103.5
64.2
6
13.2
18.8
56.5
6.5
56.2
50.5
67.8
18.8
6.8
59
37.5
115.2
41.8
37.8
26
14
62
43.5
58.5
264
12
62.2
46
49.8
49.5
36.2
26
70
20.8
74.8
21.8
22
23.8
83.8
23.8
9.5
155.5
0
8.8
95
11
17.5
23
46.8
62.2
5.5
3.5
237.8
39.2
13.2
108
22
59.2
11
90.2
17.2
0.5
16
28.2
5.8
22
20.8
186.2
166.8
14.2
12.5
31
21
16.5
164.8
31.2
12.2
39.5
14.5
26.5
11.5
61.2
55
24
96.8
55.8
34.2
63.8
64.2
5
18.2
60
110.5
10.5
28
51.5
2.8
17.2
29.8
46.8
38
20.8
28.2
24
113.8
24
28
50.5
65.2
129.2
55.8
13.5
22.8
17
42.5
25.5
29.8
17.2
15
16.5
61.5
72.5
17.2
26.8
23.8
66.8
37.5
79.2
59
50
35
33.8
24.8
64.2
39
64
43
57.5
13.2
11.2
53.5
62.2
56.5
74.8
26.2
61.5
55.5
11.5
15.5
20
202.5
45.8
62
8
17.8
32.8
28.8
19
21.2
14.8
28
16
19.5
9
8.2
31.2
77.2
72.2
15.8
8.5
19
15.8
137.5
30.8
16.8
23.2
14.5
37.8
21.2
11.8
28.2
12.8
9
16.5
7.8
34.2
6
18.8
46.2
42.2
16.5
5
17.5
30.2
19.8
7.2
1.2
23
57.8
20.8
9.8
33.2
16.5
56.8
20.2
10.8
23.8
25.2
64.5
155.5
18.8
49.8
59
39.5
10
130
35.2
24.5
11.2
72.5
59
14.2
10
13.8
13.2
12
68
14.2
57
57.8
62.5
21.8
8.2
18.8
28.2
33.8
20.8
15.8
27.2
0
6
69.8
20.2
26.2
23.8
22.5
6.8
17.5
6.5
49
5.2
44.5
45
80.5
26.2
17.5
27.5
18.8
15.8
104
9.2
224.2
9.5
29.2
102.5
52
19
4.2
9.5
63.8
59.8
40.8
69.8
51
8.2
129
116.5
27.5
24.2
60.5
50.5
26.2
147.2
45.8
71
137.2
81.2
17.2
20.8
10.8
35.2
63
37.5
11
11.5
9.8
73.5
68.2
22.8
27
94
45.5
20.5
21
21.2
21.2
150.2
21.5
22
13
52.5
9.8
38
19
21.5
28.2
65.8
4.5
108.8
71.2
26.2
22
48.2
15.5
79.8
41.8
12
20.5
47.2
19.8
9.8
13.5
59.8
48
10.2
61.2
97.8
14
19.2
40.8
28.8
10
26
8.8
14.5
0
59.8
5.2
46
19.8
5.5
27.8
14
38.5
52
60.5
71.8
38.5
44.8
63.2
34.8
19.5
60
sums of draw-off volumes of each hour of the day
29.9
37.8
52.4
18.1
38
22.6
2646.9
3637.6
1382.6
266.6
212
726.9
879.5
246.6
154.7
667
450.1
539.3
575.5
758.7
633
444.8
179.3
63.9
sums of draw-off volumes of each hour of weekdays
16.5
23
9.5
6.2
6.5
16.8
2026.2
2613.6
508.7
118.3
181.8
658.8
873
196.2
48
53.7
72
355.3
559.6
674.9
440.1
241
43.2
13.2
sums of draw-off volumes of each hour of weekend-days
13.4
14.8
42.9
11.9
31.5
5.8
620.7
1024
873.9
148.3
30.2
68.1
6.5
50.4
106.7
613.3
378.1
184
15.9
83.8
192.9
203.8
136.1
50.7
holidays of household(s), numbers correspond to day of year
