sums of daily draw-off volumes
59
78.8
127.5
91.2
84.8
91
80.5
106
71.8
8.8
20.8
80
79.8
28.8
13.5
22.5
91.2
67.5
41.2
122.8
29.8
209.8
90.5
43
38
87.8
71.5
132
97
42.8
104
224.2
94.5
71.8
78.5
131.5
82.8
46.5
34
141.5
43.5
37.5
101
24.8
85.2
96
108.8
94.8
71
43.2
86.5
34
64.2
10
84.2
73.2
66.5
29.5
122.2
140
65
42.2
54
128
48.2
55.5
42.5
50.2
34.8
171
89
117.8
102.8
57.5
79
77.5
110.8
130.2
242.5
19.8
22
64.5
119.2
132.5
98.8
81
46.8
39.2
32
120
72.2
22.2
49
66.8
76
81.8
107.8
67.5
41.8
103.2
68.8
57.2
35.2
61.2
73.5
33.2
72
22.5
69
61.2
85
48
48.2
66.8
64
22.5
41
87.2
104.8
35
89
114
31
84.2
80.8
123.8
64.5
102.5
22.5
160
72.2
70.2
42.2
92.5
75.8
182.5
122.5
20.2
29
245
12.8
68.2
26.8
58.2
81.8
93.8
72
98
40
23.2
84
55.5
106
193.5
24.2
31.2
18
164.2
82.2
114.8
38
281.5
61
36
13.2
47.5
34
76.8
83
51.2
75.2
112.2
12
27
116.8
41.8
74
69.2
62.5
71.2
15
55.8
29.2
23.8
40.2
56.2
65.8
187.8
180
85.5
76.8
60.8
14
30.5
25.8
27
18
96.5
28.2
105
110.5
18
95.5
67.2
56.5
77.5
76.5
86
122
109.8
26.8
127.8
67.5
47.8
46.2
170
18.5
44
208.5
62.2
74.2
36.8
124.5
40.5
49.8
44
107.5
33
36.5
26.2
97
34.8
88.5
92.5
62.8
32.2
173.2
101.2
67
13.2
14.8
172.8
78
104.5
83.2
55.5
61
71.2
274
145.2
33
125.2
33.2
30.5
83.2
74.5
226.5
168.2
183
23.5
30.2
29.5
55
57.2
81
33.8
59.5
98.8
130.8
67
78.8
64.8
78.8
70
120
48.5
54
60
75.5
126.5
66.5
87.2
67.2
72.5
77.8
74.5
150.8
47
57
194.8
5
17.2
291.2
66
182.5
210.2
30.8
73.5
40.2
77.2
22
5.2
35.8
76.2
31.5
49.8
93.8
135
50.5
96.2
51.8
21.2
120.8
187.2
79
100.5
112.5
26.8
156.2
20.5
62.8
196
34.5
91
125.8
50.5
39.5
46
44.2
28.2
76.2
244
26.2
127.2
64.8
115.2
102.2
158.8
41
169.5
100
365.8
123.8
92.8
43.8
12
44
132
51.2
82.8
85.2
37
54.2
183
123.5
53.2
189.2
108
143
55.2
114.8
69.5
86.2
145.5
84.8
sums of draw-off volumes of each hour of the day
104.4
77.3
71.2
35.5
95
63.3
5032
6351.8
2930.7
467.1
238
2051.2
1497.8
835.4
763.1
1454.3
731.4
728.4
905.7
1351.6
1509.1
1129.1
442.3
184.7
sums of draw-off volumes of each hour of weekdays
17.1
62.9
63.7
24.8
80.5
24.5
3972.7
4414.6
1409.4
156.2
184.1
1992
1462.2
569.2
271.6
276.3
144.1
509.2
786.1
1025.6
819.1
695.5
196.8
74.7
sums of draw-off volumes of each hour of weekend-days
87.3
14.4
7.5
10.7
14.5
38.8
1059.3
1937.2
1521.3
310.9
53.9
59.2
35.6
266.2
491.5
1178
587.3
219.2
119.6
326
690
433.6
245.5
110
holidays of household(s), numbers correspond to day of year
