sums of daily draw-off volumes
234.8
89.5
181.8
178.5
182.2
455.2
274
235.2
238.8
133.8
255
225.8
476.5
277
192.2
103
228.2
167
287
180.5
255.5
205.5
162.5
78.2
162.2
104
217
241.8
417.5
319
316.8
173.2
158.8
158.8
127.8
137.2
133
304.5
262
162.8
232.2
177.8
355
483.2
115
157.5
318.5
362
286.2
171
221
229.2
224
392.5
189.2
207
314.2
100.8
175
179.2
151.5
269.8
169
175.2
215.2
267.2
312
100.2
175
301.2
246.2
217.2
258.8
173.8
353.5
270.8
188.8
171.2
228.2
167.2
163.2
328.5
381.8
386.8
62
476.5
72.2
145.8
199.5
184.2
418
128.5
274.2
223.2
250.5
185.8
206.2
368
140.2
196.2
158.5
402.8
172
197.2
382.8
144.8
119.2
230
298
322.2
158.5
150
141.2
182.2
247.8
216.2
311.5
314.5
219
310.5
53.2
225
132.8
123.5
181.8
326.8
97
210.8
214
287.5
114.2
157
110.5
117.2
270
328
166.8
182.8
158.5
280.2
201.8
29.5
183.8
199.8
96
208.5
308.5
157
90
303
79
142
161
298.2
206.8
110.5
88.2
95.5
90
238.2
87.5
108
201.2
284.2
257
122
351.5
179.8
206.2
139
126.2
164
280.5
203.5
140.8
132.2
148.8
57.8
130
235
170.2
174.2
76.2
201.8
109.8
143.5
68.8
195.8
171.2
280
252.8
181.2
136.5
366.8
146.8
131
149.8
119.5
152
143.5
135.5
567.8
164
101.5
154.5
117.2
158.8
66.5
320
294.8
103
168.2
104.2
106
156
135.5
69.5
93.8
167.2
132
301.2
86
170
314.5
112.5
126
220
240.5
183
159.5
153.8
153.2
98.5
234.2
175.8
162.8
72.8
192.8
285.8
95.5
161.8
177.5
177
93.2
156.2
219.5
302.2
247.8
174.8
177.8
144.5
260.2
152.2
202.8
171.5
82.5
119.2
246.2
100.2
182.8
70.2
208.2
101.2
228.5
284.8
177.2
242
386.8
101.2
145
243.8
153
198.8
288
228.2
156.2
128.5
80.2
240
180.5
292.8
436.8
96.5
102.8
269.5
113.5
174.8
124
162.5
137.5
182.2
125.8
185
314.5
84.8
170
97.5
124.5
149.8
180
385.2
166.2
161.8
146.8
96
240.2
239.2
85
104.5
183.5
253.5
340.5
94
270.8
237.2
289.5
148
164.8
178.8
421.2
197.5
217
220.2
210
286.2
148
287.5
170.8
227.8
134.2
325.2
216.5
105.2
216.5
162
87
98.5
167
346.5
156.5
386.8
120.2
185.2
124.8
406.2
173.5
255
187.5
217.5
293
148
221.2
185.2
174.2
137.8
333.8
235.2
194
160.8
172
175.8
159.8
239.2
248.2
232.8
sums of draw-off volumes of each hour of the day
203.1
243.3
249.1
204.6
234.5
80.3
11902.8
16548.3
7313.1
1758.8
702.4
4349.3
4633.5
2023.5
1829.2
2329.3
2194.4
2136.1
2477.3
3529.1
3591.7
2693.6
980.9
535.2
sums of draw-off volumes of each hour of weekdays
87
132.5
145.6
111.1
100.9
37.8
9396.9
11637.9
3601.4
790
492.7
4058
4461.3
1750.4
359.3
326.3
571.4
1447.4
2212.8
2985.2
2584.9
1831.7
274.9
150.2
sums of draw-off volumes of each hour of weekend-days
116.1
110.8
103.5
93.5
133.6
42.5
2505.9
4910.4
3711.7
968.8
209.7
291.3
172.2
273.1
1469.9
2003
1623
688.7
264.5
543.9
1006.8
861.9
706
385
holidays of household(s), numbers correspond to day of year
