4;24
32;29
57;30
54;31
3;32
6;38
7;44
42;50
1;51
34;52
20;60
8;74
16;78
4;80
601;81
2;82
26;84
22;88
24;98
22;116
61;125
42;126
79;128
47;145
14;146
4;147
12;148
10;173
40;176
2;180
1;183
103;221
218;222
90;223
47;224
32;229
24;234
71;241
35;244
6;265
19;268
12;270
33;272
1;277
36;278
7;307
236;317
35;318
89;319
60;320
52;323
26;330
11;337
12;338
3;339
37;340
20;341
10;344
4;350
15;354
10;364
9;368
23;371
32;373
23;384
336;413
47;414
43;415
44;416
26;422
3;425
10;433
25;434
23;435
11;436
9;446
23;450
2;454
10;457
10;458
5;462
27;463
21;464
33;467
3;468
12;469
6;476
168;509
68;510
56;511
5;512
60;513
319;514
7;515
158;516
13;526
14;529
24;541
7;542
13;543
558;544
22;546
10;547
206;548
7;562
12;563
18;565
5;567
16;569
12;570
26;571
17;572
6;588
23;591
195;605
19;606
2;607
55;608
67;609
191;610
10;611
28;612
29;634
8;637
35;639
25;641
47;643
39;644
20;652
58;664
22;665
58;668
159;670
27;674
13;701
72;702
82;703
79;704
161;710
24;722
15;724
161;727
3;737
32;739
2;741
3;746
167;748
13;749
29;750
20;756
12;758
26;760
5;785
45;797
236;798
76;799
56;800
166;801
20;811
31;817
9;818
74;820
1;822
30;839
186;846
7;853
13;855
37;893
38;894
162;895
24;896
11;903
16;910
3;913
19;915
37;916
158;919
30;943
161;989
286;990
16;991
7;992
26;998
15;1004
3;1009
17;1010
13;1011
25;1016
16;1019
19;1020
18;1023
24;1029
52;1037
30;1038
175;1041
9;1043
19;1046
89;1048
73;1085
226;1086
87;1087
81;1088
161;1099
16;1103
3;1104
14;1106
34;1107
16;1129
8;1138
162;1139
16;1141
6;1142
4;1173
3;1178
186;1181
162;1182
208;1183
422;1184
254;1185
26;1186
203;1187
65;1188
17;1197
1;1201
35;1205
15;1210
1;1213
30;1216
4;1217
4;1219
34;1224
2;1237
4;1239
7;1240
3;1242
26;1244
24;1246
166;1248
7;1253
41;1277
583;1278
10;1280
30;1281
21;1282
44;1283
23;1284
34;1295
2;1296
16;1299
200;1309
19;1311
4;1313
31;1315
32;1316
8;1320
3;1338
21;1349
28;1373
49;1374
114;1375
27;1376
19;1383
19;1389
10;1390
2;1391
8;1392
17;1393
43;1394
159;1395
12;1396
17;1397
1;1398
33;1417
160;1421
18;1424
9;1426
3;1432
32;1453
2;1459
178;1469
28;1470
35;1471
48;1472
10;1479
7;1491
36;1496
5;1517
9;1522
22;1523
172;1565
42;1566
78;1567
63;1568
3;1574
159;1575
31;1576
66;1586
45;1587
191;1588
6;1595
3;1599
11;1609
8;1611
11;1614
13;1617
11;1622
24;1661
32;1662
91;1663
57;1664
3;1679
148;1682
33;1683
30;1699
8;1710
18;1712
25;1713
151;1715
48;1718
352;1757
94;1758
276;1759
233;1760
11;1764
8;1777
13;1778
28;1780
18;1785
11;1799
36;1803
27;1806
8;1807
5;1809
18;1812
10;1822
11;1838
22;1839
1;1842
15;1853
13;1854
5;1855
30;1856
42;1857
41;1858
24;1860
21;1866
9;1867
22;1869
2;1875
24;1882
39;1885
69;1886
26;1888
6;1891
206;1892
11;1902
6;1905
19;1906
9;1907
35;1909
5;1910
9;1912
35;1949
99;1950
192;1952
207;1953
163;1954
175;1955
2;1956
13;1968
5;1974
16;1982
16;1985
3;1988
13;1989
38;2006
9;2010
36;2011
6;2036
115;2045
82;2046
67;2047
90;2048
24;2053
8;2065
5;2066
163;2069
19;2081
155;2090
5;2095
9;2096
33;2098
25;2102
16;2104
62;2141
52;2142
56;2143
79;2144
2;2146
22;2160
179;2161
170;2163
13;2177
7;2190
8;2198
10;2237
18;2238
40;2239
66;2240
5;2242
9;2249
17;2250
31;2257
18;2258
35;2271
6;2275
21;2282
10;2288
27;2294
2;2307
68;2333
54;2334
25;2335
134;2336
5;2353
193;2354
77;2355
22;2356
5;2369
11;2379
21;2383
1;2385
28;2386
3;2387
6;2407
14;2429
44;2430
76;2431
76;2432
33;2436
59;2451
18;2452
14;2453
15;2476
32;2479
29;2487
154;2497
4;2503
33;2511
45;2526
30;2527
20;2528
196;2530
22;2531
11;2532
19;2541
10;2544
9;2545
9;2547
19;2554
10;2557
35;2558
29;2560
1;2561
145;2562
19;2563
2;2564
1;2569
32;2577
13;2578
2;2600
7;2601
22;2621
263;2622
203;2623
10;2624
39;2625
48;2627
32;2628
33;2643
28;2654
34;2658
192;2659
8;2662
5;2672
18;2674
3;2675
10;2679
7;2682
3;2684
81;2717
614;2718
60;2719
53;2720
6;2726
168;2739
6;2740
13;2762
32;2765
63;2768
574;2775
29;2790
262;2813
498;2814
77;2815
79;2816
15;2817
38;2834
36;2835
37;2836
12;2859
32;2862
17;2864
41;2865
23;2867
30;2869
10;2871
40;2872
38;2909
58;2910
28;2911
1;2912
5;2913
571;2918
21;2929
49;2931
24;2932
165;2933
4;2954
21;2956
23;2959
27;2963
49;2964
183;2965
22;2984
272;3005
75;3006
49;3007
150;3008
20;3025
6;3026
17;3027
14;3028
34;3033
10;3062
18;3063
5;3064
1;3068
6;3101
16;3102
15;3103
196;3104
19;3109
8;3110
20;3121
145;3124
26;3131
32;3133
17;3136
9;3144
9;3146
6;3148
23;3150
8;3152
7;3154
20;3156
53;3157
9;3176
23;3197
10;3198
66;3199
75;3200
29;3201
38;3202
192;3204
39;3212
10;3229
24;3230
10;3231
11;3232
28;3233
1;3234
56;3235
4;3256
7;3259
3;3262
40;3295
15;3296
38;3297
207;3298
30;3299
4;3300
6;3325
2;3326
4;3327
16;3329
14;3346
28;3349
33;3350
11;3352
21;3353
10;3354
32;3356
1;3371
32;3389
114;3390
63;3391
70;3392
64;3409
10;3410
15;3412
6;3433
9;3437
2;3441
161;3445
2;3447
21;3485
84;3486
26;3487
40;3488
16;3497
16;3505
19;3506
9;3507
185;3508
1;3517
13;3534
28;3535
20;3536
35;3537
17;3542
2;3543
6;3581
30;3582
41;3583
607;3584
19;3594
18;3601
187;3602
11;3603
2;3615
150;3620
25;3623
11;3624
10;3625
20;3627
15;3628
24;3635
42;3636
43;3677
326;3678
129;3679
225;3680
16;3691
15;3692
153;3698
81;3699
18;3700
25;3714
14;3725
3;3726
55;3773
55;3774
240;3775
50;3776
5;3784
24;3789
3;3793
19;3794
24;3795
38;3796
6;3817
3;3820
23;3821
28;3822
42;3824
1;3825
28;3828
1;3830
6;3831
14;3861
73;3869
37;3870
14;3872
203;3873
61;3875
156;3876
12;3883
11;3895
37;3902
3;3903
35;3904
30;3905
32;3907
9;3912
6;3915
13;3920
34;3926
149;3932
9;3939
11;3945
14;3958
3;3966
41;3967
88;3968
35;3969
17;3970
101;3971
21;3972
39;3989
3;3995
28;3998
187;3999
20;4004
11;4014
27;4015
9;4019
26;4020
21;4021
122;4061
25;4062
172;4063
168;4064
16;4081
64;4082
7;4083
24;4084
33;4085
6;4097
13;4102
28;4108
573;4110
5;4116
164;4119
21;4157
608;4158
262;4159
86;4160
25;4169
14;4170
34;4177
1;4178
611;4179
160;4180
49;4204
30;4206
32;4208
21;4253
43;4254
9;4255
20;4256
2;4264
21;4266
1;4267
155;4272
10;4273
25;4274
22;4275
7;4276
6;4287
19;4297
27;4298
25;4300
11;4303
29;4305
7;4307
160;4349
57;4350
38;4351
36;4352
35;4357
22;4363
156;4369
38;4371
10;4372
31;4384
23;4397
8;4402
16;4408
156;4421
14;4434
58;4445
85;4446
24;4447
383;4448
29;4453
10;4456
158;4460
209;4465
43;4468
3;4493
38;4500
38;4501
26;4502
29;4526
13;4531
19;4537
69;4541
2;4542
30;4543
33;4544
65;4545
35;4546
34;4547
66;4548
40;4550
33;4556
20;4563
163;4568
29;4571
215;4573
9;4574
25;4575
8;4577
158;4578
187;4579
29;4581
32;4582
11;4593
5;4595
7;4598
16;4599
24;4601
28;4603
14;4604
39;4619
15;4625
35;4637
13;4639
22;4640
6;4641
65;4642
626;4643
14;4644
31;4645
14;4647
4;4652
27;4658
28;4670
5;4671
4;4673
69;4674
9;4675
32;4679
8;4682
23;4685
1;4687
2;4694
27;4696
14;4697
7;4700
5;4702
27;4733
31;4734
42;4735
29;4736
34;4751
181;4753
58;4755
192;4756
30;4757
4;4759
13;4769
13;4771
22;4774
2;4789
6;4792
116;4829
91;4830
14;4831
41;4832
33;4833
14;4837
23;4850
178;4851
66;4852
10;4858
8;4866
3;4869
6;4874
37;4877
29;4880
12;4882
9;4883
18;4886
175;4887
1;4892
249;4925
85;4926
54;4928
12;4940
31;4941
29;4945
30;4946
45;4947
3;4948
8;4950
2;4955
156;4969
17;4971
191;4978
2;4979
3;4980
62;5021
110;5022
204;5023
224;5024
8;5037
9;5039
40;5041
39;5042
20;5044
39;5062
18;5065
14;5066
40;5067
8;5070
24;5072
12;5074
5;5078
20;5079
7;5090
163;5101
32;5117
31;5118
726;5119
245;5120
33;5132
23;5137
31;5138
31;5154
15;5161
35;5164
16;5168
26;5172
156;5174
31;5188
29;5209
53;5213
30;5214
12;5215
69;5216
220;5217
1;5218
25;5219
60;5220
12;5223
11;5247
16;5248
49;5249
4;5250
10;5251
27;5252
18;5255
21;5265
12;5266
32;5268
4;5269
2;5271
9;5276
21;5301
88;5309
7;5310
5;5311
70;5312
46;5313
12;5314
238;5315
55;5316
7;5322
28;5333
6;5340
32;5342
149;5343
31;5347
3;5348
11;5363
17;5366
2;5368
290;5405
9;5406
240;5407
75;5408
7;5414
38;5421
15;5424
160;5426
14;5427
24;5438
162;5447
10;5451
7;5452
153;5456
32;5458
21;5467
17;5494
14;5501
62;5502
161;5503
53;5504
4;5507
11;5508
2;5522
18;5544
33;5547
19;5558
3;5559
6;5560
18;5581
33;5597
44;5598
46;5599
277;5600
3;5602
22;5604
13;5617
25;5618
171;5620
10;5623
4;5640
20;5643
2;5645
8;5649
4;5652
10;5693
225;5694
40;5695
42;5696
20;5706
167;5714
16;5715
27;5716
6;5737
32;5738
12;5740
35;5745
59;5748
26;5752
206;5789
67;5790
38;5791
54;5792
14;5798
32;5807
25;5809
28;5810
26;5811
29;5812
20;5814
20;5825
1;5840
28;5841
5;5843
13;5848
4;5862
6;5884
183;5885
61;5886
58;5887
9;5888
4;5889
22;5890
20;5891
1;5892
6;5895
151;5896
20;5897
24;5902
15;5910
27;5911
7;5917
1;5921
168;5922
26;5923
4;5935
27;5936
17;5942
7;5944
13;5945
166;5946
12;5947
20;5949
19;5981
54;5982
2;5983
30;5984
26;5985
76;5986
44;5988
39;6015
38;6018
80;6019
12;6020
12;6022
8;6034
14;6036
30;6038
17;6039
18;6040
150;6041
5;6044
2;6047
170;6077
155;6078
172;6079
90;6080
1;6087
19;6097
24;6099
15;6100
3;6108
2;6122
13;6127
12;6128
25;6130
31;6173
226;6174
41;6175
290;6176
8;6178
37;6185
47;6193
14;6194
12;6195
33;6196
6;6218
7;6220
66;6222
26;6225
17;6230
85;6269
66;6270
162;6271
53;6272
550;6287
47;6289
31;6303
10;6305
16;6318
3;6319
5;6323
12;6324
29;6328
19;6345
24;6363
543;6365
28;6367
28;6368
34;6370
28;6371
23;6373
35;6374
22;6385
46;6386
14;6387
8;6388
27;6389
4;6402
4;6411
171;6413
33;6414
11;6415
24;6416
1;6418
18;6419
38;6420
27;6421
36;6423
2;6428
33;6461
17;6462
68;6463
1;6480
10;6481
3;6482
2;6483
70;6484
18;6504
15;6505
11;6509
11;6510
10;6511
24;6516
19;6517
86;6518
3;6519
212;6557
8;6558
79;6561
33;6563
10;6591
29;6592
15;6593
19;6594
8;6595
17;6596
4;6601
166;6605
14;6610
13;6611
38;6612
35;6618
155;6633
20;6653
31;6654
3;6655
56;6657
48;6658
31;6659
619;6660
12;6671
30;6672
30;6686
6;6687
35;6688
35;6690
2;6692
9;6705
41;6707
9;6708
29;6709
4;6716
9;6725
144;6749
47;6750
45;6752
2;6755
3;6759
180;6769
74;6771
2;6772
33;6777
7;6786
149;6788
4;6794
18;6796
7;6797
69;6800
12;6804
180;6807
11;6825
109;6845
56;6846
63;6847
2;6848
18;6865
80;6866
3;6867
160;6870
25;6882
28;6887
23;6888
8;6890
53;6895
7;6896
27;6899
167;6900
2;6901
27;6912
56;6941
186;6942
49;6943
31;6944
29;6946
26;6957
16;6962
12;6963
28;6964
159;6967
30;6985
12;6986
5;6987
10;6989
19;6990
170;6992
14;6998
183;6999
59;7037
81;7038
65;7039
226;7040
7;7044
26;7048
25;7057
9;7058
12;7060
9;7077
22;7079
29;7082
23;7084
40;7086
8;7088
12;7089
20;7096
22;7102
28;7105
552;7133
180;7134
31;7135
35;7136
13;7145
7;7153
11;7155
166;7156
27;7177
171;7179
166;7180
27;7184
12;7214
168;7229
41;7230
36;7231
21;7232
190;7233
159;7234
26;7236
30;7253
36;7261
38;7263
5;7264
36;7265
22;7266
27;7267
40;7268
33;7273
6;7277
151;7286
6;7292
35;7300
23;7325
35;7326
5;7327
38;7328
8;7329
51;7330
1;7331
24;7332
7;7340
13;7341
9;7353
17;7355
163;7357
25;7358
25;7359
12;7361
30;7364
19;7366
6;7372
3;7377
180;7383
24;7387
2;7388
80;7421
23;7422
82;7423
59;7424
16;7433
4;7437
6;7441
9;7442
22;7443
36;7445
4;7448
11;7458
10;7460
11;7465
31;7467
159;7469
1;7470
18;7471
21;7474
10;7475
31;7479
41;7480
299;7517
130;7518
19;7519
78;7520
13;7521
22;7537
51;7538
181;7540
12;7542
27;7547
23;7552
11;7563
6;7569
18;7570
9;7572
9;7576
5;7582
11;7593
46;7613
34;7614
78;7615
47;7616
26;7631
6;7634
2;7635
2;7637
154;7643
32;7657
24;7659
22;7661
70;7662
24;7663
30;7668
22;7670
11;7671
28;7672
8;7689
36;7709
71;7710
39;7711
11;7712
30;7722
59;7729
25;7730
6;7731
28;7732
29;7752
40;7753
152;7754
7;7759
4;7760
32;7765
53;7766
23;7768
14;7791
54;7805
6;7806
14;7807
121;7808
163;7820
591;7825
9;7826
60;7828
6;7849
20;7850
15;7851
7;7855
9;7858
19;7861
26;7862
11;7863
169;7864
49;7901
855;7902
58;7903
23;7905
107;7907
3;7908
10;7909
30;7926
57;7933
1;7937
38;7938
33;7940
12;7952
38;7954
36;7957
15;7958
6;7959
156;7962
11;7972
31;7978
2;7997
83;7998
14;7999
43;8000
33;8001
65;8002
71;8003
104;8004
14;8015
164;8025
21;8030
21;8032
36;8035
49;8036
2;8037
556;8039
25;8045
31;8053
171;8058
27;8066
54;8093
7;8094
30;8095
5;8096
18;8113
28;8114
17;8115
62;8142
252;8189
365;8190
350;8191
579;8192
39;8209
2;8210
4;8211
16;8212
16;8228
4;8232
58;8233
6;8237
160;8238
14;8240
30;8241
11;8245
27;8271
36;8285
19;8286
82;8288
1;8289
4;8290
35;8296
9;8297
16;8305
6;8306
10;8313
3;8327
15;8330
26;8343
22;8382
190;8383
184;8384
17;8401
24;8402
34;8404
28;8413
8;8426
14;8427
9;8432
21;8435
24;8436
8;8438
24;8477
56;8478
204;8479
71;8480
22;8491
3;8494
91;8497
24;8499
24;8500
30;8505
151;8523
12;8525
28;8526
35;8528
15;8529
8;8532
2;8560
7;8562
30;8573
21;8574
219;8575
25;8576
43;8577
13;8578
48;8579
22;8580
5;8592
17;8606
24;8607
5;8608
16;8609
4;8610
166;8611
3;8618
7;8621
20;8626
31;8633
9;8637
9;8645
194;8665
91;8666
575;8667
54;8668
49;8669
13;8670
32;8672
35;8675
33;8684
171;8697
11;8698
6;8699
169;8700
90;8701
23;8703
12;8704
2;8706
36;8707
22;8711
40;8721
1;8726
4;8728
9;8756
24;8761
92;8762
27;8763
50;8764
24;8774
16;8781
22;8783
7;8787
25;8788
1;8790
23;8805
9;8812
18;8813
155;8814
8;8818
4;8819
26;8841
6;8857
69;8858
202;8859
72;8860
13;8861
20;8864
22;8876
229;8877
188;8879
30;8880
182;8905
10;8906
11;8909
5;8911
12;8914
3;8937
58;8953
68;8954
71;8955
34;8956
25;8959
7;8965
11;8968
2;8969
21;8973
69;8975
47;8976
35;8977
3;8979
9;8985
20;8991
152;8992
31;8993
24;8995
21;8996
2;8997
4;9000
163;9004
9;9006
4;9010
15;9049
197;9050
18;9051
59;9052
9;9053
21;9062
17;9065
15;9069
56;9070
566;9074
12;9096
1;9101
16;9108
77;9145
34;9146
58;9147
100;9148
5;9160
8;9163
174;9165
16;9166
40;9168
14;9177
19;9182
25;9185
156;9200
2;9202
7;9205
8;9216
8;9237
6;9241
32;9242
26;9244
44;9245
55;9246
15;9247
31;9248
29;9262
1;9271
27;9273
47;9275
21;9276
164;9277
17;9278
182;9280
9;9281
7;9284
29;9295
19;9299
22;9300
34;9311
33;9337
51;9339
610;9340
15;9341
22;9342
37;9344
5;9357
14;9361
4;9363
33;9369
35;9370
7;9372
17;9373
157;9375
10;9376
11;9384
170;9387
30;9393
1;9394
151;9396
15;9397
44;9399
83;9433
58;9434
35;9435
129;9436
5;9454
33;9456
3;9463
10;9464
19;9480
46;9482
16;9483
18;9485
19;9487
59;9488
19;9491
9;9498
73;9529
71;9530
237;9531
188;9532
9;9535
27;9546
7;9547
42;9549
32;9550
3;9551
27;9552
14;9573
25;9577
5;9578
25;9582
15;9604
166;9609
11;9613
58;9625
35;9626
5;9627
66;9628
8;9635
56;9646
6;9661
15;9669
153;9674
5;9679
9;9682
26;9684
228;9721
381;9722
51;9723
253;9724
159;9727
11;9741
30;9742
30;9743
37;9744
8;9762
161;9765
15;9766
6;9769
27;9771
9;9773
27;9775
162;9778
16;9785
69;9817
42;9818
39;9820
7;9823
7;9825
20;9834
10;9837
28;9838
2;9839
50;9840
15;9862
22;9864
27;9865
176;9867
163;9874
11;9875
23;9904
1;9912
27;9913
11;9914
46;9915
67;9916
62;9917
41;9918
3;9919
164;9920
24;9933
9;9941
11;9947
185;9948
21;9949
13;9952
20;9954
10;9966
24;9967
13;9974
11;9976
3;9983
6;10009
150;10010
12;10011
17;10012
189;10013
111;10014
25;10015
37;10016
24;10021
36;10027
26;10030
8;10041
35;10045
68;10046
578;10048
38;10052
5;10058
26;10059
22;10062
23;10063
21;10065
13;10066
50;10067
11;10069
19;10105
55;10106
66;10107
59;10108
27;10111
1;10125
18;10126
166;10127
49;10128
5;10133
2;10135
17;10138
12;10147
10;10148
23;10158
16;10162
34;10170
72;10201
75;10202
31;10203
106;10204
12;10210
16;10218
48;10223
17;10224
7;10225
22;10233
25;10245
8;10246
8;10247
8;10250
21;10251
1;10253
184;10297
89;10298
37;10299
70;10300
9;10308
26;10310
2;10311
36;10318
37;10320
31;10336
162;10339
16;10341
18;10345
5;10346
17;10348
26;10349
4;10355
151;10357
42;10393
37;10394
180;10395
167;10396
1;10411
35;10412
566;10413
51;10414
30;10415
10;10417
14;10419
30;10445
9;10447
20;10463
2;10473
59;10489
89;10490
12;10491
61;10492
3;10502
4;10509
24;10510
38;10511
21;10512
19;10517
17;10534
562;10535
7;10540
187;10545
184;10546
182;10585
43;10586
47;10587
28;10588
29;10589
6;10591
21;10592
28;10598
31;10610
27;10618
21;10619
40;10622
5;10623
37;10624
6;10625
22;10640
30;10641
10;10645
21;10646
31;10670
26;10675
32;10681
38;10682
33;10683
12;10685
6;10686
29;10687
15;10688
151;10695
4;10707
23;10709
8;10713
1;10714
50;10715
42;10716
23;10717
1;10718
36;10719
21;10731
11;10740
7;10743
16;10769
4;10777
13;10778
12;10779
114;10780
6;10790
44;10796
39;10799
37;10800
157;10804
25;10820
7;10823
18;10824
20;10825
10;10826
6;10835
37;10836
189;10873
40;10874
98;10875
29;10876
24;10894
163;10896
24;10900
31;10909
23;10922
53;10924
1;10927
24;10929
30;10931
215;10969
57;10970
327;10971
12;10972
3;10974
18;10983
26;10988
45;10990
19;10991
16;11010
8;11013
8;11014
160;11016
23;11018
2;11020
5;11022
41;11023
6;11028
12;11051
23;11065
86;11066
123;11067
267;11068
20;11070
19;11074
18;11076
33;11085
155;11087
24;11094
6;11115
40;11116
39;11123
76;11161
318;11162
226;11163
61;11164
7;11177
31;11179
159;11181
6;11182
21;11183
13;11184
22;11186
4;11194
36;11204
18;11205
8;11210
64;11211
21;11212
155;11220
274;11257
59;11258
35;11260
26;11261
20;11262
47;11263
69;11264
171;11274
164;11290
29;11292
10;11293
170;11294
17;11295
32;11302
29;11306
9;11308
57;11309
25;11317
15;11320
12;11333
165;11353
31;11354
24;11355
13;11356
31;11357
51;11358
14;11359
26;11360
59;11372
30;11375
47;11385
10;11388
29;11389
31;11390
1;11391
163;11397
18;11400
36;11409
12;11413
35;11415
38;11424
86;11449
55;11450
98;11451
203;11452
10;11469
557;11470
24;11475
15;11493
7;11496
11;11497
3;11500
162;11501
11;11515
49;11545
34;11546
4;11547
26;11548
15;11550
4;11592
10;11595
17;11597
14;11598
1;11601
35;11602
4;11603
370;11641
188;11642
10;11643
10;11644
158;11653
8;11662
22;11667
31;11676
6;11686
32;11687
32;11690
7;11691
23;11698
3;11709
80;11737
216;11738
27;11739
22;11740
2;11742
8;11746
36;11752
44;11757
23;11758
18;11759
34;11760
9;11773
9;11779
3;11784
98;11833
26;11834
27;11835
6;11836
20;11841
175;11853
34;11854
27;11855
3;11874
36;11876
1;11879
19;11882
8;11884
11;11890
3;11892
66;11931
4;11932
35;11933
15;11934
60;11935
402;11936
2;11941
11;11962
25;11964
14;11966
10;11968
3;11970
2;11982
27;11985
24;11986
18;11987
5;11988
4;11992
25;12008
34;12013
213;12025
55;12026
179;12027
55;12028
11;12030
55;12032
17;12053
34;12057
4;12058
155;12059
16;12060
23;12062
159;12063
15;12077
15;12078
10;12081
151;12082
1;12083
25;12084
13;12085
42;12088
45;12121
37;12122
14;12123
15;12124
5;12130
26;12141
17;12142
150;12143
11;12144
28;12169
7;12175
33;12177
14;12217
158;12218
219;12220
38;12221
12;12222
10;12226
14;12228
37;12235
54;12238
1;12242
22;12257
23;12264
9;12265
21;12266
8;12269
3;12273
26;12274
174;12275
15;12295
65;12313
77;12314
73;12315
118;12316
9;12329
14;12330
196;12333
72;12334
1;12335
11;12336
9;12358
16;12360
32;12363
29;12365
88;12367
4;12368
3;12369
24;12371
9;12399
211;12409
232;12410
137;12411
187;12412
12;12425
35;12429
23;12432
14;12440
27;12446
21;12448
7;12453
1;12454
150;12457
46;12460
10;12467
28;12468
14;12505
28;12507
177;12508
19;12524
59;12525
20;12527
25;12528
10;12532
51;12550
11;12551
3;12556
20;12557
20;12561
13;12577
21;12591
31;12602
30;12604
8;12605
21;12606
14;12607
1;12608
3;12611
9;12631
5;12633
13;12634
9;12635
221;12640
11;12641
23;12654
37;12659
3;12662
155;12664
6;12680
166;12697
18;12699
10;12700
66;12701
40;12702
24;12703
25;12704
38;12730
18;12732
11;12746
4;12749
7;12750
9;12757
1;12778
56;12793
62;12794
23;12795
92;12796
12;12803
195;12814
10;12821
2;12834
1;12841
13;12844
1;12847
1;12849
56;12889
30;12890
52;12891
208;12892
36;12908
17;12911
7;12912
27;12913
13;12935
20;12936
566;12937
4;12941
10;12943
34;12944
8;12968
215;12985
606;12986
30;12987
74;12988
166;13000
8;13006
28;13007
46;13008
28;13022
16;13024
26;13030
21;13034
8;13037
32;13039
184;13081
1;13082
31;13083
32;13084
8;13085
64;13102
7;13104
17;13119
29;13122
39;13124
25;13128
163;13130
29;13133
16;13136
22;13138
5;13161
55;13177
29;13178
44;13179
184;13180
1;13194
175;13197
36;13199
160;13202
6;13215
6;13223
6;13227
6;13232
10;13233
8;13236
10;13273
36;13274
29;13276
37;13277
1;13278
4;13279
12;13280
26;13286
4;13290
12;13305
58;13307
34;13308
167;13309
23;13310
48;13311
14;13312
27;13320
9;13325
28;13328
17;13329
38;13333
37;13369
15;13370
7;13371
44;13372
28;13373
39;13374
2;13375
183;13376
26;13389
10;13396
553;13403
12;13404
35;13413
17;13415
20;13421
43;13423
8;13430
28;13431
14;13432
12;13460
179;13465
15;13466
372;13467
83;13468
6;13481
15;13485
12;13486
7;13495
12;13514
31;13515
29;13516
8;13518
16;13519
10;13521
1;13561
17;13563
14;13564
13;13581
6;13582
30;13583
6;13584
31;13587
188;13657
52;13658
49;13659
49;13660
5;13671
75;13677
72;13678
23;13679
6;13680
4;13690
162;13704
4;13709
9;13710
23;13715
14;13716
21;13753
204;13754
182;13755
87;13756
25;13762
3;13772
19;13773
45;13775
11;13776
18;13783
5;13798
169;13800
10;13803
92;13849
70;13850
29;13851
42;13852
14;13867
27;13869
28;13870
14;13872
27;13879
5;13896
8;13897
17;13902
3;13907
8;13908
2;13944
11;13945
36;13946
46;13947
8;13948
10;13949
28;13950
93;13951
78;13952
2;13961
161;13977
6;13978
41;13979
8;13980
15;13981
28;13984
12;13987
33;13991
5;13997
4;13998
18;14000
13;14002
19;14004
157;14006
30;14021
15;14041
21;14042
320;14045
361;14046
33;14047
13;14052
18;14055
12;14076
17;14077
14;14079
158;14080
16;14095
175;14096
31;14100
58;14137
80;14138
59;14139
161;14140
9;14146
24;14157
7;14158
16;14159
15;14188
170;14190
10;14193
19;14194
53;14233
45;14234
34;14235
62;14236
1;14242
30;14254
53;14255
15;14270
20;14278
24;14281
11;14282
9;14284
3;14301
46;14329
43;14330
35;14331
648;14332
9;14338
35;14349
50;14350
74;14351
23;14352
10;14362
34;14375
30;14380
4;14384
171;14386
22;14409
21;14425
74;14426
21;14427
50;14428
31;14432
7;14434
9;14435
26;14446
42;14447
1;14449
2;14474
10;14479
85;14521
76;14522
18;14523
74;14524
13;14527
9;14536
3;14541
153;14544
16;14546
4;14553
23;14556
23;14565
22;14573
28;14576
21;14586
12;14613
76;14617
187;14620
29;14621
38;14624
15;14629
5;14636
2;14649
2;14652
17;14654
183;14656
1;14669
12;14674
13;14675
9;14677
28;14678
4;14679
11;14681
23;14704
154;14705
48;14713
35;14714
36;14715
35;14716
185;14717
96;14718
11;14719
180;14720
19;14721
32;14743
15;14745
161;14750
35;14751
20;14754
11;14765
4;14766
15;14768
32;14769
30;14771
16;14774
169;14793
38;14809
56;14810
203;14811
28;14812
19;14815
6;14825
34;14829
6;14830
27;14831
22;14832
36;14836
160;14837
12;14857
11;14861
219;14905
117;14906
9;14907
44;14908
25;14925
1;14929
27;14957
62;15001
53;15002
77;15003
56;15004
24;15015
39;15022
3;15042
14;15047
8;15050
17;15055
26;15098
13;15099
28;15100
9;15117
39;15118
201;15120
42;15142
6;15143
3;15147
15;15154
31;15193
53;15194
88;15195
24;15197
6;15205
3;15215
65;15216
35;15240
12;15241
5;15243
26;15244
12;15251
71;15290
19;15292
25;15294
75;15295
30;15296
30;15305
22;15314
173;15321
4;15322
59;15323
36;15327
17;15334
3;15339
15;15342
6;15344
36;15345
165;15346
7;15348
156;15350
4;15354
13;15386
36;15387
15;15388
13;15389
29;15391
20;15392
4;15393
38;15409
15;15417
20;15419
5;15420
21;15421
15;15422
26;15423
4;15424
8;15428
10;15430
3;15438
34;15441
16;15446
5;15447
11;15481
41;15482
103;15483
80;15484
6;15495
60;15504
21;15507
27;15510
13;15530
20;15531
10;15536
29;15538
11;15540
24;15577
353;15578
38;15579
207;15580
37;15599
8;15600
4;15602
2;15607
6;15609
22;15616
7;15622
22;15626
23;15629
6;15632
16;15633
30;15635
354;15673
8;15674
101;15675
47;15676
6;15683
164;15687
15;15694
33;15695
18;15696
160;15715
10;15717
12;15721
6;15722
20;15723
183;15725
13;15757
81;15769
356;15770
64;15771
46;15772
19;15789
176;15792
27;15799
2;15813
25;15817
7;15819
9;15820
24;15823
170;15824
9;15825
16;15858
72;15865
36;15866
13;15867
25;15868
19;15873
19;15886
10;15887
1;15905
184;15911
76;15916
17;15917
152;15961
181;15962
10;15964
59;15965
176;15966
655;15967
20;15968
20;15970
24;15973
24;15980
1;15990
3;15996
23;15997
27;15999
7;16011
4;16020
2;16022
12;16023
6;16024
20;16048
11;16057
31;16058
181;16060
51;16061
70;16062
72;16064
3;16071
1;16074
26;16078
15;16084
18;16089
56;16090
24;16091
19;16092
2;16093
7;16094
31;16096
4;16099
36;16110
14;16111
3;16114
24;16116
37;16153
159;16154
58;16155
60;16156
13;16170
15;16173
169;16175
23;16176
2;16182
28;16188
183;16194
11;16199
20;16207
25;16208
22;16212
42;16249
25;16250
112;16251
83;16252
18;16266
161;16271
4;16273
30;16296
29;16301
11;16304
17;16305
24;16315
35;16345
72;16346
84;16347
12;16349
3;16364
36;16365
165;16367
2;16368
14;16372
10;16392
4;16393
7;16394
3;16395
18;16397
40;16403
23;16420
25;16441
56;16442
184;16443
65;16444
12;16459
189;16463
20;16478
15;16489
10;16490
14;16497
23;16499
20;16500
9;16515
33;16537
64;16538
57;16539
399;16540
34;16542
180;16547
17;16550
24;16557
23;16558
26;16559
26;16560
35;16583
8;16591
168;16593
2;16595
17;16596
14;16618
100;16633
16;16634
12;16635
4;16636
5;16637
30;16638
192;16639
22;16640
22;16641
4;16648
15;16651
11;16664
180;16665
9;16666
15;16669
39;16670
6;16671
9;16672
19;16681
10;16682
7;16690
32;16692
24;16693
17;16696
10;16729
30;16730
26;16731
22;16732
45;16733
83;16735
31;16736
26;16739
7;16744
20;16759
11;16761
182;16762
4;16763
8;16785
58;16788
47;16825
12;16826
188;16827
2;16828
25;16845
32;16846
30;16848
4;16849
27;16873
150;16879
12;16881
78;16921
165;16922
22;16923
32;16924
8;16928
18;16941
18;16944
7;16945
167;16962
20;16967
7;16969
27;16971
8;16973
7;16974
11;16976
17;17017
56;17018
11;17019
39;17020
36;17040
34;17060
1;17063
1;17067
36;17070
187;17113
225;17114
26;17115
22;17116
8;17135
31;17136
10;17141
2;17160
9;17171
14;17206
30;17207
74;17209
13;17210
67;17211
105;17212
13;17213
9;17230
15;17231
28;17249
12;17255
32;17257
6;17260
150;17261
348;17262
3;17266
21;17267
31;17292
174;17306
20;17307
51;17308
27;17310
7;17311
72;17312
11;17315
13;17338
21;17341
9;17342
19;17343
7;17360
26;17362
12;17366
161;17368
20;17375
34;17390
29;17401
195;17402
30;17403
4;17405
7;17406
37;17407
33;17408
5;17411
25;17412
16;17413
6;17416
2;17421
194;17434
25;17435
4;17437
5;17438
21;17459
17;17460
8;17464
39;17497
10;17498
55;17499
59;17500
10;17502
14;17517
2;17518
22;17519
6;17520
22;17531
6;17532
13;17538
28;17553
19;17556
47;17593
7;17594
244;17595
60;17596
26;17599
21;17613
15;17614
150;17615
17;17616
12;17627
3;17640
13;17641
152;17644
10;17645
3;17648
27;17649
73;17689
67;17690
19;17691
62;17692
19;17695
1;17706
8;17709
21;17710
23;17717
12;17721
25;17731
5;17737
13;17738
33;17740
14;17742
20;17745
24;17748
30;17777
66;17785
62;17786
197;17788
20;17805
58;17806
4;17808
56;17831
38;17834
15;17839
28;17841
15;17881
67;17882
49;17884
15;17901
4;17902
50;17903
2;17904
26;17924
25;17932
7;17933
15;17939
9;17970
8;17977
16;17978
40;17979
16;17980
187;17981
6;17983
50;17984
154;18001
2;18004
18;18011
4;18013
17;18014
22;18015
7;18016
159;18022
2;18027
22;18028
23;18029
21;18031
26;18052
35;18073
165;18074
34;18076
27;18078
35;18079
45;18080
1;18081
29;18088
15;18089
3;18105
18;18106
14;18108
3;18109
20;18110
5;18111
8;18120
1;18125
158;18126
12;18128
31;18132
28;18169
222;18170
227;18171
47;18172
37;18181
31;18189
31;18190
25;18191
166;18192
9;18197
14;18207
33;18218
14;18219
25;18223
162;18225
31;18228
18;18239
1;18265
278;18266
215;18267
192;18268
30;18273
17;18281
7;18285
9;18286
11;18288
10;18309
18;18313
36;18315
162;18319
25;18324
62;18361
5;18362
197;18363
322;18364
46;18382
20;18384
35;18406
8;18407
22;18411
3;18412
5;18413
8;18455
34;18457
40;18458
56;18459
90;18460
21;18461
10;18466
5;18469
27;18477
37;18478
15;18480
1;18503
18;18505
152;18512
32;18514
260;18554
175;18555
374;18556
64;18574
17;18576
37;18581
18;18584
7;18589
24;18601
157;18602
169;18603
3;18605
162;18611
20;18650
16;18652
6;18654
164;18655
10;18656
9;18662
2;18664
10;18665
2;18673
28;18682
16;18683
37;18686
160;18688
23;18703
7;18704
16;18705
8;18707
12;18709
20;18710
20;18711
1;18712
28;18745
11;18746
27;18747
13;18748
32;18749
30;18750
48;18752
15;18763
14;18766
7;18769
4;18774
13;18778
8;18779
173;18781
25;18783
21;18784
17;18788
7;18797
15;18803
16;18806
293;18841
87;18842
38;18843
64;18844
9;18858
31;18864
27;18885
19;18886
9;18888
9;18891
13;18897
53;18937
24;18938
54;18939
65;18940
6;18957
18;18958
163;18959
23;18960
21;18978
4;18984
23;18987
19;18994
5;18996
50;19033
220;19034
41;19035
68;19036
58;19053
70;19054
13;19059
28;19079
4;19080
30;19088
26;19091
28;19129
31;19130
20;19131
164;19132
2;19148
24;19149
144;19150
3;19151
50;19152
16;19160
19;19173
17;19176
15;19178
2;19181
39;19186
75;19225
24;19226
45;19227
162;19228
159;19245
6;19246
7;19247
30;19266
34;19284
30;19313
581;19321
26;19322
9;19323
31;19324
187;19325
27;19326
6;19327
174;19328
18;19333
9;19340
44;19353
160;19354
34;19355
10;19356
13;19358
203;19360
12;19361
33;19366
11;19373
4;19374
6;19376
572;19378
42;19380
29;19381
17;19417
29;19418
44;19419
35;19420
23;19421
22;19422
68;19423
17;19424
19;19433
36;19437
27;19439
2;19443
5;19449
163;19451
34;19452
59;19454
24;19456
15;19463
17;19479
18;19513
5;19514
106;19515
16;19516
20;19519
1;19533
39;19536
108;19548
28;19558
4;19565
5;19566
19;19569
22;19571
15;19583
19;19602
82;19609
27;19610
21;19611
53;19612
5;19623
10;19629
28;19630
18;19631
24;19633
10;19660
159;19663
162;19678
73;19705
213;19706
33;19707
16;19708
23;19720
3;19727
2;19728
22;19730
5;19750
34;19751
17;19753
17;19759
8;19762
3;19764
191;19801
233;19802
41;19803
49;19804
5;19805
10;19810
71;19821
7;19823
21;19831
7;19835
16;19897
2;19898
16;19899
14;19900
5;19909
67;19917
22;19918
20;19919
16;19920
51;19943
37;19952
11;19987
32;19993
17;19994
41;19995
27;19996
39;19997
8;19998
36;19999
35;20000
14;20005
159;20025
32;20026
5;20027
24;20028
32;20029
66;20030
37;20031
31;20032
9;20035
30;20046
33;20051
9;20054
553;20061
9;20075
31;20089
175;20090
6;20091
35;20092
9;20093
12;20094
70;20096
54;20098
16;20103
20;20119
14;20122
16;20124
13;20125
39;20127
17;20138
44;20141
25;20142
7;20146
547;20147
20;20151
4;20173
5;20175
34;20185
66;20187
48;20188
28;20189
23;20203
12;20205
31;20206
34;20207
5;20224
22;20229
39;20230
16;20231
8;20232
6;20241
31;20243
24;20281
203;20282
47;20283
91;20284
63;20302
147;20303
30;20312
33;20327
17;20336
18;20340
21;20364
15;20378
12;20379
31;20380
28;20397
24;20399
20;20400
30;20404
10;20423
180;20428
7;20430
1;20431
3;20432
10;20433
25;20434
46;20473
38;20474
33;20475
46;20476
30;20478
24;20484
19;20493
11;20494
6;20495
53;20496
7;20502
30;20518
28;20522
17;20524
18;20525
18;20527
2;20551
57;20569
12;20570
31;20571
179;20572
5;20590
1;20591
70;20592
158;20597
5;20599
29;20618
31;20624
44;20628
4;20665
97;20666
16;20667
31;20668
6;20669
39;20670
25;20671
39;20672
14;20696
28;20699
158;20700
36;20701
4;20703
13;20713
12;20718
15;20719
5;20723
22;20761
43;20763
28;20764
31;20765
36;20766
22;20767
24;20778
2;20791
5;20796
9;20798
27;20800
5;20813
1;20818
20;20819
3;20821
15;20841
5;20855
22;20857
28;20858
39;20859
34;20860
35;20874
2;20876
30;20877
33;20879
1;20880
6;20895
5;20897
39;20902
35;20905
46;20909
27;20931
8;20943
2;20953
87;20954
179;20955
107;20956
6;20960
4;20965
170;20967
6;20969
8;20976
33;20991
4;20999
6;21000
13;21004
5;21008
4;21009
26;21032
65;21049
80;21050
34;21051
25;21052
4;21058
16;21062
18;21070
17;21072
158;21075
11;21080
17;21088
8;21093
6;21098
29;21100
14;21101
6;21145
234;21146
39;21147
657;21148
25;21158
13;21168
11;21171
161;21190
6;21198
22;21199
2;21200
11;21201
18;21204
26;21241
105;21242
94;21243
8;21244
33;21263
6;21264
26;21286
21;21291
17;21294
8;21297
36;21315
29;21320
9;21337
80;21339
48;21341
11;21342
84;21343
18;21344
31;21371
6;21372
7;21374
2;21375
164;21376
2;21382
17;21392
7;21395
46;21396
25;21397
22;21399
36;21400
2;21417
27;21429
2;21433
209;21434
13;21435
20;21436
183;21437
21;21438
31;21440
1;21443
28;21451
16;21453
2;21461
364;21465
12;21468
61;21469
192;21486
9;21488
27;21493
24;21494
14;21495
47;21529
167;21530
11;21531
31;21532
23;21550
45;21551
18;21553
18;21555
14;21559
9;21582
37;21583
27;21585
3;21587
61;21625
238;21626
29;21627
31;21645
22;21648
1;21657
28;21658
3;21667
18;21671
2;21674
13;21675
12;21683
46;21684
190;21721
25;21722
183;21723
4;21724
9;21740
75;21742
17;21748
3;21759
150;21773
31;21777
166;21780
27;21781
29;21805
6;21814
18;21816
223;21817
57;21818
35;21819
16;21820
22;21825
27;21829
171;21837
61;21838
17;21847
14;21861
37;21863
20;21868
22;21870
184;21873
3;21876
13;21913
68;21914
62;21915
253;21916
61;21933
20;21935
8;21948
164;21952
26;21962
22;21963
35;21969
26;21991
29;21995
20;22001
22;22009
73;22010
39;22011
201;22012
25;22016
27;22029
17;22044
43;22046
23;22047
6;22062
16;22063
2;22065
11;22066
23;22068
10;22069
5;22070
3;22072
17;22080
15;22099
2;22105
60;22106
5;22107
227;22108
38;22110
56;22111
19;22112
20;22130
3;22138
13;22141
19;22143
4;22150
16;22155
11;22161
44;22163
25;22167
38;22168
114;22201
164;22202
203;22204
12;22208
23;22209
4;22221
1;22222
2;22224
27;22238
4;22245
2;22248
8;22250
32;22252
17;22255
48;22297
57;22298
71;22299
41;22300
9;22308
20;22316
5;22317
1;22318
21;22319
26;22320
24;22333
19;22348
2;22349
19;22351
31;22353
6;22371
20;22376
61;22393
199;22394
63;22395
180;22396
33;22397
4;22402
21;22413
155;22414
11;22416
8;22422
26;22437
59;22439
28;22442
29;22443
19;22446
1;22448
11;22449
3;22451
9;22468
39;22489
72;22490
218;22491
164;22492
9;22493
1;22499
59;22509
9;22510
20;22511
37;22527
20;22544
27;22546
19;22554
24;22574
33;22585
12;22586
243;22587
93;22588
18;22595
20;22604
29;22606
22;22615
1;22618
60;22629
1;22631
31;22632
22;22634
2;22636
3;22637
37;22643
8;22663
22;22681
1;22682
40;22684
30;22686
41;22688
16;22693
14;22707
16;22714
21;22715
17;22716
4;22717
6;22718
7;22736
22;22743
26;22744
21;22778
24;22779
10;22781
201;22782
119;22783
27;22784
20;22789
28;22790
184;22809
2;22810
8;22812
6;22813
23;22815
36;22822
7;22830
12;22837
9;22839
34;22848
74;22873
47;22874
19;22875
647;22876
3;22893
182;22894
80;22895
22;22896
29;22899
8;22917
28;22921
4;22930
39;22969
18;22970
34;22971
55;22972
9;22973
3;22975
17;22989
8;22991
38;22992
2;22997
9;23002
5;23015
18;23016
29;23017
33;23020
8;23022
42;23024
11;23029
4;23031
26;23065
322;23066
16;23067
19;23068
16;23084
12;23086
17;23087
2;23110
65;23116
1;23117
151;23124
208;23161
51;23162
20;23163
16;23164
165;23175
6;23177
4;23182
153;23183
18;23193
12;23198
17;23214
9;23215
31;23216
11;23237
17;23257
189;23258
4;23260
22;23268
30;23277
188;23278
147;23279
4;23280
15;23285
25;23303
11;23309
31;23313
14;23315
11;23353
6;23354
33;23355
30;23356
18;23357
38;23358
42;23359
41;23360
12;23362
8;23368
9;23375
21;23386
28;23388
3;23390
22;23391
1;23394
29;23409
1;23416
15;23421
5;23423
167;23449
10;23450
52;23451
38;23452
1;23453
156;23454
32;23455
10;23464
6;23482
6;23484
7;23485
3;23489
18;23493
33;23501
7;23503
5;23507
23;23508
36;23509
7;23511
8;23512
1;23542
44;23545
62;23546
5;23547
16;23548
23;23561
29;23563
86;23565
4;23568
8;23569
19;23591
559;23596
7;23599
15;23602
291;23641
14;23642
206;23643
7;23644
7;23645
169;23647
19;23661
17;23662
167;23663
31;23664
167;23686
8;23688
12;23691
40;23694
53;23698
1;23700
193;23737
4;23738
2;23739
4;23743
12;23748
15;23752
163;23757
169;23758
161;23760
9;23765
14;23782
12;23784
4;23787
210;23793
19;23807
21;23814
68;23833
14;23834
221;23835
65;23836
18;23842
1;23847
10;23852
16;23853
25;23854
164;23855
11;23857
11;23859
36;23881
9;23883
9;23887
24;23907
166;23929
38;23930
87;23931
201;23932
38;23951
73;23952
25;23960
24;23968
31;23978
2;23980
2;23984
173;24025
27;24026
28;24027
18;24028
57;24029
12;24030
79;24032
2;24035
17;24057
8;24058
2;24060
6;24061
38;24063
13;24078
11;24079
14;24080
4;24081
19;24085
21;24087
25;24088
4;24089
1;24118
178;24121
75;24122
23;24123
11;24124
38;24125
33;24126
49;24127
81;24128
30;24153
55;24154
19;24156
23;24157
13;24161
23;24162
168;24169
171;24175
9;24176
5;24183
8;24184
28;24186
109;24217
41;24218
54;24219
71;24220
46;24237
2;24239
36;24240
24;24246
12;24261
169;24263
27;24267
18;24271
270;24313
145;24314
40;24315
5;24316
34;24317
27;24334
30;24335
37;24336
1;24350
28;24352
12;24359
167;24369
15;24370
202;24409
118;24410
34;24411
42;24412
3;24414
136;24429
17;24430
30;24436
17;24451
26;24455
23;24456
38;24467
31;24505
2;24506
35;24507
7;24508
34;24512
26;24525
27;24527
35;24550
1;24551
6;24552
24;24554
17;24555
30;24556
31;24559
20;24560
4;24566
15;24601
30;24602
205;24603
7;24604
13;24608
16;24621
33;24622
16;24625
4;24627
11;24642
24;24644
29;24645
2;24647
15;24649
11;24655
17;24656
29;24659
51;24697
32;24698
4;24699
206;24700
46;24701
39;24702
44;24703
355;24704
36;24707
27;24717
24;24731
26;24732
46;24750
8;24752
32;24755
9;24759
3;24792
6;24793
33;24794
41;24795
19;24796
28;24797
35;24799
14;24800
2;24815
43;24826
25;24831
2;24840
63;24847
6;24849
6;24853
16;24854
2;24855
44;24856
13;24862
214;24889
51;24890
59;24891
30;24902
157;24910
14;24911
4;24912
33;24921
11;24929
35;24934
22;24942
7;24944
29;24947
4;24948
23;24949
38;24956
42;24985
41;24986
58;24987
46;24988
21;25005
15;25006
6;25007
2;25008
10;25036
18;25038
22;25043
24;25065
12;25081
136;25083
91;25084
30;25091
1;25095
15;25096
37;25102
20;25103
20;25104
30;25107
152;25120
37;25128
26;25134
156;25135
36;25138
10;25139
17;25166
47;25177
37;25178
113;25179
38;25180
49;25197
14;25198
23;25222
20;25223
17;25227
30;25236
3;25254
30;25267
126;25273
284;25274
83;25275
89;25276
1;25286
162;25294
5;25295
19;25296
9;25297
23;25300
23;25317
33;25322
24;25326
150;25369
29;25371
55;25372
348;25373
49;25374
213;25375
53;25376
7;25381
29;25388
1;25390
5;25395
36;25403
14;25406
24;25410
9;25417
23;25421
14;25424
55;25425
25;25429
190;25465
78;25466
10;25468
23;25469
185;25470
39;25471
2;25488
19;25489
28;25493
7;25497
15;25498
7;25502
41;25504
21;25517
36;25521
8;25526
58;25561
30;25562
26;25563
13;25564
13;25567
12;25573
22;25574
163;25575
167;25576
20;25581
25;25582
20;25609
10;25610
4;25614
172;25615
33;25618
30;25620
150;25621
33;25657
37;25658
196;25659
213;25660
165;25665
566;25677
25;25678
6;25679
30;25703
12;25706
28;25707
33;25710
32;25712
157;25714
14;25716
29;25753
5;25755
35;25756
163;25766
4;25769
26;25773
26;25776
26;25795
21;25799
9;25803
14;25805
25;25810
22;25811
187;25849
66;25850
193;25851
1;25856
9;25869
21;25870
7;25871
35;25872
32;25886
11;25893
7;25895
11;25899
5;25946
77;25947
43;25948
153;25953
44;25965
2;25967
1;25968
7;25983
5;25986
38;25989
19;25990
561;25997
6;26002
14;26010
34;26023
14;26025
200;26041
65;26042
32;26043
15;26044
31;26045
3;26046
78;26047
1;26055
16;26066
13;26067
10;26085
1;26089
10;26091
40;26092
12;26095
30;26098
3;26100
4;26103
11;26121
11;26137
7;26138
9;26139
8;26140
24;26141
170;26142
16;26143
5;26144
8;26156
1;26164
6;26168
8;26169
194;26170
163;26171
63;26172
7;26174
34;26192
12;26196
25;26199
13;26200
37;26233
68;26234
54;26235
198;26236
4;26237
15;26248
4;26250
169;26251
10;26252
170;26253
4;26254
29;26256
17;26257
152;26266
25;26277
165;26281
31;26284
18;26329
46;26330
202;26331
190;26332
173;26349
8;26350
7;26351
50;26352
17;26355
5;26357
157;26374
1;26375
4;26383
6;26384
28;26385
1;26387
217;26425
56;26426
54;26427
15;26428
17;26446
33;26448
1;26461
16;26462
1;26471
3;26472
31;26474
158;26475
3;26477
6;26478
2;26479
12;26480
15;26511
15;26514
51;26521
66;26522
8;26523
60;26524
2;26535
36;26542
1;26544
11;26556
27;26558
6;26561
149;26566
29;26567
5;26568
19;26573
14;26575
44;26617
86;26618
41;26619
8;26620
35;26636
11;26638
5;26639
9;26657
11;26666
17;26669
3;26670
22;26671
22;26675
7;26676
4;26691
26;26702
50;26713
12;26714
360;26715
54;26716
57;26717
70;26718
40;26730
17;26738
35;26745
24;26746
100;26747
2;26748
14;26750
34;26751
27;26768
10;26773
12;26774
12;26776
26;26809
41;26810
18;26811
32;26812
1;26813
45;26814
79;26815
16;26816
182;26841
9;26842
34;26843
28;26856
157;26862
35;26864
19;26878
31;26905
721;26906
246;26907
69;26908
23;26918
12;26922
33;26925
4;26926
7;26937
3;26942
7;26949
15;26958
187;27001
212;27002
80;27003
70;27004
15;27009
162;27010
18;27011
176;27020
39;27022
29;27028
158;27046
3;27051
31;27054
567;27060
95;27097
33;27098
3;27099
103;27100
12;27117
13;27118
10;27119
15;27120
4;27139
20;27141
13;27144
31;27147
2;27152
18;27154
14;27156
33;27193
64;27195
38;27196
1;27212
30;27213
2;27214
31;27216
191;27238
14;27241
7;27251
63;27289
165;27290
30;27291
33;27302
557;27312
9;27318
8;27336
23;27337
157;27340
2;27342
28;27348
3;27349
33;27385
90;27386
77;27387
59;27388
14;27389
65;27390
7;27392
16;27417
29;27422
20;27423
31;27424
9;27427
2;27437
2;27447
45;27481
22;27482
19;27483
48;27484
193;27486
11;27488
11;27501
22;27514
32;27516
200;27519
11;27527
11;27535
25;27536
13;27537
36;27539
12;27571
77;27577
54;27578
8;27579
61;27580
2;27597
31;27598
38;27599
5;27600
7;27618
19;27620
159;27622
2;27624
13;27627
7;27631
1;27633
39;27673
32;27675
20;27676
8;27685
5;27692
7;27695
35;27696
148;27699
15;27702
154;27708
14;27719
4;27724
169;27731
19;27769
10;27770
106;27771
33;27789
58;27790
19;27791
51;27792
172;27802
29;27803
16;27813
4;27817
12;27820
9;27822
12;27824
2;27863
188;27865
215;27867
184;27868
20;27885
7;27887
7;27888
19;27896
16;27904
6;27910
42;27916
11;27920
12;27921
158;27961
89;27962
65;27963
12;27980
2;27983
28;27984
5;27985
5;28000
11;28005
8;28012
26;28014
9;28017
30;28018
19;28019
36;28030
29;28036
23;28057
44;28058
10;28060
13;28061
9;28063
77;28064
34;28069
34;28072
171;28087
11;28089
44;28092
11;28093
8;28095
8;28096
1;28109
24;28110
159;28114
30;28118
18;28151
1;28153
590;28155
168;28156
51;28157
75;28158
21;28159
18;28164
4;28167
28;28169
3;28180
6;28183
11;28185
18;28187
154;28190
36;28199
22;28204
27;28206
7;28209
6;28249
29;28250
60;28251
2;28252
5;28266
12;28269
56;28270
28;28272
9;28278
10;28279
37;28282
25;28297
38;28300
1;28301
21;28307
17;28321
65;28345
37;28346
257;28347
22;28348
5;28355
25;28366
10;28367
22;28389
21;28391
154;28395
16;28397
15;28398
14;28402
40;28441
59;28443
22;28444
9;28452
38;28455
84;28462
31;28463
8;28464
69;28497
30;28498
30;28537
46;28538
49;28539
39;28540
47;28554
2;28557
26;28565
14;28566
7;28580
12;28582
8;28583
19;28587
31;28588
168;28595
204;28633
187;28634
9;28635
73;28636
5;28647
36;28654
18;28655
44;28656
7;28688
1;28691
15;28696
26;28707
42;28729
64;28730
20;28731
189;28732
47;28733
161;28736
21;28757
9;28758
25;28762
17;28765
47;28766
3;28772
7;28774
5;28784
37;28792
17;28806
1;28818
13;28825
20;28826
47;28827
30;28828
32;28829
75;28831
207;28832
550;28835
10;28840
8;28844
18;28847
28;28857
27;28859
44;28860
164;28861
5;28863
15;28868
7;28876
34;28878
26;28883
4;28884
159;28888
129;28921
31;28922
122;28923
38;28924
11;28943
15;28964
156;28967
3;28968
9;28969
151;28973
32;29017
65;29018
177;29019
49;29020
15;29023
6;29032
31;29037
14;29039
26;29063
192;29064
2;29065
7;29071
8;29072
23;29076
55;29113
85;29114
3;29115
4;29116
193;29135
10;29151
6;29161
41;29162
159;29164
10;29168
21;29170
21;29213
58;29214
59;29215
153;29216
5;29226
8;29232
22;29234
20;29259
9;29261
20;29263
9;29268
4;29290
179;29309
19;29310
197;29311
80;29312
34;29329
163;29330
10;29331
28;29346
14;29350
5;29353
2;29354
21;29355
25;29358
173;29363
7;29367
148;29395
6;29405
55;29406
64;29407
1;29408
86;29409
30;29410
24;29411
41;29412
28;29423
22;29428
20;29434
9;29438
42;29439
31;29440
15;29441
13;29442
26;29443
157;29448
53;29459
32;29463
25;29467
29;29468
63;29503
34;29504
19;29505
9;29507
16;29508
16;29534
34;29535
12;29536
25;29537
19;29538
4;29541
12;29553
3;29554
35;29558
11;29560
28;29565
21;29597
47;29598
20;29599
182;29600
14;29604
16;29608
59;29617
33;29619
20;29623
6;29631
38;29693
19;29694
33;29695
21;29696
3;29705
1;29712
44;29713
159;29714
27;29716
33;29718
10;29728
23;29731
27;29732
29;29739
25;29740
41;29742
179;29747
18;29749
4;29750
25;29789
91;29790
46;29791
328;29792
11;29806
164;29810
191;29812
29;29823
33;29836
39;29843
9;29845
27;29846
5;29847
16;29848
167;29872
19;29885
590;29886
115;29887
86;29888
7;29893
30;29905
41;29906
16;29908
19;29911
40;29932
18;29936
21;29939
13;29943
157;29944
23;29951
65;29981
45;29982
6;29983
98;29984
30;29996
9;29997
7;30000
38;30003
6;30004
11;30028
9;30031
28;30032
10;30035
14;30037
32;30063
16;30064
17;30077
13;30078
203;30079
13;30080
42;30081
55;30082
80;30083
220;30084
29;30092
5;30093
27;30096
23;30101
17;30104
32;30109
6;30110
155;30111
12;30113
26;30114
5;30116
15;30131
30;30137
10;30138
16;30154
8;30157
3;30173
24;30174
175;30176
10;30177
14;30178
8;30179
25;30180
11;30181
175;30183
3;30205
6;30206
29;30207
24;30208
60;30210
1;30211
206;30212
25;30214
15;30216
23;30225
39;30228
17;30230
4;30232
5;30234
6;30236
17;30237
87;30269
48;30270
231;30271
359;30272
178;30291
203;30292
1;30302
7;30304
2;30308
3;30313
31;30316
8;30326
16;30361
90;30366
5;30367
121;30368
161;30370
1;30381
38;30385
28;30386
44;30387
7;30388
7;30392
1;30406
29;30413
22;30415
22;30424
8;30461
1;30462
30;30463
378;30464
24;30472
14;30473
22;30481
18;30482
47;30483
17;30487
6;30490
4;30493
15;30500
28;30510
8;30513
10;30516
29;30519
63;30557
215;30558
30;30559
62;30560
18;30572
17;30575
169;30576
20;30579
6;30580
9;30596
25;30606
33;30608
17;30610
31;30623
3;30628
7;30632
242;30653
15;30654
332;30655
18;30656
1;30662
21;30669
4;30674
168;30675
47;30676
38;30682
23;30689
17;30698
10;30701
162;30707
568;30708
9;30710
9;30734
17;30740
13;30749
24;30750
37;30751
1;30752
28;30753
99;30754
28;30755
29;30756
3;30760
17;30766
12;30768
146;30781
32;30782
4;30785
26;30786
186;30788
35;30801
14;30805
10;30807
7;30810
13;30814
211;30845
38;30846
73;30847
10;30848
77;30849
151;30850
23;30851
24;30852
13;30853
24;30859
20;30878
24;30879
6;30880
81;30882
5;30884
6;30890
36;30891
1;30902
21;30903
10;30906
14;30907
85;30941
200;30942
29;30943
245;30944
14;30953
27;30960
169;30961
11;30965
16;30974
25;30985
7;30990
11;30992
26;30997
8;30999
8;31000
2;31022
53;31037
216;31038
4;31040
44;31057
33;31059
151;31060
145;31062
17;31067
4;31068
15;31080
34;31081
34;31086
10;31090
17;31091
25;31092
28;31093
8;31095
2;31133
196;31134
42;31135
218;31136
24;31141
11;31150
24;31152
158;31154
22;31155
165;31178
158;31179
38;31182
5;31183
22;31184
3;31185
3;31187
31;31192
23;31197
339;31229
28;31230
116;31231
6;31232
9;31249
10;31251
27;31252
4;31279
26;31285
27;31287
12;31315
68;31325
55;31326
80;31327
243;31328
23;31344
12;31345
154;31346
32;31348
29;31368
5;31369
161;31370
25;31372
150;31375
30;31376
14;31377
14;31379
43;31381
28;31421
25;31422
12;31423
12;31424
13;31425
37;31426
348;31427
63;31428
91;31453
15;31455
30;31457
9;31481
7;31509
2;31515
4;31516
24;31517
51;31519
27;31520
65;31521
30;31522
51;31523
163;31524
18;31526
162;31534
159;31543
25;31549
6;31550
12;31553
33;31555
31;31556
15;31570
1;31571
25;31574
111;31613
65;31614
67;31615
107;31616
13;31618
13;31621
2;31626
24;31633
22;31634
1;31636
27;31659
35;31663
25;31664
12;31666
13;31671
61;31709
177;31710
38;31711
628;31712
22;31717
5;31726
153;31729
49;31731
23;31737
16;31744
17;31748
3;31749
27;31757
12;31759
39;31761
6;31762
13;31767
12;31768
29;31780
260;31805
220;31806
12;31807
41;31808
1;31819
10;31825
40;31826
1;31828
13;31848
12;31849
25;31853
14;31855
13;31857
13;31860
162;31869
71;31902
5;31903
79;31904
17;31913
11;31914
19;31918
19;31921
24;31922
25;31924
1;31935
27;31946
59;31948
31;31949
33;31957
5;31993
74;31997
36;31998
21;31999
85;32000
22;32016
10;32017
7;32018
34;32019
7;32020
12;32022
189;32042
21;32047
180;32050
156;32053
7;32055
8;32088
14;32093
43;32094
61;32095
61;32096
20;32097
1;32098
35;32099
24;32100
3;32106
6;32108
22;32125
20;32126
21;32130
5;32132
22;32136
19;32137
37;32141
11;32150
40;32151
162;32154
13;32156
25;32189
6;32190
30;32191
42;32193
32;32194
22;32195
38;32196
24;32221
24;32222
14;32225
7;32228
4;32241
19;32243
21;32246
29;32247
7;32248
4;32249
14;32285
39;32286
97;32287
77;32288
15;32302
38;32305
37;32306
31;32308
24;32334
12;32341
10;32343
14;32370
186;32381
43;32382
262;32383
26;32384
15;32387
12;32388
11;32389
22;32401
36;32404
4;32417
13;32430
23;32434
1;32440
25;32464
192;32477
213;32478
4;32479
45;32480
28;32485
579;32497
33;32498
154;32500
10;32508
13;32511
5;32523
36;32525
18;32526
25;32528
6;32531
5;32567
227;32573
249;32574
6;32575
26;32576
2;32581
22;32594
1;32595
27;32596
28;32622
5;32624
22;32625
6;32627
21;32652
1;32667
480;32669
174;32670
70;32671
47;32672
555;32674
8;32683
16;32686
27;32690
30;32691
19;32699
30;32710
19;32714
6;32715
13;32721
31;32725
27;32756
31;32765
101;32767
1;32768
16;32769
24;32770
21;32771
9;32772
7;32775
25;32777
17;32786
6;32792
56;32797
8;32798
7;32799
58;32801
15;32809
23;32811
29;32822
16;32833
7;32845
2;32861
62;32862
23;32864
14;32865
36;32866
191;32867
220;32868
12;32884
69;32893
21;32894
8;32897
23;32898
9;32899
6;32900
22;32918
139;32957
26;32958
46;32959
40;32960
1;32970
2;32977
7;32978
8;32979
51;32980
25;32984
153;33005
1;33011
19;33040
107;33053
194;33054
613;33055
57;33056
13;33073
185;33074
13;33075
61;33076
8;33095
27;33096
197;33098
33;33101
22;33103
27;33105
25;33106
24;33107
202;33149
51;33151
9;33152
10;33156
5;33162
5;33169
26;33170
3;33171
10;33172
7;33193
13;33196
179;33198
18;33199
156;33205
20;33240
197;33245
29;33246
65;33247
120;33248
18;33254
28;33259
32;33260
151;33265
209;33266
2;33267
8;33268
19;33279
28;33287
45;33290
12;33296
37;33303
45;33341
19;33342
4;33343
64;33344
2;33345
30;33351
2;33361
39;33362
194;33363
24;33364
52;33370
20;33383
11;33389
15;33391
181;33392
19;33395
29;33397
3;33410
5;33418
76;33437
20;33439
10;33441
183;33442
199;33443
23;33444
10;33448
20;33454
18;33458
19;33460
1;33462
7;33473
159;33474
5;33475
15;33476
2;33489
3;33491
20;33492
4;33493
11;33497
20;33498
22;33499
15;33500
26;33533
84;33534
206;33535
173;33537
21;33539
47;33540
29;33549
38;33550
33;33557
7;33560
164;33564
25;33567
19;33571
6;33572
33;33575
16;33581
18;33585
18;33591
209;33592
154;33607
26;33629
17;33630
64;33631
4;33632
29;33649
179;33651
45;33652
17;33664
1;33666
26;33676
1;33677
3;33678
10;33680
15;33681
1;33687
169;33725
87;33726
89;33727
53;33728
29;33745
184;33746
48;33747
24;33748
162;33765
25;33771
2;33779
13;33782
11;33814
4;33821
14;33822
4;33823
214;33824
36;33830
24;33832
13;33833
226;33841
27;33842
32;33844
12;33853
4;33854
35;33855
10;33868
14;33872
4;33876
28;33879
29;33882
22;33917
13;33918
44;33919
236;33920
22;33933
43;33940
3;33941
24;33944
24;33951
14;33962
4;33965
4;33966
35;33967
21;33971
164;33973
24;33974
4;34004
37;34013
30;34014
100;34015
73;34016
31;34022
13;34028
1;34031
11;34032
68;34035
2;34036
37;34047
15;34050
6;34056
28;34059
14;34060
20;34062
7;34065
54;34072
42;34109
28;34110
72;34111
23;34112
10;34113
198;34114
582;34115
62;34116
13;34117
6;34129
21;34144
21;34145
4;34146
8;34148
2;34156
13;34161
195;34163
3;34164
32;34166
10;34205
66;34206
11;34208
17;34209
16;34210
53;34212
30;34220
14;34224
2;34229
31;34230
155;34237
36;34238
39;34239
39;34240
164;34241
27;34242
7;34244
16;34252
4;34258
11;34263
12;34265
165;34268
16;34269
185;34301
60;34302
9;34303
220;34304
6;34321
68;34322
163;34324
6;34325
19;34326
21;34336
2;34354
17;34359
9;34375
4;34397
184;34398
32;34399
49;34400
157;34412
23;34417
46;34418
2;34419
36;34421
6;34441
3;34445
27;34446
29;34447
11;34450
25;34454
27;34467
15;34469
49;34493
9;34494
169;34495
101;34496
14;34513
21;34514
28;34515
174;34516
17;34524
18;34532
3;34540
18;34545
25;34548
18;34589
17;34590
52;34591
345;34592
10;34596
12;34608
12;34611
13;34612
13;34613
26;34630
152;34639
33;34646
187;34685
61;34686
54;34687
42;34688
2;34689
1;34699
4;34702
5;34705
33;34706
8;34707
20;34708
10;34714
22;34729
165;34730
16;34741
9;34742
160;34759
19;34781
20;34782
33;34783
4;34784
15;34785
94;34786
52;34787
14;34789
5;34794
16;34798
21;34800
16;34808
10;34813
30;34815
13;34816
170;34817
37;34833
8;34834
24;34839
173;34842
23;34844
13;34849
5;34863
56;34877
24;34878
180;34879
16;34881
20;34882
170;34884
5;34894
164;34902
6;34909
10;34911
10;34914
21;34915
3;34916
12;34918
28;34920
28;34926
22;34933
156;34935
18;34936
26;34937
11;34956
1;34958
169;34973
189;34974
209;34975
39;34976
7;34988
14;34992
21;34993
40;34995
166;34996
3;35002
10;35007
52;35027
