7;25
103;29
23;30
42;31
178;32
9;50
6;51
62;52
1;54
158;69
7;72
31;74
5;76
34;78
1;79
30;81
23;83
22;86
25;115
3;125
59;126
384;127
46;128
24;136
8;141
37;145
18;146
3;147
18;148
6;167
14;174
27;175
8;179
34;181
14;183
11;185
8;208
67;221
45;222
133;223
33;224
34;242
23;243
14;255
8;267
22;279
12;313
34;317
28;318
24;319
115;320
27;326
12;327
12;331
13;333
11;337
323;338
16;340
16;345
15;356
42;367
51;370
47;372
5;378
18;413
53;414
25;415
46;416
22;419
4;425
35;431
5;433
28;434
86;435
33;439
11;441
28;444
18;456
18;459
35;460
29;509
46;510
37;511
10;512
29;514
34;515
3;527
19;528
20;541
20;542
13;543
162;544
11;546
36;547
13;548
9;558
13;562
38;567
9;568
14;570
162;572
32;606
1;607
30;608
5;609
52;610
6;611
204;612
23;639
34;641
6;658
21;659
28;660
11;662
160;664
29;666
20;668
16;679
96;701
497;702
5;703
72;704
6;712
196;721
22;722
19;724
168;748
18;754
4;766
50;797
104;798
38;799
596;800
19;804
167;806
19;818
4;819
35;824
17;830
7;839
41;845
24;846
27;849
14;851
156;893
255;894
87;895
72;896
10;903
17;913
3;922
171;924
12;933
27;940
163;951
40;989
37;990
39;991
241;992
1;1010
7;1017
5;1021
20;1027
15;1034
2;1035
165;1037
2;1039
24;1046
5;1048
151;1085
41;1086
59;1087
210;1088
28;1107
65;1108
9;1128
3;1132
38;1133
18;1170
21;1175
13;1176
174;1181
53;1182
58;1183
41;1184
204;1185
188;1186
30;1187
11;1201
16;1207
190;1213
552;1214
1;1216
200;1217
180;1218
10;1219
4;1220
30;1222
17;1233
9;1235
40;1238
80;1242
20;1243
18;1244
51;1277
35;1278
28;1280
20;1281
28;1282
65;1283
27;1284
12;1292
3;1293
33;1310
169;1311
3;1312
27;1313
5;1314
167;1315
14;1316
37;1330
5;1333
12;1334
30;1335
26;1336
5;1337
67;1373
110;1374
165;1375
215;1376
17;1391
4;1394
16;1395
31;1420
18;1424
1;1427
9;1432
15;1469
65;1470
127;1471
29;1472
11;1475
11;1482
23;1489
169;1490
13;1491
8;1512
28;1520
15;1522
20;1524
11;1528
79;1565
45;1566
93;1567
203;1568
2;1585
44;1587
12;1606
2;1616
2;1622
124;1661
31;1662
43;1663
605;1664
22;1668
153;1676
37;1681
32;1682
20;1683
25;1689
167;1716
25;1719
6;1720
83;1757
100;1758
188;1759
25;1760
17;1761
11;1774
21;1777
76;1778
29;1779
29;1780
13;1788
20;1792
168;1794
24;1797
20;1806
22;1809
23;1842
16;1853
29;1854
161;1855
54;1856
26;1857
39;1858
176;1859
188;1860
25;1862
26;1879
25;1881
15;1885
15;1886
32;1887
11;1889
35;1890
36;1891
36;1892
6;1896
32;1903
32;1912
8;1947
176;1949
5;1950
27;1952
10;1953
13;1954
31;1955
204;1956
15;1967
24;1981
40;1982
27;1984
8;1997
163;2001
8;2002
21;2003
6;2010
11;2011
25;2012
9;2018
7;2046
66;2047
177;2048
29;2051
567;2056
1;2058
16;2065
27;2067
2;2071
13;2072
39;2090
3;2093
164;2096
165;2098
31;2099
16;2100
9;2104
287;2141
34;2142
308;2143
27;2144
45;2162
19;2164
6;2173
157;2185
24;2189
8;2190
8;2191
16;2193
151;2205
5;2208
47;2237
225;2238
108;2239
256;2240
10;2252
18;2258
4;2259
6;2267
168;2275
26;2288
26;2290
17;2291
30;2293
10;2294
14;2333
100;2334
27;2335
20;2336
3;2338
14;2350
25;2352
302;2353
42;2354
13;2355
320;2356
21;2363
5;2376
36;2380
28;2382
32;2386
160;2390
14;2393
43;2429
6;2430
189;2431
23;2432
13;2435
1;2448
15;2449
16;2450
166;2451
52;2452
28;2461
3;2473
18;2480
50;2481
163;2487
10;2496
1;2512
13;2516
16;2525
247;2526
10;2527
68;2528
49;2529
11;2530
61;2531
125;2532
1;2535
26;2551
26;2556
31;2557
29;2559
39;2560
8;2561
32;2564
23;2565
6;2569
32;2575
25;2580
23;2581
34;2584
159;2585
31;2589
8;2599
7;2608
1;2621
60;2622
46;2623
25;2624
6;2625
23;2626
29;2627
36;2628
14;2645
160;2653
9;2655
22;2657
19;2658
58;2659
17;2669
7;2674
11;2675
1;2681
1;2682
298;2717
46;2718
19;2719
38;2720
25;2737
29;2738
172;2740
162;2754
23;2761
147;2767
4;2771
179;2774
34;2776
161;2813
163;2814
82;2815
72;2816
19;2817
29;2818
20;2820
28;2825
3;2831
12;2835
8;2861
18;2871
195;2909
76;2911
202;2912
306;2913
1;2925
48;2929
33;2930
10;2953
2;2954
1;2957
20;2958
18;2966
164;2968
5;2976
42;3005
88;3007
11;3008
23;3025
7;3027
12;3028
4;3030
30;3045
21;3047
11;3049
159;3051
4;3052
3;3053
9;3056
17;3058
28;3059
161;3061
6;3064
2;3079
212;3101
42;3102
31;3103
252;3104
26;3107
27;3119
1;3122
49;3123
25;3141
15;3147
32;3148
172;3149
2;3150
5;3151
34;3153
27;3157
158;3162
13;3169
19;3173
49;3197
161;3198
10;3199
16;3200
55;3201
101;3202
13;3203
10;3204
5;3207
160;3214
28;3226
23;3229
7;3232
30;3233
12;3234
14;3235
7;3236
32;3238
9;3242
6;3245
31;3250
15;3251
17;3254
20;3255
30;3256
12;3259
235;3293
53;3294
45;3295
184;3296
34;3297
15;3298
28;3300
7;3303
10;3308
4;3314
19;3321
172;3325
193;3326
9;3327
13;3328
31;3329
13;3330
1;3332
12;3341
33;3347
33;3351
55;3353
25;3355
48;3389
85;3390
42;3391
118;3392
19;3393
174;3409
36;3410
51;3412
17;3418
20;3426
16;3430
13;3442
14;3446
24;3453
21;3482
49;3485
87;3486
232;3487
256;3488
558;3497
12;3505
50;3507
2;3519
3;3527
8;3529
23;3534
2;3537
24;3538
64;3581
39;3582
538;3583
46;3584
7;3590
3;3591
1;3601
12;3602
30;3603
33;3612
7;3632
33;3635
26;3636
15;3637
153;3639
34;3640
17;3677
48;3678
82;3679
40;3680
10;3682
75;3698
30;3699
51;3700
17;3716
149;3721
13;3723
18;3724
15;3728
22;3731
21;3733
1;3759
147;3773
46;3774
73;3775
41;3776
161;3781
11;3789
49;3794
25;3795
3;3796
8;3811
13;3816
8;3817
3;3818
15;3819
13;3824
6;3827
21;3830
10;3831
15;3857
23;3861
30;3869
4;3870
22;3871
74;3872
17;3873
6;3874
32;3875
16;3876
6;3895
10;3896
163;3901
84;3902
15;3903
14;3904
5;3905
10;3906
27;3907
10;3912
155;3921
25;3926
8;3930
4;3965
19;3966
46;3967
12;3968
3;3969
53;3970
6;3972
10;3974
25;3983
20;3985
23;3990
164;3999
191;4000
35;4001
32;4003
66;4004
23;4015
27;4024
19;4027
173;4061
22;4062
49;4063
28;4064
19;4070
147;4078
7;4081
29;4082
12;4083
4;4084
6;4094
8;4107
30;4108
29;4110
4;4118
905;4157
16;4158
26;4159
56;4160
1;4161
27;4164
11;4166
8;4170
15;4175
49;4177
27;4178
30;4179
170;4180
9;4191
19;4196
20;4203
40;4204
17;4207
30;4208
11;4209
9;4215
12;4216
300;4253
79;4254
183;4255
44;4256
22;4263
45;4273
43;4274
175;4275
45;4276
5;4286
23;4297
27;4300
18;4303
4;4304
21;4307
29;4343
60;4349
41;4350
44;4351
30;4352
19;4370
167;4371
180;4372
9;4379
10;4390
10;4391
9;4394
15;4395
7;4403
172;4408
21;4418
195;4445
63;4446
98;4447
95;4448
30;4465
193;4466
2;4467
29;4468
15;4479
9;4484
1;4490
14;4493
37;4499
10;4502
19;4541
241;4542
21;4543
32;4544
2;4545
41;4546
3;4547
13;4548
10;4564
37;4569
14;4573
9;4574
22;4575
19;4576
19;4577
279;4578
1;4595
13;4597
23;4602
61;4637
148;4638
3;4639
21;4640
46;4641
320;4642
53;4644
9;4660
56;4669
19;4671
2;4672
25;4673
4;4674
11;4676
23;4685
17;4690
9;4691
17;4693
159;4695
56;4733
176;4734
29;4735
62;4736
18;4750
29;4754
18;4755
146;4757
7;4759
8;4760
20;4782
33;4784
29;4786
34;4829
41;4830
42;4831
124;4832
28;4838
3;4841
29;4849
39;4850
209;4851
58;4852
4;4860
8;4879
48;4880
155;4884
51;4885
4;4886
162;4921
47;4925
89;4926
66;4927
51;4928
3;4932
166;4943
6;4947
5;4948
19;4964
16;4965
1;4970
38;4973
4;4975
3;4976
13;4980
14;4981
169;4983
26;4984
4;4987
192;5021
66;5022
135;5023
25;5024
30;5027
21;5039
39;5041
26;5042
27;5043
17;5044
8;5049
8;5053
2;5066
4;5068
10;5073
28;5074
33;5078
161;5080
4;5101
216;5117
33;5118
98;5119
214;5120
20;5127
12;5135
27;5137
33;5138
176;5140
1;5144
7;5146
19;5148
15;5158
1;5162
14;5169
8;5170
8;5174
12;5191
41;5215
185;5216
22;5217
8;5218
3;5220
22;5222
16;5229
28;5245
172;5246
18;5247
56;5249
32;5250
1;5252
13;5265
3;5266
23;5267
7;5268
26;5274
37;5276
9;5280
48;5311
3;5312
85;5313
76;5314
41;5315
8;5319
9;5333
24;5336
18;5344
24;5345
164;5346
13;5347
37;5348
17;5358
23;5361
160;5362
8;5364
50;5372
5;5405
55;5406
181;5407
33;5408
27;5446
27;5450
30;5454
64;5457
19;5460
29;5462
27;5486
5;5496
35;5501
129;5502
45;5503
190;5504
25;5513
27;5536
16;5549
15;5551
10;5556
72;5557
36;5559
25;5574
7;5575
58;5597
32;5598
20;5599
23;5600
24;5607
26;5617
30;5619
1;5620
7;5621
563;5629
35;5641
174;5643
37;5646
5;5648
6;5651
27;5654
12;5655
192;5693
200;5694
31;5696
36;5700
29;5710
24;5714
176;5715
33;5716
1;5729
6;5731
4;5733
168;5738
6;5741
178;5743
14;5746
12;5748
31;5750
11;5751
4;5752
15;5785
28;5789
93;5790
22;5791
82;5792
30;5806
165;5809
17;5811
7;5847
182;5848
12;5870
35;5878
96;5886
32;5887
27;5888
15;5889
59;5890
24;5891
24;5892
23;5895
15;5900
26;5909
160;5914
15;5918
36;5920
28;5921
49;5922
39;5923
15;5924
154;5925
12;5934
159;5937
7;5943
9;5944
36;5946
27;5947
151;5982
33;5983
183;5984
21;5985
19;5986
17;5987
20;5988
3;6003
38;6005
10;6016
40;6017
54;6019
38;6020
11;6030
9;6033
4;6034
28;6035
17;6042
362;6077
61;6078
55;6079
103;6080
36;6084
16;6088
158;6097
28;6098
5;6100
27;6104
23;6106
47;6127
18;6129
15;6131
2;6133
33;6173
82;6174
33;6175
52;6176
3;6178
5;6190
32;6193
163;6194
23;6196
30;6201
6;6210
13;6217
9;6220
11;6223
165;6224
10;6225
12;6226
26;6229
157;6230
8;6232
16;6269
78;6270
125;6271
79;6272
1;6273
10;6275
156;6289
33;6290
10;6291
192;6292
19;6295
23;6306
3;6312
20;6313
15;6316
9;6320
11;6322
31;6325
148;6326
2;6344
26;6355
44;6365
185;6366
65;6367
8;6368
171;6385
253;6386
6;6387
24;6389
33;6393
3;6404
8;6407
6;6412
21;6421
123;6445
48;6461
70;6462
282;6463
32;6472
182;6481
8;6482
27;6483
39;6488
17;6505
25;6507
38;6509
27;6511
181;6558
195;6559
39;6560
11;6562
97;6563
33;6564
10;6568
32;6582
3;6588
16;6590
18;6592
1;6593
31;6594
25;6595
18;6603
19;6607
19;6609
35;6611
30;6613
6;6614
22;6617
13;6618
3;6620
4;6628
33;6631
26;6653
8;6654
57;6655
36;6656
43;6658
45;6659
26;6660
17;6665
17;6679
31;6684
20;6685
20;6686
26;6687
24;6692
20;6704
10;6713
9;6716
8;6748
49;6749
37;6750
64;6751
261;6752
19;6765
5;6767
3;6769
189;6770
7;6772
28;6793
16;6794
156;6795
59;6799
33;6801
154;6805
2;6806
34;6807
2;6819
54;6845
250;6846
82;6847
175;6848
38;6857
1;6860
19;6865
32;6866
37;6867
28;6868
32;6889
9;6898
162;6901
47;6903
26;6908
4;6913
19;6941
86;6942
211;6943
20;6944
8;6945
3;6949
24;6962
65;6963
54;6964
37;6973
2;6977
15;6980
11;6985
26;7013
21;7029
58;7037
159;7038
44;7039
100;7040
207;7058
26;7059
35;7060
12;7082
32;7085
22;7086
8;7087
21;7090
2;7095
3;7096
12;7116
12;7122
6;7129
42;7133
41;7134
103;7135
199;7136
163;7140
551;7153
44;7154
45;7155
11;7156
17;7166
2;7174
8;7188
20;7229
208;7230
177;7231
42;7232
87;7233
9;7234
28;7235
163;7236
163;7255
27;7262
186;7263
26;7264
20;7265
97;7268
4;7279
6;7282
13;7283
5;7284
10;7289
16;7303
27;7313
32;7325
16;7326
93;7329
33;7330
323;7331
29;7342
58;7357
8;7360
26;7362
32;7363
1;7378
19;7382
13;7384
2;7387
21;7388
6;7399
20;7403
8;7406
86;7422
9;7423
60;7424
28;7441
30;7442
31;7443
3;7444
28;7454
27;7462
8;7468
13;7475
163;7476
12;7478
86;7517
71;7518
205;7519
216;7520
7;7537
36;7539
9;7540
6;7560
2;7561
31;7563
8;7569
7;7570
25;7572
38;7575
91;7613
69;7614
56;7615
28;7616
197;7617
9;7618
38;7633
564;7635
37;7655
41;7658
37;7665
155;7666
8;7667
8;7670
42;7671
56;7709
57;7710
26;7711
17;7712
28;7714
5;7727
29;7729
22;7730
8;7731
4;7732
5;7768
75;7805
209;7806
51;7807
196;7808
2;7811
23;7815
16;7816
51;7825
50;7826
12;7828
27;7837
11;7840
7;7841
16;7843
51;7849
4;7854
9;7858
63;7859
25;7863
170;7889
14;7901
109;7902
33;7903
39;7904
8;7906
42;7907
52;7908
9;7911
11;7930
17;7933
48;7934
8;7935
31;7936
14;7937
62;7939
34;7941
8;7949
170;7953
33;7962
42;7976
16;7998
14;7999
11;8000
23;8001
33;8003
53;8004
559;8012
9;8018
34;8021
18;8029
15;8032
31;8034
1;8035
3;8036
182;8051
44;8053
4;8054
4;8055
26;8057
19;8087
18;8090
231;8093
14;8094
23;8095
8;8096
1;8113
23;8114
21;8115
18;8127
4;8134
9;8135
24;8137
169;8141
4;8142
52;8143
19;8145
4;8151
17;8152
102;8189
56;8190
71;8191
44;8192
24;8203
13;8206
176;8209
94;8210
69;8211
6;8214
20;8224
23;8234
58;8235
17;8236
29;8239
22;8247
7;8281
48;8285
64;8286
140;8287
71;8288
563;8305
10;8308
19;8330
565;8334
9;8335
150;8342
3;8370
154;8372
195;8381
39;8382
38;8383
52;8384
155;8396
5;8401
5;8404
5;8425
18;8426
7;8432
30;8437
28;8444
357;8477
379;8478
56;8479
72;8480
6;8481
29;8487
8;8488
4;8495
23;8497
9;8498
25;8499
28;8500
4;8514
7;8516
20;8523
9;8526
5;8527
14;8528
11;8529
29;8530
23;8531
32;8533
10;8536
23;8568
8;8573
42;8574
33;8575
219;8576
47;8577
7;8579
71;8580
25;8590
28;8596
26;8597
43;8606
25;8607
37;8608
33;8609
3;8610
12;8611
18;8612
7;8615
2;8629
2;8631
28;8632
18;8633
4;8635
19;8636
3;8639
8;8660
26;8666
32;8667
56;8668
179;8669
31;8670
191;8671
38;8672
22;8681
29;8696
7;8697
5;8700
37;8703
36;8704
6;8707
192;8721
156;8722
50;8723
8;8725
31;8728
31;8736
192;8761
65;8762
31;8763
129;8764
3;8777
18;8779
3;8782
1;8783
56;8784
25;8802
156;8809
155;8814
30;8817
11;8820
5;8835
20;8857
71;8858
53;8859
72;8860
4;8878
32;8879
28;8880
33;8889
26;8901
10;8903
29;8905
4;8951
37;8953
411;8954
193;8955
183;8956
15;8975
3;8976
13;8988
25;9000
18;9002
22;9006
169;9009
17;9010
42;9049
29;9050
36;9052
8;9064
23;9065
35;9069
12;9072
27;9073
1;9081
21;9093
34;9095
14;9096
16;9097
35;9098
13;9099
30;9100
202;9102
10;9105
23;9106
19;9107
4;9134
103;9145
68;9146
62;9148
37;9165
11;9170
25;9189
11;9194
17;9203
19;9207
103;9241
63;9242
19;9243
32;9244
252;9245
66;9246
20;9247
22;9248
12;9257
36;9269
7;9271
173;9273
8;9276
2;9277
21;9279
37;9280
3;9282
23;9286
22;9290
34;9293
6;9295
58;9296
40;9300
6;9302
11;9304
31;9337
28;9338
46;9339
12;9340
11;9341
38;9343
17;9348
30;9356
2;9363
1;9369
29;9372
29;9374
14;9376
21;9379
34;9380
1;9387
28;9389
8;9391
22;9394
102;9433
224;9434
88;9435
52;9436
23;9448
14;9451
12;9453
20;9454
4;9455
17;9456
5;9457
34;9465
182;9477
10;9479
47;9482
7;9486
34;9487
14;9488
32;9506
31;9529
22;9530
11;9531
108;9532
51;9543
51;9549
11;9551
5;9552
13;9583
16;9585
579;9586
2;9590
87;9625
56;9626
84;9627
46;9628
29;9645
6;9646
573;9647
10;9648
36;9649
28;9672
2;9678
32;9681
15;9682
22;9683
4;9721
25;9722
68;9723
103;9724
14;9736
54;9741
48;9742
18;9743
6;9744
17;9748
2;9749
3;9756
13;9765
6;9767
42;9769
746;9771
16;9773
175;9774
57;9776
159;9779
1;9780
13;9790
575;9817
62;9818
42;9819
122;9820
17;9831
44;9838
57;9839
15;9840
12;9847
156;9850
18;9867
33;9868
11;9870
43;9872
29;9874
12;9875
6;9884
3;9912
29;9913
166;9915
2;9917
19;9919
36;9920
4;9929
14;9932
29;9937
89;9947
2;9948
17;9950
32;9951
158;9962
21;9964
3;9965
10;9966
21;9973
144;10009
32;10010
13;10011
188;10012
3;10013
13;10014
26;10015
7;10016
17;10032
190;10041
169;10044
39;10045
50;10047
72;10048
15;10056
5;10066
9;10070
57;10105
181;10106
49;10107
19;10108
1;10109
4;10110
26;10122
7;10125
30;10126
40;10127
65;10128
162;10129
12;10145
15;10150
8;10153
1;10154
7;10155
152;10163
20;10201
37;10202
189;10203
8;10204
19;10206
6;10207
29;10220
16;10221
19;10222
16;10223
54;10224
156;10227
18;10230
15;10237
4;10241
2;10243
27;10252
27;10253
18;10257
55;10297
24;10298
55;10299
82;10300
17;10304
27;10318
30;10320
67;10338
32;10350
18;10353
9;10362
173;10393
33;10394
604;10395
357;10396
18;10413
48;10414
43;10415
50;10416
11;10420
34;10439
16;10443
10;10444
4;10446
20;10447
7;10448
3;10449
4;10451
212;10489
19;10490
34;10491
53;10492
34;10506
16;10509
11;10511
6;10540
10;10541
23;10543
13;10546
28;10565
8;10574
27;10580
171;10585
30;10586
8;10587
21;10589
33;10590
48;10592
22;10593
3;10600
17;10607
15;10608
3;10615
38;10617
28;10618
175;10619
23;10621
28;10622
22;10623
3;10635
5;10641
26;10644
35;10681
161;10682
3;10683
50;10684
70;10686
221;10688
21;10690
33;10691
7;10707
40;10713
38;10714
33;10715
27;10716
27;10717
28;10718
48;10719
23;10720
11;10741
3;10744
34;10777
42;10778
28;10779
18;10780
10;10797
25;10799
37;10800
19;10814
2;10823
1;10827
13;10828
168;10836
2;10870
32;10873
252;10874
41;10875
64;10876
10;10894
2;10895
4;10899
161;10906
30;10915
5;10917
4;10931
36;10969
31;10970
46;10971
170;10972
12;10976
33;10989
39;10990
48;10991
14;11003
19;11016
23;11018
34;11023
29;11024
13;11025
11;11026
74;11065
9;11066
33;11067
38;11068
24;11085
8;11087
23;11088
23;11094
8;11095
1;11099
36;11102
6;11110
22;11112
27;11115
2;11119
161;11120
11;11123
21;11138
8;11161
61;11162
56;11163
239;11164
5;11182
11;11183
8;11184
8;11192
17;11198
22;11200
154;11208
28;11209
570;11211
7;11212
5;11213
15;11220
3;11243
17;11244
36;11258
202;11259
34;11260
8;11262
58;11263
29;11264
566;11276
9;11286
2;11289
18;11291
42;11293
12;11295
16;11296
9;11298
32;11308
55;11309
22;11315
11;11318
9;11320
20;11327
207;11353
13;11354
72;11355
58;11356
47;11357
41;11358
106;11359
11;11360
24;11361
16;11368
19;11372
5;11387
29;11388
6;11392
160;11394
14;11405
2;11406
28;11408
33;11411
185;11412
13;11413
146;11414
54;11415
9;11416
161;11444
7;11449
168;11450
186;11451
80;11452
17;11465
10;11469
19;11470
21;11471
29;11472
27;11475
13;11482
4;11491
7;11493
29;11495
9;11496
7;11498
24;11499
29;11500
24;11506
11;11507
12;11508
216;11545
38;11546
74;11548
22;11564
14;11566
205;11568
26;11582
13;11594
14;11598
11;11600
5;11601
166;11603
34;11641
39;11642
17;11643
5;11644
21;11651
25;11653
552;11662
21;11664
24;11665
11;11690
2;11693
9;11694
17;11695
9;11697
97;11737
186;11738
17;11739
27;11740
27;11746
11;11748
5;11758
12;11759
3;11767
23;11781
11;11789
51;11793
27;11796
22;11811
203;11833
31;11834
39;11835
6;11836
9;11843
33;11844
49;11853
10;11854
56;11856
19;11878
1;11880
176;11882
7;11884
2;11892
28;11894
10;11929
19;11930
37;11931
85;11932
156;11933
12;11934
180;11935
12;11936
3;11960
33;11961
7;11962
2;11963
8;11966
7;11967
10;11968
168;11979
26;11987
25;11989
174;11991
10;12020
39;12025
53;12026
5;12027
44;12028
32;12029
180;12030
25;12031
2;12032
14;12044
29;12049
22;12050
40;12053
180;12059
33;12063
54;12064
16;12067
24;12069
11;12081
39;12084
164;12086
3;12110
34;12112
572;12121
36;12122
210;12123
87;12124
3;12142
21;12144
165;12146
8;12166
11;12169
21;12171
1;12176
154;12191
158;12205
50;12217
63;12218
599;12219
9;12220
26;12230
22;12234
20;12242
1;12256
23;12261
163;12263
150;12266
8;12269
15;12270
4;12272
2;12273
37;12276
127;12313
39;12314
277;12315
48;12316
6;12332
10;12335
15;12339
9;12340
23;12358
34;12359
27;12360
25;12361
15;12368
33;12369
32;12372
19;12400
31;12409
220;12410
47;12411
175;12412
3;12420
16;12429
50;12430
53;12431
7;12443
11;12451
14;12459
4;12463
25;12464
32;12468
30;12499
15;12505
15;12506
204;12507
41;12508
40;12525
29;12526
25;12527
33;12547
32;12551
31;12553
10;12554
2;12558
6;12562
14;12576
7;12581
27;12601
33;12602
20;12603
229;12604
73;12605
22;12606
38;12607
26;12608
13;12610
163;12620
18;12627
29;12634
18;12635
10;12636
588;12638
31;12640
3;12644
9;12651
14;12655
5;12656
24;12657
28;12659
28;12661
25;12667
47;12697
5;12700
11;12701
51;12702
35;12703
26;12704
5;12719
16;12728
29;12729
42;12730
54;12731
13;12732
34;12733
161;12734
28;12736
29;12749
2;12755
1;12757
50;12793
61;12794
36;12795
13;12796
7;12800
9;12804
26;12806
24;12808
82;12813
54;12814
27;12815
29;12824
25;12837
15;12839
8;12843
12;12848
12;12850
33;12889
47;12890
32;12891
6;12892
4;12910
24;12911
7;12914
24;12925
3;12933
10;12935
15;12938
26;12942
25;12946
2;12947
167;12976
193;12985
45;12986
74;12987
6;12988
2;12993
9;13002
42;13005
51;13006
43;13008
23;13012
34;13027
4;13031
19;13036
164;13038
9;13041
30;13043
20;13081
41;13082
94;13083
320;13084
18;13092
23;13094
13;13101
55;13103
18;13104
19;13126
15;13130
23;13177
158;13178
10;13179
72;13180
18;13182
17;13185
22;13197
8;13198
37;13199
8;13202
20;13203
10;13215
160;13221
8;13223
37;13235
18;13273
6;13274
16;13275
59;13276
8;13277
170;13278
33;13279
34;13287
1;13299
37;13305
14;13306
22;13307
41;13311
42;13312
8;13316
1;13326
16;13330
7;13333
36;13352
24;13370
17;13371
19;13373
26;13374
23;13375
388;13376
40;13380
9;13383
569;13402
26;13408
10;13414
21;13421
4;13422
3;13426
32;13429
12;13437
34;13459
28;13465
52;13466
7;13467
55;13468
1;13481
36;13485
83;13486
7;13488
16;13489
33;13497
31;13500
21;13504
29;13505
4;13511
21;13513
19;13515
2;13521
37;13561
82;13562
34;13563
229;13564
15;13581
175;13582
24;13593
39;13594
164;13606
26;13608
15;13610
17;13617
11;13638
270;13657
183;13658
71;13659
104;13660
22;13663
12;13669
21;13672
3;13675
211;13679
25;13680
163;13696
40;13701
7;13708
35;13710
30;13711
5;13716
232;13754
30;13755
13;13756
3;13764
37;13765
9;13770
26;13772
1;13773
21;13774
28;13776
23;13794
1;13797
19;13800
1;13801
21;13802
16;13803
70;13849
43;13850
25;13851
377;13852
7;13854
167;13869
7;13877
34;13888
14;13893
8;13897
22;13899
40;13945
1;13946
55;13947
28;13948
26;13949
9;13950
25;13951
31;13952
7;13956
8;13958
6;13963
6;13970
29;13974
10;13976
167;13977
28;13978
4;13980
40;13981
49;13982
4;13983
69;13984
24;13986
69;13998
30;14003
24;14007
14;14008
18;14010
17;14015
33;14041
14;14042
9;14043
17;14044
11;14045
191;14046
37;14047
20;14048
172;14065
167;14070
13;14074
23;14080
21;14089
6;14094
25;14103
171;14104
19;14137
65;14138
78;14139
368;14140
29;14158
36;14159
153;14160
17;14166
8;14184
6;14185
5;14191
2;14194
59;14233
205;14234
44;14235
185;14236
60;14253
20;14255
9;14256
18;14258
8;14278
9;14282
74;14329
26;14330
30;14331
179;14332
4;14335
21;14341
7;14342
4;14350
24;14352
152;14355
35;14362
3;14366
13;14367
1;14375
151;14380
18;14425
24;14426
70;14427
351;14428
28;14445
44;14448
26;14470
4;14473
23;14474
24;14478
9;14484
13;14521
167;14522
21;14523
32;14540
198;14541
1;14542
53;14543
10;14544
10;14548
15;14560
11;14565
32;14566
165;14572
15;14573
10;14579
44;14617
22;14618
217;14619
21;14620
41;14621
14;14622
4;14623
35;14624
4;14625
24;14637
26;14642
9;14644
9;14649
17;14650
18;14652
32;14655
153;14656
6;14662
23;14668
28;14671
31;14674
23;14680
6;14682
22;14713
188;14714
190;14715
18;14716
83;14717
32;14718
345;14719
6;14720
17;14729
18;14745
20;14746
5;14748
2;14749
36;14760
32;14767
18;14769
10;14770
197;14774
6;14776
98;14809
103;14810
131;14811
60;14812
4;14822
37;14830
25;14831
20;14832
13;14843
11;14851
20;14853
17;14864
59;14867
59;14905
86;14906
14;14907
252;14908
549;14914
32;14926
30;14945
14;14955
10;14956
17;14963
5;14985
15;15001
50;15002
47;15003
54;15004
8;15011
168;15012
47;15022
16;15023
195;15024
18;15045
4;15047
29;15048
5;15049
26;15051
9;15057
266;15097
25;15098
202;15099
32;15100
31;15117
27;15118
30;15119
25;15120
6;15142
26;15143
3;15145
169;15148
17;15150
25;15156
589;15193
81;15194
26;15195
69;15196
40;15213
27;15214
50;15215
28;15216
16;15221
33;15238
19;15239
9;15241
22;15243
12;15246
6;15250
3;15252
24;15257
24;15261
24;15264
22;15268
16;15291
32;15292
33;15293
85;15294
11;15295
15;15296
5;15304
7;15310
40;15311
10;15319
2;15321
37;15322
22;15325
6;15326
33;15327
10;15342
11;15345
34;15348
32;15356
34;15385
39;15386
35;15387
36;15388
9;15389
47;15390
40;15391
25;15392
6;15404
6;15406
19;15419
3;15420
44;15422
58;15423
2;15442
4;15443
18;15445
39;15446
20;15475
7;15481
192;15482
211;15483
56;15484
22;15502
73;15503
15;15504
165;15524
6;15526
42;15529
28;15535
54;15539
71;15577
226;15578
139;15579
54;15580
3;15587
35;15598
37;15599
22;15621
26;15626
7;15630
25;15631
11;15632
22;15634
14;15639
64;15673
11;15674
60;15675
70;15676
17;15681
7;15691
37;15695
10;15702
30;15708
2;15722
75;15769
86;15770
36;15771
42;15772
23;15782
33;15790
37;15792
4;15827
26;15828
26;15854
20;15863
80;15865
233;15866
17;15867
64;15868
31;15879
64;15886
10;15887
27;15888
9;15897
35;15909
28;15914
11;15915
9;15916
19;15921
15;15929
158;15961
39;15962
25;15963
33;15965
47;15967
5;15968
4;15970
8;15973
30;15975
1;15989
29;15993
23;15995
12;15996
18;15997
13;15998
17;16017
15;16018
7;16020
31;16022
5;16024
176;16057
150;16058
38;16059
85;16060
31;16061
21;16062
11;16064
9;16086
6;16087
3;16091
1;16094
17;16095
29;16096
164;16099
14;16104
171;16105
161;16109
3;16110
25;16111
18;16113
43;16114
9;16117
200;16153
21;16154
82;16155
205;16156
10;16173
168;16181
30;16196
2;16197
5;16199
37;16200
19;16203
27;16205
16;16206
4;16211
2;16212
48;16249
34;16250
152;16251
19;16252
2;16254
41;16270
35;16271
2;16272
30;16297
7;16302
21;16340
58;16345
758;16346
72;16347
22;16356
11;16365
26;16369
19;16370
29;16390
1;16401
12;16403
91;16441
4;16442
59;16443
9;16444
45;16449
30;16459
47;16461
6;16462
57;16463
28;16464
19;16482
17;16484
1;16486
8;16487
29;16491
9;16494
19;16498
22;16499
46;16537
18;16538
16;16539
19;16540
6;16553
10;16556
33;16557
19;16558
24;16559
59;16560
162;16572
9;16576
23;16582
152;16592
148;16603
33;16604
24;16623
31;16631
22;16633
83;16634
33;16635
100;16637
37;16638
19;16639
24;16640
5;16647
1;16651
15;16667
4;16687
30;16689
7;16695
12;16729
38;16730
4;16732
21;16733
44;16734
35;16736
20;16745
8;16756
9;16760
16;16761
7;16762
14;16764
18;16765
21;16766
168;16767
26;16790
48;16825
35;16826
38;16827
40;16828
20;16832
30;16835
2;16845
164;16875
21;16878
30;16882
19;16902
164;16913
44;16921
70;16922
121;16923
12;16924
164;16940
30;16941
39;16942
71;16943
168;16962
32;16967
47;16976
11;16980
24;17002
21;17008
159;17017
11;17018
38;17019
62;17020
28;17025
75;17037
13;17038
11;17039
8;17040
22;17044
31;17068
36;17071
22;17075
26;17113
24;17114
5;17115
611;17116
2;17119
58;17133
10;17134
17;17147
561;17158
23;17163
46;17165
3;17173
322;17209
82;17210
87;17211
58;17212
28;17225
21;17227
6;17233
16;17236
158;17237
35;17256
15;17261
20;17262
9;17266
6;17267
14;17282
30;17285
32;17305
81;17306
5;17307
2;17308
5;17309
35;17311
57;17312
9;17322
32;17324
11;17337
33;17343
33;17350
26;17351
1;17354
32;17359
1;17361
3;17364
17;17365
55;17401
4;17402
69;17404
183;17407
17;17408
31;17433
167;17434
22;17438
39;17439
33;17448
162;17457
24;17461
3;17464
21;17497
24;17498
117;17499
83;17500
16;17505
37;17517
30;17518
2;17519
24;17520
1;17534
163;17543
12;17547
31;17557
166;17562
46;17593
59;17594
40;17595
36;17596
3;17611
18;17613
30;17614
26;17615
16;17619
30;17632
15;17637
21;17639
4;17642
37;17643
25;17644
17;17648
26;17649
21;17650
4;17668
28;17680
15;17685
200;17689
24;17690
38;17691
183;17692
9;17703
70;17709
5;17710
64;17711
23;17712
9;17725
35;17735
27;17741
24;17742
34;17743
20;17744
7;17747
34;17748
161;17785
45;17786
80;17787
48;17788
10;17793
160;17801
368;17805
20;17806
11;17808
18;17809
29;17820
8;17824
6;17830
12;17831
19;17833
11;17843
2;17875
210;17881
293;17882
48;17883
31;17884
4;17887
11;17902
15;17904
9;17913
9;17916
9;17925
13;17927
4;17933
6;17934
30;17935
22;17937
21;17940
13;17977
88;17978
306;17979
31;17980
1;17981
49;17982
31;17983
2;17984
22;17986
30;17987
3;18010
24;18011
176;18012
13;18014
9;18028
11;18035
17;18069
21;18070
12;18073
2;18074
192;18075
21;18077
4;18078
33;18079
20;18080
7;18096
42;18105
16;18106
16;18107
162;18109
26;18115
3;18119
21;18120
7;18127
28;18128
15;18132
19;18133
6;18134
15;18135
68;18170
164;18171
218;18172
13;18189
33;18190
20;18192
19;18213
13;18216
159;18219
20;18220
40;18224
17;18226
20;18228
49;18265
42;18266
71;18267
174;18268
23;18274
11;18278
20;18279
35;18285
16;18286
27;18288
20;18305
44;18316
12;18362
7;18363
52;18364
157;18374
6;18381
151;18382
57;18383
1;18384
17;18392
11;18407
16;18409
15;18413
155;18417
2;18418
144;18419
154;18457
26;18458
45;18459
61;18460
57;18477
39;18478
56;18479
28;18480
28;18492
156;18493
18;18494
6;18504
42;18506
21;18508
14;18510
15;18513
163;18553
7;18554
61;18555
3;18556
4;18559
2;18572
32;18573
31;18575
29;18586
13;18593
2;18597
34;18601
36;18606
14;18610
36;18649
1;18650
26;18652
60;18654
51;18655
22;18675
21;18678
22;18681
8;18682
6;18684
16;18686
12;18687
12;18688
10;18693
25;18698
9;18700
22;18701
7;18702
13;18706
4;18707
5;18710
51;18746
14;18747
19;18748
19;18749
2;18750
29;18752
1;18755
28;18764
12;18777
32;18778
48;18780
29;18781
18;18782
11;18783
14;18794
16;18797
12;18798
24;18802
7;18808
272;18842
20;18843
40;18844
1;18856
11;18862
19;18879
24;18885
150;18890
54;18937
76;18938
167;18939
23;18940
29;18950
21;18956
25;18957
222;18958
333;18959
28;18960
8;18981
35;18988
19;18991
33;18992
9;18995
22;19001
51;19033
48;19034
1;19035
25;19036
9;19041
16;19042
37;19053
10;19054
59;19056
10;19066
12;19082
32;19084
49;19086
26;19087
6;19090
21;19093
108;19129
196;19130
65;19131
1;19132
18;19136
8;19141
8;19146
6;19149
23;19150
13;19151
29;19152
6;19170
7;19172
20;19176
7;19177
17;19178
22;19179
27;19184
16;19204
43;19225
63;19226
44;19227
55;19228
26;19238
19;19246
26;19257
35;19272
12;19275
2;19280
23;19306
10;19310
27;19321
40;19322
48;19323
216;19324
64;19325
36;19326
83;19327
13;19328
17;19330
166;19338
36;19353
62;19357
5;19358
21;19359
12;19364
38;19377
159;19381
3;19382
8;19384
24;19391
32;19415
28;19417
14;19418
200;19420
31;19421
29;19422
221;19424
15;19449
158;19453
152;19463
177;19470
57;19475
9;19476
27;19479
7;19509
35;19513
45;19514
63;19515
68;19516
11;19518
36;19533
13;19534
14;19535
39;19536
16;19558
3;19560
16;19561
558;19562
4;19563
14;19568
75;19609
12;19610
71;19611
35;19612
31;19619
15;19630
5;19631
20;19641
9;19642
40;19652
157;19655
27;19666
23;19668
5;19706
34;19707
27;19718
57;19727
30;19728
181;19741
11;19751
12;19761
365;19801
181;19802
569;19803
202;19804
169;19805
15;19821
15;19822
187;19824
18;19828
23;19837
3;19840
25;19848
31;19849
15;19854
15;19855
15;19857
71;19860
209;19899
31;19900
20;19908
2;19917
10;19918
20;19931
5;19951
29;19952
14;19953
7;19956
25;19976
14;19993
22;19994
171;19995
16;19996
61;19997
60;19999
23;20000
28;20001
3;20002
32;20026
14;20032
152;20042
10;20047
160;20048
34;20049
33;20051
15;20052
15;20058
31;20089
27;20090
36;20092
579;20093
264;20095
6;20096
4;20121
3;20122
11;20123
4;20125
21;20126
201;20127
23;20141
19;20148
29;20151
24;20152
28;20153
65;20185
53;20186
105;20187
72;20188
15;20195
16;20198
5;20204
14;20205
29;20207
27;20208
1;20211
16;20213
22;20220
18;20227
39;20231
14;20234
7;20239
6;20251
13;20280
82;20281
37;20283
685;20284
165;20298
75;20302
10;20303
28;20304
8;20305
3;20315
7;20337
26;20338
5;20371
200;20377
38;20378
186;20379
16;20380
15;20387
9;20389
9;20398
28;20402
12;20404
152;20405
22;20422
178;20426
23;20430
40;20432
32;20473
7;20474
80;20475
114;20476
5;20477
17;20487
3;20491
86;20493
13;20494
4;20495
9;20496
21;20521
161;20524
2;20525
561;20527
23;20530
162;20548
18;20549
101;20569
16;20570
45;20571
33;20572
8;20573
4;20585
26;20589
20;20590
8;20600
2;20616
5;20639
31;20665
29;20667
178;20668
11;20669
10;20670
44;20671
14;20687
5;20689
5;20698
6;20699
16;20700
160;20701
8;20703
14;20704
17;20707
2;20713
17;20720
16;20722
3;20728
28;20731
16;20732
18;20761
43;20763
176;20764
58;20765
36;20766
36;20771
3;20785
179;20793
25;20795
28;20796
19;20799
18;20813
15;20816
11;20819
28;20821
43;20822
3;20823
2;20856
51;20857
9;20858
46;20859
67;20860
6;20879
7;20905
23;20913
24;20950
53;20953
29;20954
65;20955
28;20956
25;20958
3;20965
36;20974
5;20979
23;20981
22;20998
15;21003
21;21010
27;21049
45;21050
84;21051
137;21052
10;21053
39;21093
13;21101
27;21107
33;21112
48;21145
181;21146
7;21147
16;21151
11;21153
46;21165
36;21166
22;21167
2;21181
21;21185
22;21186
7;21187
189;21191
12;21193
13;21201
14;21202
23;21203
23;21239
30;21241
58;21242
34;21243
32;21244
12;21252
1;21259
31;21261
10;21262
29;21265
28;21286
12;21289
10;21295
15;21299
6;21337
209;21338
41;21339
61;21340
55;21341
40;21342
3;21343
173;21344
18;21372
3;21373
15;21374
3;21376
28;21394
5;21397
13;21404
97;21433
14;21435
22;21436
35;21437
198;21438
27;21440
12;21444
1;21456
3;21465
12;21466
30;21467
14;21470
5;21471
4;21475
1;21482
20;21485
25;21490
20;21493
156;21496
121;21529
16;21530
126;21531
24;21532
6;21533
9;21539
13;21543
10;21546
2;21549
34;21550
10;21552
12;21554
17;21574
6;21576
36;21588
23;21625
42;21626
80;21627
60;21628
10;21641
1;21645
8;21648
7;21650
13;21652
21;21656
7;21673
49;21679
12;21682
170;21684
75;21721
176;21722
77;21723
333;21724
2;21742
4;21747
24;21758
10;21764
149;21767
10;21768
7;21771
33;21776
20;21778
26;21779
21;21817
364;21818
15;21819
20;21820
25;21836
44;21837
8;21838
4;21839
11;21840
5;21857
13;21859
26;21875
89;21913
96;21914
60;21915
24;21916
26;21923
13;21926
29;21933
9;21934
3;21935
63;21936
3;21950
8;21959
1;21960
1;21962
31;21967
29;21972
3;21991
24;22007
37;22009
75;22010
215;22011
73;22012
25;22013
31;22016
4;22030
16;22044
58;22045
19;22046
6;22047
9;22050
16;22064
20;22067
12;22068
26;22070
6;22071
16;22084
30;22105
44;22106
2;22108
13;22109
33;22110
184;22111
10;22112
19;22123
48;22137
29;22138
7;22139
16;22140
37;22142
29;22143
160;22144
12;22145
13;22155
27;22161
23;22162
5;22164
7;22168
271;22201
206;22202
56;22203
3;22207
4;22208
11;22221
19;22222
20;22223
27;22224
3;22230
24;22240
16;22245
160;22251
10;22255
29;22259
27;22273
22;22284
218;22297
80;22298
71;22299
36;22300
44;22317
2;22319
37;22320
15;22328
1;22335
23;22342
7;22350
56;22393
58;22394
201;22395
8;22396
12;22402
9;22413
33;22416
27;22446
38;22449
37;22473
46;22490
218;22491
215;22492
21;22502
13;22510
154;22520
56;22533
11;22544
23;22548
27;22575
201;22585
73;22586
12;22587
206;22588
22;22592
20;22594
35;22605
38;22606
23;22607
4;22608
31;22631
149;22636
17;22637
171;22640
21;22641
26;22642
3;22644
185;22681
190;22682
25;22684
7;22685
7;22686
216;22687
34;22688
19;22706
23;22713
29;22714
164;22716
28;22720
2;22722
16;22724
7;22726
1;22737
23;22738
39;22740
15;22741
48;22743
32;22777
201;22778
344;22779
194;22780
6;22782
34;22783
12;22784
12;22786
163;22803
41;22809
170;22811
38;22814
8;22815
3;22863
6;22868
52;22873
31;22874
197;22875
186;22876
4;22878
5;22879
18;22888
1;22894
11;22895
9;22896
3;22907
11;22908
25;22917
18;22918
6;22919
8;22920
27;22921
5;22923
6;22930
31;22932
55;22969
165;22970
33;22971
167;22972
30;22991
14;22992
14;22993
3;23006
12;23017
20;23019
9;23023
20;23024
8;23026
31;23065
176;23066
76;23067
605;23068
26;23077
3;23085
47;23086
63;23088
8;23107
16;23114
15;23124
19;23147
36;23161
28;23162
314;23163
30;23164
26;23166
29;23170
151;23176
40;23181
3;23182
35;23184
19;23194
7;23195
19;23206
7;23208
24;23219
2;23220
2;23229
11;23237
117;23257
16;23258
155;23259
35;23260
11;23272
2;23277
3;23278
36;23279
27;23280
8;23289
29;23301
1;23302
152;23305
19;23311
16;23313
1;23314
22;23316
11;23353
42;23354
19;23355
28;23356
199;23357
45;23358
55;23359
9;23363
3;23373
24;23381
6;23386
18;23387
44;23389
2;23391
32;23394
29;23409
24;23413
7;23415
28;23427
150;23431
20;23432
179;23449
85;23450
26;23455
19;23456
16;23457
13;23459
2;23482
36;23485
39;23486
41;23487
46;23488
9;23490
11;23507
26;23509
19;23512
36;23546
187;23547
32;23548
3;23559
21;23561
163;23566
3;23567
4;23568
8;23573
7;23574
151;23576
318;23594
23;23597
9;23602
9;23603
71;23641
16;23642
59;23643
75;23644
45;23661
306;23662
3;23663
12;23664
4;23674
20;23675
4;23687
1;23688
23;23690
20;23694
36;23697
33;23700
5;23717
57;23737
32;23738
217;23739
204;23740
2;23741
17;23742
4;23746
177;23757
168;23758
24;23760
10;23777
34;23781
5;23783
13;23784
35;23785
9;23790
10;23795
3;23797
3;23809
48;23833
47;23834
37;23835
16;23836
79;23855
47;23856
28;23871
29;23879
164;23883
23;23884
11;23886
167;23887
6;23899
53;23929
29;23930
99;23931
38;23932
22;23940
169;23945
24;23949
25;23951
3;23971
9;23974
20;23977
1;23978
12;23980
13;23986
20;23987
4;24026
23;24027
171;24028
53;24029
22;24030
30;24031
26;24032
21;24038
1;24047
13;24057
16;24060
12;24061
23;24062
48;24063
24;24067
18;24078
167;24079
33;24086
24;24088
40;24121
16;24122
12;24123
6;24124
17;24127
7;24145
9;24147
31;24154
8;24155
167;24156
4;24157
6;24159
11;24170
15;24179
43;24180
35;24217
192;24218
88;24219
230;24220
18;24230
28;24237
25;24238
158;24240
22;24244
149;24256
19;24270
168;24271
38;24273
5;24313
21;24314
50;24315
60;24316
20;24319
2;24333
40;24334
9;24336
17;24347
4;24351
10;24360
4;24364
20;24366
29;24368
3;24370
12;24387
51;24409
26;24410
66;24411
23;24412
14;24430
188;24431
19;24432
158;24434
17;24447
37;24450
30;24451
23;24456
2;24461
4;24467
52;24505
602;24506
51;24507
67;24508
39;24526
15;24530
10;24546
29;24551
5;24555
20;24558
2;24560
15;24561
29;24564
5;24601
74;24602
200;24603
56;24604
16;24613
28;24620
46;24622
10;24623
13;24624
6;24625
25;24643
24;24645
6;24648
32;24651
160;24656
25;24657
4;24658
168;24673
185;24697
63;24698
14;24699
334;24700
17;24701
171;24702
30;24703
4;24709
14;24716
25;24724
24;24736
4;24737
19;24741
4;24745
20;24749
31;24753
46;24758
66;24759
30;24793
161;24794
32;24795
26;24796
39;24797
63;24798
13;24799
10;24800
5;24801
10;24829
28;24834
11;24840
17;24846
22;24849
25;24851
151;24855
30;24877
25;24880
64;24889
617;24890
18;24891
249;24892
7;24894
152;24899
10;24910
23;24911
20;24912
36;24935
2;24945
24;24946
33;24985
15;24986
38;24987
56;24988
163;24997
5;25001
8;25005
46;25007
9;25008
14;25009
15;25017
31;25029
4;25030
3;25036
10;25039
21;25040
36;25043
5;25044
65;25081
5;25082
30;25083
588;25084
27;25093
16;25101
32;25102
11;25129
9;25138
16;25139
31;25156
4;25162
99;25177
4;25178
56;25179
183;25180
16;25190
5;25197
1;25198
13;25200
29;25218
555;25221
32;25226
145;25227
14;25228
11;25234
3;25237
57;25273
24;25274
73;25275
19;25276
197;25282
28;25293
227;25295
22;25296
16;25299
3;25319
203;25326
17;25328
9;25330
16;25350
15;25366
26;25367
8;25369
87;25370
23;25371
1;25372
14;25373
35;25374
18;25376
13;25381
3;25387
16;25390
26;25399
1;25403
151;25404
150;25408
7;25415
4;25432
7;25457
26;25465
16;25466
9;25467
2;25468
27;25469
1;25471
26;25472
12;25494
1;25495
34;25497
23;25503
19;25504
29;25506
2;25508
8;25520
8;25521
15;25524
7;25525
46;25527
2;25528
49;25561
52;25562
1;25563
33;25564
18;25569
19;25575
27;25582
38;25584
13;25591
5;25596
8;25597
22;25607
12;25612
9;25618
31;25623
193;25657
28;25658
41;25659
41;25660
158;25662
10;25675
31;25677
9;25678
7;25679
16;25680
7;25683
10;25691
9;25703
20;25706
29;25708
12;25711
2;25712
1;25715
32;25716
89;25753
64;25754
17;25755
9;25756
8;25766
20;25769
8;25772
28;25773
7;25775
3;25776
15;25784
12;25788
15;25797
35;25798
4;25799
12;25800
16;25803
3;25821
39;25849
160;25850
500;25852
177;25869
1;25871
20;25898
22;25903
17;25906
23;25907
8;25908
213;25945
50;25946
204;25947
78;25948
25;25965
13;25967
11;25969
1;25974
17;25990
1;25991
62;25995
2;25996
20;25998
4;25999
4;26001
11;26004
171;26017
4;26022
17;26035
216;26042
24;26043
24;26044
13;26045
193;26046
170;26048
5;26055
17;26056
1;26062
26;26063
3;26065
35;26073
30;26074
1;26076
31;26077
28;26078
562;26079
8;26080
19;26087
2;26100
24;26102
4;26103
17;26139
176;26140
7;26141
27;26142
44;26143
50;26144
157;26160
4;26170
36;26171
8;26172
9;26173
15;26174
15;26193
11;26195
33;26196
62;26233
79;26234
205;26236
22;26254
43;26255
11;26273
29;26282
47;26285
54;26286
24;26288
31;26289
8;26292
51;26329
54;26330
28;26331
194;26332
9;26338
23;26349
59;26350
13;26351
200;26352
36;26353
26;26362
3;26365
3;26368
14;26376
30;26377
13;26378
32;26379
32;26382
153;26384
12;26386
29;26390
7;26395
100;26425
34;26427
51;26428
26;26434
8;26437
17;26441
16;26445
2;26477
76;26521
78;26522
8;26524
39;26525
16;26531
13;26536
14;26541
21;26542
4;26543
65;26544
20;26567
151;26577
20;26617
67;26618
59;26619
241;26620
62;26638
9;26639
6;26641
2;26649
26;26659
15;26661
51;26667
559;26670
33;26674
13;26676
28;26704
3;26713
56;26714
17;26715
7;26716
6;26717
56;26718
57;26719
11;26720
14;26726
13;26730
17;26740
7;26746
13;26751
6;26754
20;26761
8;26766
23;26768
10;26769
1;26776
13;26779
46;26809
150;26810
7;26811
40;26812
24;26813
178;26814
61;26816
4;26820
32;26837
27;26845
17;26846
30;26847
5;26863
4;26869
11;26870
49;26905
43;26906
68;26907
38;26908
52;26925
18;26926
12;26927
18;26928
148;26936
174;26938
29;26950
23;26951
47;26953
27;26959
33;26961
51;26962
16;26964
23;27001
42;27002
61;27003
57;27004
34;27022
7;27029
20;27037
10;27050
9;27051
15;27053
7;27054
5;27057
20;27072
7;27097
633;27098
25;27099
102;27100
14;27102
165;27117
61;27119
2;27137
12;27142
21;27146
35;27149
25;27151
31;27153
167;27193
31;27194
53;27195
88;27196
5;27200
7;27205
20;27209
23;27213
15;27216
7;27236
19;27238
11;27240
14;27241
43;27243
13;27270
6;27289
81;27290
31;27291
98;27292
34;27297
7;27308
19;27309
187;27311
19;27313
5;27324
8;27336
15;27337
158;27339
1;27351
34;27385
48;27386
47;27387
26;27388
45;27390
20;27391
215;27392
6;27417
27;27418
6;27419
16;27420
24;27421
20;27422
16;27446
188;27447
8;27448
14;27480
4;27482
40;27483
33;27484
152;27485
87;27486
17;27487
626;27488
2;27492
2;27501
34;27513
146;27515
5;27516
39;27517
4;27518
21;27524
24;27525
10;27534
34;27537
44;27542
155;27544
8;27570
96;27577
117;27578
211;27580
33;27581
25;27591
588;27597
18;27598
11;27599
25;27600
16;27611
20;27626
21;27629
17;27632
16;27634
151;27660
102;27673
317;27674
93;27675
87;27676
23;27691
27;27693
46;27695
17;27696
14;27718
36;27720
33;27723
31;27724
2;27725
15;27729
22;27731
46;27769
39;27770
44;27771
51;27772
4;27773
5;27780
33;27789
3;27791
10;27792
19;27797
16;27813
160;27814
27;27815
16;27823
21;27865
31;27866
11;27867
53;27868
7;27885
17;27886
11;27910
20;27915
10;27921
27;27924
9;27949
37;27961
73;27962
83;27963
53;27964
16;27969
162;27972
19;27982
18;28005
20;28008
18;28015
44;28057
67;28058
33;28060
23;28061
41;28062
80;28063
33;28072
20;28076
18;28082
9;28086
3;28089
48;28090
151;28091
601;28094
162;28095
7;28100
4;28111
13;28116
39;28147
6;28153
7;28154
10;28155
27;28156
54;28157
35;28158
32;28162
7;28163
14;28175
1;28177
2;28183
8;28185
178;28186
193;28188
7;28190
21;28191
19;28192
1;28197
40;28209
20;28212
6;28213
17;28215
207;28250
23;28251
46;28252
10;28256
15;28270
2;28271
13;28272
24;28274
8;28294
5;28300
6;28302
170;28305
3;28306
6;28307
23;28345
40;28346
42;28348
13;28365
18;28366
7;28368
550;28370
9;28371
28;28395
13;28398
22;28399
20;28404
5;28426
329;28441
45;28442
177;28443
50;28444
22;28448
43;28462
70;28464
24;28467
8;28475
11;28488
1;28499
34;28500
8;28517
9;28537
44;28538
201;28539
16;28540
11;28543
9;28558
12;28559
24;28564
1;28571
24;28582
23;28583
27;28584
36;28586
2;28588
14;28593
38;28596
203;28633
20;28634
10;28635
229;28636
28;28653
22;28654
25;28656
6;28666
18;28677
26;28721
15;28729
24;28730
13;28731
196;28732
9;28733
21;28734
7;28736
1;28740
26;28743
40;28751
13;28754
6;28763
29;28764
5;28766
8;28767
20;28768
28;28781
17;28783
1;28784
15;28785
8;28788
6;28789
192;28825
24;28826
6;28827
57;28828
2;28829
146;28830
56;28831
50;28832
7;28833
28;28848
16;28857
1;28860
26;28861
44;28862
6;28863
22;28864
123;28877
17;28880
149;28881
277;28921
27;28922
251;28923
31;28924
10;28935
26;28941
43;28942
20;28943
8;28944
157;28959
14;28968
34;28970
3;28974
235;29017
54;29018
41;29019
74;29020
14;29021
3;29030
22;29038
27;29039
18;29040
159;29057
12;29071
8;29073
3;29075
9;29076
82;29113
24;29114
79;29115
39;29116
14;29118
3;29120
12;29129
5;29133
159;29134
25;29135
17;29146
26;29157
5;29158
26;29164
28;29165
10;29166
46;29170
4;29171
28;29172
18;29193
47;29213
37;29214
197;29215
72;29216
19;29219
29;29224
154;29230
24;29233
10;29234
9;29257
2;29258
1;29259
24;29260
25;29264
22;29309
171;29310
35;29311
162;29312
25;29327
49;29331
224;29332
9;29333
28;29334
14;29337
5;29339
14;29354
9;29356
27;29360
5;29363
3;29365
56;29405
31;29406
38;29408
10;29409
15;29410
15;29411
2;29412
16;29418
8;29419
39;29431
36;29438
6;29439
28;29440
2;29441
11;29443
24;29444
4;29447
27;29463
28;29464
5;29466
25;29467
20;29468
23;29484
19;29501
213;29502
30;29503
35;29505
8;29506
2;29507
4;29517
10;29520
12;29528
15;29533
33;29536
7;29539
6;29540
29;29549
17;29559
20;29582
100;29597
226;29598
38;29599
41;29600
8;29601
8;29614
7;29617
14;29620
27;29627
5;29639
1;29646
27;29647
1;29648
1;29650
58;29651
5;29654
37;29656
8;29659
23;29672
24;29693
339;29694
78;29695
58;29696
13;29697
32;29709
159;29715
21;29716
153;29721
15;29732
5;29737
10;29738
169;29744
68;29789
204;29790
118;29791
49;29792
160;29798
27;29806
8;29810
162;29811
19;29815
32;29824
11;29834
33;29836
53;29840
156;29846
20;29885
44;29886
20;29887
26;29888
12;29906
8;29931
48;29940
13;29982
21;29983
245;29984
154;29991
10;29995
28;30001
11;30003
8;30005
6;30016
16;30020
11;30028
26;30029
34;30030
18;30031
37;30033
164;30034
173;30040
7;30058
4;30061
17;30077
22;30078
156;30079
34;30081
72;30083
6;30089
12;30094
10;30101
30;30109
6;30111
16;30113
25;30114
48;30131
10;30136
189;30137
21;30139
3;30149
21;30173
101;30174
45;30177
25;30178
563;30179
5;30189
20;30202
2;30211
54;30215
161;30216
24;30226
6;30230
103;30231
266;30269
740;30270
27;30271
321;30272
4;30274
1;30283
33;30289
1;30290
39;30291
23;30292
35;30297
49;30323
32;30327
34;30328
224;30366
46;30367
70;30368
4;30375
35;30383
162;30386
15;30399
3;30410
28;30414
6;30415
3;30417
7;30419
161;30420
25;30423
76;30461
23;30463
58;30464
30;30470
38;30475
3;30479
83;30481
23;30483
9;30504
26;30509
11;30512
4;30513
150;30514
37;30516
15;30519
26;30520
50;30557
2;30558
8;30559
103;30560
22;30571
566;30577
104;30578
10;30579
167;30580
21;30581
1;30582
167;30602
25;30607
5;30608
30;30611
22;30653
33;30654
40;30655
36;30656
23;30662
8;30665
4;30673
10;30674
9;30676
11;30697
10;30702
18;30703
9;30704
7;30707
12;30708
16;30712
9;30713
39;30749
27;30750
20;30751
27;30752
27;30754
35;30755
163;30760
32;30765
40;30784
160;30785
49;30786
159;30791
11;30800
13;30801
33;30809
1;30845
7;30846
30;30847
43;30849
4;30851
6;30852
25;30862
4;30865
4;30877
18;30878
16;30880
21;30881
43;30885
26;30892
21;30900
14;30909
87;30941
193;30942
20;30943
75;30944
46;30953
2;30961
23;30963
23;30975
22;30985
18;30986
11;30988
34;30995
9;30997
9;30999
27;31000
171;31037
18;31038
84;31039
178;31040
14;31046
12;31054
28;31058
158;31060
170;31081
6;31083
32;31089
32;31090
17;31093
16;31133
111;31135
330;31136
31;31137
1;31153
10;31154
11;31156
16;31165
17;31169
57;31229
105;31230
183;31231
173;31232
20;31233
559;31244
180;31249
20;31250
4;31273
4;31275
12;31277
10;31286
8;31287
9;31326
42;31327
24;31328
34;31339
205;31345
10;31347
5;31348
3;31364
14;31378
156;31380
21;31384
8;31405
44;31421
34;31422
14;31424
160;31426
28;31427
14;31428
49;31453
19;31454
32;31456
1;31457
7;31458
4;31460
6;31466
14;31471
22;31473
7;31474
6;31478
13;31507
27;31511
53;31517
59;31518
50;31519
58;31520
58;31521
27;31522
49;31523
11;31524
26;31525
22;31529
1;31530
10;31536
6;31538
6;31549
162;31554
32;31555
25;31556
40;31572
14;31576
20;31580
45;31613
108;31614
83;31615
54;31616
14;31619
13;31621
6;31628
12;31633
27;31634
10;31636
19;31640
8;31641
154;31644
1;31659
15;31668
27;31670
21;31709
245;31710
173;31711
23;31712
23;31713
6;31714
34;31716
7;31726
54;31729
28;31732
34;31753
2;31759
14;31762
29;31765
195;31766
81;31805
37;31806
59;31807
112;31808
1;31825
3;31827
12;31843
13;31854
26;31857
12;31863
2;31864
154;31873
11;31901
69;31902
89;31903
54;31904
5;31905
17;31909
11;31916
18;31920
180;31921
18;31922
40;31924
18;31926
22;31946
20;31952
8;31954
25;31997
76;31998
72;31999
87;32000
27;32013
27;32017
5;32028
16;32042
3;32053
7;32056
30;32078
25;32089
14;32093
44;32094
71;32095
18;32096
23;32097
13;32098
48;32099
230;32100
35;32103
13;32125
37;32126
18;32127
184;32128
32;32132
28;32145
29;32149
30;32150
22;32151
4;32152
23;32153
16;32165
163;32184
1;32189
178;32190
11;32191
65;32192
95;32193
205;32194
7;32195
6;32196
12;32214
168;32216
31;32221
6;32222
7;32227
28;32228
3;32230
14;32244
30;32245
6;32248
14;32249
58;32251
79;32285
82;32286
32;32287
216;32288
152;32297
12;32299
26;32305
17;32306
13;32307
71;32308
4;32311
5;32312
31;32330
20;32331
29;32339
38;32341
38;32381
63;32382
58;32383
43;32384
15;32401
14;32403
160;32404
16;32409
26;32428
23;32429
2;32431
8;32432
59;32433
14;32448
33;32470
62;32477
29;32478
54;32479
240;32480
29;32482
7;32484
5;32485
22;32498
5;32500
36;32503
3;32524
9;32525
13;32526
5;32527
12;32529
3;32531
3;32532
12;32536
178;32573
40;32574
378;32575
73;32576
19;32582
44;32593
20;32594
28;32595
9;32596
3;32599
20;32605
9;32616
23;32618
26;32621
32;32626
28;32629
25;32630
6;32631
234;32669
38;32670
28;32671
24;32672
4;32687
24;32689
604;32690
4;32691
36;32697
10;32701
11;32707
11;32709
11;32714
8;32717
13;32723
4;32727
158;32738
16;32753
18;32761
12;32763
38;32766
152;32767
70;32768
28;32769
4;32770
48;32771
59;32772
188;32790
60;32798
7;32801
47;32802
62;32804
10;32811
12;32812
9;32815
166;32823
12;32846
12;32852
20;32861
11;32863
186;32865
55;32866
13;32879
7;32888
18;32890
165;32894
11;32897
2;32898
6;32899
33;32900
32;32911
30;32913
13;32914
174;32915
171;32916
29;32917
17;32921
165;32922
4;32938
14;32957
22;32958
42;32959
83;32960
1;32964
2;32977
11;32978
16;32979
5;32994
8;32996
153;33001
14;33002
9;33003
41;33006
35;33008
18;33009
16;33010
1;33013
22;33016
6;33053
388;33054
60;33055
68;33056
11;33072
47;33073
15;33074
10;33092
159;33096
8;33097
26;33098
25;33101
23;33104
53;33105
8;33106
33;33108
17;33109
11;33110
29;33111
16;33112
37;33149
222;33150
35;33151
79;33152
3;33155
13;33157
9;33162
167;33167
15;33169
162;33170
30;33171
18;33175
20;33188
10;33194
5;33199
14;33200
37;33203
4;33207
163;33220
176;33245
139;33246
181;33247
77;33248
15;33258
3;33263
12;33265
104;33266
7;33267
186;33268
50;33270
24;33276
20;33290
22;33293
16;33297
50;33300
12;33302
22;33312
4;33324
75;33341
25;33342
11;33343
21;33344
30;33347
7;33359
399;33361
38;33362
37;33364
27;33366
31;33387
23;33395
5;33397
3;33399
23;33419
59;33437
26;33438
30;33439
35;33440
8;33441
17;33442
17;33443
23;33444
2;33447
34;33457
18;33464
168;33469
38;33470
14;33472
14;33473
12;33474
195;33475
164;33476
162;33493
18;33494
10;33495
20;33496
11;33497
3;33516
37;33533
10;33534
68;33535
183;33537
37;33538
315;33540
14;33555
10;33565
41;33568
168;33570
183;33571
31;33572
12;33582
11;33589
17;33590
20;33596
28;33623
24;33627
32;33629
35;33630
18;33631
16;33632
149;33633
169;33652
34;33657
16;33664
25;33673
157;33674
32;33679
29;33680
11;33681
169;33685
5;33686
68;33725
83;33726
62;33727
14;33728
8;33729
9;33741
18;33742
22;33747
69;33748
4;33769
10;33770
35;33771
5;33773
62;33775
181;33776
6;33780
8;33812
92;33821
108;33822
164;33823
78;33824
40;33842
31;33843
6;33846
1;33859
12;33867
12;33869
10;33878
11;33879
78;33917
41;33918
338;33919
41;33920
22;33940
13;33951
13;33958
32;33961
25;33964
24;33966
10;33967
39;33973
12;33974
2;33983
10;34004
257;34013
23;34014
76;34015
61;34016
4;34030
28;34033
12;34034
4;34036
6;34059
6;34061
35;34067
21;34072
22;34096
18;34102
185;34109
14;34110
201;34111
58;34112
229;34113
7;34114
28;34115
36;34116
214;34131
21;34134
10;34141
40;34142
37;34145
22;34147
33;34162
15;34168
1;34170
3;34202
26;34205
2;34206
67;34207
15;34208
96;34209
172;34210
363;34211
16;34212
8;34214
33;34217
59;34237
7;34240
26;34241
31;34242
23;34243
2;34244
26;34254
2;34266
32;34302
62;34304
7;34311
19;34316
178;34320
21;34322
38;34324
37;34325
38;34326
13;34331
12;34335
28;34338
3;34348
12;34353
49;34354
22;34355
11;34357
18;34360
37;34397
55;34398
360;34399
35;34400
19;34406
7;34412
164;34415
16;34417
7;34418
37;34419
30;34436
9;34439
2;34442
9;34443
5;34446
22;34451
1;34453
58;34493
225;34494
246;34495
49;34496
59;34513
34;34514
25;34516
176;34521
1;34525
36;34537
3;34538
19;34540
6;34546
26;34547
5;34549
4;34551
209;34589
184;34590
6;34591
29;34592
1;34599
25;34605
4;34606
19;34610
159;34611
6;34612
23;34618
8;34633
16;34638
25;34641
29;34646
4;34659
319;34685
30;34686
38;34687
66;34688
1;34691
151;34692
68;34706
27;34707
2;34708
1;34719
23;34730
26;34731
17;34740
11;34743
58;34781
11;34782
30;34784
25;34785
6;34786
177;34787
27;34793
22;34807
3;34808
4;34813
12;34819
171;34820
572;34833
6;34834
23;34835
12;34836
21;34837
20;34841
2;34842
7;34844
3;34863
29;34877
189;34879
53;34880
22;34881
83;34882
49;34883
177;34884
161;34899
24;34905
4;34907
6;34909
31;34910
16;34911
38;34912
24;34913
5;34914
26;34915
25;34916
42;34930
7;34934
6;34935
150;34937
23;34953
159;34972
94;34973
99;34974
32;34975
91;34976
26;34991
6;34994
53;34995
9;34996
3;35005
25;35012
1;35021
26;35022
166;35026
