sums of daily draw-off volumes
185.5
184.8
96.8
200.8
116.2
181.8
165.5
279.8
290.5
243.2
150.8
151
544.5
200.5
163.2
136.2
120.5
322.5
211.5
259.5
205.5
335.2
273.8
237.8
294
199
281.5
140
294
153.8
270.2
159
278
226.2
306
169.2
331.8
260.2
152
163.5
192.8
194.5
141.8
377
258.5
200.5
203
204.5
250.8
157.8
219.2
225.5
208
226.5
183.5
202
117.5
158
278
289
160.2
283.5
174
239
218.2
244.8
213.8
229.5
214.2
118
281
248.5
139.8
194
314
322.8
187.2
133
186.8
345
64.2
224.5
228
280.5
169.5
206
411.5
183.5
290
195.8
292.8
218.8
95.8
277.5
157.5
89.2
269
100.5
222.2
233
256.5
397.5
313.5
163.8
248
209
170
104
358.8
107.8
195.5
219.8
99.2
151.8
139.5
126.5
308.8
302.5
324.5
223.5
201
196.5
124.2
172.8
243.5
254
331.5
337.5
180
176.8
131.8
370.2
147.2
122.5
64.5
228.8
159
152
133.2
314.8
119.8
214.2
303.2
120.2
193.5
209.5
232.5
196.5
154.2
181
155.2
188.2
201.8
311.2
149.5
265.8
174
221
275.5
115.8
116
222.8
173
77
90.5
174.5
130
296.2
207
92.5
257.2
125
194.2
108.8
115.2
107
248
140.2
346.5
215.8
114.8
202.2
181.8
117.5
213.2
251.5
184.2
202.2
176.2
201
133
200.8
191.5
107.8
97
96.5
134.2
276
103
145.2
85.2
277.8
287.5
235.5
130
89.2
479.8
86.8
222
327.5
131
284.8
233.2
284.5
112
157.5
184.8
52.8
87.2
103.8
167.5
81.2
168.2
174
110.5
125.8
236.5
139
121.2
168.8
191
214.8
145.8
110.5
198.5
269.8
269.5
313.8
165.8
137.5
266.5
197.8
165.2
149.2
191.2
243.5
182
256.5
176.2
134.2
182.2
98
292.5
73.5
167.5
234
182.5
309.8
160.8
319.2
128
199.8
300.2
223.8
153.5
80
84.2
164
91.2
241.8
179
407
152.2
153.8
255.2
63.5
126.2
290.8
96.5
159
211.5
77.5
283.2
125.8
170.5
186.5
373.2
305.5
254
118.2
52
127
339.2
186
134.5
196.2
204.8
124.8
140.2
133.5
243
225.2
169.8
158
167
200.5
111.5
115.8
158
274.8
275
44.5
243.8
171.2
283.2
401.2
197.2
153
320.2
69.2
208.8
70.8
149.8
230
135.8
333.8
130.8
117.2
192.2
149
222
89.5
183.5
86.2
242.8
281
206.8
134.8
145.5
240.2
266
291
295.5
129.2
253.2
220
319.8
184
279.5
290
237.2
164
143.2
172.5
135.8
297.8
244.2
150
203.8
243
185.8
196
302.2
292.5
203.2
sums of draw-off volumes of each hour of the day
255.3
232.8
90.9
196.8
265.1
236.3
12475.9
16632.2
6416
1443.8
910
4348.9
5097.1
1577.7
1858.7
3280.2
2184.8
1950.8
2899.5
2780.1
3590.3
2792.3
1175.5
271.9
sums of draw-off volumes of each hour of weekdays
103.1
135.9
46
158.2
157.7
146.2
10122.4
11897.4
3425.6
771.3
743
3826.7
4767.4
1253.6
634.2
642.2
569
1441.9
2611.8
2326.6
2426.8
1666.8
488.4
118.7
sums of draw-off volumes of each hour of weekend-days
152.2
96.9
44.9
38.6
107.4
90.1
2353.5
4734.8
2990.4
672.5
167
522.2
329.7
324.1
1224.5
2638
1615.8
508.9
287.7
453.5
1163.5
1125.5
687.1
153.2
holidays of household(s), numbers correspond to day of year
