48;29
41;30
16;31
90;32
19;35
24;49
34;51
8;59
11;75
4;80
176;83
170;125
59;126
46;127
40;128
13;146
19;148
1;168
32;173
35;182
174;221
33;222
51;224
4;241
6;243
5;246
1;268
14;273
4;274
17;317
62;318
37;319
51;320
33;325
9;326
47;328
26;337
19;351
4;362
5;364
175;365
18;399
22;413
95;414
14;415
179;416
2;433
25;436
9;451
1;459
11;460
3;462
2;464
23;510
25;512
16;513
16;514
16;515
11;523
1;538
11;539
12;541
6;543
37;551
14;564
28;567
8;568
12;595
186;607
194;608
27;609
18;610
1;611
51;612
24;637
34;641
31;642
20;658
13;660
12;665
1;666
10;701
598;702
478;703
162;704
21;721
73;722
26;739
8;741
19;747
178;753
176;797
25;798
40;799
59;800
45;817
159;818
26;820
4;833
6;843
10;846
161;853
21;856
52;893
42;894
162;896
27;904
30;908
21;914
2;915
37;937
3;945
10;946
11;947
4;948
17;980
53;991
586;995
10;1009
26;1010
554;1015
17;1035
27;1040
22;1041
7;1045
32;1085
42;1086
65;1087
45;1088
18;1105
41;1106
14;1108
32;1121
7;1131
13;1132
9;1133
5;1136
28;1142
23;1181
159;1182
595;1183
32;1184
36;1185
16;1186
48;1187
24;1188
173;1213
31;1214
1;1216
11;1219
4;1220
14;1234
162;1243
31;1254
4;1261
86;1277
46;1278
17;1279
7;1280
172;1281
197;1282
37;1283
10;1284
25;1290
17;1294
4;1304
29;1309
12;1311
9;1316
28;1333
157;1335
12;1339
7;1340
65;1373
24;1375
38;1376
6;1386
168;1390
45;1393
27;1394
22;1395
28;1399
18;1402
13;1420
5;1421
7;1426
34;1428
10;1430
20;1431
35;1469
58;1470
30;1471
19;1472
13;1483
9;1489
11;1514
17;1518
5;1520
94;1527
160;1565
174;1566
158;1567
20;1568
29;1572
22;1585
11;1587
14;1588
4;1600
3;1612
34;1661
22;1663
61;1664
29;1671
9;1681
36;1682
172;1684
6;1715
41;1759
31;1760
19;1772
187;1780
26;1807
10;1812
39;1814
37;1854
37;1855
5;1856
2;1857
25;1858
24;1859
7;1860
2;1873
5;1885
21;1886
30;1887
26;1889
17;1890
12;1892
17;1906
4;1908
27;1910
28;1915
25;1951
21;1953
5;1955
30;1956
43;1982
21;1983
11;1985
19;1989
24;2010
14;2045
35;2047
35;2048
12;2055
16;2067
12;2089
36;2093
3;2097
23;2099
9;2108
48;2141
105;2142
1;2143
230;2144
30;2148
16;2162
14;2164
21;2193
4;2200
48;2237
69;2238
41;2239
31;2240
29;2257
6;2260
165;2273
9;2282
38;2284
5;2285
11;2294
6;2303
566;2334
9;2335
40;2336
32;2347
2;2380
4;2381
49;2385
3;2386
24;2389
162;2429
57;2430
37;2432
6;2449
12;2450
26;2452
23;2473
13;2475
15;2477
51;2480
162;2483
12;2525
29;2526
12;2528
16;2529
65;2530
46;2531
168;2532
27;2559
6;2560
192;2561
4;2563
27;2564
157;2571
30;2622
182;2623
27;2625
26;2626
50;2627
6;2628
5;2655
27;2656
152;2659
10;2671
64;2675
10;2678
3;2682
53;2719
65;2720
3;2737
162;2739
27;2741
24;2755
10;2773
38;2813
29;2814
206;2815
22;2816
10;2826
162;2833
68;2834
16;2835
5;2838
1;2840
15;2847
12;2863
21;2870
10;2872
1;2909
59;2910
193;2912
17;2915
3;2924
21;2930
8;2931
13;2955
28;2962
16;3005
155;3006
32;3007
161;3008
36;3025
602;3026
36;3027
17;3032
9;3054
51;3059
9;3061
67;3101
37;3102
158;3103
160;3104
17;3122
27;3127
17;3138
22;3143
7;3155
16;3157
30;3158
26;3189
10;3194
207;3197
174;3200
111;3201
7;3204
1;3210
8;3235
55;3236
3;3241
20;3245
3;3256
154;3293
39;3294
34;3295
43;3297
188;3298
28;3300
47;3329
1;3331
29;3332
6;3346
32;3350
16;3352
13;3354
14;3389
74;3391
23;3392
6;3409
8;3411
9;3416
5;3430
21;3442
155;3448
5;3454
53;3485
18;3486
10;3487
54;3488
39;3496
11;3505
153;3506
26;3507
27;3508
18;3512
5;3513
163;3528
156;3532
26;3538
18;3543
6;3557
34;3581
33;3582
43;3583
48;3584
8;3601
30;3604
19;3625
27;3630
3;3648
42;3677
39;3678
12;3679
11;3695
34;3697
6;3698
9;3699
23;3700
4;3706
12;3727
25;3735
31;3736
165;3775
28;3776
13;3793
25;3794
8;3795
19;3796
12;3812
40;3820
166;3829
2;3847
20;3870
192;3871
24;3872
41;3873
22;3874
14;3876
9;3895
5;3900
3;3901
18;3904
10;3906
13;3908
25;3912
9;3965
4;3966
49;3967
49;3968
29;3971
10;3973
12;3976
9;3990
8;3995
170;3996
27;3997
69;3998
43;3999
6;4000
3;4002
14;4004
38;4018
25;4020
1;4027
12;4041
58;4061
9;4062
23;4063
3;4064
1;4068
47;4082
88;4083
4;4084
164;4089
30;4101
25;4108
6;4112
25;4157
56;4158
41;4159
19;4160
32;4175
22;4178
28;4179
6;4196
27;4205
60;4215
4;4216
196;4253
62;4274
8;4275
44;4302
24;4304
24;4305
15;4307
13;4308
23;4310
3;4311
25;4312
633;4349
15;4350
9;4352
33;4353
6;4369
40;4371
6;4384
16;4394
159;4395
17;4406
4;4408
47;4446
22;4447
150;4448
12;4459
19;4465
12;4467
14;4491
7;4494
11;4496
6;4503
148;4542
38;4543
161;4544
5;4545
11;4547
188;4548
10;4569
7;4573
2;4574
56;4577
9;4579
20;4594
39;4599
26;4639
11;4640
55;4641
173;4642
20;4644
29;4656
27;4670
25;4672
155;4673
187;4674
10;4675
25;4677
30;4692
2;4693
74;4733
161;4734
39;4735
8;4736
9;4744
37;4749
21;4754
31;4756
34;4779
26;4783
22;4784
8;4787
15;4793
7;4796
47;4829
16;4831
24;4832
21;4840
27;4842
2;4849
189;4852
14;4858
37;4873
1;4880
40;4882
27;4883
37;4925
15;4926
27;4927
195;4928
21;4945
11;4948
4;4972
166;4977
66;4984
14;5021
23;5022
36;5023
192;5024
23;5038
2;5041
17;5042
60;5043
15;5070
8;5071
13;5072
15;5077
5;5079
55;5117
3;5118
37;5119
18;5120
19;5135
11;5138
25;5146
10;5165
162;5168
30;5173
1;5174
26;5175
26;5213
12;5215
48;5216
14;5217
30;5218
12;5220
15;5221
8;5229
52;5248
1;5249
15;5266
28;5267
34;5268
12;5276
3;5277
26;5282
31;5285
3;5287
42;5309
19;5311
159;5313
38;5314
38;5316
3;5334
15;5338
4;5341
15;5342
3;5343
1;5348
7;5354
10;5355
30;5358
15;5365
3;5369
20;5405
28;5407
24;5426
160;5449
3;5460
6;5493
55;5501
91;5502
62;5503
224;5504
22;5521
11;5522
8;5523
22;5538
15;5556
12;5597
21;5598
21;5599
203;5600
5;5620
16;5630
4;5632
24;5645
22;5655
34;5694
234;5695
34;5696
24;5715
24;5716
3;5729
29;5737
7;5741
11;5752
3;5755
74;5789
52;5790
31;5791
28;5792
12;5809
30;5811
7;5825
9;5829
9;5833
9;5836
25;5844
19;5880
24;5881
88;5885
21;5886
23;5887
11;5888
13;5889
84;5890
63;5892
149;5914
37;5916
11;5919
27;5920
29;5922
154;5926
12;5933
164;5971
35;5981
15;5985
20;5987
62;5988
13;6000
7;6008
17;6017
40;6018
4;6020
24;6027
37;6036
17;6069
6;6077
68;6078
15;6079
54;6080
24;6086
23;6087
21;6097
39;6099
24;6100
18;6117
1;6126
38;6132
165;6173
61;6174
62;6176
7;6181
35;6193
24;6211
13;6220
16;6223
3;6227
29;6228
21;6231
15;6258
4;6269
77;6270
2;6271
25;6272
33;6281
16;6288
6;6289
4;6292
20;6317
9;6318
20;6330
41;6365
135;6366
4;6367
64;6368
7;6387
13;6412
57;6419
1;6420
6;6422
15;6435
11;6461
36;6462
10;6463
14;6464
13;6468
164;6475
3;6481
6;6483
19;6484
23;6498
4;6520
57;6557
26;6558
37;6559
38;6561
161;6562
201;6563
18;6567
11;6591
25;6592
198;6596
6;6615
36;6653
176;6654
41;6660
24;6665
3;6674
27;6685
27;6686
34;6687
46;6688
23;6690
4;6693
19;6695
566;6703
24;6712
26;6749
25;6750
209;6751
61;6752
20;6765
27;6772
33;6787
29;6795
33;6797
9;6798
168;6800
20;6805
5;6807
10;6808
11;6819
42;6845
189;6846
11;6847
181;6848
8;6866
19;6867
22;6873
16;6884
37;6889
1;6898
17;6901
6;6903
21;6941
219;6942
105;6943
95;6944
12;6955
7;6963
19;6976
7;6989
39;6997
230;7037
216;7038
169;7039
27;7057
14;7060
32;7082
562;7083
56;7087
5;7093
68;7133
74;7134
67;7135
54;7136
21;7139
156;7143
26;7150
22;7155
20;7156
6;7160
4;7182
8;7183
12;7188
2;7227
20;7229
15;7231
24;7232
25;7233
116;7234
17;7253
21;7261
59;7264
8;7282
13;7283
12;7287
557;7290
7;7325
16;7326
19;7327
23;7328
20;7329
6;7331
339;7332
30;7344
42;7358
179;7359
29;7360
39;7361
14;7374
49;7379
10;7381
14;7383
19;7384
6;7387
50;7421
150;7422
68;7423
61;7424
28;7432
31;7439
166;7440
11;7441
25;7449
21;7450
14;7476
22;7477
17;7479
26;7481
16;7503
26;7517
69;7518
34;7519
63;7520
146;7527
31;7538
8;7540
24;7550
11;7568
21;7569
34;7572
17;7574
7;7576
32;7613
9;7615
91;7616
28;7630
35;7633
46;7634
155;7635
5;7636
174;7662
1;7709
25;7710
45;7711
6;7712
37;7719
6;7726
165;7729
30;7732
4;7754
3;7806
21;7808
2;7816
12;7820
38;7828
3;7847
13;7850
6;7854
14;7855
7;7860
20;7901
27;7905
18;7908
6;7912
12;7916
34;7933
21;7934
18;7936
36;7937
164;7938
4;7939
3;7957
12;7985
18;7997
28;7998
11;7999
28;8000
150;8002
22;8003
5;8030
4;8031
6;8032
15;8033
160;8049
153;8050
20;8051
1;8053
26;8054
11;8093
79;8094
9;8095
6;8096
12;8101
9;8113
10;8114
13;8126
17;8142
24;8143
28;8145
7;8181
40;8189
5;8190
167;8191
55;8192
18;8206
199;8209
5;8211
9;8235
21;8247
163;8248
1;8285
51;8286
42;8287
7;8303
7;8305
5;8306
5;8307
11;8308
23;8313
8;8321
7;8328
4;8329
10;8332
24;8337
14;8338
23;8340
23;8342
5;8381
14;8383
11;8395
26;8403
3;8413
16;8425
48;8429
4;8431
37;8434
156;8437
4;8440
9;8448
177;8477
75;8478
229;8479
571;8480
3;8489
16;8498
8;8499
32;8500
13;8522
11;8529
37;8533
172;8534
31;8535
58;8573
1;8574
25;8578
10;8579
194;8580
167;8584
4;8587
38;8593
1;8597
7;8607
17;8611
160;8612
37;8630
3;8662
60;8665
8;8666
11;8667
41;8670
18;8671
10;8673
7;8682
9;8695
42;8697
23;8698
43;8699
20;8702
2;8704
8;8714
29;8723
18;8761
23;8762
35;8763
27;8768
10;8774
15;8782
58;8784
169;8793
22;8803
6;8810
2;8844
172;8857
99;8858
46;8859
7;8860
22;8869
21;8871
36;8877
27;8878
4;8883
15;8893
8;8906
34;8911
29;8913
69;8915
3;8948
29;8953
373;8954
11;8955
65;8956
15;8973
22;8974
3;8975
1;8999
10;9005
32;9050
7;9051
68;9052
19;9059
2;9069
17;9077
12;9085
38;9105
25;9108
5;9111
19;9145
18;9146
22;9148
33;9150
26;9156
21;9167
29;9168
147;9189
21;9190
6;9195
28;9199
54;9241
19;9242
163;9244
9;9245
28;9246
50;9247
174;9248
24;9269
13;9273
29;9277
11;9278
7;9279
11;9291
169;9292
16;9295
35;9297
24;9298
31;9303
7;9309
12;9337
179;9338
15;9340
37;9341
29;9342
54;9343
11;9344
39;9353
14;9370
5;9374
7;9376
15;9379
564;9393
7;9395
5;9400
3;9403
2;9407
1;9433
34;9434
108;9435
164;9436
18;9445
4;9453
33;9455
9;9468
3;9469
5;9484
36;9487
2;9489
1;9490
68;9530
16;9531
34;9532
6;9541
24;9549
26;9550
32;9551
4;9558
167;9572
2;9582
11;9586
11;9603
26;9605
103;9625
77;9626
25;9628
16;9630
20;9634
11;9645
7;9646
30;9647
7;9657
26;9671
10;9673
24;9675
2;9683
46;9722
18;9723
46;9724
19;9742
16;9756
8;9775
17;9817
61;9818
81;9819
32;9820
18;9829
1;9837
17;9862
24;9867
24;9869
8;9874
7;9876
38;9895
2;9914
24;9915
32;9916
4;9918
39;9919
5;9946
6;9950
1;9954
13;9959
8;9971
34;10009
28;10010
12;10011
76;10012
160;10013
26;10015
32;10016
38;10028
14;10035
28;10043
7;10048
26;10064
17;10074
6;10086
48;10105
24;10106
157;10107
20;10108
56;10127
22;10128
19;10155
26;10160
26;10161
188;10201
21;10202
41;10203
12;10204
36;10221
26;10223
28;10224
12;10225
2;10231
13;10233
1;10246
1;10260
13;10293
29;10298
3;10299
1;10300
12;10317
36;10318
177;10320
27;10336
23;10346
5;10347
4;10348
22;10389
45;10393
43;10394
26;10395
7;10396
12;10413
185;10415
40;10416
3;10429
9;10430
146;10443
31;10451
33;10489
227;10490
35;10491
16;10492
5;10509
30;10511
7;10521
15;10533
3;10537
23;10539
9;10542
153;10543
30;10544
160;10545
2;10585
12;10586
62;10587
13;10588
19;10589
71;10590
37;10591
25;10592
155;10606
5;10617
16;10618
3;10620
34;10621
30;10643
3;10644
5;10646
18;10681
6;10683
166;10686
11;10701
23;10716
171;10717
12;10718
42;10719
10;10733
9;10737
56;10777
9;10778
178;10779
2;10797
172;10828
10;10832
14;10835
4;10873
186;10874
6;10875
28;10876
10;10891
47;10894
158;10895
28;10896
18;10898
17;10920
8;10935
245;10969
6;10970
217;10971
58;10972
28;10980
8;10982
3;10985
7;10987
8;10990
162;10991
2;11000
23;11008
12;11011
18;11013
48;11021
53;11066
43;11067
14;11068
1;11069
3;11085
19;11087
2;11088
18;11101
6;11161
28;11163
22;11164
7;11175
27;11178
9;11180
21;11181
5;11182
31;11199
8;11206
9;11207
13;11208
12;11212
21;11215
50;11258
34;11259
149;11260
8;11262
7;11263
29;11264
4;11282
6;11286
17;11292
2;11293
189;11295
15;11296
6;11317
166;11348
21;11353
5;11354
18;11355
150;11356
17;11357
19;11358
12;11359
206;11360
39;11382
15;11384
2;11385
3;11386
9;11388
18;11389
171;11391
160;11392
32;11414
22;11416
65;11449
73;11450
202;11451
7;11452
16;11455
3;11459
18;11462
12;11470
50;11471
165;11495
22;11497
23;11499
154;11501
22;11502
27;11503
10;11504
9;11545
146;11546
53;11547
6;11548
12;11550
25;11559
8;11560
5;11566
34;11567
4;11596
19;11604
15;11617
171;11641
38;11642
170;11643
51;11644
21;11659
4;11661
4;11672
28;11686
6;11689
15;11697
8;11698
61;11737
34;11738
16;11739
24;11740
13;11742
7;11759
17;11785
12;11795
48;11833
19;11834
19;11835
2;11836
22;11854
164;11855
5;11871
10;11875
23;11878
10;11880
150;11881
5;11886
22;11888
8;11889
36;11892
10;11930
16;11931
20;11934
6;11935
7;11936
12;11951
32;11956
11;11961
12;11962
175;11963
20;11965
10;11966
21;11967
16;11968
66;11981
9;11986
2;11992
10;12004
36;12006
30;12025
10;12026
7;12028
40;12030
6;12031
16;12032
9;12040
166;12041
10;12058
17;12078
6;12081
15;12084
10;12088
35;12121
4;12122
48;12123
82;12124
20;12151
38;12161
40;12177
25;12178
40;12217
1;12219
9;12220
6;12221
10;12229
25;12237
20;12238
8;12239
28;12244
9;12245
35;12261
8;12268
15;12273
40;12313
24;12314
163;12315
30;12335
147;12358
14;12360
43;12363
16;12409
1;12410
32;12411
2;12412
16;12428
165;12430
1;12432
33;12458
60;12461
6;12464
22;12465
35;12467
26;12485
28;12505
7;12506
62;12507
31;12508
16;12517
10;12525
43;12527
32;12551
162;12553
6;12557
13;12559
33;12587
3;12601
12;12603
4;12605
6;12606
32;12608
16;12621
2;12624
22;12636
5;12637
7;12639
30;12640
17;12650
33;12657
33;12659
568;12662
9;12697
14;12698
38;12699
56;12700
7;12701
172;12702
52;12704
19;12727
27;12733
1;12735
22;12753
37;12756
27;12760
29;12762
54;12793
69;12795
17;12796
70;12813
1;12815
4;12838
11;12839
32;12844
4;12846
58;12889
20;12890
17;12891
186;12892
47;12909
28;12924
29;12942
9;12943
11;12946
163;12985
26;12986
2;12988
28;12993
26;13005
23;13006
16;13007
35;13008
8;13010
10;13024
65;13035
8;13081
360;13082
22;13083
195;13084
10;13091
5;13102
24;13105
3;13130
10;13134
32;13139
35;13177
189;13178
30;13179
27;13180
44;13189
16;13199
24;13208
28;13222
13;13224
14;13230
6;13232
15;13233
4;13250
28;13273
155;13274
24;13275
6;13276
12;13277
7;13278
35;13279
20;13281
13;13299
26;13306
175;13307
6;13308
24;13309
11;13311
148;13322
48;13327
10;13328
14;13332
35;13333
18;13370
30;13372
14;13373
27;13374
20;13382
154;13397
19;13401
13;13402
27;13404
11;13425
33;13427
155;13428
9;13429
47;13431
34;13432
32;13465
45;13466
220;13467
10;13468
21;13469
17;13486
10;13492
33;13493
3;13510
4;13518
30;13519
7;13520
41;13561
33;13562
25;13563
32;13564
20;13567
33;13581
7;13582
31;13583
159;13584
171;13605
37;13657
11;13658
26;13659
18;13678
3;13702
6;13703
9;13714
30;13750
7;13753
62;13754
32;13755
16;13756
39;13768
35;13770
33;13774
5;13787
42;13849
1;13850
32;13851
202;13852
3;13859
8;13869
160;13871
6;13872
21;13901
14;13902
170;13946
13;13950
10;13952
20;13972
29;13977
33;13978
14;13979
21;13981
10;13987
8;13992
19;13995
159;13998
19;14000
13;14003
34;14004
37;14042
41;14043
13;14045
169;14047
17;14049
4;14055
28;14075
169;14093
25;14094
14;14103
29;14137
16;14138
69;14140
31;14150
22;14157
23;14184
30;14186
38;14189
19;14190
15;14220
20;14229
174;14233
41;14234
63;14235
247;14236
30;14244
40;14254
14;14255
31;14256
21;14284
16;14286
14;14289
42;14330
70;14332
4;14350
15;14351
29;14373
13;14374
5;14378
37;14382
35;14383
11;14386
21;14390
169;14425
8;14426
9;14427
14;14428
12;14432
29;14473
156;14479
25;14521
7;14522
29;14523
191;14524
8;14535
4;14543
2;14573
13;14620
24;14624
25;14632
24;14638
219;14649
5;14651
1;14652
18;14653
3;14656
157;14672
32;14675
16;14713
194;14715
22;14718
53;14720
4;14727
578;14745
1;14751
8;14752
6;14763
6;14768
29;14773
163;14774
3;14775
42;14809
30;14810
168;14812
21;14831
8;14853
4;14864
583;14906
55;14907
35;14908
13;14927
15;14940
5;14953
29;14962
14;14973
1;15001
36;15004
26;15012
49;15022
157;15024
30;15028
37;15036
11;15045
27;15046
35;15049
154;15051
196;15097
74;15098
9;15099
45;15100
35;15106
5;15118
10;15120
33;15141
48;15151
1;15155
2;15156
8;15193
30;15194
5;15196
152;15212
159;15214
16;15221
8;15236
3;15237
7;15241
2;15244
15;15247
15;15289
33;15290
24;15291
68;15292
44;15294
8;15295
88;15296
21;15320
3;15327
33;15328
17;15350
183;15386
12;15387
14;15388
9;15389
194;15390
17;15391
40;15392
3;15399
25;15412
4;15417
153;15418
154;15420
37;15421
7;15423
6;15424
14;15472
29;15481
5;15482
147;15483
108;15484
11;15497
559;15502
7;15503
17;15504
1;15506
559;15524
22;15528
21;15531
32;15577
31;15578
8;15592
24;15598
178;15673
161;15674
18;15675
18;15688
20;15690
28;15699
16;15721
21;15726
6;15752
10;15767
174;15769
3;15770
41;15771
19;15772
1;15790
22;15792
36;15811
185;15815
2;15818
5;15824
155;15826
33;15838
205;15865
9;15866
171;15867
209;15868
9;15885
15;15886
7;15888
16;15912
1;15915
63;15961
2;15962
78;15963
17;15964
49;15966
74;15967
10;15968
28;15991
154;15993
23;15997
14;15998
8;16021
19;16023
3;16025
19;16048
1;16057
26;16059
29;16060
184;16061
41;16062
177;16063
9;16064
21;16079
42;16089
8;16093
16;16094
4;16110
2;16112
25;16113
14;16117
32;16119
13;16120
35;16153
50;16155
180;16156
18;16163
162;16173
2;16192
4;16194
15;16207
5;16209
87;16249
5;16251
169;16252
56;16269
22;16270
4;16289
17;16295
11;16297
33;16298
564;16306
608;16345
19;16346
6;16347
54;16348
27;16356
40;16366
28;16375
14;16394
160;16400
12;16442
47;16443
156;16444
6;16463
8;16486
35;16493
27;16497
59;16537
37;16538
267;16540
8;16558
46;16559
5;16560
5;16561
27;16585
30;16590
28;16633
17;16636
11;16637
13;16640
7;16652
16;16665
10;16685
36;16686
9;16687
18;16689
161;16691
149;16699
12;16729
40;16730
17;16733
33;16734
6;16735
22;16736
1;16746
28;16749
4;16761
5;16762
11;16763
28;16764
2;16766
23;16768
8;16782
9;16788
17;16825
28;16826
56;16827
307;16828
24;16839
26;16841
18;16845
174;16846
8;16848
27;16849
28;16877
4;16883
37;16921
66;16922
45;16923
25;16941
35;16944
11;16966
154;16970
3;16973
4;16978
23;17017
223;17018
7;17020
12;17039
3;17065
31;17068
22;17072
4;17073
25;17113
59;17114
25;17115
2;17116
6;17123
162;17136
11;17147
37;17149
3;17153
27;17161
39;17209
181;17210
29;17211
177;17230
7;17231
4;17252
12;17267
8;17294
13;17305
60;17306
77;17307
207;17309
26;17310
28;17311
22;17312
16;17313
29;17337
22;17340
14;17341
6;17342
163;17343
10;17362
44;17364
30;17368
10;17393
48;17401
175;17403
16;17404
192;17406
169;17408
29;17424
20;17425
48;17437
21;17438
36;17439
6;17440
35;17481
37;17497
23;17498
158;17499
9;17500
25;17506
16;17509
6;17511
2;17512
4;17514
10;17520
5;17541
2;17552
12;17594
49;17595
31;17596
16;17599
4;17613
26;17620
11;17636
17;17638
5;17639
6;17644
4;17647
43;17648
1;17689
7;17690
204;17692
3;17710
30;17712
25;17734
18;17735
5;17741
27;17766
26;17772
3;17785
35;17786
7;17787
37;17788
8;17806
10;17807
24;17816
35;17832
31;17839
5;17842
21;17844
5;17854
204;17881
170;17882
5;17883
22;17890
160;17904
16;17913
10;17925
19;17953
37;17977
20;17978
21;17979
5;17981
5;17984
5;17997
165;18010
40;18014
26;18015
26;18050
27;18063
23;18069
1;18070
13;18073
9;18075
1;18076
12;18078
27;18080
14;18108
6;18127
4;18130
32;18134
21;18136
9;18138
22;18162
13;18169
11;18170
46;18171
14;18190
19;18191
45;18192
12;18217
3;18218
2;18219
24;18222
16;18265
199;18266
34;18282
29;18288
1;18310
3;18323
16;18340
36;18361
182;18362
155;18363
12;18364
1;18384
3;18386
21;18415
5;18419
2;18420
172;18440
20;18457
6;18458
15;18459
1;18460
26;18469
187;18477
5;18480
148;18486
16;18501
6;18506
13;18512
2;18513
166;18516
27;18554
28;18556
24;18573
21;18574
21;18587
29;18597
175;18610
2;18626
27;18649
173;18650
7;18652
25;18655
5;18656
14;18664
25;18667
5;18673
20;18681
13;18682
163;18687
3;18688
21;18710
12;18719
25;18745
10;18746
1;18747
23;18749
25;18751
160;18752
14;18764
144;18778
10;18780
11;18783
15;18784
9;18788
18;18802
11;18811
17;18841
34;18842
39;18843
49;18844
4;18848
34;18863
5;18864
16;18888
24;18895
28;18931
199;18937
61;18938
41;18939
44;18940
32;18947
8;18986
32;18989
30;18994
15;19004
11;19033
31;19034
14;19047
22;19052
4;19055
15;19056
8;19066
14;19078
9;19080
4;19081
14;19085
18;19089
40;19092
20;19111
28;19120
11;19129
108;19130
8;19131
29;19132
31;19139
14;19149
4;19152
11;19172
23;19179
8;19180
6;19188
24;19225
22;19226
41;19227
8;19228
6;19229
6;19245
28;19246
11;19248
5;19269
1;19272
20;19321
11;19323
5;19324
24;19326
67;19327
17;19328
20;19340
19;19355
13;19356
25;19357
572;19375
3;19380
26;19400
30;19417
24;19418
54;19423
29;19424
8;19449
18;19452
7;19453
7;19455
3;19461
20;19473
32;19513
179;19514
498;19515
8;19516
2;19525
7;19536
9;19543
25;19553
15;19556
60;19559
3;19561
95;19609
36;19610
8;19611
29;19621
4;19630
40;19653
10;19656
10;19663
48;19665
30;19668
40;19705
20;19706
4;19707
71;19708
1;19725
7;19726
16;19728
23;19738
5;19753
19;19755
19;19759
7;19760
15;19761
5;19801
90;19802
25;19803
80;19804
24;19811
69;19821
14;19826
4;19829
3;19846
7;19847
6;19852
17;19855
20;19897
26;19898
81;19899
3;19900
12;19916
3;19917
2;19918
163;19920
7;19939
7;19942
55;19993
71;19995
167;19997
74;19998
1;19999
196;20000
158;20018
32;20025
171;20026
21;20027
7;20028
15;20030
20;20048
35;20082
4;20091
185;20092
38;20093
24;20094
178;20095
11;20100
27;20120
18;20121
1;20122
5;20124
19;20144
3;20150
20;20185
48;20186
58;20187
6;20208
9;20231
11;20239
2;20241
13;20283
83;20284
9;20301
9;20302
19;20329
6;20330
9;20339
28;20347
159;20377
24;20378
27;20380
17;20383
1;20397
17;20399
26;20423
163;20424
1;20430
21;20473
31;20474
4;20475
10;20476
32;20493
18;20500
18;20513
162;20521
17;20530
61;20569
10;20570
54;20572
1;20580
166;20589
23;20596
23;20624
9;20625
1;20644
203;20667
34;20669
174;20670
28;20699
30;20703
23;20720
4;20724
43;20763
29;20765
27;20767
18;20768
162;20769
10;20771
4;20790
24;20792
151;20793
24;20798
13;20800
25;20807
29;20820
3;20823
44;20857
34;20858
28;20859
1;20860
20;20877
8;20903
22;20909
13;20913
9;20915
26;20953
184;20954
5;20955
2;20956
27;20968
2;20973
44;20975
20;20976
3;20982
25;21001
183;21009
9;21050
9;21051
60;21052
23;21068
7;21070
14;21074
2;21077
4;21089
1;21090
16;21103
25;21108
70;21145
228;21146
59;21147
36;21148
1;21176
3;21193
5;21197
19;21199
28;21241
89;21242
67;21243
55;21244
23;21249
2;21256
24;21263
9;21285
31;21288
14;21289
21;21292
8;21295
27;21337
44;21338
43;21339
173;21340
17;21341
25;21342
6;21343
20;21344
4;21356
17;21363
29;21369
2;21371
19;21372
45;21374
26;21375
562;21376
1;21387
2;21432
15;21433
21;21434
32;21435
25;21436
10;21437
4;21438
93;21439
11;21440
19;21470
10;21488
20;21489
20;21490
148;21492
14;21529
39;21530
187;21531
29;21532
176;21549
24;21580
58;21585
14;21588
49;21625
47;21626
21;21627
40;21628
6;21636
9;21637
12;21640
16;21643
156;21646
12;21651
8;21661
22;21681
12;21721
45;21722
36;21723
153;21724
31;21743
3;21766
8;21772
5;21778
32;21817
58;21818
18;21838
192;21839
2;21870
28;21873
13;21874
22;21875
18;21913
28;21914
31;21915
32;21916
25;21920
20;21921
22;21936
174;21958
27;21961
26;21968
14;21971
20;22009
27;22010
9;22011
19;22012
15;22013
2;22014
43;22015
167;22036
56;22042
3;22043
7;22046
38;22048
5;22068
167;22071
11;22102
7;22106
26;22107
11;22108
25;22109
10;22110
4;22111
13;22112
36;22120
4;22140
12;22141
12;22148
16;22151
12;22154
22;22201
60;22203
8;22223
39;22224
8;22233
5;22239
6;22246
22;22248
14;22253
5;22256
156;22297
28;22298
3;22299
14;22300
27;22318
145;22320
6;22328
39;22342
20;22347
1;22356
66;22393
20;22394
76;22395
29;22396
18;22401
20;22414
25;22415
34;22442
9;22443
25;22448
15;22487
3;22489
55;22490
14;22491
4;22509
16;22511
29;22512
31;22534
6;22535
23;22585
6;22586
53;22587
253;22588
19;22596
6;22607
28;22639
12;22644
51;22681
48;22684
34;22685
9;22686
45;22688
26;22713
3;22715
17;22717
23;22718
14;22719
1;22729
10;22749
11;22779
3;22782
13;22783
77;22784
7;22809
4;22812
2;22813
27;22815
16;22816
26;22818
23;22833
21;22837
173;22873
36;22874
4;22875
51;22876
16;22889
50;22896
24;22923
32;22928
3;22929
9;22932
14;22969
25;22971
17;22972
6;22986
8;22991
27;22993
9;23012
2;23016
9;23018
4;23058
19;23065
32;23066
21;23067
51;23068
25;23070
37;23085
19;23086
51;23087
56;23088
4;23109
11;23120
136;23161
63;23162
3;23163
37;23164
15;23181
35;23196
26;23214
64;23257
1;23258
15;23259
7;23260
24;23275
36;23277
51;23278
48;23280
7;23303
38;23307
2;23311
30;23313
16;23326
4;23350
44;23353
167;23354
37;23358
46;23359
2;23387
19;23389
32;23396
13;23407
17;23450
24;23454
8;23455
167;23470
29;23486
40;23487
4;23501
13;23507
11;23509
2;23513
22;23526
151;23545
51;23548
22;23567
23;23568
19;23575
165;23577
2;23590
8;23600
25;23601
66;23641
19;23642
39;23643
23;23644
25;23661
10;23662
9;23663
16;23668
13;23682
20;23693
47;23739
24;23740
16;23757
4;23760
5;23786
30;23793
28;23833
197;23834
28;23835
153;23836
2;23838
39;23855
29;23870
5;23878
40;23930
126;23931
88;23932
7;23950
22;23951
21;23975
15;23976
36;23984
16;23985
30;24006
7;24014
202;24025
14;24027
30;24028
32;24029
23;24030
64;24031
67;24032
149;24057
2;24058
190;24061
11;24063
29;24064
47;24078
18;24081
22;24088
152;24122
19;24123
26;24124
194;24125
30;24127
32;24128
33;24153
12;24154
10;24156
6;24157
8;24159
32;24181
25;24184
42;24217
18;24218
25;24219
57;24220
34;24238
164;24239
17;24247
1;24248
6;24269
16;24270
28;24276
14;24296
2;24313
224;24314
197;24315
40;24316
170;24334
15;24335
7;24359
7;24362
10;24365
13;24369
28;24385
160;24409
43;24410
171;24411
20;24412
26;24422
159;24429
175;24432
15;24439
2;24451
9;24457
6;24482
10;24507
75;24508
10;24523
23;24525
1;24527
11;24532
25;24538
40;24549
8;24553
6;24558
44;24601
3;24602
62;24604
34;24618
37;24622
6;24623
1;24645
17;24648
156;24668
12;24694
51;24697
51;24698
11;24701
183;24703
35;24712
1;24736
26;24745
169;24753
20;24758
15;24794
13;24797
1;24799
5;24812
30;24825
26;24830
23;24831
19;24850
9;24851
4;24889
102;24890
13;24892
3;24910
11;24912
11;24927
28;24937
12;24939
20;24945
93;24986
157;24987
45;24988
16;24991
20;25001
156;25007
18;25008
17;25036
17;25059
99;25081
146;25082
19;25083
37;25084
14;25102
17;25103
4;25121
4;25124
165;25125
7;25137
18;25173
14;25177
22;25178
6;25179
27;25184
26;25195
30;25199
149;25221
7;25231
38;25273
40;25274
61;25275
17;25276
9;25294
56;25295
11;25296
12;25323
28;25326
25;25370
66;25371
36;25372
29;25373
35;25374
21;25375
152;25398
17;25402
9;25403
11;25405
23;25406
19;25429
29;25432
8;25438
7;25442
28;25465
12;25466
33;25467
559;25469
159;25470
21;25472
2;25492
5;25500
12;25501
8;25503
4;25511
16;25518
4;25522
8;25523
30;25561
18;25562
156;25584
8;25608
22;25657
661;25658
6;25659
2;25667
23;25668
562;25680
48;25699
40;25709
10;25711
7;25712
7;25715
9;25716
163;25735
14;25753
19;25754
26;25755
29;25756
15;25762
25;25773
20;25776
11;25797
2;25798
25;25803
31;25807
2;25809
18;25849
5;25850
5;25851
316;25852
25;25856
41;25869
40;25871
26;25893
38;25946
37;25948
15;25952
25;25965
55;25967
16;25995
25;26003
8;26043
28;26046
19;26064
6;26074
162;26076
29;26079
35;26089
29;26093
16;26097
27;26098
3;26100
19;26102
2;26103
3;26114
11;26137
157;26138
17;26140
2;26156
28;26172
20;26190
158;26234
21;26235
17;26236
21;26254
18;26255
47;26256
27;26258
7;26263
20;26329
32;26330
21;26331
190;26332
25;26352
15;26377
36;26386
62;26425
3;26426
28;26427
38;26428
14;26446
3;26447
4;26450
5;26469
2;26474
3;26477
4;26521
21;26523
36;26524
17;26543
4;26544
5;26568
15;26577
23;26579
14;26616
7;26618
429;26619
2;26620
1;26624
9;26637
26;26638
14;26639
9;26640
4;26669
24;26671
1;26672
14;26714
195;26715
45;26716
10;26717
3;26718
19;26720
161;26729
38;26730
28;26745
48;26747
22;26749
3;26769
8;26772
26;26773
9;26774
16;26809
155;26810
79;26811
193;26812
168;26813
24;26814
3;26823
23;26826
34;26829
53;26843
14;26844
10;26851
18;26858
17;26860
45;26863
5;26866
25;26905
42;26906
75;26907
12;26908
22;26911
37;26916
12;26926
10;26929
6;26949
10;26980
5;27002
46;27003
45;27004
17;27022
23;27048
52;27049
3;27097
12;27098
8;27099
84;27100
26;27117
34;27118
13;27119
1;27140
2;27142
6;27147
158;27152
6;27155
32;27193
89;27194
32;27196
158;27202
14;27213
25;27216
28;27238
30;27250
1;27252
43;27291
13;27292
7;27309
36;27311
4;27328
11;27332
26;27337
15;27346
556;27347
2;27386
25;27387
23;27388
11;27389
28;27390
21;27391
584;27392
19;27403
20;27418
158;27419
183;27421
26;27422
3;27424
19;27430
4;27434
15;27448
24;27458
9;27481
38;27482
19;27484
5;27487
5;27488
18;27529
35;27534
51;27542
169;27578
23;27579
58;27580
6;27599
20;27623
15;27633
25;27673
7;27674
217;27675
2;27676
8;27693
38;27694
11;27708
20;27716
28;27724
13;27769
660;27771
11;27792
164;27820
168;27821
10;27828
19;27865
40;27866
16;27867
17;27868
8;27872
4;27890
1;27896
10;27914
152;27962
3;27963
50;27964
6;27973
25;27983
38;27984
5;28006
20;28014
10;28018
5;28057
1;28059
12;28061
13;28064
33;28065
26;28080
6;28089
8;28090
1;28095
13;28096
26;28107
29;28111
2;28115
13;28116
3;28152
23;28153
33;28154
4;28156
15;28157
30;28158
22;28159
19;28160
157;28162
19;28186
5;28188
32;28190
12;28191
32;28192
13;28209
10;28249
185;28250
46;28251
57;28252
28;28271
17;28275
1;28288
30;28294
24;28304
20;28340
31;28345
52;28347
55;28348
16;28353
23;28360
3;28378
7;28389
10;28391
35;28441
16;28442
34;28443
43;28444
18;28462
45;28463
17;28473
16;28475
32;28490
11;28491
61;28492
3;28537
181;28538
172;28539
52;28540
2;28554
36;28557
29;28558
150;28590
19;28591
36;28594
42;28633
26;28636
19;28654
1;28655
22;28656
25;28677
6;28683
2;28689
6;28691
13;28718
12;28729
13;28730
3;28731
4;28732
3;28733
12;28735
8;28755
8;28765
14;28787
28;28790
1;28795
27;28829
5;28832
34;28858
27;28860
2;28862
19;28863
24;28874
38;28921
723;28922
72;28923
200;28924
28;28934
13;28938
12;28942
9;28943
30;28954
34;28969
7;28971
150;28973
552;28976
27;28978
194;29017
33;29018
157;29019
2;29020
17;29032
178;29037
148;29038
10;29039
25;29040
30;29050
22;29059
25;29061
3;29068
24;29113
25;29114
11;29115
20;29124
11;29134
31;29135
21;29136
3;29159
22;29162
2;29168
31;29170
61;29213
57;29214
6;29215
44;29216
3;29231
27;29245
20;29258
40;29259
19;29260
13;29264
166;29268
8;29269
26;29270
11;29309
26;29311
97;29312
3;29322
42;29329
30;29332
151;29368
13;29376
13;29395
23;29405
29;29407
14;29410
29;29411
28;29412
15;29437
19;29441
6;29444
32;29455
13;29458
5;29460
13;29463
10;29470
2;29501
10;29503
32;29505
70;29506
151;29507
27;29519
43;29533
36;29535
3;29537
49;29538
5;29539
8;29540
13;29542
28;29548
20;29554
20;29555
2;29559
15;29563
25;29581
185;29597
17;29598
63;29599
12;29600
16;29618
3;29620
3;29621
14;29646
2;29649
22;29652
30;29654
31;29693
24;29695
19;29696
1;29710
73;29716
18;29726
33;29745
179;29746
36;29789
20;29790
249;29791
34;29795
21;29809
31;29812
164;29834
31;29836
7;29845
8;29885
34;29886
41;29887
34;29888
4;29892
33;29896
21;29917
58;29929
5;29938
25;29981
458;29982
29;29983
8;29996
6;30003
17;30032
21;30034
15;30037
22;30038
184;30040
6;30049
3;30062
34;30080
4;30082
163;30083
6;30094
181;30110
155;30116
9;30130
4;30132
14;30135
4;30139
25;30174
38;30175
28;30176
7;30179
158;30180
5;30205
29;30207
4;30208
21;30211
14;30225
157;30230
26;30232
43;30269
42;30270
30;30271
6;30272
13;30273
31;30307
29;30319
2;30320
175;30323
36;30366
66;30367
31;30368
25;30378
10;30385
11;30396
2;30422
2;30423
54;30461
90;30462
31;30463
4;30464
33;30479
6;30481
4;30484
5;30488
20;30497
7;30505
8;30509
165;30510
18;30514
5;30515
22;30518
12;30519
47;30557
29;30558
15;30559
44;30560
16;30575
21;30578
15;30590
15;30604
26;30616
18;30653
84;30654
71;30655
18;30656
20;30674
5;30697
1;30698
31;30699
23;30723
2;30743
35;30749
32;30750
22;30751
11;30752
29;30753
2;30759
11;30781
26;30785
3;30786
25;30787
22;30808
16;30809
10;30810
1;30811
26;30822
16;30845
23;30846
44;30847
26;30848
8;30849
31;30850
5;30851
19;30877
5;30883
171;30891
25;30908
42;30941
33;30942
46;30943
7;30949
12;30955
5;30962
19;30989
7;30991
8;30992
16;30993
27;30996
20;30997
6;30999
1;31025
13;31038
33;31040
10;31041
13;31046
15;31059
2;31060
10;31083
10;31085
1;31087
6;31133
80;31134
27;31136
22;31157
26;31229
60;31231
17;31249
14;31251
9;31277
20;31285
11;31286
11;31288
2;31321
22;31325
74;31326
10;31327
27;31328
27;31330
8;31345
38;31347
34;31350
30;31359
19;31369
31;31372
27;31373
23;31375
13;31381
30;31421
1;31422
63;31423
14;31424
26;31425
37;31426
30;31427
31;31428
20;31436
7;31443
2;31447
10;31453
11;31454
5;31455
18;31458
7;31460
13;31473
7;31474
10;31478
6;31481
19;31517
8;31519
2;31520
26;31521
5;31522
67;31523
9;31524
7;31550
25;31551
58;31553
44;31554
20;31555
30;31556
20;31565
38;31566
4;31573
3;31575
20;31578
24;31579
29;31613
1;31614
172;31615
24;31616
3;31619
27;31624
32;31642
12;31658
36;31667
7;31670
17;31672
30;31709
28;31710
9;31711
218;31712
176;31716
24;31729
31;31730
17;31731
12;31742
15;31748
168;31755
62;31805
2;31807
34;31813
6;31816
15;31826
17;31849
8;31857
36;31861
189;31902
44;31903
27;31904
35;31917
7;31921
22;31924
1;31950
21;31951
5;31953
7;31955
18;31957
19;31997
151;31999
41;32000
12;32010
164;32017
18;32018
29;32021
8;32022
45;32041
14;32043
53;32094
20;32095
10;32096
13;32097
49;32098
17;32099
14;32100
21;32116
18;32122
8;32125
60;32127
26;32129
76;32130
44;32131
21;32132
23;32149
144;32154
28;32169
164;32177
155;32179
13;32181
166;32190
10;32191
40;32192
4;32193
13;32195
37;32196
10;32198
5;32204
35;32205
4;32220
31;32221
6;32223
51;32225
24;32226
3;32228
2;32241
21;32248
3;32252
71;32285
37;32286
24;32287
8;32288
11;32307
36;32333
20;32341
31;32343
86;32381
55;32382
24;32383
78;32384
25;32399
26;32401
2;32402
29;32403
570;32427
23;32430
3;32436
9;32438
27;32461
9;32463
4;32477
58;32478
28;32479
47;32480
8;32492
157;32493
13;32497
12;32500
161;32507
152;32529
22;32530
11;32533
161;32573
75;32574
24;32576
1;32578
10;32581
179;32594
15;32611
3;32617
14;32620
167;32625
17;32626
15;32631
15;32632
9;32647
7;32655
33;32669
318;32670
33;32671
11;32672
15;32690
34;32691
6;32692
27;32719
33;32721
7;32751
31;32758
10;32765
3;32768
3;32769
9;32770
30;32772
3;32799
18;32800
54;32801
19;32823
15;32824
7;32826
19;32827
46;32828
27;32849
185;32861
30;32864
58;32865
7;32866
26;32867
30;32868
3;32876
24;32884
7;32897
162;32912
9;32916
4;32919
15;32921
3;32924
9;32957
21;32958
51;32959
178;32960
24;32977
27;32979
18;32982
31;33013
6;33019
16;33053
106;33055
52;33056
5;33075
11;33076
169;33100
32;33103
9;33107
23;33108
29;33109
38;33149
610;33150
59;33151
5;33152
8;33158
8;33169
30;33172
18;33195
36;33196
169;33199
20;33203
163;33204
180;33245
71;33246
21;33247
33;33248
15;33263
7;33265
50;33267
4;33284
26;33293
3;33295
167;33299
2;33303
32;33341
48;33344
10;33347
1;33349
36;33362
44;33363
15;33364
166;33368
21;33378
8;33409
32;33413
8;33437
40;33439
1;33440
3;33441
168;33471
8;33473
2;33474
16;33476
10;33478
9;33491
21;33499
153;33500
36;33533
14;33534
34;33535
18;33536
22;33537
18;33538
15;33539
19;33543
13;33549
152;33556
84;33565
2;33568
22;33570
25;33586
40;33587
1;33593
8;33595
21;33596
23;33606
20;33610
19;33630
43;33631
187;33651
26;33666
13;33669
42;33674
54;33725
21;33726
35;33727
2;33744
22;33748
2;33764
14;33821
63;33823
28;33824
6;33831
9;33838
12;33847
20;33851
13;33868
5;33869
1;33881
1;33888
14;33917
171;33918
226;33919
66;33920
5;33924
148;33937
11;33940
164;33966
9;33967
22;33972
332;34013
34;34015
6;34016
13;34026
6;34028
33;34033
9;34062
5;34063
1;34066
7;34067
35;34070
12;34100
2;34110
20;34111
15;34112
17;34113
11;34114
29;34116
17;34127
4;34136
7;34138
34;34143
36;34145
8;34146
4;34165
166;34166
1;34181
20;34206
246;34207
26;34208
8;34211
166;34212
16;34238
209;34239
156;34240
36;34242
18;34256
10;34261
40;34262
4;34263
23;34284
30;34301
84;34302
153;34303
8;34304
5;34309
18;34321
3;34323
27;34343
162;34345
36;34347
13;34349
9;34358
44;34397
8;34398
53;34399
220;34400
2;34404
4;34415
31;34418
20;34421
12;34427
21;34452
40;34493
82;34494
197;34495
40;34496
21;34513
6;34514
20;34515
24;34516
34;34521
18;34542
14;34546
34;34548
61;34590
34;34591
7;34592
40;34609
39;34611
53;34612
3;34616
27;34624
29;34634
14;34636
13;34684
33;34685
22;34686
31;34688
181;34707
30;34710
23;34716
21;34723
12;34731
9;34732
32;34741
31;34768
19;34775
23;34781
11;34782
15;34784
2;34785
30;34786
151;34788
5;34813
33;34820
16;34825
28;34842
19;34847
16;34860
7;34864
2;34877
68;34878
201;34879
192;34880
50;34881
34;34882
11;34883
30;34884
5;34908
15;34910
175;34911
8;34912
5;34915
163;34929
52;34930
8;34931
148;34933
107;34973
29;34974
22;34975
7;34976
18;35003
