sums of daily draw-off volumes
117.8
103.8
73
121.2
95.2
56
156
393.2
183
100.2
329.8
87.8
332.2
226.8
132.5
72.8
148.8
92.2
88.2
81.5
49.8
48.8
117.2
114.5
182.2
141
190.2
148
86
153.8
85.8
281
139.5
156.2
157.5
80
194.2
62.8
62
119
99.5
143.8
117.5
80
109.2
234.5
75
173.5
193.8
123
111.2
135.5
105.8
99.2
77.5
115.5
58.8
129
82
100.8
71.5
191.2
109.5
87
109
57.8
82
79.5
194.5
262.5
168.8
140
131
327.8
134.5
222.2
215.2
172.5
126.8
143.8
79.8
29.8
90.8
164.8
54.5
172.2
66.2
83.2
343.8
179.8
83.5
95.8
147.8
133
56.2
92.5
218.5
249.5
104.5
97.5
98.8
38.2
72.5
43
124.5
101
95.2
82.5
142.2
186.5
123
117
110.2
127.5
211.2
38.2
54.8
129
271.2
217.2
80.2
132.8
46
135.8
111.2
97
73
53.5
115.2
97.2
109
205.8
127.5
65.5
101.2
100.5
167.2
110.2
200.2
152.8
108
138
27.5
64.8
122.2
143
129.2
69.2
181.5
70.5
99.2
66.5
130.2
270.8
68.2
187.2
140.8
114.5
101.2
88.5
214.5
375
23.8
115
173
160.5
135.5
165.8
117.8
242
239
72.8
121
118.8
62.2
179.2
95
81.2
89.2
112.2
193.8
192.5
83
56
73.2
68.5
146.8
85.8
56.2
52.8
70.5
108.2
195.8
81.2
128.8
119
55.5
122.5
51
75.2
38
199
56.5
209.5
77.5
61.8
86
81
247
137
38.5
44
108.8
78.2
86.8
124.2
140.5
44.8
130.2
42.5
105.2
92.8
265
107.5
135.2
99.5
73.2
91.2
104.2
144.5
49.8
47.2
109.8
80.5
43.2
100
70.2
57.5
99.5
29.2
82.5
78.8
84.8
91
78.8
122
60
31.5
120.2
92.8
234.2
144.8
102
174.8
202
53.8
90
139.8
35.2
51
130.5
132.2
74.8
68
120
219.5
53
349.2
95.5
119
52.8
95.8
59.5
79
84.8
40.5
31.2
135
157.2
214.2
60.2
49.5
88.2
102.2
177.8
285.2
51
72.8
89
256.5
28.8
77.2
47
104.8
99.5
54.2
82
170
37.2
29.8
34.5
473.8
211
50.2
122.5
93.2
62.2
133.5
98
94.5
148.2
59.5
196.2
145.8
128
92.8
45.8
121
57
62
67.5
99.8
62
27
33.8
42
96.2
87
107.2
90
182
45
94
125.2
154.2
206.2
59.5
232.5
177.2
174
131.5
68.5
147.5
91.2
113
291
144.8
93.2
119.8
136
93.2
34
43
209
120.2
95.5
239
142.8
103.8
132.5
76.8
101.8
95.8
297.5
45.8
sums of draw-off volumes of each hour of the day
69.5
148.9
86.5
63.5
190.5
130.4
7768.8
9944.6
3959.3
918.6
499.3
2399.2
2386.5
926.1
1324.1
1575.1
1153
1167.8
1632
1984.2
2610.4
1637.9
704.1
151.8
sums of draw-off volumes of each hour of weekdays
29.1
88.6
64.8
42.1
28
49.5
6450.8
6827.0999999
1944.4
380.3
287.3
2217.7
2277.4
696.5
366.4
146.3
232.8
863.2
1433.2
1397.3
1853.7
822
255.8
66.4
sums of draw-off volumes of each hour of weekend-days
40.4
60.3
21.7
21.4
162.5
80.9
1318
3117.5
2014.9
538.3
212
181.5
109.1
229.6
957.7
1428.8
920.2
304.6
198.8
586.9
756.7
815.9
448.3
85.4
holidays of household(s), numbers correspond to day of year
