4;21
15;29
89;30
15;31
171;32
2;49
47;50
10;55
44;76
9;79
18;83
11;87
93;125
34;126
249;127
67;128
21;139
171;145
33;148
173;170
20;179
44;180
91;221
189;222
23;223
12;224
9;230
32;234
1;241
35;242
21;243
17;244
28;259
199;269
16;273
6;274
28;275
9;280
201;317
16;318
165;319
24;320
163;337
5;338
182;340
23;349
8;350
13;362
26;365
25;366
4;367
19;369
23;371
7;373
18;374
38;413
158;414
47;415
80;416
35;426
12;427
5;436
63;461
1;468
14;469
18;472
64;509
240;510
375;512
65;513
7;514
22;518
8;527
12;530
8;533
70;541
15;542
12;543
8;544
27;545
12;546
2;547
16;548
16;559
7;562
5;566
8;567
5;568
8;569
7;581
46;606
35;607
15;609
53;610
15;611
3;612
13;615
25;637
1;639
35;640
44;641
40;642
17;643
12;646
28;658
7;661
26;662
36;665
174;666
38;667
70;701
138;702
38;703
176;704
25;718
24;721
12;722
18;723
27;724
160;735
8;744
37;745
5;751
13;759
168;760
230;797
12;798
32;799
177;800
32;817
48;818
30;819
157;824
9;825
35;843
40;849
38;853
2;854
21;855
196;893
29;894
234;895
168;896
146;897
25;898
13;907
36;913
32;914
50;916
23;917
42;919
4;929
9;941
14;942
33;944
26;947
6;948
7;949
157;951
71;989
18;990
48;991
99;992
12;1000
31;1009
26;1011
7;1012
18;1013
15;1022
23;1030
30;1032
42;1036
9;1039
159;1040
19;1041
13;1043
8;1044
32;1046
1;1073
17;1085
93;1086
153;1087
60;1088
20;1102
172;1110
21;1113
5;1125
46;1129
18;1131
15;1135
1;1137
18;1138
196;1140
27;1142
7;1144
15;1156
21;1181
32;1182
69;1183
71;1184
20;1185
21;1186
334;1187
66;1188
3;1216
2;1217
30;1218
24;1219
24;1236
4;1241
28;1274
35;1278
23;1279
38;1280
20;1281
7;1282
18;1283
26;1294
8;1299
24;1309
38;1310
12;1311
17;1313
6;1314
27;1318
3;1325
4;1327
12;1330
12;1332
19;1334
27;1338
37;1373
246;1374
201;1375
75;1376
38;1393
33;1396
22;1418
3;1420
15;1422
15;1423
51;1425
11;1429
176;1431
30;1434
9;1462
193;1469
42;1470
80;1471
217;1472
8;1480
33;1489
60;1491
16;1492
5;1497
6;1498
23;1500
14;1501
22;1505
4;1507
18;1513
22;1514
14;1515
16;1518
17;1519
11;1520
31;1521
35;1548
30;1565
66;1567
28;1568
16;1585
9;1587
32;1595
3;1596
16;1599
169;1601
24;1607
8;1609
8;1610
21;1611
15;1612
23;1613
28;1616
23;1618
174;1620
10;1648
38;1661
779;1662
38;1663
76;1664
24;1666
23;1667
14;1674
23;1679
28;1682
49;1684
11;1692
158;1695
3;1698
3;1701
19;1702
9;1705
16;1709
17;1714
11;1717
192;1757
154;1758
77;1759
61;1760
13;1766
36;1777
16;1778
2;1779
159;1791
166;1803
194;1809
14;1810
22;1811
15;1821
156;1823
3;1851
7;1853
16;1854
222;1855
65;1856
6;1857
21;1858
179;1859
40;1860
72;1885
39;1886
13;1887
31;1888
147;1890
30;1891
9;1896
24;1905
43;1906
13;1911
7;1913
161;1914
29;1950
55;1951
5;1952
25;1953
23;1954
42;1955
101;1956
4;1963
3;1965
16;1971
23;1977
33;1980
16;1981
15;1982
1;1983
15;1984
2;1985
8;1986
164;1988
9;1990
24;1991
16;1992
34;2000
31;2005
153;2006
175;2009
7;2010
36;2011
27;2012
208;2045
418;2046
32;2047
6;2048
28;2051
26;2057
12;2065
33;2066
46;2068
13;2082
18;2084
4;2089
14;2092
7;2093
23;2094
2;2101
32;2141
45;2142
92;2143
186;2144
7;2154
6;2161
151;2163
19;2169
32;2172
2;2182
30;2185
28;2186
159;2190
25;2191
30;2193
18;2198
19;2200
24;2220
27;2232
111;2237
81;2238
57;2239
70;2240
37;2257
186;2259
16;2260
12;2264
3;2281
22;2284
149;2287
34;2294
18;2295
33;2331
58;2333
31;2334
34;2335
257;2336
14;2348
28;2353
37;2354
26;2355
22;2356
9;2373
9;2374
22;2383
24;2384
23;2387
573;2388
13;2390
29;2392
96;2429
71;2430
89;2431
74;2432
25;2449
36;2450
29;2451
8;2452
4;2456
29;2460
2;2466
34;2471
33;2477
19;2479
2;2481
169;2487
42;2526
9;2528
5;2529
273;2531
2;2541
10;2558
14;2559
163;2560
176;2561
15;2564
6;2566
6;2576
4;2577
149;2578
10;2581
40;2582
16;2586
26;2587
9;2599
148;2621
184;2622
6;2623
50;2624
22;2625
56;2626
16;2628
4;2632
24;2636
15;2639
25;2653
4;2654
37;2655
219;2656
4;2658
51;2659
162;2660
23;2664
8;2674
10;2675
26;2676
7;2677
10;2678
19;2680
12;2684
67;2717
230;2718
51;2719
206;2720
16;2721
10;2736
18;2738
13;2739
7;2740
174;2741
24;2754
9;2757
13;2764
4;2769
43;2771
14;2773
34;2774
16;2791
10;2813
16;2814
628;2815
31;2816
1;2823
2;2833
4;2835
22;2836
20;2847
8;2861
8;2867
27;2869
10;2870
5;2871
36;2905
73;2909
37;2910
5;2911
16;2912
10;2918
9;2927
4;2931
7;2932
5;2947
39;2949
7;2952
9;2953
5;2962
21;2963
19;2964
9;2965
11;2970
164;2984
198;3005
94;3006
52;3007
167;3008
1;3013
11;3015
3;3021
18;3022
174;3026
23;3031
17;3035
15;3050
9;3051
30;3056
681;3101
56;3102
19;3103
61;3104
12;3110
9;3113
4;3121
21;3122
4;3124
21;3132
2;3133
22;3146
9;3149
29;3154
31;3156
13;3157
18;3160
10;3197
369;3198
2;3199
39;3200
39;3201
34;3202
11;3203
87;3204
23;3226
5;3227
36;3229
892;3232
13;3234
6;3236
27;3237
4;3253
30;3254
21;3283
16;3293
11;3294
59;3295
22;3296
10;3297
78;3299
66;3300
11;3317
16;3319
4;3322
4;3325
28;3327
41;3328
23;3329
19;3330
41;3331
4;3346
16;3349
1;3354
77;3389
14;3390
86;3391
218;3392
7;3407
22;3409
13;3410
165;3412
10;3431
26;3435
30;3436
15;3437
2;3439
15;3442
2;3447
379;3485
237;3486
81;3487
20;3488
24;3499
34;3505
15;3506
15;3507
11;3508
24;3516
17;3524
7;3535
21;3538
8;3542
30;3543
11;3549
11;3552
29;3581
107;3582
50;3583
20;3584
163;3587
164;3595
154;3599
36;3601
97;3602
37;3603
28;3604
24;3605
3;3621
172;3624
13;3629
12;3631
20;3632
6;3634
35;3637
4;3640
223;3677
11;3678
46;3679
97;3680
31;3685
14;3690
11;3694
28;3697
25;3699
32;3704
22;3713
52;3721
37;3731
195;3773
142;3774
66;3775
45;3776
557;3784
164;3793
19;3794
26;3796
34;3803
165;3820
40;3825
10;3832
27;3848
17;3869
32;3870
69;3871
46;3872
30;3873
169;3874
166;3875
39;3876
14;3879
2;3884
10;3888
2;3890
9;3891
20;3897
44;3901
10;3902
5;3903
12;3904
70;3905
2;3906
12;3907
15;3921
3;3925
15;3932
180;3965
55;3966
173;3967
5;3968
156;3969
53;3970
34;3971
8;3972
116;3973
3;3975
10;3991
4;3995
8;3998
20;3999
25;4001
40;4002
164;4004
21;4008
11;4022
11;4028
397;4061
67;4062
151;4063
84;4064
12;4076
38;4081
7;4082
13;4109
2;4110
29;4119
13;4120
23;4157
78;4158
61;4159
79;4160
27;4170
21;4176
243;4177
5;4178
15;4179
202;4180
16;4184
11;4193
22;4200
13;4205
20;4207
12;4208
5;4209
19;4211
157;4212
35;4216
109;4253
335;4254
22;4255
79;4256
17;4272
21;4273
7;4274
1;4285
20;4290
10;4292
20;4297
9;4301
15;4304
35;4305
4;4322
24;4349
384;4350
186;4351
778;4352
7;4356
23;4360
22;4369
12;4370
32;4372
27;4376
12;4393
28;4394
28;4395
156;4396
8;4399
32;4402
8;4404
9;4405
90;4445
327;4447
71;4448
8;4462
162;4465
17;4466
12;4467
45;4468
26;4474
24;4490
13;4492
3;4493
35;4494
4;4495
4;4501
10;4527
67;4541
68;4542
19;4543
41;4544
10;4545
72;4546
7;4547
42;4548
8;4573
30;4574
63;4575
9;4576
374;4577
17;4579
35;4580
21;4583
19;4585
11;4594
2;4597
25;4600
4;4601
8;4608
5;4632
39;4637
13;4638
189;4639
153;4640
4;4641
30;4643
147;4660
24;4662
22;4668
26;4669
34;4670
2;4672
38;4673
10;4674
57;4675
70;4676
7;4678
8;4686
25;4689
21;4693
168;4699
153;4700
48;4733
19;4734
66;4735
10;4736
17;4737
8;4747
27;4749
2;4752
32;4754
24;4755
18;4756
1;4759
2;4767
14;4779
4;4780
11;4815
60;4829
77;4830
17;4831
63;4832
5;4843
3;4845
19;4852
13;4879
7;4880
32;4881
36;4925
18;4927
183;4928
6;4932
57;4945
23;4946
201;4947
24;4948
18;4953
10;4957
22;4964
34;4969
42;4970
193;4971
25;4975
36;4978
27;4982
73;5021
47;5022
189;5023
24;5024
3;5032
151;5036
17;5042
11;5043
53;5044
1;5046
12;5064
12;5066
27;5067
20;5070
31;5071
21;5075
10;5077
3;5079
10;5080
219;5117
221;5118
17;5119
57;5120
10;5122
9;5125
66;5137
24;5139
6;5167
21;5172
3;5173
18;5176
27;5215
184;5216
6;5217
17;5218
10;5219
12;5220
15;5233
13;5238
18;5239
3;5240
17;5245
28;5246
28;5247
31;5249
196;5252
59;5255
158;5268
1;5276
10;5282
3;5292
22;5296
15;5309
51;5310
49;5311
2;5312
5;5313
2;5314
67;5315
165;5316
19;5340
29;5341
31;5343
22;5344
17;5345
7;5347
27;5348
22;5361
7;5362
22;5363
11;5366
7;5367
192;5368
7;5372
46;5405
31;5406
219;5407
34;5408
13;5411
12;5414
5;5421
14;5426
6;5427
21;5432
156;5454
166;5457
558;5464
32;5501
42;5502
4;5503
108;5504
3;5508
36;5521
30;5524
25;5546
19;5549
170;5552
39;5555
8;5556
6;5557
10;5562
17;5590
19;5597
55;5598
74;5599
1;5600
13;5608
43;5617
21;5618
4;5619
164;5620
15;5623
4;5628
29;5638
32;5641
19;5644
6;5645
23;5652
379;5693
14;5694
116;5695
10;5696
25;5703
21;5714
38;5715
21;5726
28;5730
159;5732
1;5734
156;5742
8;5745
24;5747
27;5750
116;5789
327;5790
4;5791
185;5792
18;5793
16;5833
32;5837
8;5841
1;5844
30;5846
1;5847
150;5848
15;5869
14;5875
4;5885
15;5887
19;5888
46;5890
70;5891
19;5892
34;5899
6;5911
51;5917
51;5918
171;5919
22;5920
34;5921
13;5922
25;5923
8;5924
5;5937
14;5938
5;5940
163;5942
5;5944
29;5947
36;5981
46;5982
28;5983
166;5984
193;5986
39;5988
12;5997
7;6003
8;6006
30;6007
30;6011
15;6012
3;6013
14;6015
16;6017
154;6018
15;6019
12;6020
51;6025
9;6033
3;6034
4;6038
17;6045
14;6066
228;6077
236;6078
50;6079
78;6080
2;6097
2;6118
15;6122
22;6124
14;6130
30;6131
19;6132
23;6133
15;6134
24;6145
195;6173
204;6174
186;6175
26;6176
10;6181
165;6191
12;6193
5;6194
32;6195
20;6196
23;6210
163;6215
28;6218
4;6221
22;6223
3;6224
167;6225
37;6230
34;6269
35;6270
42;6271
66;6272
563;6274
16;6275
25;6290
50;6291
18;6299
24;6307
20;6320
15;6329
2;6365
29;6366
48;6367
99;6368
172;6372
5;6378
5;6379
11;6382
17;6384
5;6385
30;6386
24;6388
20;6400
12;6402
29;6403
3;6404
34;6410
13;6412
8;6413
7;6414
15;6416
3;6419
1;6424
81;6461
78;6462
155;6463
34;6464
6;6466
18;6472
65;6481
15;6482
15;6484
27;6485
16;6493
18;6509
1;6511
22;6512
17;6515
9;6519
33;6520
8;6557
182;6558
41;6559
13;6560
91;6561
25;6562
58;6563
59;6564
29;6565
26;6579
37;6580
53;6590
56;6593
30;6594
185;6596
5;6597
19;6610
32;6615
28;6617
27;6637
12;6649
26;6654
24;6655
55;6656
82;6657
27;6658
22;6659
30;6660
21;6663
10;6669
152;6683
19;6687
8;6689
38;6690
59;6691
5;6692
14;6694
30;6701
8;6708
10;6709
7;6712
14;6713
15;6715
20;6718
48;6749
64;6750
36;6751
12;6752
31;6769
175;6770
24;6771
22;6774
4;6778
4;6786
33;6796
29;6803
5;6841
62;6845
41;6846
17;6847
175;6848
150;6849
19;6865
11;6867
34;6868
12;6888
10;6891
12;6897
52;6941
48;6942
89;6943
247;6944
28;6952
56;6961
199;6963
33;6981
38;6986
7;6991
33;6995
71;7037
114;7038
16;7039
40;7040
170;7049
21;7054
8;7058
33;7059
13;7060
16;7075
59;7084
29;7087
167;7089
32;7090
18;7092
18;7105
207;7133
57;7134
61;7135
138;7136
23;7144
5;7153
18;7154
23;7155
33;7165
24;7166
10;7167
10;7175
18;7178
16;7179
22;7180
3;7181
577;7192
13;7202
66;7229
15;7230
44;7231
64;7233
30;7234
28;7235
17;7236
12;7262
26;7263
8;7264
26;7265
32;7268
1;7277
24;7289
57;7325
11;7326
161;7327
24;7328
63;7329
44;7330
12;7331
43;7332
9;7333
22;7334
18;7338
13;7345
8;7357
25;7358
156;7359
11;7360
36;7361
14;7362
23;7364
12;7366
13;7367
12;7372
165;7374
28;7380
5;7409
220;7421
51;7422
155;7423
145;7424
32;7430
8;7431
12;7439
3;7440
50;7443
29;7444
10;7456
7;7462
35;7468
15;7475
9;7477
49;7517
76;7518
2;7519
38;7520
33;7530
7;7532
9;7537
22;7538
10;7539
66;7540
12;7545
23;7563
19;7564
7;7570
24;7605
335;7613
64;7614
338;7615
66;7616
4;7621
28;7630
39;7633
31;7634
7;7635
170;7636
2;7638
18;7639
32;7648
28;7658
3;7664
50;7709
33;7710
94;7711
74;7712
3;7713
3;7724
35;7727
3;7729
30;7730
40;7731
21;7732
28;7749
8;7750
32;7751
25;7754
16;7757
8;7758
21;7759
23;7764
214;7805
204;7806
211;7807
66;7808
3;7815
554;7822
35;7823
43;7825
11;7826
152;7843
155;7852
8;7857
18;7859
21;7863
21;7888
1;7901
34;7902
9;7903
76;7904
48;7905
15;7906
15;7908
4;7927
1;7934
8;7937
24;7938
29;7939
2;7946
2;7948
27;7953
18;7954
25;7964
7;7967
393;7997
778;7998
3;7999
25;8000
41;8001
63;8003
6;8004
31;8030
336;8031
190;8032
17;8034
33;8035
4;8036
4;8049
9;8053
27;8057
8;8058
15;8073
278;8093
100;8094
19;8095
35;8096
163;8107
30;8122
9;8131
15;8134
16;8140
40;8144
16;8145
32;8146
33;8148
39;8149
20;8150
28;8151
11;8152
60;8189
272;8190
49;8191
114;8192
25;8193
10;8198
25;8202
15;8209
31;8210
2;8212
16;8219
21;8236
10;8240
29;8247
13;8248
10;8262
50;8285
12;8286
201;8287
61;8288
27;8303
20;8307
200;8308
34;8329
22;8330
28;8332
4;8335
12;8336
42;8340
29;8341
17;8344
111;8381
41;8382
78;8383
62;8384
4;8388
172;8402
12;8403
11;8404
16;8406
9;8410
19;8411
18;8412
1;8418
17;8420
21;8428
17;8430
25;8431
27;8433
26;8439
8;8440
87;8477
27;8478
42;8479
55;8480
9;8481
24;8485
4;8497
83;8498
158;8500
35;8527
17;8528
30;8531
15;8533
16;8535
4;8536
30;8543
28;8546
1;8557
19;8573
38;8574
63;8575
21;8577
35;8578
110;8579
13;8580
50;8605
17;8606
36;8607
3;8608
11;8609
6;8610
13;8611
29;8612
18;8618
17;8623
26;8624
34;8626
22;8627
58;8628
22;8629
11;8630
4;8632
12;8636
4;8660
35;8665
47;8667
68;8668
2;8669
27;8670
31;8672
6;8687
30;8695
19;8697
38;8699
32;8700
28;8702
29;8703
19;8719
32;8721
25;8725
176;8761
53;8762
64;8763
81;8764
24;8774
33;8782
2;8786
13;8789
8;8793
28;8801
159;8805
14;8807
9;8811
29;8812
33;8817
27;8819
160;8820
122;8857
473;8858
219;8859
33;8860
5;8879
11;8880
29;8881
197;8904
11;8910
49;8911
24;8916
91;8953
67;8954
10;8955
26;8956
3;8973
12;8991
32;8993
8;8999
5;9000
17;9009
14;9011
45;9049
316;9050
355;9051
10;9052
2;9069
30;9070
23;9071
19;9087
14;9094
168;9099
28;9103
15;9105
19;9140
30;9145
19;9146
82;9147
62;9148
25;9150
30;9152
74;9165
25;9166
25;9167
4;9168
30;9175
24;9177
18;9189
23;9191
1;9192
11;9195
8;9196
2;9200
30;9201
11;9214
30;9226
68;9242
11;9243
181;9244
177;9245
24;9246
1;9248
12;9249
11;9261
21;9264
14;9267
39;9274
6;9275
28;9276
5;9277
46;9278
11;9280
14;9296
25;9299
163;9300
14;9301
35;9315
63;9337
14;9338
10;9340
11;9341
2;9342
173;9343
28;9344
55;9353
32;9355
6;9361
163;9370
574;9371
14;9372
20;9373
37;9375
29;9376
13;9387
2;9397
4;9399
7;9422
11;9433
83;9434
42;9435
207;9436
20;9455
19;9456
8;9461
19;9472
20;9477
152;9486
5;9488
153;9512
17;9526
73;9529
81;9530
44;9531
363;9532
169;9549
23;9550
35;9551
1;9552
160;9560
20;9568
57;9575
3;9580
58;9582
156;9585
31;9625
157;9626
47;9627
65;9628
7;9635
8;9646
21;9647
50;9648
1;9650
40;9672
1;9675
13;9677
1;9679
15;9680
17;9682
15;9721
171;9722
382;9723
12;9724
37;9733
17;9741
143;9743
47;9744
7;9757
29;9766
6;9768
8;9771
10;9775
58;9817
49;9818
38;9819
53;9820
13;9821
29;9823
32;9837
10;9839
9;9846
36;9847
11;9862
8;9863
32;9865
5;9869
38;9913
39;9914
28;9916
23;9919
16;9920
26;9922
14;9925
13;9928
28;9943
10;9945
184;9946
20;9962
1;9970
5;9975
20;10007
4;10009
30;10010
39;10012
13;10013
187;10014
95;10015
64;10016
13;10039
7;10041
17;10042
17;10045
168;10046
16;10048
17;10060
34;10066
6;10068
1;10070
14;10071
3;10087
31;10105
49;10106
40;10107
17;10108
3;10120
6;10124
7;10126
32;10127
27;10128
10;10139
14;10157
14;10159
6;10163
199;10201
40;10203
44;10204
25;10207
10;10208
30;10212
4;10217
4;10221
49;10223
11;10232
20;10241
29;10246
165;10248
9;10249
8;10254
5;10257
6;10260
50;10297
261;10298
238;10299
77;10300
150;10314
48;10318
18;10319
15;10320
5;10325
6;10337
166;10338
38;10342
1;10344
26;10346
34;10351
23;10354
11;10363
24;10373
143;10393
794;10394
214;10395
46;10396
28;10405
1;10409
27;10413
157;10424
32;10434
2;10444
22;10448
19;10452
388;10489
85;10490
357;10491
42;10492
16;10496
2;10509
574;10510
159;10512
33;10516
3;10531
19;10539
36;10540
8;10542
26;10548
6;10549
19;10565
17;10567
155;10576
8;10586
40;10589
11;10590
40;10591
25;10592
3;10601
1;10602
18;10604
7;10617
45;10618
35;10620
19;10621
161;10623
38;10624
34;10625
1;10628
3;10638
22;10644
23;10645
10;10682
13;10683
54;10684
14;10685
33;10686
34;10688
11;10690
18;10699
6;10707
29;10713
173;10714
50;10716
13;10717
29;10719
13;10720
3;10728
2;10731
168;10734
3;10735
10;10736
25;10739
586;10777
247;10778
236;10779
16;10780
16;10790
5;10791
168;10792
7;10797
14;10798
20;10799
35;10800
21;10801
31;10821
5;10823
1;10825
7;10826
22;10828
211;10873
131;10874
201;10875
79;10876
12;10893
15;10894
1;10895
18;10896
12;10920
36;10932
53;10969
203;10970
23;10972
22;10974
146;10990
5;10991
6;10992
6;10998
33;11009
20;11013
26;11015
25;11018
1;11019
29;11021
25;11025
5;11039
270;11065
22;11066
104;11067
10;11068
5;11081
168;11085
208;11086
175;11087
2;11095
162;11105
17;11111
24;11112
18;11113
51;11117
174;11119
196;11120
22;11124
32;11161
78;11162
57;11163
53;11164
29;11172
7;11180
7;11183
23;11184
26;11190
25;11199
22;11205
13;11207
30;11210
22;11211
174;11212
19;11214
15;11216
10;11219
14;11220
188;11257
189;11258
40;11259
15;11260
1;11261
46;11262
23;11263
346;11264
14;11268
3;11270
21;11271
11;11288
17;11289
34;11290
4;11291
46;11292
12;11293
18;11295
2;11296
7;11305
24;11310
8;11311
2;11312
15;11317
7;11318
29;11326
5;11351
92;11353
11;11355
29;11356
9;11357
12;11358
93;11359
25;11360
29;11364
171;11372
29;11386
1;11387
27;11388
39;11390
20;11392
12;11397
28;11409
147;11411
2;11412
31;11415
27;11416
18;11417
62;11449
20;11450
586;11451
86;11452
159;11457
43;11469
30;11470
28;11471
6;11472
3;11490
1;11493
14;11494
7;11495
26;11496
157;11508
92;11545
35;11546
32;11547
43;11548
11;11565
55;11566
13;11572
8;11590
29;11597
19;11599
6;11601
32;11602
767;11641
85;11642
222;11644
9;11651
163;11661
20;11662
33;11686
4;11688
11;11689
4;11690
8;11693
1;11697
27;11701
28;11737
29;11738
34;11739
63;11740
10;11744
32;11745
2;11757
31;11758
5;11760
22;11778
26;11784
154;11785
4;11787
24;11789
16;11790
2;11795
160;11811
24;11833
269;11834
32;11835
42;11836
31;11865
13;11878
21;11879
7;11884
28;11887
30;11888
12;11919
21;11929
8;11930
14;11932
10;11933
1;11934
49;11935
54;11936
2;11953
144;11964
41;11965
35;11966
22;11973
20;11978
16;11982
150;11983
30;11985
5;11986
4;11988
5;11990
29;12025
8;12026
5;12027
166;12028
167;12029
2;12030
34;12031
18;12041
2;12046
19;12049
11;12058
13;12061
13;12063
11;12084
7;12088
194;12122
25;12123
225;12124
5;12132
33;12141
39;12142
210;12143
1;12165
11;12167
14;12171
17;12177
8;12178
8;12179
24;12180
40;12217
96;12218
79;12219
25;12220
168;12230
20;12238
30;12254
146;12258
25;12264
19;12267
2;12271
161;12276
172;12313
3;12314
230;12315
103;12316
161;12333
23;12334
27;12335
24;12336
153;12358
5;12359
35;12362
4;12363
28;12370
164;12385
3;12396
146;12409
54;12410
97;12411
22;12412
24;12429
23;12430
26;12433
2;12453
161;12456
24;12463
28;12465
147;12505
36;12506
36;12507
7;12514
7;12525
6;12526
9;12527
10;12528
4;12536
4;12544
159;12552
11;12557
2;12601
4;12602
19;12605
28;12606
70;12607
54;12608
7;12614
9;12626
15;12633
31;12634
9;12638
66;12639
22;12640
165;12644
31;12650
23;12653
11;12654
3;12658
1;12659
17;12660
12;12662
28;12663
5;12672
36;12697
44;12698
16;12699
8;12700
55;12701
5;12703
25;12704
6;12707
4;12708
154;12719
159;12729
28;12730
159;12731
5;12735
30;12736
23;12738
14;12739
12;12751
30;12756
20;12759
162;12765
22;12782
231;12793
14;12794
157;12795
39;12796
16;12813
11;12816
32;12820
18;12837
44;12839
5;12841
5;12842
5;12846
17;12889
31;12890
44;12891
20;12892
7;12909
165;12910
36;12912
18;12916
36;12934
2;12936
34;12985
47;12986
33;12987
78;12988
35;12991
4;13006
20;13008
21;13011
9;13016
17;13034
11;13035
5;13036
15;13037
1;13038
11;13040
9;13042
44;13081
373;13083
32;13084
15;13087
15;13088
44;13101
12;13102
17;13104
8;13108
2;13130
20;13134
40;13177
54;13178
227;13179
43;13180
50;13197
6;13200
1;13224
10;13225
3;13228
21;13233
19;13234
6;13235
16;13252
46;13273
86;13274
3;13275
4;13276
70;13279
22;13280
30;13285
170;13295
35;13303
31;13305
1;13307
69;13308
204;13310
24;13311
17;13316
12;13323
2;13328
38;13332
13;13341
9;13351
18;13369
324;13371
21;13372
25;13373
180;13374
32;13375
4;13377
11;13385
1;13401
15;13402
182;13403
1;13404
20;13465
53;13466
261;13467
64;13468
19;13472
159;13477
20;13486
4;13502
15;13524
172;13525
35;13537
189;13561
26;13562
105;13563
56;13564
24;13568
27;13581
25;13582
54;13584
163;13601
2;13611
1;13612
167;13613
2;13614
18;13616
30;13617
40;13620
76;13658
19;13659
106;13660
18;13671
19;13678
14;13679
4;13680
1;13683
8;13688
6;13691
13;13694
17;13702
53;13705
38;13707
26;13709
53;13710
36;13711
5;13712
29;13713
178;13753
98;13754
41;13755
98;13756
32;13773
26;13775
30;13776
17;13784
3;13796
20;13797
23;13805
162;13811
3;13812
7;13832
386;13849
35;13850
49;13851
88;13852
19;13870
29;13872
170;13889
28;13893
167;13894
11;13898
51;13907
4;13941
77;13945
165;13946
59;13947
55;13948
99;13949
159;13950
59;13951
27;13952
5;13958
150;13968
20;13969
7;13974
23;13978
11;13979
18;13981
38;13983
6;13986
24;14000
43;14041
45;14042
18;14043
217;14044
4;14045
26;14046
83;14047
160;14049
158;14056
2;14062
567;14073
22;14074
29;14076
15;14077
18;14079
35;14080
4;14094
2;14096
42;14099
18;14101
25;14104
61;14137
53;14138
234;14139
25;14140
43;14159
39;14160
17;14177
8;14179
19;14188
10;14189
29;14190
4;14191
2;14192
27;14195
22;14196
229;14233
193;14234
77;14235
123;14236
6;14244
10;14254
3;14255
4;14268
27;14276
28;14277
38;14278
27;14279
25;14285
12;14288
5;14290
24;14291
10;14292
122;14329
217;14330
11;14331
33;14332
8;14349
30;14350
18;14367
3;14378
13;14379
4;14380
7;14388
2;14396
125;14425
28;14426
235;14427
69;14428
3;14429
20;14446
5;14448
14;14464
7;14466
154;14469
30;14474
81;14475
5;14479
11;14481
2;14483
231;14521
52;14522
59;14523
18;14524
24;14531
10;14540
61;14541
31;14544
24;14566
10;14570
11;14571
10;14578
26;14603
6;14615
195;14617
33;14618
29;14619
99;14620
34;14621
119;14622
28;14623
14;14624
26;14649
25;14650
203;14651
74;14653
24;14654
10;14655
24;14656
9;14666
19;14669
16;14673
31;14680
14;14702
27;14716
41;14717
35;14719
55;14720
21;14723
38;14746
16;14747
47;14750
9;14756
35;14758
13;14766
3;14767
148;14773
32;14775
32;14784
197;14809
28;14810
54;14811
22;14812
14;14819
196;14830
26;14831
38;14832
33;14866
26;14871
5;14904
81;14905
446;14906
42;14907
32;14908
21;14916
21;14920
3;14925
33;14927
18;14928
3;14932
7;14937
28;14952
6;14956
35;14957
64;14961
12;14964
279;15001
193;15002
65;15003
26;15004
163;15021
7;15022
8;15024
33;15025
23;15034
155;15036
23;15049
27;15051
20;15056
15;15095
78;15097
80;15098
50;15099
229;15100
157;15101
16;15103
9;15117
10;15118
60;15119
14;15120
8;15130
11;15137
9;15141
30;15143
15;15146
9;15147
3;15152
14;15155
44;15193
20;15194
66;15195
106;15196
161;15200
6;15201
30;15203
23;15204
31;15214
13;15216
10;15221
33;15239
15;15261
31;15289
18;15290
23;15291
42;15292
32;15293
201;15294
100;15296
14;15305
11;15324
9;15325
11;15326
6;15328
14;15331
20;15337
5;15338
14;15345
165;15346
8;15347
4;15348
6;15349
9;15361
75;15385
23;15386
27;15387
23;15388
78;15390
6;15391
4;15392
33;15409
25;15415
17;15419
20;15420
40;15421
5;15423
5;15442
40;15443
201;15444
3;15448
11;15455
28;15481
14;15482
607;15483
125;15484
29;15500
27;15503
4;15504
31;15506
32;15520
47;15526
17;15528
7;15529
33;15532
6;15535
7;15537
3;15539
4;15577
206;15578
44;15579
49;15580
27;15597
168;15600
20;15616
28;15621
22;15624
5;15625
3;15631
20;15633
9;15636
241;15673
41;15674
172;15675
227;15676
16;15685
50;15693
16;15695
25;15705
13;15723
171;15727
67;15769
65;15770
7;15771
90;15772
7;15786
12;15791
25;15792
26;15795
16;15798
156;15805
160;15811
8;15814
9;15816
24;15825
7;15841
282;15865
41;15866
55;15867
26;15868
12;15874
36;15885
1;15887
12;15888
19;15891
25;15902
21;15912
196;15913
4;15914
11;15915
8;15916
162;15917
15;15919
8;15921
24;15924
18;15952
17;15961
90;15962
34;15963
31;15964
305;15965
43;15967
25;15979
8;15992
4;15995
21;15996
55;15998
42;15999
29;16000
5;16005
32;16011
18;16014
28;16016
19;16017
2;16022
15;16024
35;16057
609;16058
96;16059
55;16060
37;16061
198;16062
37;16063
12;16064
14;16069
20;16073
25;16089
10;16090
15;16091
7;16093
6;16102
10;16109
9;16110
18;16116
8;16126
229;16153
18;16154
334;16155
74;16156
58;16174
68;16175
6;16178
4;16190
26;16210
13;16211
18;16220
2;16249
173;16250
60;16251
158;16252
32;16256
1;16269
45;16270
156;16272
13;16283
18;16293
19;16296
30;16297
30;16298
33;16302
6;16305
178;16306
26;16320
5;16345
21;16346
172;16347
182;16348
16;16358
165;16365
29;16384
166;16386
24;16390
31;16391
6;16392
26;16393
3;16402
86;16441
57;16442
18;16443
47;16444
16;16450
36;16458
1;16461
19;16463
46;16464
15;16472
6;16478
35;16486
21;16490
8;16495
175;16500
14;16516
26;16524
29;16527
245;16537
59;16538
46;16539
65;16540
3;16542
560;16543
169;16547
153;16557
18;16558
23;16560
5;16568
15;16576
22;16580
14;16581
10;16582
190;16587
10;16589
20;16592
2;16594
37;16633
48;16634
52;16636
22;16637
6;16638
166;16639
86;16640
7;16642
3;16654
30;16658
32;16659
36;16663
5;16665
19;16666
26;16668
16;16669
20;16670
39;16671
13;16672
18;16675
2;16677
166;16684
4;16692
45;16693
13;16711
26;16716
14;16729
33;16730
51;16731
44;16732
37;16733
30;16734
23;16735
354;16736
5;16741
41;16761
3;16763
19;16765
21;16766
37;16768
20;16772
27;16778
6;16787
33;16789
27;16791
194;16792
33;16825
51;16826
8;16827
32;16828
32;16831
22;16832
31;16847
11;16848
1;16860
147;16863
152;16871
161;16872
24;16882
7;16884
22;16885
256;16921
77;16922
76;16923
59;16924
1;16928
29;16941
26;16942
152;16943
17;16953
9;16966
20;16968
16;16971
187;17017
12;17018
7;17019
40;17020
22;17032
21;17037
23;17038
15;17041
10;17058
33;17066
68;17071
159;17072
27;17113
79;17115
368;17116
8;17117
21;17125
8;17128
6;17133
54;17135
27;17137
8;17138
1;17139
22;17144
8;17152
157;17156
27;17157
5;17166
3;17167
24;17197
182;17209
35;17210
33;17211
91;17212
50;17229
70;17230
14;17231
2;17253
164;17256
10;17258
29;17263
33;17267
164;17268
8;17298
17;17305
20;17306
9;17307
29;17309
10;17310
82;17311
37;17337
20;17339
48;17340
193;17342
20;17343
162;17359
35;17360
14;17362
5;17367
23;17368
52;17401
32;17402
17;17403
31;17404
63;17405
33;17406
38;17407
11;17411
19;17433
161;17436
25;17437
29;17438
5;17452
24;17459
22;17461
180;17497
52;17498
71;17499
34;17500
13;17502
27;17503
9;17504
5;17511
12;17512
53;17518
15;17520
12;17530
12;17549
6;17550
23;17556
95;17593
25;17594
32;17595
36;17596
7;17610
33;17614
27;17615
12;17616
16;17637
19;17640
32;17649
1;17689
62;17690
104;17691
64;17692
18;17709
16;17710
6;17711
2;17712
26;17734
14;17739
150;17741
8;17744
22;17746
23;17748
5;17755
13;17785
23;17786
106;17787
146;17788
21;17805
41;17806
23;17808
38;17830
12;17835
10;17836
11;17841
7;17843
9;17865
32;17881
49;17882
50;17883
11;17888
19;17901
4;17902
2;17903
24;17904
5;17916
21;17922
2;17925
14;17927
23;17931
5;17937
2;17939
27;17963
7;17966
21;17977
1;17978
57;17979
31;17980
30;17981
18;17982
15;17983
40;17984
16;18009
30;18011
8;18012
8;18015
3;18016
36;18020
23;18030
35;18036
6;18039
16;18058
4;18074
150;18075
233;18076
20;18078
1;18079
21;18080
4;18105
29;18106
8;18107
47;18109
20;18110
13;18118
19;18127
19;18131
33;18135
173;18136
57;18169
38;18170
8;18171
96;18172
5;18176
16;18189
185;18191
32;18192
47;18213
11;18214
8;18216
25;18217
24;18218
6;18219
7;18226
5;18265
29;18266
172;18267
82;18268
27;18285
4;18287
40;18291
20;18296
33;18299
25;18309
25;18348
35;18361
74;18362
50;18363
11;18364
38;18370
13;18371
27;18378
24;18381
31;18382
22;18384
7;18390
28;18402
16;18406
7;18411
5;18412
18;18413
24;18415
19;18417
5;18418
23;18419
47;18457
218;18458
223;18459
94;18460
9;18477
14;18479
162;18480
155;18483
42;18502
3;18503
156;18506
10;18509
12;18510
37;18514
20;18553
781;18554
65;18555
155;18556
5;18570
9;18574
9;18576
5;18601
15;18603
3;18609
8;18610
37;18612
10;18628
36;18649
1;18650
2;18651
42;18652
27;18653
26;18654
4;18655
22;18656
4;18675
6;18681
17;18682
27;18683
32;18684
35;18686
15;18687
20;18688
172;18691
1;18701
22;18717
2;18733
14;18739
77;18746
187;18747
157;18748
22;18750
17;18752
10;18757
15;18760
30;18776
59;18778
8;18779
31;18780
34;18782
30;18783
10;18788
10;18799
17;18805
37;18841
6;18842
65;18843
35;18844
15;18845
10;18851
28;18861
1;18862
24;18863
25;18864
21;18869
31;18893
4;18894
8;18899
32;18900
37;18907
25;18937
212;18938
27;18939
66;18940
3;18942
36;18946
9;18947
20;18958
10;18962
2;18981
12;18986
10;18990
36;18994
68;19033
55;19034
10;19035
66;19036
5;19050
18;19052
19;19053
52;19054
29;19055
16;19066
5;19074
177;19078
6;19086
3;19090
29;19111
24;19129
553;19130
22;19131
51;19132
19;19135
28;19145
27;19146
10;19151
19;19152
18;19173
29;19174
1;19176
8;19183
157;19186
46;19187
189;19225
17;19226
60;19227
75;19228
7;19234
16;19238
23;19245
163;19246
39;19248
9;19283
40;19321
60;19324
102;19325
66;19326
25;19327
16;19337
3;19342
34;19353
10;19354
5;19357
12;19360
10;19365
20;19370
8;19380
10;19414
31;19417
17;19418
11;19419
46;19421
43;19422
36;19423
59;19424
16;19440
25;19448
4;19450
12;19453
63;19455
36;19463
22;19475
16;19513
46;19514
4;19515
85;19516
20;19528
16;19533
22;19534
21;19535
10;19536
5;19546
3;19562
9;19565
2;19567
15;19571
46;19609
207;19610
23;19611
81;19612
19;19622
10;19631
22;19632
24;19649
3;19660
28;19661
34;19662
191;19705
55;19706
24;19707
73;19708
27;19719
25;19725
41;19727
24;19728
7;19739
29;19749
5;19750
29;19753
26;19754
25;19762
56;19801
105;19802
18;19803
7;19823
27;19837
164;19847
29;19850
28;19851
32;19859
6;19894
37;19897
16;19898
26;19899
45;19900
18;19918
17;19923
20;19935
11;19941
18;19942
9;19951
6;19952
28;19953
31;19954
45;19993
331;19994
10;19995
29;19996
7;19997
29;20000
1;20014
183;20025
39;20027
24;20028
32;20030
14;20032
167;20037
8;20042
13;20043
13;20050
34;20051
8;20057
31;20072
22;20089
47;20090
32;20091
67;20092
34;20095
52;20096
19;20110
32;20115
16;20119
174;20122
11;20123
16;20124
11;20127
2;20136
2;20148
37;20150
16;20152
5;20156
10;20185
36;20187
32;20188
3;20193
20;20205
26;20206
62;20208
39;20232
173;20236
6;20238
1;20239
5;20243
381;20281
46;20282
48;20283
74;20284
21;20295
18;20301
32;20303
17;20328
5;20331
14;20336
103;20377
49;20378
30;20379
23;20380
160;20393
24;20398
28;20399
6;20400
26;20422
14;20429
7;20430
32;20473
5;20474
40;20475
116;20476
16;20488
9;20490
3;20491
3;20493
33;20496
151;20510
4;20522
193;20527
6;20528
32;20569
89;20570
181;20571
61;20572
29;20589
2;20590
10;20591
12;20592
3;20602
4;20604
17;20607
8;20610
42;20613
8;20615
29;20616
11;20624
51;20626
13;20665
27;20667
171;20668
174;20669
33;20670
31;20671
31;20672
17;20675
10;20689
20;20693
5;20697
23;20699
168;20700
173;20711
2;20718
17;20719
5;20721
3;20722
31;20724
10;20725
2;20747
27;20749
24;20761
12;20762
28;20763
8;20764
18;20765
20;20766
1;20767
6;20768
33;20776
26;20791
1;20792
11;20795
26;20796
35;20798
48;20799
30;20800
19;20814
13;20817
23;20829
558;20857
211;20858
10;20859
181;20860
35;20865
4;20874
32;20876
75;20877
14;20879
32;20880
23;20901
20;20902
28;20903
1;20904
7;20905
328;20910
11;20912
17;20914
239;20953
30;20954
1;20956
3;20965
22;20975
9;20985
6;20995
33;21001
40;21007
11;21011
37;21049
162;21050
8;21051
148;21052
20;21056
4;21061
28;21064
2;21069
32;21070
30;21071
17;21072
3;21093
9;21094
4;21095
2;21098
8;21107
19;21108
47;21145
32;21146
99;21147
11;21148
17;21161
11;21165
4;21166
167;21168
3;21173
10;21181
5;21192
24;21195
39;21197
8;21198
1;21199
162;21200
24;21201
28;21204
209;21241
389;21242
211;21243
586;21244
20;21257
9;21262
14;21263
7;21276
1;21283
2;21286
6;21292
17;21295
9;21296
28;21298
160;21337
161;21338
20;21339
191;21340
44;21341
236;21342
195;21343
44;21344
25;21351
2;21359
21;21364
7;21372
30;21376
16;21397
13;21416
15;21431
254;21433
5;21434
13;21435
32;21436
3;21438
16;21440
9;21444
7;21445
10;21470
55;21472
18;21487
13;21489
159;21490
57;21529
49;21530
109;21531
98;21532
5;21539
29;21541
12;21574
152;21586
26;21588
174;21625
52;21626
93;21627
191;21628
23;21647
30;21648
17;21664
7;21669
21;21679
31;21681
28;21683
223;21721
22;21722
86;21723
185;21724
6;21733
6;21742
22;21743
13;21772
1;21774
153;21776
35;21786
10;21815
43;21817
225;21818
20;21819
194;21820
27;21837
21;21838
24;21839
6;21845
23;21847
16;21867
33;21874
23;21893
6;21901
48;21913
70;21914
55;21915
4;21918
5;21926
577;21933
15;21934
16;21936
3;21947
13;21953
25;21955
33;21960
12;21965
165;21967
37;21970
34;21971
17;21992
66;22009
25;22011
154;22012
38;22015
13;22016
5;22025
20;22026
28;22030
30;22034
25;22039
11;22042
3;22043
24;22050
1;22056
2;22057
7;22064
25;22067
6;22095
10;22106
180;22107
3;22108
41;22109
2;22110
31;22111
75;22112
12;22121
19;22123
8;22131
31;22139
1;22140
41;22141
30;22142
150;22143
14;22144
15;22158
15;22162
7;22168
46;22201
2;22202
29;22203
394;22204
5;22207
36;22212
11;22215
1;22216
29;22218
21;22219
46;22221
7;22222
19;22223
24;22227
24;22243
2;22249
16;22252
1;22258
3;22271
31;22297
20;22298
65;22299
43;22300
2;22302
25;22317
23;22318
24;22320
26;22328
27;22339
13;22344
32;22347
27;22349
2;22351
3;22393
58;22394
2;22395
155;22396
19;22412
56;22415
72;22416
25;22435
1;22439
154;22444
43;22490
39;22491
12;22492
13;22496
17;22507
29;22509
31;22512
23;22518
3;22523
186;22535
5;22543
8;22544
67;22585
43;22586
76;22587
32;22588
8;22591
31;22596
196;22605
20;22607
21;22623
36;22632
24;22640
29;22641
21;22644
3;22657
4;22666
35;22681
17;22682
8;22683
45;22684
31;22685
38;22686
11;22687
158;22691
34;22696
15;22698
14;22700
10;22701
4;22706
21;22707
12;22713
153;22714
173;22715
22;22716
13;22717
2;22719
22;22722
33;22733
30;22735
28;22777
8;22778
38;22779
159;22780
26;22781
12;22782
209;22783
36;22784
34;22791
24;22810
11;22811
152;22812
9;22813
34;22814
1;22816
33;22825
2;22829
12;22830
26;22831
38;22834
48;22835
11;22836
14;22851
62;22873
31;22874
39;22875
87;22876
2;22887
13;22892
68;22893
27;22899
12;22903
38;22904
36;22907
23;22910
27;22918
26;22922
28;22923
21;22930
34;22969
40;22970
57;22971
8;22974
7;22991
19;22992
28;22996
16;23015
61;23017
5;23020
14;23023
74;23065
27;23066
6;23067
95;23068
8;23078
22;23085
44;23086
12;23088
163;23104
8;23111
9;23112
31;23117
559;23118
6;23119
9;23120
746;23161
178;23163
21;23164
12;23170
8;23180
20;23181
26;23183
4;23184
23;23195
19;23206
170;23209
16;23214
40;23218
16;23219
30;23220
323;23257
177;23258
65;23259
2;23260
6;23277
42;23278
32;23279
21;23280
8;23302
6;23313
6;23314
18;23315
26;23348
31;23353
13;23354
34;23355
160;23356
177;23357
8;23358
51;23359
9;23360
31;23362
18;23384
568;23385
155;23386
38;23387
6;23396
10;23405
39;23416
7;23446
72;23449
37;23450
57;23451
25;23452
24;23453
56;23455
7;23459
26;23465
10;23482
17;23484
25;23486
59;23488
5;23490
13;23492
10;23493
26;23497
41;23501
17;23505
4;23507
4;23510
19;23511
14;23545
46;23546
59;23547
50;23548
21;23550
1;23557
33;23567
11;23568
39;23584
25;23591
4;23592
15;23596
20;23597
16;23600
3;23604
18;23641
9;23642
33;23643
21;23644
24;23654
51;23661
35;23662
187;23664
12;23688
8;23697
22;23700
195;23737
43;23738
176;23739
30;23740
61;23757
39;23759
3;23786
184;23789
10;23800
31;23833
28;23834
48;23835
42;23836
28;23853
167;23862
14;23868
12;23869
184;23877
75;23886
18;23888
208;23929
28;23930
39;23931
28;23932
13;23936
4;23938
16;23949
162;23950
173;23951
1;23956
2;23957
26;23974
19;23975
25;23978
7;23981
2;23984
6;23987
35;24001
16;24023
52;24025
72;24026
23;24027
43;24029
2;24030
56;24031
25;24032
168;24038
32;24039
13;24046
10;24057
39;24061
30;24062
9;24064
3;24077
11;24079
34;24080
21;24084
29;24086
26;24087
47;24088
3;24094
2;24103
17;24121
21;24122
212;24123
1;24125
350;24126
9;24128
5;24134
3;24138
1;24142
23;24144
23;24148
19;24153
24;24154
29;24155
4;24157
17;24158
28;24160
4;24174
27;24177
16;24217
79;24218
42;24219
79;24220
1;24233
16;24236
7;24237
21;24239
31;24240
6;24248
16;24266
15;24270
11;24273
13;24274
162;24276
8;24293
20;24312
35;24313
28;24314
169;24315
80;24316
162;24318
13;24334
24;24335
9;24342
26;24358
15;24359
12;24361
20;24409
10;24410
47;24411
2;24412
23;24413
156;24417
3;24423
17;24432
28;24451
4;24456
25;24457
14;24459
4;24460
4;24461
153;24464
5;24470
1;24504
113;24505
43;24506
57;24507
21;24508
14;24512
29;24526
36;24527
39;24528
32;24529
10;24530
22;24560
15;24561
29;24564
27;24601
1;24602
124;24603
66;24604
25;24621
10;24622
61;24624
4;24632
5;24639
35;24645
20;24647
9;24651
4;24652
24;24658
9;24686
28;24691
32;24697
5;24698
30;24699
19;24701
29;24702
35;24703
97;24704
2;24707
19;24719
25;24730
2;24732
21;24733
28;24735
6;24750
33;24753
17;24760
12;24793
27;24794
53;24795
41;24796
161;24798
37;24799
24;24802
9;24807
6;24810
6;24824
32;24825
45;24826
17;24827
2;24828
28;24829
7;24830
16;24835
7;24846
11;24848
7;24850
25;24855
54;24889
48;24891
44;24892
2;24910
1;24917
13;24920
16;24929
6;24933
5;24940
7;24944
6;24945
16;24954
29;24965
151;24972
60;24985
29;24986
76;24987
15;24988
3;24998
18;25005
11;25006
28;25007
14;25008
19;25022
48;25030
33;25031
31;25033
26;25041
159;25043
22;25044
6;25045
24;25081
4;25082
79;25083
37;25084
22;25102
16;25103
18;25118
25;25124
152;25125
15;25128
65;25132
38;25134
589;25177
11;25178
189;25179
75;25180
10;25191
48;25197
44;25200
27;25201
3;25216
25;25219
32;25221
3;25225
3;25226
3;25228
7;25233
178;25273
25;25274
20;25275
186;25276
13;25282
552;25285
45;25293
52;25294
29;25295
37;25296
569;25313
10;25326
15;25328
14;25356
175;25369
13;25370
54;25371
31;25372
41;25373
9;25374
10;25375
22;25376
8;25382
16;25390
10;25396
29;25401
15;25402
27;25403
7;25407
6;25411
162;25422
13;25425
17;25428
1;25429
198;25466
44;25468
2;25469
36;25470
177;25471
9;25472
7;25475
11;25477
28;25490
35;25497
56;25500
19;25502
18;25504
163;25508
164;25521
2;25522
9;25523
152;25526
8;25559
230;25561
413;25562
29;25563
67;25564
21;25574
68;25581
1;25583
33;25584
18;25587
5;25600
32;25608
163;25611
3;25620
54;25657
20;25658
188;25659
21;25660
1;25661
31;25665
30;25678
30;25679
23;25701
15;25706
21;25711
9;25713
14;25743
109;25753
15;25754
19;25755
17;25756
167;25769
10;25774
26;25781
163;25787
12;25799
22;25808
14;25832
246;25849
122;25850
15;25851
83;25852
14;25855
155;25863
9;25869
17;25871
18;25880
27;25891
25;25896
18;25903
9;25904
59;25945
15;25947
56;25948
167;25965
20;25966
24;25967
9;25968
20;25989
8;25991
164;25996
16;25997
30;25998
3;26001
14;26003
37;26041
7;26042
42;26043
9;26044
44;26045
12;26046
24;26056
32;26073
191;26074
34;26078
25;26079
37;26080
10;26083
15;26085
164;26093
1;26096
16;26097
20;26120
62;26138
20;26139
11;26141
182;26142
30;26143
35;26153
23;26157
22;26169
7;26170
15;26172
19;26174
18;26175
9;26176
1;26182
12;26193
173;26194
5;26233
23;26234
5;26235
47;26236
21;26253
25;26254
13;26255
16;26256
17;26265
20;26279
3;26280
6;26286
13;26288
21;26312
193;26329
34;26330
211;26331
69;26332
171;26337
6;26343
159;26351
33;26352
5;26374
5;26376
35;26378
5;26381
3;26382
19;26383
15;26385
4;26387
4;26388
168;26418
239;26425
12;26426
20;26427
40;26428
4;26440
3;26446
87;26448
2;26464
10;26467
7;26468
158;26476
29;26479
10;26483
28;26484
46;26521
58;26523
46;26524
20;26525
1;26526
164;26541
7;26543
63;26544
20;26564
13;26565
32;26579
13;26614
188;26617
75;26618
38;26619
25;26620
6;26625
33;26639
56;26640
157;26665
149;26666
162;26687
2;26693
29;26713
153;26715
13;26716
18;26717
30;26720
161;26735
12;26738
5;26745
22;26746
24;26748
3;26750
12;26751
578;26752
28;26764
2;26766
32;26767
1;26775
1;26777
63;26809
60;26810
46;26811
66;26813
782;26814
30;26815
11;26816
18;26824
1;26829
163;26840
15;26842
33;26845
166;26847
2;26861
7;26864
3;26865
156;26867
4;26869
7;26870
151;26872
66;26905
638;26906
28;26907
48;26908
13;26920
23;26925
17;26926
27;26928
7;26946
2;26948
5;26953
6;26963
58;27001
175;27002
36;27003
30;27004
27;27018
6;27030
15;27034
28;27036
25;27050
10;27051
27;27053
12;27060
31;27085
62;27097
150;27098
20;27099
51;27100
2;27112
19;27117
38;27119
155;27121
26;27135
16;27142
29;27146
14;27149
11;27153
23;27155
12;27185
23;27189
3;27193
172;27194
91;27195
45;27196
24;27198
157;27199
44;27204
157;27212
1;27213
154;27228
10;27243
18;27251
17;27255
23;27262
88;27289
82;27290
44;27291
26;27292
28;27298
2;27307
45;27310
29;27312
33;27322
4;27327
26;27335
16;27337
162;27341
26;27345
49;27385
4;27386
29;27387
25;27388
27;27389
32;27391
62;27392
9;27394
154;27397
15;27411
18;27419
2;27420
5;27422
30;27423
4;27424
37;27445
34;27452
174;27481
24;27482
53;27483
15;27484
62;27486
198;27487
12;27499
60;27513
7;27516
570;27517
30;27518
41;27519
12;27520
18;27533
65;27538
15;27539
30;27543
3;27548
25;27560
60;27577
147;27578
28;27579
35;27580
9;27581
12;27592
28;27597
18;27598
22;27599
335;27600
1;27605
9;27606
6;27623
12;27627
166;27629
166;27644
167;27673
36;27674
13;27675
38;27676
33;27677
7;27691
31;27693
32;27694
26;27695
7;27696
4;27716
547;27721
33;27725
1;27767
95;27769
37;27770
34;27771
207;27772
18;27789
9;27790
50;27791
12;27792
15;27795
35;27800
9;27817
22;27826
176;27828
145;27865
51;27866
34;27867
266;27868
16;27885
30;27886
6;27887
46;27888
45;27909
5;27911
8;27912
158;27920
4;27921
28;27961
7;27962
45;27963
13;27964
18;27979
75;27981
1;27984
17;28005
12;28006
161;28012
28;28015
35;28019
164;28040
53;28057
72;28058
26;28061
11;28063
163;28067
1;28082
9;28089
41;28090
32;28091
611;28094
53;28095
160;28096
12;28099
7;28104
5;28109
36;28112
14;28116
155;28119
21;28120
572;28144
36;28146
3;28153
43;28154
6;28155
7;28156
6;28157
28;28158
149;28163
20;28168
1;28184
5;28185
21;28187
31;28189
44;28191
28;28194
27;28205
57;28209
7;28210
18;28240
101;28249
170;28250
191;28251
77;28252
14;28264
8;28269
26;28270
11;28284
27;28293
167;28306
26;28311
25;28335
27;28345
70;28346
32;28347
25;28348
12;28356
180;28366
29;28368
7;28389
31;28399
30;28400
162;28403
37;28441
265;28442
85;28443
171;28444
8;28451
21;28461
30;28462
5;28463
11;28464
34;28470
24;28471
4;28483
19;28485
4;28488
16;28489
10;28490
50;28496
8;28497
14;28499
14;28506
14;28508
215;28537
4;28538
98;28539
112;28540
27;28557
28;28559
25;28570
25;28571
32;28575
8;28577
27;28581
51;28587
35;28588
162;28589
71;28590
205;28633
20;28634
20;28635
30;28636
2;28639
185;28654
24;28655
155;28664
22;28680
8;28681
35;28691
5;28717
16;28729
6;28730
27;28732
6;28733
28;28734
22;28735
18;28736
16;28740
29;28752
12;28761
163;28762
9;28764
36;28765
158;28766
19;28768
35;28781
18;28782
26;28785
34;28787
10;28788
10;28791
10;28797
16;28806
182;28825
153;28826
182;28827
30;28828
5;28829
34;28830
111;28831
25;28832
25;28836
13;28837
17;28841
29;28845
171;28846
8;28852
65;28857
43;28858
33;28860
9;28861
3;28863
9;28877
5;28878
157;28879
28;28884
30;28886
37;28887
156;28899
61;28921
81;28922
28;28923
74;28924
3;28928
41;28942
20;28943
27;28944
32;28966
15;28971
57;28975
23;29017
12;29018
113;29019
31;29020
32;29037
20;29038
25;29039
161;29040
23;29064
8;29069
6;29072
18;29073
9;29075
27;29113
30;29114
95;29115
45;29116
2;29133
8;29134
15;29135
163;29136
1;29139
6;29141
4;29142
18;29162
15;29165
23;29168
41;29213
18;29214
24;29215
32;29216
20;29232
13;29233
5;29234
22;29235
6;29247
14;29248
5;29255
14;29260
20;29262
2;29266
34;29268
2;29269
52;29309
47;29310
25;29311
13;29312
18;29327
31;29329
41;29331
173;29332
11;29342
15;29347
22;29353
32;29360
10;29367
12;29377
21;29405
12;29406
16;29407
608;29409
179;29410
17;29411
93;29412
7;29415
18;29419
8;29438
181;29440
1;29441
44;29443
47;29444
3;29447
14;29457
7;29463
5;29464
21;29480
7;29501
80;29502
29;29503
9;29504
15;29506
9;29507
21;29510
49;29524
2;29533
31;29534
18;29535
4;29537
7;29538
163;29540
6;29541
18;29543
17;29544
33;29548
2;29557
200;29558
17;29560
12;29595
33;29597
41;29598
39;29599
111;29600
39;29617
21;29618
24;29619
27;29620
23;29632
45;29641
17;29643
33;29644
17;29645
23;29649
4;29654
28;29655
10;29656
200;29693
67;29694
80;29695
44;29696
14;29697
33;29715
19;29719
4;29742
16;29745
27;29747
225;29789
187;29790
36;29791
30;29792
53;29800
262;29809
26;29816
4;29818
18;29822
9;29831
12;29837
3;29839
149;29848
3;29858
7;29863
48;29885
25;29886
9;29887
46;29888
4;29901
15;29903
40;29905
169;29906
11;29909
5;29930
27;29931
27;29934
7;29981
167;29982
122;29983
254;29984
4;29990
9;30001
8;30025
28;30033
22;30035
21;30036
25;30039
23;30040
8;30043
10;30047
3;30053
18;30078
23;30080
26;30081
35;30083
20;30084
13;30101
41;30109
164;30110
4;30112
5;30113
15;30114
7;30115
16;30119
12;30129
16;30135
29;30137
13;30144
742;30173
155;30174
50;30175
65;30176
16;30178
65;30179
31;30180
1;30186
30;30187
5;30197
20;30201
12;30204
2;30205
23;30206
17;30207
48;30208
16;30209
48;30210
15;30211
45;30212
25;30235
77;30269
53;30270
37;30271
61;30272
13;30281
12;30288
10;30289
7;30290
37;30291
7;30299
10;30313
8;30318
30;30320
7;30322
171;30328
74;30365
186;30366
108;30367
159;30368
31;30385
15;30387
171;30388
32;30407
37;30409
21;30410
6;30414
18;30416
26;30417
11;30423
16;30424
10;30461
85;30462
252;30463
49;30464
19;30481
7;30482
21;30496
24;30506
30;30512
6;30515
31;30519
53;30557
55;30558
79;30559
35;30560
1;30562
5;30575
47;30577
13;30584
20;30596
29;30603
16;30605
30;30606
5;30608
15;30610
25;30611
19;30614
50;30653
67;30654
31;30655
127;30656
32;30668
5;30672
14;30673
12;30675
8;30676
28;30682
30;30696
8;30699
22;30700
7;30701
27;30702
10;30706
9;30707
12;30712
34;30725
57;30749
19;30751
40;30752
158;30753
13;30754
34;30755
11;30765
22;30766
9;30770
43;30782
24;30783
1;30785
37;30787
33;30788
4;30791
37;30801
1;30806
30;30807
26;30809
8;30810
11;30811
30;30812
13;30817
57;30846
26;30847
103;30848
6;30851
4;30852
4;30856
27;30877
20;30880
17;30884
39;30891
26;30904
32;30941
100;30942
69;30943
18;30944
32;30946
35;30958
167;30961
34;30962
167;30964
7;30966
27;30972
35;30985
15;30986
10;30987
35;30992
20;30996
5;30998
18;30999
182;31037
65;31038
199;31039
73;31040
7;31041
5;31046
44;31057
4;31058
6;31059
14;31067
12;31086
1;31088
9;31089
21;31092
4;31112
32;31121
246;31133
85;31134
55;31135
21;31136
14;31137
9;31138
6;31140
10;31150
170;31151
52;31153
35;31154
45;31155
19;31156
17;31157
4;31177
19;31181
151;31182
7;31183
6;31184
28;31229
55;31230
20;31231
51;31232
7;31249
23;31250
39;31251
30;31252
18;31258
25;31274
15;31278
12;31280
3;31298
173;31325
69;31326
240;31327
50;31328
17;31338
34;31346
37;31347
5;31348
182;31371
166;31373
28;31374
6;31377
24;31379
13;31384
19;31402
599;31421
45;31422
19;31423
15;31424
5;31425
75;31426
9;31454
12;31455
17;31457
3;31458
171;31461
4;31462
15;31466
21;31468
2;31473
16;31476
16;31481
29;31482
23;31483
6;31500
45;31517
7;31518
80;31519
37;31520
21;31521
243;31522
36;31523
27;31524
18;31525
31;31534
9;31535
2;31538
24;31550
46;31551
20;31552
4;31553
16;31554
2;31556
36;31559
7;31572
8;31573
16;31576
10;31578
17;31580
32;31593
6;31603
10;31604
13;31613
39;31614
49;31615
15;31616
5;31622
14;31635
27;31636
8;31637
10;31641
15;31652
5;31654
3;31661
16;31663
5;31664
30;31667
21;31670
21;31672
14;31684
242;31709
56;31710
111;31712
23;31729
28;31732
8;31738
11;31744
4;31751
165;31757
12;31758
24;31761
2;31763
11;31794
22;31805
37;31806
34;31807
32;31808
177;31824
28;31825
39;31827
212;31828
33;31842
2;31849
37;31853
10;31856
15;31857
167;31860
2;31861
166;31901
114;31902
212;31903
50;31904
33;31912
7;31916
15;31923
41;31924
154;31936
5;31937
6;31939
10;31941
12;31945
20;31948
4;31949
1;31950
165;31957
21;31960
61;31997
14;31998
45;31999
49;32000
9;32006
54;32018
79;32020
22;32023
8;32029
18;32032
45;32044
13;32048
9;32053
6;32056
38;32067
162;32073
25;32080
23;32093
10;32094
22;32095
10;32096
51;32097
32;32099
3;32100
28;32110
7;32111
32;32114
9;32121
11;32125
6;32126
51;32127
18;32128
4;32131
28;32134
34;32138
3;32141
24;32142
9;32154
1;32165
160;32190
47;32191
74;32192
580;32193
63;32194
29;32195
185;32196
6;32205
11;32207
12;32221
27;32222
4;32223
43;32225
23;32226
28;32227
31;32228
2;32230
27;32235
15;32243
22;32244
3;32245
15;32247
28;32248
170;32252
24;32285
192;32286
63;32287
36;32288
27;32306
22;32308
21;32315
169;32321
6;32330
5;32333
21;32337
19;32339
22;32342
37;32344
4;32349
60;32381
146;32382
21;32383
19;32384
29;32390
178;32401
35;32402
23;32404
22;32409
36;32412
16;32424
15;32426
22;32429
13;32430
22;32431
34;32477
599;32478
113;32479
203;32480
4;32497
17;32498
31;32499
7;32501
164;32512
5;32523
24;32529
33;32530
19;32534
12;32543
1;32547
2;32554
62;32573
39;32574
6;32575
32;32576
17;32594
171;32595
22;32596
11;32621
8;32623
10;32626
16;32627
22;32630
12;32632
2;32661
155;32665
20;32667
212;32669
76;32670
20;32671
361;32672
153;32674
1;32677
26;32679
27;32689
8;32691
2;32692
6;32698
1;32711
186;32714
147;32716
3;32720
22;32721
2;32722
22;32723
160;32726
15;32744
9;32758
63;32765
606;32766
182;32767
6;32769
96;32770
15;32771
576;32772
25;32773
26;32775
15;32777
24;32782
1;32785
61;32787
2;32794
51;32797
169;32798
18;32799
18;32800
196;32801
170;32803
23;32804
5;32813
14;32817
39;32861
217;32863
27;32864
62;32865
74;32866
23;32867
25;32868
11;32872
158;32894
19;32897
32;32900
14;32906
145;32907
2;32913
8;32914
616;32916
31;32917
35;32919
28;32921
8;32923
11;32940
34;32954
47;32957
215;32958
35;32959
56;32960
3;32969
36;32978
45;32979
8;33002
34;33009
4;33011
11;33012
37;33041
61;33053
56;33054
26;33055
104;33056
10;33066
4;33074
33;33075
6;33083
8;33090
151;33097
35;33098
23;33103
32;33106
3;33109
43;33110
5;33141
97;33149
30;33150
278;33151
52;33152
16;33161
19;33170
13;33171
49;33172
14;33185
35;33193
17;33196
25;33199
25;33208
187;33245
41;33246
68;33247
221;33248
9;33258
17;33262
29;33266
34;33267
26;33268
64;33289
169;33290
9;33292
6;33293
67;33300
424;33341
3;33342
31;33343
54;33344
4;33347
187;33361
27;33362
11;33364
14;33365
25;33369
162;33371
10;33387
14;33388
40;33395
12;33396
2;33397
2;33426
176;33437
31;33438
23;33439
21;33440
17;33441
192;33442
46;33443
1;33446
3;33466
7;33467
16;33470
9;33471
191;33473
17;33474
42;33475
3;33476
20;33493
19;33494
8;33498
26;33499
17;33500
25;33508
149;33514
17;33533
32;33534
4;33535
15;33537
20;33538
9;33558
29;33560
28;33565
775;33570
3;33571
33;33572
6;33587
7;33588
34;33592
38;33593
9;33594
19;33595
154;33596
40;33627
199;33629
103;33630
25;33631
48;33632
158;33648
183;33649
20;33650
66;33651
10;33673
13;33676
17;33678
2;33679
30;33680
11;33683
6;33684
2;33688
334;33725
6;33726
42;33727
306;33728
2;33735
160;33738
13;33741
17;33744
34;33745
7;33746
6;33747
194;33748
29;33750
1;33757
12;33771
14;33772
26;33775
12;33781
49;33784
13;33821
51;33822
82;33823
29;33824
33;33831
32;33843
16;33865
17;33875
3;33876
21;33878
21;33880
97;33917
34;33918
48;33919
242;33920
17;33923
26;33935
34;33937
29;33938
36;33962
13;33963
6;33964
13;33967
19;33969
15;33970
557;33973
8;33974
20;33975
124;34013
63;34014
37;34015
32;34016
25;34020
40;34026
38;34033
8;34034
27;34035
8;34036
19;34038
28;34052
8;34054
34;34060
1;34066
1;34069
14;34072
13;34094
213;34109
67;34110
333;34111
95;34113
15;34114
220;34115
384;34116
6;34117
27;34126
8;34136
16;34141
25;34142
31;34143
160;34144
3;34147
24;34148
3;34162
25;34164
18;34165
26;34167
170;34172
30;34205
81;34206
46;34207
70;34208
111;34209
64;34210
90;34211
26;34212
24;34218
147;34223
170;34224
14;34227
13;34237
11;34238
36;34239
51;34240
185;34241
45;34242
25;34243
19;34256
6;34258
161;34266
10;34267
15;34295
182;34301
76;34302
225;34303
102;34304
14;34321
222;34323
12;34324
6;34336
16;34341
554;34344
26;34350
4;34354
27;34360
10;34390
11;34394
7;34397
217;34398
402;34399
31;34400
29;34419
27;34421
24;34430
24;34442
33;34445
23;34446
3;34448
10;34451
3;34455
45;34493
43;34494
83;34495
382;34496
15;34499
10;34500
26;34513
22;34514
28;34516
7;34524
24;34530
37;34537
33;34544
27;34546
1;34547
19;34548
3;34552
4;34564
45;34589
273;34590
30;34591
91;34592
2;34601
33;34607
6;34609
29;34610
30;34611
18;34621
6;34635
14;34637
23;34640
11;34642
3;34678
174;34685
56;34686
124;34687
236;34688
25;34691
9;34702
54;34705
25;34707
17;34708
14;34727
150;34729
6;34739
9;34740
16;34781
17;34782
38;34783
50;34784
17;34785
25;34786
25;34788
11;34797
9;34802
161;34813
19;34815
11;34816
9;34817
18;34820
45;34831
28;34835
48;34877
401;34879
83;34880
25;34881
176;34883
41;34884
27;34892
34;34897
45;34911
27;34912
338;34913
47;34915
13;34916
30;34917
8;34922
8;34927
17;34929
12;34936
12;34937
31;34940
26;34969
12;34973
27;34974
24;34975
20;34976
3;34978
23;34987
25;34994
7;34995
19;34996
23;34998
8;35014
1;35018
8;35020
16;35021
22;35023
38;35030
