sums of daily draw-off volumes
108.8
226.2
179
230.5
117.8
253
167.5
229.8
215.8
312.5
170
217.5
184
101
238.2
215.2
182
337.2
319.2
287
273
222.5
220.2
211.8
310.5
180
241.5
287.8
233.2
202
80.5
244
253
406.8
122.8
175.5
236.2
293.5
157.2
365.8
210
274.2
203.2
266
175
445
210.2
240.5
311.2
73
76.8
238.8
178.8
167.8
205.8
202.8
320.2
133
134.8
256.8
222
209.5
227
187
331.5
227
148
152.5
244.2
183.8
120.5
137
207.5
201.8
315.8
101.5
245
196.5
93.2
297.2
136.8
423.8
91.5
492
224.8
173
192.2
173.8
159
179.2
118
228.2
293.2
71.2
256.2
138.2
225.2
321.2
148.2
353.2
118.5
221
95.8
111.2
190.5
64.8
164.5
291.8
377.2
438.5
181.2
177.8
359.2
179
157
407
164
280.5
214.2
307
93.8
338.5
120.5
164.2
160.8
126.2
203.5
202.8
242
193.5
109
158
248.8
149.8
94
87.5
145.5
120
223.2
205.8
196.8
241
135.2
182.8
260
251.5
383.2
148.2
210.2
117
197.2
135.2
261
141.5
158.5
214.2
255.5
204.2
139.5
183.5
161.2
254.2
151.2
243
168
241.2
210.2
305.2
212
245
211.5
146.5
424.5
224.5
264.5
183.5
184.5
149.2
207.2
225.2
183
140.5
131
83.5
130.2
112.8
68
103
202.5
141.2
109.2
125.5
295.5
278
130.2
182.5
94.8
117
132.2
260.2
149.5
102.8
107.8
68.5
124.2
145.2
116.5
72
246.8
156.5
103.2
164
117.5
152.8
147.2
241
102.8
396.8
98.5
133.2
173
377
288
155.5
134.2
166.8
188
160.5
285.2
123.5
172.8
179
90
136.2
102.2
151
227
237.8
138.5
72.2
268.2
332.2
176.5
343.5
140.2
89.2
105
185.2
161.8
189.8
199.8
204.8
128.8
150.2
128.8
115.2
103.8
109.2
143.2
54.5
194.5
123.8
267.2
432.8
170
282.5
272.8
110.8
143.5
193
151.2
175
164.8
53.5
248
204.2
117.5
225.5
281.5
446
220
112.2
161.8
237.8
152.8
134
347.2
269.8
243.5
180
203.5
110
411.5
272.8
209
157.5
211
230
176.5
178.2
355
148.8
120.2
113
68
122.5
323.2
189.5
136.8
126
253.5
109
177
115
357.8
135
227.8
133.5
111.8
124.8
170.5
85.5
206.5
160.5
251.8
80.8
261.8
278.8
192
86
175
214.5
259
108
160
401.5
167
164.2
316.2
107.8
403
596.5
393.5
134.8
158
168.8
236.8
255
221.8
351.5
233.2
316
79.5
303.5
126.8
470.5
358.8
370.2
213.5
201.2
153.8
225.5
124.8
355.8
75.5
sums of draw-off volumes of each hour of the day
220.1
94.7
297.2
160.5
312.3
83.2
13703.5
17095
6432.5
1398.8
970.9
3777.8
3666.2
1438.4
2248.7
2952.2
3154
2088.5
2579
3214.2
2883.4
2681.8
1329.8
469.3
sums of draw-off volumes of each hour of weekdays
164.7
45.3
111.4
111.2
78.4
52.7
11521.4
11636.9
3374.2
561.5
755.5
3399.5
3410.3
1255.9
563.9
562
1006.8
1304.1
2386.2
2656
2148.6
1667.9
640.7
164.5
sums of draw-off volumes of each hour of weekend-days
55.4
49.4
185.8
49.3
233.9
30.5
2182.1
5458.1
3058.3
837.3
215.4
378.3
255.9
182.5
1684.8
2390.2
2147.2
784.4
192.8
558.2
734.8
1013.9
689.1
304.8
holidays of household(s), numbers correspond to day of year
