sums of daily draw-off volumes
59
41
24.8
32.2
32.8
25.2
26
13.2
16.5
194
49.5
36.2
14.8
13
12
34.5
25.8
26.5
3.5
51.2
10
22.2
163.5
16.2
6.2
17.2
164.5
45
12.5
19.8
20.2
65
88
86
19.5
59.2
14.5
25
19.2
49
17
24
26.8
109.2
10
33
20.8
24.8
32.2
13.2
38
64.8
10.5
109.5
60
53.8
98
44.5
32.2
53.2
14.8
61.2
126.2
3.8
5.2
16.8
55
51.8
58.2
23
22.8
90.8
55
13.2
27.5
26.8
51.2
141.2
17
11.2
25.2
55.5
70.2
103.2
22
16.8
168.8
168.8
12.5
10
63.2
19.8
31
1.8
17.5
13
33
74.5
29.5
17.8
14.5
19.8
21.5
24
19
141.2
43.2
24.2
8.5
9.8
41.5
46.5
2.2
42.8
41
80
45
37.5
95
36.2
140.2
8.2
13.8
3
2.2
13.2
28.2
25
12.8
17.5
31.2
78.2
19.8
12
28.5
61
11.2
8
29.2
99
24.2
44
47.8
10.8
19.2
11.2
20.5
60.8
7.8
11.8
7.8
13.8
34
7.2
150.5
58.2
34.8
18.2
18.5
6.8
1.8
64.5
54.5
58
101.5
17.8
13.5
22
51.2
11.5
65.8
13.2
20.2
23.2
19
12
25.8
41.5
32.2
14.2
21.8
83.8
2.8
47.2
13.5
9.5
17.2
20.5
92.2
57.2
51.2
37
17.2
17
23.5
38.5
42.8
5.2
6.8
54.5
25.2
18
5.2
32.2
39
61.8
10
69.8
8.8
45
17.2
26.5
17.5
64.5
95
60.8
8.8
56
61.5
8.8
9.8
6.5
13
29.8
46.5
12
44
14.5
13.2
17.8
24
62.8
10.2
57.8
14.5
196.5
77.5
21.8
6
91.8
70.2
11.8
58.5
19.8
39.2
109
10.5
20.8
18
154.8
12.8
60.5
30.5
6.2
8
31
56.8
40.2
53
23.5
20.2
25.5
10.5
28
11.2
24.2
14.2
5.8
8.5
71.8
13.2
47
131.5
49.8
43.2
27.5
42.5
61.8
115.5
10.5
63.8
16
44
25.8
62
28.8
61
98.5
45
59.5
5.8
21.5
17.2
66
15.2
20.2
54.8
24.8
24.2
36
98.2
31
31
7.5
22.5
11
60.5
8.8
27
18.8
0
3.2
78.5
35
68.8
107.8
18.2
77.5
96.2
6.2
17.5
11.2
2.5
9
21
158.8
24.8
105.8
15.8
167.5
20.2
23
13
66.5
200.8
43.8
61.2
15.2
102.5
60.2
31.2
121
33.2
0.8
14
8.8
33.8
20
56.5
48.2
38.5
50.2
14.8
76.8
18.5
29.8
66
15.8
9.8
9.5
16.5
8
59.2
19.2
13
sums of draw-off volumes of each hour of the day
48.1
12
28.5
18.5
17.5
91.6
2426.3
2903.3
1317.9
610.3
171.5
645.6
808
786.2
420.9
509.2
421.9
364.3
675.5
494.1
795.4
567.2
150.3
87.9
sums of draw-off volumes of each hour of weekdays
47.3
8.5
17.5
11.8
4
45.6
1922.3
1948.3
677.8
295.4
145.6
585.6
788.1
596.1
166.3
70.8
58.2
235.8
634.3
425.2
630.9
377.7
80.8
83.4
sums of draw-off volumes of each hour of weekend-days
0.8
3.5
11
6.7
13.5
46
504
955
640.1
314.9
25.9
60
19.9
190.1
254.6
438.4
363.7
128.5
41.2
68.9
164.5
189.5
69.5
4.5
holidays of household(s), numbers correspond to day of year
