sums of daily draw-off volumes
150.5
145.5
23
193
164.2
106
80
195.2
71.2
64
114.8
48.2
152.2
170.2
123
51.5
70
115.8
51.5
221.8
85.5
127.8
163
92.2
241.5
269
293.8
281
149.5
148.8
268.5
77
112.8
125
113.8
188.5
73.2
107
87.8
149.5
155.2
67
147
74.2
127
49.5
83.8
160.5
172
283.8
107.5
283.2
86
132.8
83.5
154.8
128.8
112.8
137.8
129.5
81.5
116
167
161
130
136.5
37.2
115.8
229.8
122
121.5
73.5
41.8
255.5
59.2
206
128.8
115.2
131.5
122.5
95
96.5
138.8
321.5
124
59.8
156.5
300.5
116
117
195.8
83.2
52.5
76.2
282.8
167.8
85.2
141
118
68.8
156.2
158.8
77
101.5
86.2
158
97.8
92
110.8
115.2
88.8
86
127
91
94
195.8
41.5
100.8
100
100
57.5
127.8
87.2
66
118.5
299.2
270
177.5
202.5
41.5
127.5
93
183.5
46.5
184.8
37
38.8
60.2
149.5
81.2
86.2
59.8
49.2
123
39
136.8
99
66.2
104.2
20.8
189.5
178.2
164.2
202.8
87.2
87.5
168.5
103.2
65
101.5
85.2
67.8
19.5
156
28.8
267.8
69
130.2
55.2
93.8
277
51
143.2
39
158.5
68.5
40.8
51.2
46.8
56.8
119.2
140.2
107.5
49
43
35.2
36.2
112.2
233
75.5
134.2
156.5
95.8
45.5
91
140
174.8
94.5
150.2
170
41.2
180
95.8
89.8
78.2
37.5
133.8
66.8
112.5
112.8
27.5
109.8
76
73.2
107.8
59
64
82.2
154.5
162.8
120
76.8
159.5
91.2
103
176.8
73
97.5
90
165.5
164
242
119.5
60.2
228.2
71.5
70
98.5
94.2
27
36
98
141.2
160
215.5
59.8
123.5
25.8
92.2
215
105.2
103
126.2
48.5
92.8
210
170.2
144.8
299.5
94.8
78.5
38
77.5
178.2
205.8
158.8
62.2
148.5
100.8
84.5
110.8
152.5
103
141.2
54
134.5
67
77.8
18
211.5
169.5
130.2
96.2
176.5
248.8
435
42.5
243.8
22.2
45.8
205.8
45.5
123.8
146.8
57
174.2
81
145.2
115.2
208.2
118.8
67.8
55.8
45.2
196.5
121.2
57.5
105.8
47.2
142.8
35.8
56.2
103.5
123.5
96.2
189.8
75
240.2
85
341.8
115.8
192.8
278.2
139
80
89
104.8
111.5
56.8
125
131
123.2
98
60.5
187.2
159
63.2
90
148.5
49
103.5
132.8
176
112.8
74
60.2
110.5
147.2
57
131.8
254
99.2
153
89.5
52
79
116
132.2
107.2
242
96
100.2
89.8
190.5
97.8
sums of draw-off volumes of each hour of the day
95.6
74.1
119.9
246.9
189.4
118.1
7406.1
9515.6
4141.2
970.9
540.9
2461.2
3301
967.7
1232.8
1736
1123.5
1411.4
1298.2
1591.1
2273
2239
710.5
182.8
sums of draw-off volumes of each hour of weekdays
68.1
37.8
73.2
218.2
54.4
31.8
5800.1
6397.3
2055.9
340.1
338.9
2288.2
3170.7
809.5
451.2
368
300.6
939.8
1128.4
1319.8
1722.7
1227.4
326.5
72.5
sums of draw-off volumes of each hour of weekend-days
27.5
36.3
46.7
28.7
135
86.3
1606
3118.3
2085.3
630.8
202
173
130.3
158.2
781.6
1368
822.9
471.6
169.8
271.3
550.3
1011.6
384
110.3
holidays of household(s), numbers correspond to day of year
