49;29
21;30
74;31
14;32
28;49
154;51
3;52
4;54
10;58
10;59
21;68
17;80
194;81
3;87
8;102
24;105
71;125
2;126
26;127
17;128
11;145
60;146
168;147
9;151
166;178
19;183
1;190
5;195
7;214
21;222
8;230
19;241
2;242
4;243
1;258
25;270
22;300
48;318
186;319
1;320
30;331
16;337
187;338
166;340
37;363
26;365
15;368
23;371
7;372
8;375
15;405
21;413
57;414
1;415
179;416
18;425
19;433
25;434
56;435
161;436
7;441
27;457
36;459
4;464
31;465
4;493
31;499
24;509
22;511
15;512
12;514
54;515
8;539
53;542
12;543
8;544
19;545
18;553
3;558
37;562
43;565
5;566
26;567
30;572
19;605
16;607
53;608
5;609
27;610
45;611
25;612
9;620
18;640
8;641
14;643
49;644
16;645
13;647
1;665
2;668
15;701
9;702
24;703
10;704
41;722
6;723
22;732
3;736
13;737
2;743
23;745
559;748
3;749
19;750
27;757
5;759
51;797
45;798
78;799
14;800
9;805
30;818
10;820
26;842
20;843
1;844
1;847
11;876
12;882
21;893
14;894
31;895
64;896
24;902
35;914
1;944
11;949
32;951
15;989
5;990
224;991
77;992
10;1001
31;1009
30;1010
20;1012
14;1034
6;1036
2;1038
16;1039
4;1040
5;1047
6;1085
14;1086
31;1087
35;1088
7;1094
2;1106
11;1108
9;1118
28;1135
12;1141
30;1142
8;1147
16;1181
24;1182
11;1183
83;1185
32;1187
37;1188
44;1197
45;1215
202;1217
31;1218
15;1219
5;1220
26;1231
38;1237
37;1264
32;1277
26;1279
24;1280
33;1281
51;1282
8;1312
6;1313
33;1314
15;1321
317;1330
16;1333
23;1335
23;1336
37;1340
27;1346
34;1373
11;1374
59;1375
20;1376
17;1390
20;1393
25;1394
2;1395
37;1396
1;1403
32;1411
156;1413
4;1418
47;1425
4;1469
49;1471
12;1472
10;1489
25;1490
15;1491
11;1494
5;1514
33;1518
17;1519
25;1528
19;1542
26;1565
42;1566
26;1567
40;1568
8;1583
1;1587
16;1588
15;1594
13;1604
26;1618
29;1619
19;1620
6;1657
331;1661
16;1662
36;1663
11;1664
14;1667
16;1672
12;1681
2;1703
19;1704
31;1757
9;1758
37;1759
24;1760
5;1778
28;1779
11;1780
22;1802
12;1805
21;1807
1;1810
5;1816
21;1825
23;1853
184;1854
27;1855
55;1856
6;1857
20;1858
68;1860
14;1863
19;1870
8;1885
162;1887
21;1890
26;1891
39;1892
14;1907
160;1911
20;1916
36;1950
49;1951
1;1952
15;1955
4;1956
2;1985
47;1986
165;2002
6;2005
17;2011
15;2045
43;2046
27;2047
40;2048
17;2049
1;2059
19;2065
164;2067
19;2075
24;2079
30;2084
8;2085
3;2090
18;2091
22;2094
10;2096
38;2098
13;2103
28;2114
76;2141
98;2142
27;2143
53;2144
22;2145
28;2161
6;2162
44;2163
29;2164
10;2187
182;2188
7;2189
35;2192
2;2195
3;2197
2;2198
45;2237
28;2238
41;2239
125;2240
25;2245
19;2282
28;2286
4;2293
25;2295
29;2296
28;2334
21;2335
9;2338
56;2354
558;2355
39;2377
16;2378
22;2383
31;2387
170;2388
16;2391
603;2429
74;2430
153;2431
169;2432
21;2450
8;2451
31;2462
17;2481
318;2525
2;2526
23;2528
157;2529
2;2531
59;2532
8;2540
18;2545
17;2561
571;2564
27;2622
16;2624
203;2625
14;2626
566;2627
2;2644
6;2646
29;2655
5;2656
72;2657
13;2658
10;2659
161;2680
1;2717
28;2718
51;2720
11;2737
9;2738
9;2740
26;2759
31;2763
164;2766
183;2771
32;2773
53;2776
5;2813
38;2814
8;2815
247;2816
60;2833
26;2834
67;2835
6;2839
24;2851
8;2861
7;2866
34;2869
65;2870
44;2909
52;2910
30;2911
33;2912
27;2923
18;2927
51;2929
171;2931
21;2932
13;2947
17;2957
28;2962
7;2964
562;2967
23;3005
35;3006
27;3007
78;3008
15;3023
7;3025
23;3027
21;3035
9;3041
15;3054
19;3055
36;3062
38;3101
20;3102
182;3103
158;3104
12;3107
1;3121
7;3124
28;3145
5;3153
33;3187
39;3197
22;3198
8;3200
21;3201
15;3202
19;3203
11;3204
155;3223
47;3229
17;3230
9;3231
8;3233
16;3234
28;3239
22;3242
30;3257
35;3266
65;3293
48;3294
46;3295
25;3296
16;3297
67;3298
33;3299
39;3300
3;3303
38;3321
8;3327
6;3328
26;3330
28;3375
43;3390
2;3392
165;3409
159;3410
152;3417
35;3423
5;3434
6;3435
158;3438
1;3440
107;3485
19;3486
60;3487
61;3488
14;3494
6;3507
3;3508
14;3530
8;3537
1;3539
37;3581
39;3582
16;3583
159;3584
3;3590
148;3601
9;3602
17;3638
86;3677
50;3678
37;3679
44;3680
36;3697
77;3699
10;3708
2;3734
9;3736
34;3773
50;3774
12;3775
198;3776
5;3777
165;3791
22;3794
22;3823
70;3831
20;3832
157;3866
13;3868
3;3871
169;3872
15;3873
31;3874
7;3875
153;3887
19;3901
7;3902
7;3913
17;3922
1;3926
12;3928
10;3932
11;3953
1;3958
17;3965
21;3968
22;3969
50;3970
18;3972
25;3997
27;3999
20;4001
28;4020
28;4027
25;4061
63;4062
205;4063
15;4064
11;4068
159;4082
24;4083
14;4084
34;4102
7;4105
7;4106
11;4113
10;4118
3;4119
6;4157
181;4158
39;4159
45;4160
1;4177
2;4195
23;4206
108;4253
21;4254
52;4255
36;4256
208;4273
27;4274
13;4276
15;4297
2;4300
26;4308
4;4346
8;4350
26;4351
21;4352
6;4369
28;4370
35;4371
36;4381
13;4393
4;4401
17;4403
12;4427
20;4445
43;4446
40;4447
15;4448
12;4466
3;4468
16;4491
10;4494
2;4500
162;4502
18;4525
187;4541
8;4544
2;4545
37;4546
47;4547
34;4548
167;4553
23;4576
25;4580
65;4584
12;4594
2;4595
15;4601
21;4635
23;4637
38;4638
183;4639
37;4640
22;4641
65;4643
14;4649
10;4671
13;4672
29;4673
25;4674
170;4689
7;4693
24;4694
1;4696
6;4697
15;4733
186;4735
26;4736
4;4739
4;4745
157;4764
153;4765
572;4785
18;4786
16;4829
8;4830
43;4831
8;4832
27;4833
23;4836
18;4849
34;4850
11;4851
6;4864
153;4875
25;4880
23;4884
4;4885
31;4886
13;4897
13;4925
201;4926
31;4927
15;4928
36;4931
14;4932
29;4944
158;4948
19;4967
34;4973
6;4975
556;4982
8;4984
3;5021
42;5023
175;5024
37;5042
20;5047
3;5061
13;5069
24;5074
27;5077
11;5108
40;5117
28;5119
168;5120
28;5121
6;5132
193;5137
16;5139
25;5162
9;5167
2;5169
5;5171
37;5213
33;5215
10;5216
38;5217
7;5219
16;5220
2;5227
6;5246
28;5251
1;5252
156;5274
19;5286
10;5311
4;5312
9;5314
65;5315
8;5325
9;5337
152;5340
29;5346
26;5347
29;5348
23;5353
25;5358
1;5364
18;5366
169;5368
19;5370
4;5372
3;5380
8;5405
47;5406
11;5407
57;5408
11;5426
25;5428
10;5442
162;5452
156;5459
25;5460
160;5501
74;5502
46;5503
49;5504
20;5505
3;5521
6;5523
30;5538
14;5546
22;5553
2;5554
25;5557
174;5597
54;5598
1;5599
197;5600
4;5618
8;5619
16;5634
47;5643
25;5648
25;5655
15;5693
186;5694
54;5695
164;5696
20;5710
25;5715
7;5726
13;5741
2;5743
25;5746
7;5751
2;5789
23;5790
66;5791
13;5792
7;5809
25;5811
150;5812
3;5832
37;5841
12;5860
6;5886
60;5887
6;5889
34;5890
78;5891
4;5892
6;5918
21;5919
47;5923
180;5924
7;5925
3;5941
30;5982
20;5984
337;5985
27;5986
22;5987
162;5988
17;6012
3;6013
1;6015
40;6016
9;6030
6;6078
6;6080
552;6086
27;6096
23;6097
28;6098
2;6129
72;6173
49;6174
30;6175
39;6176
171;6193
10;6205
25;6218
13;6219
21;6220
9;6224
10;6226
26;6229
16;6231
29;6240
53;6269
88;6270
158;6271
50;6272
7;6275
34;6289
39;6291
83;6320
1;6325
33;6327
10;6348
25;6365
10;6367
19;6385
40;6386
15;6387
2;6388
28;6416
32;6461
81;6462
36;6463
70;6464
26;6481
7;6495
27;6509
18;6511
163;6515
3;6516
559;6557
2;6559
16;6560
12;6561
27;6562
47;6563
11;6568
11;6594
204;6596
21;6609
9;6620
48;6653
23;6654
28;6656
4;6657
37;6658
16;6659
46;6660
15;6661
9;6686
12;6689
11;6700
161;6708
47;6714
14;6716
17;6719
15;6747
13;6749
190;6750
12;6751
153;6752
21;6766
35;6770
17;6771
9;6772
3;6792
18;6799
61;6845
33;6846
36;6847
70;6848
22;6865
27;6867
16;6884
9;6891
14;6894
6;6899
2;6916
17;6941
9;6942
90;6943
7;6961
11;6963
12;6964
6;6992
13;6999
5;7037
167;7038
2;7039
557;7040
22;7050
160;7057
27;7059
32;7081
36;7085
9;7094
5;7095
167;7134
15;7136
29;7154
5;7174
14;7183
7;7185
4;7218
17;7223
44;7229
63;7230
171;7231
39;7232
4;7233
16;7234
176;7235
30;7236
38;7239
15;7247
11;7261
13;7265
156;7267
17;7280
5;7287
5;7289
15;7302
11;7325
174;7327
5;7328
18;7329
13;7330
23;7331
2;7332
22;7351
17;7358
39;7359
32;7361
4;7362
41;7363
51;7364
25;7376
19;7377
4;7379
20;7421
162;7422
10;7423
24;7424
33;7425
26;7438
7;7441
52;7442
30;7444
23;7446
18;7465
6;7471
10;7473
40;7480
15;7517
185;7519
197;7520
18;7537
18;7540
28;7550
3;7561
7;7564
4;7568
10;7569
16;7575
25;7576
25;7613
227;7614
22;7615
66;7616
5;7618
11;7633
49;7634
28;7635
2;7636
20;7664
19;7666
16;7668
67;7709
18;7710
56;7711
1;7712
1;7715
10;7719
36;7729
22;7730
51;7732
11;7737
5;7745
15;7760
31;7762
8;7765
37;7766
11;7768
22;7777
21;7805
21;7806
63;7807
33;7808
13;7823
160;7825
34;7827
7;7860
12;7863
11;7887
24;7902
39;7903
21;7904
36;7905
30;7907
72;7908
25;7935
26;7938
11;7939
168;7940
37;7959
29;7960
5;7961
21;7967
24;7978
26;7994
21;7997
54;7999
191;8000
160;8001
19;8002
195;8003
27;8004
17;8016
38;8029
202;8030
199;8034
30;8035
22;8036
24;8050
20;8052
14;8055
3;8060
58;8093
71;8095
48;8096
176;8113
13;8122
12;8134
33;8141
31;8145
25;8146
16;8147
13;8160
25;8190
29;8191
69;8192
15;8204
15;8209
56;8210
30;8212
30;8284
33;8285
201;8286
15;8287
24;8288
9;8305
17;8306
36;8307
161;8308
11;8310
11;8313
20;8316
5;8320
21;8327
2;8341
30;8342
173;8381
197;8382
3;8383
42;8384
2;8385
161;8391
3;8403
25;8404
554;8411
26;8435
16;8440
3;8465
2;8478
176;8479
15;8497
34;8498
17;8500
26;8515
3;8518
164;8522
6;8530
18;8532
28;8566
4;8573
6;8574
58;8575
61;8576
20;8577
4;8578
13;8579
164;8606
16;8610
18;8611
42;8612
18;8620
5;8621
11;8625
6;8662
5;8665
12;8667
66;8668
51;8669
31;8670
14;8671
12;8699
13;8701
14;8702
5;8704
5;8721
549;8725
12;8745
20;8761
38;8762
26;8763
155;8764
9;8767
13;8771
37;8781
1;8784
21;8794
1;8806
56;8858
22;8860
1;8878
11;8879
38;8880
38;8901
35;8905
9;8915
28;8953
26;8954
36;8955
26;8973
15;9000
6;9001
18;9009
150;9012
11;9046
47;9050
6;9051
225;9052
180;9069
35;9071
27;9072
22;9097
27;9100
551;9113
5;9129
4;9136
185;9145
168;9146
27;9148
5;9150
31;9161
31;9165
39;9166
154;9193
22;9200
23;9241
50;9242
33;9243
7;9244
33;9245
32;9246
7;9247
6;9248
16;9264
3;9268
4;9273
18;9274
2;9276
8;9278
4;9299
30;9301
22;9302
17;9303
26;9312
14;9326
170;9329
12;9337
56;9338
21;9339
93;9340
10;9342
34;9343
17;9355
60;9369
59;9370
11;9371
7;9374
149;9423
6;9433
108;9434
34;9435
16;9436
40;9454
32;9456
30;9461
16;9465
17;9481
15;9484
9;9492
27;9529
11;9530
1;9531
16;9532
33;9536
30;9543
22;9550
10;9551
20;9560
6;9565
29;9574
25;9576
11;9577
3;9581
31;9586
65;9625
183;9626
44;9627
183;9628
22;9629
1;9634
52;9646
12;9648
29;9659
24;9681
1;9682
9;9684
25;9721
320;9722
14;9723
41;9724
14;9739
8;9741
50;9742
19;9743
10;9745
17;9760
31;9764
26;9766
33;9772
5;9775
22;9779
79;9818
29;9819
48;9820
25;9827
22;9838
16;9839
17;9840
34;9841
9;9863
28;9865
1;9873
21;9914
153;9915
25;9916
28;9917
12;9918
23;9919
14;9920
11;9946
10;9949
7;9950
44;9951
26;9956
17;9969
13;9971
2;9975
18;9989
8;10009
68;10011
42;10012
107;10014
18;10016
21;10043
19;10047
3;10048
29;10055
9;10070
3;10071
89;10105
314;10106
16;10107
32;10108
4;10125
22;10126
13;10127
24;10128
26;10134
17;10150
21;10152
7;10155
17;10156
30;10157
20;10179
20;10201
61;10202
15;10204
46;10222
10;10224
20;10245
156;10246
37;10248
6;10250
191;10298
66;10299
47;10300
4;10318
33;10319
8;10320
2;10341
2;10348
6;10352
9;10354
8;10378
178;10393
13;10394
38;10395
5;10396
18;10413
33;10414
7;10416
20;10426
28;10438
8;10439
24;10440
13;10442
32;10443
14;10449
4;10450
154;10489
20;10490
2;10491
34;10492
12;10508
29;10509
185;10511
11;10518
8;10530
6;10558
8;10585
29;10586
16;10587
16;10588
8;10590
7;10591
15;10608
160;10619
10;10620
25;10623
19;10637
10;10639
7;10642
4;10643
5;10644
3;10645
13;10646
26;10676
33;10681
41;10683
24;10684
10;10685
38;10686
7;10715
1;10717
32;10720
36;10734
39;10739
30;10740
27;10743
5;10771
18;10777
20;10778
170;10779
37;10780
4;10786
27;10787
9;10797
10;10800
6;10802
153;10803
10;10824
14;10827
25;10833
8;10873
24;10874
6;10875
19;10876
26;10893
160;10894
23;10895
26;10907
23;10915
24;10922
11;10925
14;10932
179;10969
12;10970
39;10971
65;10972
34;10977
12;11016
3;11017
1;11020
2;11021
29;11038
26;11065
12;11066
32;11067
33;11068
11;11082
555;11086
28;11087
21;11115
13;11116
6;11123
46;11124
2;11161
11;11162
77;11163
11;11164
2;11167
5;11184
9;11205
15;11209
14;11216
20;11224
9;11257
171;11258
30;11259
39;11263
6;11272
20;11282
25;11290
39;11293
11;11295
40;11310
13;11318
16;11345
30;11353
25;11354
62;11356
1;11357
2;11358
19;11360
157;11368
35;11386
7;11391
15;11392
8;11405
23;11414
56;11449
42;11450
61;11451
211;11452
12;11470
3;11471
11;11493
4;11508
36;11538
30;11545
18;11546
20;11547
64;11548
29;11553
6;11558
6;11566
13;11589
8;11593
46;11642
174;11643
23;11644
27;11661
11;11663
197;11664
15;11676
18;11698
89;11737
31;11738
159;11755
5;11759
21;11760
23;11768
14;11769
5;11784
2;11790
2;11831
17;11833
67;11834
58;11835
6;11836
12;11853
18;11854
25;11855
9;11862
33;11865
5;11884
12;11892
167;11922
35;11929
39;11931
27;11932
21;11933
8;11935
6;11963
14;11965
35;11966
13;11967
20;11968
9;11970
28;11984
9;11987
25;11989
18;11991
6;12025
17;12026
19;12027
603;12029
10;12030
166;12031
36;12032
13;12040
36;12058
31;12059
29;12062
16;12064
21;12067
2;12077
7;12081
171;12085
14;12088
23;12121
33;12122
14;12124
32;12125
4;12141
11;12144
20;12153
8;12165
14;12168
10;12170
22;12177
162;12178
717;12179
10;12191
190;12217
100;12218
165;12219
17;12220
12;12231
47;12238
31;12240
18;12245
22;12251
4;12263
24;12265
16;12270
14;12271
23;12272
27;12274
15;12310
9;12314
449;12315
47;12316
15;12317
29;12322
6;12326
164;12336
6;12345
30;12348
31;12359
9;12372
29;12409
31;12410
15;12411
27;12431
59;12432
5;12441
67;12507
171;12508
17;12525
14;12528
16;12530
7;12541
6;12550
39;12553
7;12555
9;12558
157;12559
34;12601
5;12602
18;12603
44;12604
45;12606
29;12607
72;12608
14;12634
30;12636
2;12637
3;12638
28;12639
25;12640
23;12658
33;12698
6;12700
51;12701
8;12702
27;12703
19;12719
18;12732
26;12740
14;12749
30;12753
335;12757
167;12758
42;12793
7;12794
67;12796
4;12814
10;12837
34;12840
11;12845
3;12847
8;12849
3;12869
22;12889
19;12890
11;12891
12;12892
30;12911
4;12912
559;12915
18;12922
20;12933
9;12934
17;12935
1;12936
14;12941
32;12987
16;12988
10;13000
31;13006
24;13007
12;13008
8;13009
15;13025
28;13081
1;13082
13;13087
27;13102
27;13103
23;13120
9;13129
27;13140
39;13177
80;13178
12;13179
6;13180
8;13188
16;13221
38;13226
30;13235
7;13236
5;13243
12;13273
13;13274
15;13276
32;13277
39;13279
58;13280
182;13305
45;13306
164;13311
10;13317
11;13325
10;13329
7;13335
12;13369
29;13370
3;13372
7;13373
21;13375
10;13376
2;13400
1;13402
17;13404
15;13405
17;13407
155;13422
36;13430
36;13465
188;13466
12;13467
28;13468
7;13486
25;13515
10;13519
36;13520
3;13521
32;13561
17;13562
43;13563
31;13564
25;13578
13;13581
4;13583
44;13584
7;13607
23;13609
22;13657
2;13658
55;13659
19;13660
4;13672
10;13677
23;13679
5;13692
15;13711
4;13714
38;13716
13;13753
6;13754
27;13755
42;13756
10;13759
144;13770
5;13773
33;13775
11;13777
157;13786
3;13803
34;13806
7;13811
4;13849
50;13850
47;13851
36;13869
8;13870
11;13871
47;13945
219;13947
20;13948
10;13950
61;13980
20;13981
16;13982
28;13983
27;13984
1;13991
10;14000
16;14002
35;14005
26;14006
11;14007
3;14042
163;14043
25;14044
20;14046
5;14048
3;14067
31;14074
9;14075
3;14076
6;14077
52;14079
18;14081
29;14090
1;14103
28;14104
10;14114
23;14137
10;14138
33;14139
21;14140
21;14157
9;14158
43;14160
37;14182
9;14185
18;14189
12;14191
2;14194
17;14196
40;14234
70;14235
33;14236
5;14241
169;14255
16;14256
6;14260
23;14266
9;14277
9;14282
28;14283
9;14297
21;14329
34;14330
6;14331
13;14332
9;14388
38;14425
40;14426
40;14427
220;14428
169;14445
28;14447
5;14463
26;14472
5;14473
27;14474
158;14478
2;14496
15;14521
355;14523
229;14524
29;14542
22;14543
40;14571
3;14572
20;14577
18;14617
39;14618
202;14620
14;14621
39;14622
30;14624
12;14630
27;14651
13;14653
170;14654
10;14656
29;14669
9;14672
12;14677
33;14680
32;14713
8;14716
39;14717
173;14718
59;14719
32;14720
19;14722
3;14723
164;14733
5;14737
31;14738
200;14748
8;14750
8;14752
30;14770
32;14810
73;14811
55;14812
2;14839
39;14853
31;14854
26;14858
3;14859
18;14861
17;14865
25;14868
28;14871
4;14905
74;14906
3;14907
163;14908
10;14927
25;14928
12;14944
25;14947
3;14955
15;14959
9;14961
7;14964
379;15001
201;15002
11;15003
24;15004
3;15011
43;15013
1;15027
3;15041
9;15060
41;15097
58;15098
34;15099
9;15102
36;15116
18;15118
4;15119
22;15126
159;15141
3;15151
29;15153
41;15193
4;15195
34;15196
16;15213
149;15214
15;15215
1;15242
13;15278
16;15289
31;15290
153;15291
14;15292
22;15293
25;15295
5;15296
10;15320
18;15321
9;15322
6;15325
1;15333
29;15342
7;15343
47;15346
20;15386
34;15387
45;15388
51;15389
14;15390
45;15391
8;15392
11;15419
18;15420
12;15422
32;15423
24;15439
27;15447
15;15481
73;15482
49;15484
16;15502
37;15504
9;15509
7;15519
22;15536
17;15537
14;15539
12;15540
21;15567
15;15577
9;15578
4;15580
1;15590
14;15600
14;15622
170;15673
20;15674
71;15675
38;15676
25;15680
161;15693
15;15694
45;15695
26;15696
1;15705
21;15723
19;15732
12;15742
26;15769
25;15771
3;15772
4;15789
30;15795
10;15796
17;15804
24;15865
38;15866
566;15867
155;15868
26;15885
2;15886
38;15887
164;15909
18;15912
20;15921
20;15922
192;15961
23;15962
4;15964
5;15965
21;15992
11;15993
20;16017
36;16048
37;16057
2;16058
12;16060
185;16062
14;16083
19;16090
22;16094
9;16095
4;16114
26;16116
155;16118
33;16139
38;16153
25;16154
43;16155
1;16156
13;16161
18;16172
22;16175
6;16176
7;16197
15;16200
11;16249
30;16250
189;16251
30;16252
19;16271
31;16294
7;16301
29;16303
14;16306
15;16308
22;16322
56;16345
8;16346
383;16347
336;16348
1;16350
22;16365
31;16367
16;16368
151;16370
28;16380
26;16393
28;16402
106;16442
21;16461
43;16463
1;16487
24;16500
9;16509
368;16537
17;16538
49;16540
22;16541
14;16558
31;16559
23;16560
27;16584
16;16586
6;16594
3;16634
5;16636
2;16637
33;16638
19;16640
19;16646
26;16650
10;16659
13;16667
26;16675
4;16717
36;16729
90;16730
171;16732
2;16733
18;16734
25;16735
23;16736
32;16738
18;16761
167;16764
7;16766
24;16783
17;16798
24;16826
30;16827
8;16828
38;16845
174;16868
32;16918
19;16921
10;16922
50;16923
1;16924
28;16925
4;16941
19;16951
14;17017
2;17018
36;17019
85;17020
10;17037
29;17038
6;17040
23;17050
38;17113
56;17114
3;17115
26;17116
6;17122
5;17135
21;17171
15;17172
17;17182
36;17209
9;17210
12;17211
27;17212
10;17231
35;17232
35;17244
22;17251
12;17254
29;17258
30;17307
29;17308
2;17309
20;17311
159;17312
30;17313
15;17320
6;17338
7;17340
11;17342
18;17350
148;17352
2;17364
154;17385
22;17401
6;17402
31;17403
38;17407
35;17408
151;17430
18;17431
14;17434
1;17435
37;17436
7;17437
29;17440
14;17455
3;17463
1;17471
2;17497
4;17498
22;17499
2;17500
9;17519
152;17520
9;17528
7;17538
155;17547
27;17549
11;17550
30;17556
6;17581
36;17593
20;17594
17;17595
39;17596
44;17613
9;17614
22;17641
3;17651
7;17675
58;17690
29;17691
19;17692
8;17693
20;17710
31;17712
19;17766
31;17785
27;17788
3;17792
3;17803
14;17805
14;17820
14;17826
10;17832
6;17843
91;17881
19;17882
15;17897
20;17933
163;17977
3;17978
3;17979
65;17980
57;17983
10;17984
34;18011
56;18013
14;18015
11;18032
3;18034
30;18039
23;18073
28;18074
22;18075
29;18076
22;18077
588;18078
12;18080
16;18088
9;18104
28;18107
11;18108
24;18110
24;18111
5;18122
22;18124
27;18126
7;18128
35;18135
55;18169
56;18170
36;18171
37;18172
14;18189
20;18190
7;18206
20;18214
32;18216
25;18223
23;18241
48;18266
244;18267
162;18268
7;18285
19;18292
2;18311
32;18329
11;18346
240;18361
202;18362
50;18363
15;18364
38;18377
27;18397
9;18410
10;18416
24;18419
22;18457
225;18458
35;18459
9;18460
7;18472
19;18475
34;18477
8;18478
13;18503
11;18504
1;18553
57;18554
37;18555
5;18556
18;18574
15;18579
14;18600
25;18610
10;18611
4;18630
18;18650
10;18652
31;18653
5;18654
37;18655
20;18656
3;18666
21;18682
8;18683
9;18684
160;18685
6;18688
9;18698
23;18702
8;18725
16;18734
9;18745
4;18747
39;18748
70;18749
29;18750
61;18751
28;18774
15;18777
11;18779
33;18781
11;18782
6;18784
3;18787
50;18801
167;18807
40;18841
61;18842
18;18843
166;18844
23;18848
6;18864
175;18867
22;18877
35;18891
153;18898
28;18937
186;18938
12;18939
14;18940
2;18943
32;18957
36;18958
33;18982
14;18990
21;18993
5;19010
24;19033
159;19034
159;19036
157;19037
18;19053
25;19056
22;19062
2;19080
30;19089
188;19129
199;19130
39;19131
9;19132
41;19150
20;19155
156;19156
22;19158
6;19168
30;19226
2;19227
13;19228
12;19246
36;19248
30;19269
23;19271
19;19272
184;19321
10;19324
23;19325
12;19326
189;19327
42;19328
38;19337
165;19356
27;19358
14;19372
5;19378
11;19383
5;19418
157;19419
43;19421
17;19423
21;19424
28;19425
1;19449
4;19451
36;19452
29;19454
9;19456
8;19474
22;19477
3;19478
9;19513
26;19514
5;19515
188;19516
38;19518
17;19539
3;19561
26;19565
28;19570
8;19571
11;19583
47;19610
5;19611
16;19612
9;19629
19;19630
2;19645
156;19648
2;19656
13;19659
9;19662
19;19663
2;19665
14;19668
14;19699
28;19705
25;19706
4;19707
16;19713
26;19725
5;19726
1;19728
24;19759
7;19764
3;19801
23;19802
88;19803
147;19804
8;19808
162;19811
11;19812
18;19822
32;19830
12;19843
22;19846
4;19857
5;19858
20;19897
46;19898
65;19899
12;19900
109;19919
7;19941
2;19956
6;19963
27;19993
41;19994
35;19995
16;19996
5;19999
48;20000
32;20027
158;20028
14;20029
2;20031
26;20032
31;20053
15;20059
9;20075
31;20088
31;20089
50;20090
37;20091
55;20092
28;20093
17;20095
80;20096
10;20117
20;20121
2;20124
19;20125
32;20126
30;20148
5;20186
19;20194
32;20205
12;20207
4;20225
34;20227
3;20230
1;20234
28;20281
53;20282
71;20283
15;20284
18;20294
8;20295
164;20299
15;20301
6;20303
32;20331
5;20335
4;20339
20;20344
13;20377
3;20378
9;20380
161;20392
17;20398
16;20421
23;20426
19;20429
35;20431
8;20435
40;20473
67;20474
11;20478
7;20495
160;20519
8;20523
17;20569
17;20570
16;20571
48;20572
24;20589
39;20590
37;20591
3;20600
9;20615
27;20619
10;20621
145;20624
39;20628
42;20666
16;20667
20;20668
4;20670
3;20674
19;20689
10;20697
27;20698
33;20703
34;20720
27;20723
1;20725
41;20762
5;20763
1;20765
38;20766
11;20768
38;20777
10;20781
19;20794
27;20800
35;20818
31;20821
43;20857
157;20858
16;20859
18;20878
38;20902
26;20903
17;20910
14;20913
14;20931
146;20953
48;20954
79;20955
25;20956
7;20975
35;20976
29;20998
14;20999
31;21000
10;21004
2;21005
3;21010
175;21012
195;21049
323;21050
20;21051
13;21052
4;21064
3;21070
26;21072
20;21088
8;21098
39;21100
82;21145
168;21146
40;21147
14;21148
23;21168
20;21190
31;21191
44;21198
7;21201
35;21202
16;21204
57;21241
26;21242
38;21244
3;21262
11;21266
146;21286
4;21288
22;21298
18;21326
167;21338
9;21339
5;21340
18;21341
15;21342
31;21343
9;21344
20;21346
31;21353
12;21355
20;21369
10;21370
5;21371
24;21372
37;21373
24;21375
13;21392
170;21400
38;21433
17;21435
21;21436
2;21438
7;21439
7;21440
12;21455
27;21465
185;21467
3;21470
27;21472
19;21486
23;21529
91;21530
167;21531
3;21532
5;21549
10;21550
9;21579
22;21580
22;21584
33;21585
27;21586
22;21601
34;21625
36;21626
195;21627
48;21628
166;21645
1;21646
25;21647
21;21648
151;21673
8;21684
166;21721
2;21723
11;21724
32;21741
32;21742
9;21743
27;21744
5;21751
8;21777
17;21798
16;21817
28;21819
184;21820
35;21837
3;21838
20;21839
10;21859
39;21861
6;21864
19;21874
13;21876
49;21913
53;21914
38;21915
10;21916
31;21917
25;21934
154;21950
13;22009
182;22010
22;22011
17;22012
17;22013
89;22014
162;22015
25;22016
12;22023
14;22041
16;22043
40;22044
39;22046
4;22048
10;22072
13;22101
19;22105
44;22107
46;22108
164;22117
4;22135
18;22137
4;22138
5;22140
9;22143
11;22144
153;22164
166;22166
29;22201
59;22202
177;22203
15;22204
12;22221
576;22222
20;22223
1;22224
6;22247
15;22253
25;22257
33;22259
11;22297
181;22298
3;22300
170;22318
5;22319
34;22320
15;22322
25;22329
5;22335
15;22344
14;22358
37;22393
49;22394
39;22395
39;22396
22;22416
6;22417
29;22440
17;22445
3;22449
161;22490
3;22491
10;22492
16;22509
8;22511
16;22512
25;22526
25;22529
561;22534
24;22535
35;22545
29;22547
10;22586
40;22588
15;22589
46;22605
39;22607
50;22612
24;22622
10;22629
9;22631
16;22638
27;22639
11;22681
8;22683
20;22685
41;22686
72;22688
30;22706
26;22714
24;22715
11;22719
18;22720
19;22721
10;22771
11;22778
34;22780
23;22783
12;22795
12;22802
2;22807
34;22810
168;22811
28;22813
29;22815
31;22830
43;22873
54;22874
98;22875
8;22894
32;22908
73;22928
35;22931
34;22932
21;22969
24;22970
6;22990
10;23005
23;23013
24;23028
19;23065
37;23066
6;23067
27;23068
26;23083
6;23085
9;23086
2;23087
9;23088
3;23111
16;23161
23;23162
241;23163
42;23164
6;23176
33;23181
1;23184
5;23206
17;23209
8;23223
5;23236
161;23241
75;23257
2;23258
41;23260
5;23277
20;23278
36;23292
28;23296
28;23307
164;23316
183;23355
19;23356
40;23359
66;23360
11;23385
6;23386
14;23387
22;23389
10;23390
161;23391
21;23392
5;23397
6;23402
57;23407
19;23411
26;23428
60;23451
48;23452
223;23453
8;23454
31;23455
13;23456
9;23465
23;23482
30;23483
156;23484
52;23485
23;23488
160;23512
39;23545
28;23546
18;23547
74;23548
17;23567
20;23568
21;23589
17;23593
5;23598
7;23625
17;23641
41;23642
15;23643
159;23644
5;23654
30;23661
173;23662
29;23664
6;23667
3;23688
2;23693
7;23700
8;23723
6;23737
27;23738
15;23739
1;23759
32;23761
14;23792
1;23833
69;23834
40;23835
12;23836
38;23853
32;23854
21;23890
156;23892
328;23929
51;23930
44;23931
52;23932
9;23944
7;23950
172;23956
16;23962
171;23963
10;23970
8;24017
4;24026
48;24027
23;24028
13;24030
1;24032
1;24040
10;24051
4;24057
8;24058
23;24059
22;24062
32;24064
2;24069
30;24077
30;24078
161;24080
1;24087
9;24115
8;24121
20;24122
20;24125
31;24126
159;24128
32;24156
7;24159
41;24160
25;24173
24;24174
28;24175
1;24177
7;24180
19;24217
56;24218
17;24219
19;24220
5;24223
161;24238
12;24259
11;24264
11;24271
181;24272
13;24273
31;24313
15;24314
42;24315
20;24316
36;24334
19;24335
15;24354
16;24369
30;24409
253;24410
3;24411
10;24412
19;24424
18;24431
29;24435
9;24469
207;24505
28;24506
50;24507
14;24510
28;24514
25;24520
34;24526
21;24528
35;24550
159;24553
40;24554
30;24560
169;24561
59;24601
27;24602
2;24603
22;24604
199;24621
8;24622
18;24623
9;24624
27;24632
155;24649
155;24662
151;24697
22;24698
1;24699
33;24700
16;24701
41;24702
24;24704
17;24724
157;24729
28;24731
53;24732
26;24736
10;24752
30;24795
165;24796
7;24797
22;24798
28;24799
9;24800
160;24804
166;24805
158;24812
11;24818
11;24821
182;24825
195;24826
12;24830
16;24842
2;24847
5;24850
19;24851
31;24890
58;24891
40;24892
152;24911
34;24928
4;24934
8;24938
32;24939
20;24945
6;24964
9;24985
52;24986
40;24987
29;24988
33;24990
23;25005
47;25008
10;25016
35;25020
1;25038
11;25040
18;25041
19;25082
1;25094
11;25101
29;25102
10;25107
2;25131
29;25132
26;25139
25;25140
4;25177
51;25180
13;25191
8;25195
22;25197
22;25198
29;25227
161;25236
13;25273
66;25274
14;25284
563;25295
11;25317
7;25320
24;25323
11;25326
4;25328
177;25369
21;25370
32;25371
172;25372
31;25373
177;25374
8;25375
28;25376
16;25378
12;25388
3;25400
8;25402
3;25403
23;25404
6;25405
1;25407
6;25419
23;25421
26;25424
26;25426
23;25427
1;25430
23;25465
155;25466
212;25468
7;25470
33;25472
17;25497
153;25498
3;25503
32;25521
18;25559
24;25561
7;25562
27;25563
40;25564
31;25581
25;25582
13;25583
35;25609
29;25612
196;25657
38;25658
26;25659
36;25660
25;25691
27;25701
6;25703
180;25705
26;25710
11;25712
23;25715
22;25753
180;25754
14;25755
159;25776
28;25800
40;25849
44;25850
6;25851
68;25852
47;25869
34;25870
2;25872
9;25882
30;25893
13;25894
5;25896
19;25901
5;25905
16;25907
11;25945
59;25946
172;25947
49;25948
8;25959
44;25966
1;25967
24;25991
18;25996
21;25999
34;26001
2;26004
35;26042
16;26043
41;26046
17;26047
177;26048
9;26069
33;26073
12;26078
158;26079
57;26080
19;26101
36;26102
5;26139
22;26141
31;26142
5;26143
31;26144
32;26151
11;26172
36;26173
27;26191
31;26193
164;26196
17;26203
21;26234
21;26235
181;26236
20;26243
26;26253
19;26254
255;26256
22;26302
23;26329
163;26330
2;26331
27;26350
1;26352
221;26425
167;26427
40;26429
26;26444
37;26447
16;26471
31;26478
48;26521
43;26522
21;26523
41;26524
25;26541
11;26542
19;26566
7;26569
28;26570
9;26573
16;26580
4;26611
25;26617
204;26620
13;26625
8;26633
12;26637
12;26666
7;26667
7;26670
19;26671
9;26714
10;26715
10;26718
21;26720
2;26734
7;26750
4;26752
9;26769
12;26809
3;26811
29;26812
41;26814
186;26816
20;26818
162;26820
31;26821
11;26839
18;26841
3;26842
25;26846
33;26847
22;26857
16;26859
33;26864
35;26865
166;26868
15;26901
18;26905
49;26906
16;26907
25;26908
160;26912
187;26925
145;26962
63;26963
8;27001
30;27003
32;27004
163;27020
10;27021
17;27045
26;27046
13;27052
23;27053
162;27055
37;27059
83;27098
3;27099
68;27100
18;27106
28;27119
32;27120
18;27126
24;27131
8;27151
20;27152
36;27153
21;27155
26;27157
34;27193
174;27194
27;27195
365;27196
20;27213
1;27228
17;27237
29;27238
39;27248
27;27289
60;27290
5;27291
31;27292
49;27309
36;27310
30;27311
186;27312
5;27321
566;27341
553;27385
199;27386
30;27388
158;27389
31;27390
11;27391
165;27392
163;27403
19;27409
163;27418
20;27421
12;27423
13;27424
1;27433
13;27441
7;27442
16;27443
3;27446
163;27447
15;27477
13;27482
3;27483
38;27487
22;27488
12;27504
1;27513
30;27517
1;27518
24;27534
4;27536
2;27542
5;27545
21;27570
21;27577
72;27578
23;27579
43;27580
20;27588
167;27593
53;27598
159;27600
24;27605
151;27621
197;27634
24;27636
25;27667
25;27673
19;27676
1;27693
8;27695
11;27706
31;27760
31;27770
4;27771
9;27772
13;27788
34;27789
14;27790
19;27801
12;27818
9;27823
7;27825
567;27853
13;27857
9;27865
31;27866
51;27867
33;27868
20;27872
14;27873
6;27886
8;27888
5;27891
3;27910
18;27916
19;27917
26;27923
56;27961
14;27962
41;27963
44;27984
13;27997
7;28006
7;28018
15;28054
18;28057
40;28058
109;28059
15;28063
160;28064
24;28091
33;28092
15;28093
8;28095
4;28096
8;28100
8;28113
31;28114
4;28115
3;28120
16;28153
170;28154
80;28155
24;28156
189;28157
4;28158
26;28159
9;28174
7;28177
5;28181
9;28189
6;28192
9;28204
26;28207
7;28212
45;28249
75;28250
18;28251
73;28252
1;28270
16;28279
149;28345
24;28346
34;28347
226;28348
17;28365
11;28366
25;28368
10;28378
13;28389
164;28390
7;28391
17;28400
18;28441
15;28442
7;28443
59;28444
12;28459
175;28461
4;28463
15;28464
19;28477
27;28516
30;28537
178;28538
176;28539
36;28540
19;28547
18;28558
6;28559
28;28566
34;28568
3;28583
26;28585
90;28633
43;28634
191;28635
5;28636
26;28642
38;28653
29;28654
12;28655
10;28679
13;28683
1;28688
3;28691
3;28724
40;28727
24;28729
16;28730
164;28733
9;28734
183;28735
102;28736
14;28749
12;28750
7;28761
6;28764
8;28782
34;28783
11;28784
19;28787
165;28790
9;28792
7;28797
16;28805
39;28825
19;28827
20;28829
43;28830
35;28832
3;28837
18;28841
23;28850
148;28852
10;28857
24;28861
15;28863
33;28873
29;28887
10;28921
59;28922
22;28923
153;28924
14;28927
7;28939
6;28942
30;29017
45;29019
49;29020
18;29023
23;29037
12;29039
15;29059
4;29070
16;29075
11;29076
4;29114
50;29115
25;29134
24;29136
37;29158
18;29164
23;29166
17;29213
41;29214
32;29215
173;29216
181;29233
7;29234
43;29235
16;29236
7;29238
9;29255
69;29257
21;29258
153;29260
17;29271
22;29309
5;29311
348;29312
18;29331
24;29332
8;29347
21;29349
18;29351
4;29358
7;29359
10;29368
4;29405
48;29406
20;29407
12;29408
10;29409
46;29410
38;29438
2;29439
5;29440
21;29443
11;29465
13;29466
44;29501
186;29502
53;29504
2;29505
35;29506
35;29507
7;29508
14;29538
1;29553
11;29554
26;29561
9;29562
33;29597
2;29599
39;29600
26;29620
37;29642
25;29646
11;29648
1;29652
11;29654
4;29655
3;29693
19;29694
78;29695
174;29696
34;29714
11;29715
37;29716
32;29732
14;29744
169;29746
3;29786
2;29789
46;29791
30;29792
5;29825
18;29836
39;29848
23;29885
68;29886
1;29887
59;29888
8;29892
35;29906
10;29913
21;29941
46;29981
161;29982
3;29997
162;30001
17;30002
5;30019
11;30025
3;30027
6;30028
18;30078
29;30079
16;30080
4;30081
80;30083
22;30084
14;30109
33;30115
24;30116
36;30123
201;30129
17;30134
10;30174
34;30175
11;30176
36;30177
22;30178
24;30180
16;30182
3;30197
11;30204
5;30208
3;30211
1;30212
31;30220
20;30227
2;30231
156;30233
405;30270
34;30271
180;30272
30;30291
27;30292
1;30293
17;30313
20;30320
19;30321
26;30327
27;30352
16;30365
16;30366
26;30367
43;30368
35;30385
3;30387
19;30388
10;30399
11;30411
20;30412
40;30413
6;30422
28;30423
586;30461
210;30462
10;30463
21;30464
19;30469
23;30482
8;30483
3;30511
35;30516
26;30519
20;30520
7;30557
12;30558
33;30559
4;30560
16;30577
146;30580
13;30585
22;30594
2;30605
37;30608
11;30611
9;30613
28;30616
27;30653
36;30654
233;30655
230;30656
30;30658
4;30664
571;30675
172;30676
27;30690
8;30698
29;30703
155;30742
45;30749
59;30750
7;30751
50;30752
24;30754
3;30755
36;30782
5;30783
55;30785
14;30787
10;30800
28;30819
14;30845
15;30846
15;30848
15;30849
43;30851
171;30852
17;30857
2;30859
10;30877
11;30878
24;30880
204;30881
6;30882
179;30883
17;30905
18;30914
22;30926
192;30942
24;30943
93;30944
156;30945
151;30948
33;30961
173;30962
22;30963
35;30977
6;30986
34;30987
147;30991
7;30993
27;31037
34;31038
200;31039
9;31040
20;31049
25;31057
158;31058
38;31059
23;31060
7;31073
8;31084
7;31094
56;31133
9;31134
2;31135
28;31136
4;31137
7;31153
169;31159
26;31183
5;31184
8;31185
6;31191
4;31229
19;31231
175;31232
3;31246
31;31250
45;31251
37;31252
17;31262
11;31271
12;31275
2;31287
3;31325
17;31326
86;31327
38;31328
17;31344
11;31346
22;31347
10;31348
19;31359
22;31364
23;31371
145;31373
6;31380
25;31421
26;31422
6;31423
6;31425
159;31426
32;31427
27;31428
29;31443
3;31455
2;31456
32;31457
15;31459
32;31460
3;31470
3;31473
1;31475
25;31479
9;31481
11;31483
81;31517
2;31520
26;31521
41;31523
5;31549
58;31554
6;31556
8;31567
24;31596
14;31613
58;31615
22;31616
1;31631
54;31633
18;31635
25;31636
26;31643
159;31648
7;31664
10;31667
52;31668
30;31671
45;31709
18;31710
23;31711
6;31712
43;31730
3;31731
32;31753
14;31754
17;31755
8;31756
152;31765
163;31766
173;31805
76;31806
170;31827
31;31852
12;31853
4;31855
21;31858
6;31863
13;31884
33;31903
5;31904
14;31921
47;31922
168;31924
17;31947
13;31948
12;31952
55;31954
2;31955
13;31960
12;31997
63;31998
60;32000
27;32007
10;32016
20;32024
2;32041
16;32051
32;32054
13;32077
8;32082
6;32093
43;32094
18;32095
17;32096
14;32097
43;32098
207;32100
6;32125
172;32127
10;32129
22;32132
5;32134
151;32139
14;32156
34;32189
26;32190
222;32192
8;32193
189;32195
12;32196
2;32199
18;32222
4;32223
40;32225
13;32227
25;32235
14;32245
7;32248
22;32252
5;32285
12;32286
93;32287
40;32288
3;32297
21;32305
46;32306
18;32307
15;32343
43;32381
61;32382
1;32383
15;32384
2;32402
15;32423
12;32425
24;32431
23;32438
164;32440
7;32477
4;32478
48;32479
14;32480
6;32491
383;32498
13;32500
22;32510
30;32529
33;32535
34;32536
39;32573
62;32574
6;32575
20;32576
32;32600
1;32620
36;32627
31;32670
222;32671
31;32672
38;32683
59;32690
5;32715
28;32722
7;32765
13;32766
7;32767
33;32769
159;32770
29;32772
2;32787
24;32789
10;32797
154;32804
33;32807
1;32811
9;32819
25;32824
25;32829
1;32860
15;32861
29;32863
23;32864
2;32866
27;32867
15;32868
152;32882
148;32893
5;32895
162;32897
6;32899
26;32907
5;32916
28;32917
28;32920
13;32922
19;32924
208;32957
9;32958
2;32959
26;32960
3;32987
162;32990
11;32996
14;33001
16;33011
35;33053
25;33054
53;33055
58;33056
31;33067
32;33076
30;33086
7;33100
19;33102
6;33104
43;33149
1;33150
26;33151
18;33152
34;33167
19;33170
43;33172
11;33175
14;33189
32;33199
56;33245
10;33246
73;33247
15;33248
5;33253
26;33255
5;33259
5;33264
4;33265
4;33266
30;33268
39;33295
170;33299
31;33341
37;33342
164;33343
39;33344
16;33349
12;33351
2;33360
8;33361
8;33362
10;33364
10;33385
10;33387
31;33389
8;33391
37;33394
1;33396
165;33406
4;33423
35;33437
5;33439
28;33440
15;33441
25;33443
4;33458
5;33459
9;33466
3;33473
31;33474
16;33475
15;33476
1;33478
15;33487
17;33497
12;33533
198;33534
181;33535
19;33537
15;33538
42;33540
36;33565
6;33567
2;33569
8;33572
8;33594
12;33604
10;33617
609;33629
23;33630
115;33631
73;33632
10;33638
8;33649
8;33651
30;33677
20;33681
21;33684
2;33685
34;33686
41;33688
26;33726
181;33727
34;33728
19;33740
15;33744
2;33745
42;33748
9;33757
19;33766
30;33774
11;33782
9;33788
5;33802
189;33821
36;33822
6;33823
7;33824
21;33836
63;33841
13;33843
170;33866
30;33867
14;33868
24;33870
3;33880
31;33882
17;33894
6;33917
32;33918
161;33919
31;33921
3;33926
23;33928
13;33934
4;33938
8;33939
27;33940
11;33969
22;33971
36;34013
14;34014
73;34015
4;34016
6;34029
9;34033
13;34035
40;34036
2;34042
4;34044
7;34060
10;34087
31;34109
43;34111
8;34113
56;34115
32;34116
41;34144
29;34145
13;34146
18;34147
35;34167
17;34182
26;34199
33;34205
17;34206
18;34209
20;34210
10;34212
7;34225
10;34227
3;34228
24;34232
161;34233
23;34237
18;34238
41;34242
11;34244
24;34252
1;34255
37;34301
168;34302
188;34304
28;34322
18;34324
14;34346
33;34347
24;34348
19;34358
8;34399
11;34400
51;34419
4;34420
5;34430
159;34434
165;34442
26;34449
13;34480
560;34493
16;34494
118;34495
12;34496
27;34514
166;34515
8;34526
16;34537
7;34542
21;34543
4;34550
9;34590
26;34591
13;34592
31;34595
150;34610
24;34611
27;34612
32;34620
24;34621
3;34632
13;34638
32;34648
13;34660
166;34685
8;34686
43;34687
18;34694
26;34707
30;34730
6;34732
31;34734
13;34736
47;34743
7;34779
4;34781
36;34782
10;34783
21;34784
18;34785
26;34786
28;34787
71;34788
20;34793
13;34812
26;34813
5;34815
44;34818
15;34833
15;34838
25;34877
11;34879
66;34882
15;34883
344;34884
5;34886
24;34892
19;34897
5;34905
22;34911
5;34913
22;34914
7;34930
22;34932
170;34940
12;34973
39;34974
40;34975
177;34976
28;34993
20;34994
3;34995
30;35008
14;35020
28;35021
