sums of daily draw-off volumes
250.8
177
132.8
266.2
208.2
295.2
244.2
110.8
139
136.5
317.8
470.2
327.8
198
106.5
103.8
213.5
226
199.8
220
242.2
352
184.2
513.2
146.5
313.2
221.8
234
145
110.5
74
120.8
143.8
307.8
199.5
246
325.2
199
263.8
80.5
176.2
195.5
169.2
140.5
69.2
235.8
119.5
171.5
153.2
316.5
163.8
207.8
155.2
157.8
117.8
169.8
180.2
349.5
265
253
152.5
244.5
235.8
133
128
247
208.8
84.5
155
227.5
195.2
317.8
189.8
183.2
167
238.8
163.8
357.2
201
217.8
219.2
155.5
184.8
226.2
165.5
229.5
255.5
282.5
186.8
180.2
136.8
206.2
95.8
106.5
112.5
150.5
133.8
298.5
175.5
263
238.5
266
360.2
93
186.8
223.5
175.2
182.5
155.8
120.2
215
149.5
363
176
323
218.2
199.8
270.2
452.2
269.5
283.2
218.5
182.2
209.2
324
278.8
227.5
246.5
514.8
81
236
254.8
86.2
151.8
152.8
90.5
346.8
146.8
160.5
207.8
310
175.5
190.8
238.2
221.8
115.2
323
185
241
201
163
112.8
198
160.8
252.5
127
186.2
175.8
331.2
178
161.5
121.8
204
161.2
184.8
78
187
145.8
269
154.2
188.5
249.8
190.8
213.2
196.5
108
256.8
115.8
205
207.5
187
186.5
256.2
66
82.5
227.8
77.8
109.5
134
104
97
185.5
167.8
150.8
544
337
142.8
78.8
80.8
172.8
153.2
196.8
149
147.2
71.5
171.2
149
156.2
314.2
165.5
216.5
258.8
96.5
184.5
178.2
281.2
260.2
120.8
137.8
121.2
93.2
204.5
202.5
147.5
70
367
83.2
170
175.8
342
279.8
294.5
405.5
70.8
69.8
416.2
218.8
202
201.2
157
184.2
137.5
159.8
281.2
355.5
65.5
297.8
239.2
139.5
151.8
204
163.2
123.5
106
157.2
83.2
178
190.2
241
244.5
303.5
135.8
193
157
207.5
181.5
178
122.2
46.5
55.5
94.5
179.5
280.5
138
144.2
279.2
312
266.8
130.8
186.5
126
233.2
314
219.5
70.2
358.5
114
182
308.5
234
207.8
204.2
84.8
337.2
176.2
115
210
113
258.2
168.8
239.2
122.2
164.2
120
164.5
150.8
432.8
163.5
138.5
148.5
152.5
83.2
72.5
192.8
158
195
401.5
137
223
160.5
305.2
335.5
180
169.8
215
102.5
369
450.2
338.5
125.2
292
197
278.2
353.8
175
238.8
161.2
115.5
253.8
87.5
191.2
258.5
237.5
346.8
135.5
217.8
80
182
199.2
148
121.8
170.2
124.8
342
180.5
407
249.2
223.8
181.2
149.5
96
196
377.8
297.5
214.8
sums of draw-off volumes of each hour of the day
222.1
208.3
198.7
113.7
220.3
259.3
14446.7
15799.4
7417.3
1747.1
1151.4
3390.4
4464.6
1365.9
1760
3396.7
2412.6
2061.1
2177.9
2688.3
3244.2
2749.4
1178.2
504.4
sums of draw-off volumes of each hour of weekdays
136.4
99
68.8
71.8
124
143.2
11678.4
11848.4
3816
516.1
725.9
3114.9
4244.5
1176.8
458.2
639.6
654.2
1574.4
1967.4
2006.4
2259.2
1540.4
484.6
241
sums of draw-off volumes of each hour of weekend-days
85.7
109.3
129.9
41.9
96.3
116.1
2768.3
3951
3601.3
1231
425.5
275.5
220.1
189.1
1301.8
2757.1
1758.4
486.7
210.5
681.9
985
1209
693.6
263.4
holidays of household(s), numbers correspond to day of year
