16;30
380;31
225;32
27;35
31;41
25;52
8;60
170;73
25;76
19;78
21;81
33;85
23;86
84;125
95;126
247;127
65;128
12;138
32;145
49;146
8;147
15;148
16;163
15;166
13;179
27;182
25;183
5;187
16;221
43;222
65;223
61;224
7;226
5;228
170;241
4;242
20;245
27;255
35;265
8;266
6;268
17;274
6;277
41;280
86;317
264;318
52;319
67;320
26;325
168;337
5;338
23;339
21;340
33;358
200;362
26;364
10;365
7;366
35;373
10;374
32;376
226;413
168;414
8;415
22;416
13;419
172;435
38;436
28;438
22;452
11;458
2;459
14;461
41;462
7;463
33;467
4;469
24;470
189;510
216;511
12;513
31;514
184;515
33;516
5;520
9;521
17;525
17;526
7;540
342;542
35;543
29;547
32;548
11;566
12;574
17;585
86;605
82;606
15;608
228;609
40;610
7;611
31;612
10;629
29;634
2;637
32;638
26;640
30;641
58;642
14;643
180;644
10;649
7;651
19;657
21;663
33;664
7;686
45;701
69;702
54;703
28;704
39;717
6;719
5;721
6;722
9;724
164;747
11;758
72;797
28;798
29;799
45;800
5;804
25;809
21;811
13;817
18;818
26;819
14;820
22;829
2;832
9;841
10;842
8;845
13;846
31;851
165;854
27;893
99;894
198;895
124;896
40;897
7;898
14;913
8;914
6;915
8;940
1;943
14;945
16;962
51;989
373;990
28;991
223;992
15;997
11;1008
61;1009
29;1010
201;1012
15;1013
1;1027
16;1029
3;1032
20;1034
172;1040
36;1048
213;1085
49;1086
572;1087
578;1088
164;1101
22;1105
20;1107
4;1108
8;1112
29;1116
19;1131
158;1134
21;1136
24;1144
25;1172
29;1181
209;1184
214;1186
9;1187
531;1188
20;1190
9;1199
4;1205
29;1213
11;1214
15;1216
51;1217
27;1218
10;1220
19;1221
1;1228
5;1233
16;1237
6;1238
30;1239
9;1243
32;1244
27;1264
14;1277
42;1278
33;1279
43;1280
116;1281
11;1282
36;1283
31;1284
7;1297
164;1304
4;1305
6;1309
11;1310
25;1311
44;1312
43;1314
36;1316
4;1325
6;1326
8;1329
13;1330
7;1331
21;1335
5;1338
34;1340
1;1344
6;1348
24;1373
98;1374
47;1375
37;1376
144;1397
19;1405
9;1418
6;1426
11;1428
25;1430
10;1452
84;1469
40;1470
29;1471
54;1472
10;1477
46;1489
21;1491
8;1492
10;1493
13;1498
15;1506
8;1514
40;1516
12;1518
9;1520
4;1522
2;1525
20;1565
341;1566
46;1567
40;1568
9;1579
19;1585
24;1587
26;1588
33;1599
7;1602
24;1603
25;1610
22;1616
21;1618
160;1622
37;1623
53;1661
177;1662
253;1663
63;1664
1;1675
24;1676
75;1683
15;1684
1;1687
10;1702
8;1705
25;1706
16;1714
160;1715
23;1717
228;1757
68;1758
83;1759
111;1760
15;1763
34;1778
3;1779
156;1780
20;1794
9;1800
2;1802
17;1803
10;1807
39;1814
4;1815
72;1853
25;1854
75;1856
155;1857
23;1858
100;1859
114;1860
1;1863
3;1881
44;1885
50;1886
8;1887
51;1888
42;1890
23;1891
19;1892
19;1895
8;1896
5;1901
5;1905
16;1908
15;1909
7;1911
2;1942
5;1949
9;1950
18;1951
211;1952
55;1953
13;1954
21;1955
24;1956
29;1983
17;1985
12;1986
178;1987
169;1997
34;2002
7;2003
6;2004
159;2011
339;2045
21;2046
587;2048
14;2065
199;2066
11;2068
26;2070
5;2077
37;2082
44;2083
28;2090
39;2099
35;2102
23;2103
66;2141
28;2142
102;2143
237;2144
12;2145
29;2161
155;2175
25;2177
10;2188
12;2189
23;2193
11;2196
27;2198
36;2228
52;2237
785;2238
38;2239
207;2240
6;2248
39;2256
602;2259
20;2260
3;2266
9;2274
9;2277
9;2287
35;2288
147;2291
22;2292
24;2293
2;2295
8;2296
8;2308
88;2333
33;2334
19;2335
42;2336
8;2341
8;2346
161;2353
8;2354
7;2355
23;2356
39;2377
29;2379
21;2381
28;2385
4;2386
27;2387
27;2388
6;2399
43;2429
65;2430
2;2431
51;2432
164;2436
26;2450
25;2451
10;2452
21;2455
3;2460
15;2461
53;2475
6;2481
715;2482
13;2483
7;2487
34;2488
61;2525
20;2526
6;2527
85;2528
1;2529
166;2530
25;2531
4;2532
29;2535
17;2540
14;2551
7;2557
9;2558
174;2560
29;2561
45;2562
18;2564
5;2566
25;2576
45;2579
46;2580
19;2584
8;2587
26;2588
3;2590
11;2605
1;2621
12;2622
8;2623
25;2624
55;2625
20;2626
28;2627
171;2628
164;2632
17;2633
10;2637
5;2638
18;2639
20;2640
14;2652
20;2653
5;2654
12;2656
32;2657
55;2658
3;2665
152;2673
19;2675
12;2676
13;2679
13;2681
21;2684
92;2717
43;2718
25;2719
30;2720
22;2722
9;2724
13;2735
16;2736
54;2737
23;2738
1;2739
27;2740
33;2766
23;2770
14;2771
148;2775
7;2776
35;2813
44;2814
38;2815
28;2816
31;2825
2;2828
11;2829
9;2833
17;2835
56;2836
33;2844
20;2859
11;2862
33;2863
54;2864
20;2866
70;2909
44;2910
42;2911
64;2912
9;2914
13;2929
11;2930
15;2932
3;2938
6;2956
13;2959
6;2968
13;2978
13;3005
48;3006
92;3007
14;3008
1;3016
3;3020
38;3025
48;3026
10;3028
5;3051
1;3058
9;3059
25;3061
163;3072
1;3089
16;3101
61;3102
73;3103
105;3104
26;3107
13;3113
21;3123
20;3131
18;3136
31;3145
162;3147
7;3157
3;3158
18;3159
159;3173
106;3197
17;3198
33;3199
45;3200
332;3201
82;3202
6;3203
40;3204
24;3212
11;3222
21;3231
34;3232
13;3233
240;3235
6;3238
27;3249
11;3252
5;3256
8;3257
11;3259
32;3268
207;3293
1;3294
150;3295
67;3296
32;3299
96;3300
3;3302
21;3303
23;3310
2;3312
13;3315
9;3326
13;3331
26;3336
22;3337
14;3345
31;3351
22;3353
4;3354
10;3356
50;3389
74;3390
341;3391
97;3392
12;3409
8;3410
73;3412
6;3423
21;3429
157;3433
8;3435
42;3436
25;3437
21;3442
40;3443
9;3445
4;3483
65;3485
59;3486
9;3487
67;3488
24;3491
17;3502
173;3505
15;3506
40;3507
42;3508
17;3532
7;3534
161;3538
41;3541
560;3544
30;3553
41;3581
18;3582
172;3583
43;3584
6;3598
15;3599
31;3601
184;3602
40;3603
13;3604
161;3609
12;3619
12;3625
18;3637
29;3677
126;3678
48;3679
72;3680
159;3687
2;3692
3;3697
23;3698
12;3699
155;3704
20;3709
168;3717
8;3728
16;3730
14;3733
33;3734
167;3735
6;3760
2;3770
18;3773
47;3774
12;3775
24;3776
7;3791
51;3793
2;3795
26;3796
16;3801
23;3802
13;3815
19;3822
44;3824
1;3827
11;3828
30;3848
14;3849
8;3869
24;3870
14;3872
42;3873
11;3874
49;3875
10;3876
149;3895
168;3901
10;3902
33;3903
42;3905
6;3906
32;3907
14;3922
16;3927
32;3931
1;3933
9;3965
26;3966
46;3967
50;3968
156;3969
45;3971
71;3972
25;3973
36;3985
23;3993
25;3997
27;3998
19;4000
20;4001
32;4002
14;4005
4;4018
36;4019
32;4021
7;4025
22;4027
30;4028
27;4030
84;4061
21;4062
22;4063
134;4064
8;4066
168;4081
20;4082
61;4084
7;4086
29;4108
30;4111
28;4112
27;4113
38;4115
167;4157
269;4158
20;4159
55;4160
9;4178
1;4179
2;4207
2;4212
9;4213
28;4214
28;4253
100;4254
19;4255
21;4256
15;4260
23;4274
5;4275
1;4301
3;4302
7;4306
3;4308
30;4311
22;4312
170;4341
66;4349
74;4350
52;4351
253;4352
18;4357
7;4360
146;4369
28;4370
45;4371
12;4388
8;4390
29;4393
12;4399
6;4402
1;4403
16;4405
7;4445
249;4446
62;4447
13;4448
22;4450
3;4466
22;4486
17;4494
22;4496
11;4497
3;4498
31;4499
16;4503
11;4536
8;4541
11;4542
43;4543
12;4544
32;4545
66;4546
16;4547
20;4554
23;4555
24;4562
168;4574
14;4576
41;4577
33;4578
26;4579
21;4580
13;4581
35;4585
12;4590
2;4594
4;4601
26;4602
25;4608
25;4623
40;4638
81;4639
48;4641
22;4643
39;4644
1;4649
1;4651
58;4653
148;4666
7;4669
9;4671
26;4690
64;4691
32;4696
12;4699
42;4733
33;4734
71;4735
225;4736
30;4743
752;4754
7;4755
52;4756
11;4783
33;4786
10;4792
4;4809
54;4829
74;4830
34;4831
348;4832
15;4838
34;4849
1;4851
4;4859
14;4873
26;4874
38;4884
9;4885
71;4925
57;4926
93;4927
109;4928
14;4936
7;4940
11;4943
25;4945
13;4947
23;4948
5;4956
34;4962
150;4963
7;4973
46;4979
11;4980
155;4981
17;4993
75;5021
41;5022
53;5023
76;5024
23;5026
16;5041
161;5043
6;5044
29;5048
17;5056
34;5069
18;5073
15;5075
13;5076
22;5078
5;5079
32;5101
18;5117
71;5118
54;5119
115;5120
21;5121
12;5137
10;5138
24;5139
176;5140
1;5150
4;5161
26;5165
30;5166
23;5167
14;5173
6;5185
22;5186
11;5192
14;5213
19;5214
19;5215
79;5216
38;5217
37;5218
16;5219
30;5220
16;5245
38;5246
13;5247
30;5248
5;5249
25;5250
19;5251
12;5252
2;5259
5;5266
9;5270
6;5280
32;5295
35;5309
34;5310
69;5312
9;5313
12;5314
32;5315
7;5316
4;5338
30;5344
30;5347
180;5365
22;5366
29;5368
154;5372
16;5377
111;5405
157;5406
58;5407
81;5408
10;5416
4;5425
47;5426
18;5427
176;5428
5;5432
12;5444
26;5456
9;5480
107;5501
87;5502
32;5503
758;5504
163;5507
29;5514
50;5521
29;5523
26;5528
17;5534
42;5545
2;5547
18;5548
6;5556
23;5565
8;5575
132;5597
184;5598
197;5599
243;5600
8;5607
14;5615
66;5617
9;5647
1;5653
29;5655
169;5663
170;5668
199;5693
7;5694
227;5695
30;5696
22;5703
45;5709
3;5713
32;5714
36;5716
5;5724
14;5742
38;5748
184;5751
1;5771
83;5789
101;5790
6;5791
184;5792
6;5794
9;5802
38;5811
32;5812
44;5834
20;5837
31;5842
34;5843
21;5845
24;5858
27;5867
23;5885
14;5886
42;5887
25;5888
96;5889
9;5890
242;5891
75;5892
9;5896
23;5901
9;5913
182;5918
27;5919
26;5921
49;5922
26;5939
16;5943
7;5946
27;5947
15;5981
16;5982
35;5983
30;5985
20;5986
164;5987
5;5988
22;6006
19;6010
14;6011
60;6014
22;6015
161;6016
52;6017
20;6018
26;6019
9;6020
20;6035
168;6036
61;6037
4;6041
4;6056
59;6077
55;6078
14;6079
106;6080
9;6095
28;6097
22;6098
18;6100
19;6112
4;6114
9;6118
5;6121
27;6122
8;6127
29;6129
13;6130
36;6131
61;6134
6;6135
129;6173
37;6174
68;6175
84;6176
5;6177
14;6195
5;6199
2;6208
164;6222
3;6223
1;6228
30;6268
87;6269
92;6270
87;6271
243;6272
19;6277
149;6285
3;6289
14;6290
8;6292
5;6293
54;6310
24;6320
6;6322
3;6326
164;6328
86;6365
38;6366
207;6367
289;6368
25;6385
37;6386
59;6387
10;6392
13;6400
23;6409
48;6415
26;6461
62;6462
29;6463
33;6464
4;6476
24;6481
8;6483
26;6484
9;6495
26;6500
5;6507
2;6510
6;6512
31;6514
7;6516
15;6517
25;6518
4;6533
11;6552
54;6557
166;6558
55;6559
8;6560
13;6562
35;6563
25;6564
27;6567
37;6572
14;6589
34;6591
21;6592
4;6593
12;6595
30;6596
21;6608
26;6613
23;6618
18;6630
17;6654
37;6655
58;6656
40;6657
1;6658
159;6659
169;6660
5;6671
13;6673
26;6677
169;6686
3;6687
27;6688
10;6689
8;6690
28;6691
64;6692
26;6706
2;6707
22;6712
6;6716
2;6717
11;6731
70;6749
35;6750
96;6751
213;6752
17;6756
169;6764
22;6769
9;6770
42;6771
8;6772
25;6785
19;6792
12;6794
16;6802
17;6806
3;6820
2;6825
33;6845
76;6846
68;6847
9;6848
17;6850
23;6861
14;6862
224;6865
310;6866
8;6867
25;6868
16;6873
9;6874
154;6884
6;6885
161;6891
10;6892
37;6893
37;6895
10;6896
12;6897
7;6903
224;6941
141;6942
64;6943
34;6944
23;6947
7;6959
168;6964
26;6977
16;6988
1;6989
10;6992
28;6993
8;6994
9;7005
103;7037
250;7038
31;7039
127;7040
3;7046
10;7050
30;7051
30;7057
15;7059
20;7060
37;7078
32;7079
22;7081
18;7092
5;7103
19;7132
56;7133
22;7134
61;7135
43;7136
2;7138
5;7148
17;7153
42;7154
32;7155
159;7156
7;7181
173;7188
11;7190
19;7192
167;7211
96;7229
20;7230
29;7232
6;7233
25;7234
27;7235
35;7236
177;7246
2;7263
18;7264
35;7265
188;7267
16;7272
29;7282
1;7283
2;7284
35;7285
27;7287
20;7292
17;7298
25;7309
5;7312
16;7315
14;7325
41;7326
16;7327
12;7328
60;7329
40;7330
38;7332
22;7336
8;7343
39;7357
84;7358
22;7359
33;7360
36;7361
33;7363
32;7377
17;7378
31;7380
11;7386
3;7388
161;7413
6;7418
417;7421
35;7422
334;7423
199;7424
154;7425
6;7441
28;7442
19;7444
10;7465
18;7466
24;7467
5;7471
7;7474
6;7477
12;7492
37;7496
14;7502
29;7513
57;7517
245;7518
97;7519
20;7520
18;7521
10;7536
45;7537
6;7547
161;7561
17;7562
11;7570
17;7572
8;7579
9;7598
230;7613
43;7614
78;7615
8;7616
154;7630
24;7633
29;7634
23;7635
5;7636
6;7637
4;7642
31;7644
3;7645
4;7658
8;7661
19;7662
5;7663
151;7667
18;7668
2;7671
17;7672
26;7694
101;7709
118;7710
205;7711
73;7712
9;7720
28;7725
13;7729
38;7730
21;7731
4;7732
32;7748
15;7749
11;7753
15;7758
4;7762
2;7765
162;7770
33;7805
221;7806
18;7807
60;7808
7;7813
50;7825
38;7826
49;7827
12;7833
36;7839
4;7850
29;7852
50;7857
15;7863
37;7901
40;7903
34;7906
57;7907
255;7908
5;7925
14;7934
7;7935
28;7936
12;7939
24;7953
4;7955
40;7956
170;7963
12;7967
1;7997
10;7998
44;7999
189;8000
50;8001
54;8003
23;8004
5;8008
1;8011
4;8023
38;8029
48;8030
160;8031
3;8032
45;8036
186;8053
26;8056
18;8059
29;8070
159;8093
70;8094
2;8095
58;8096
59;8113
23;8114
147;8119
1;8124
28;8137
34;8139
25;8144
27;8151
14;8189
241;8190
351;8191
165;8192
60;8202
6;8209
1;8211
10;8212
32;8234
25;8235
5;8241
8;8244
15;8272
555;8285
2;8286
107;8287
87;8288
24;8292
33;8296
20;8303
23;8305
43;8307
25;8308
18;8331
7;8337
22;8340
14;8342
27;8343
16;8371
88;8381
228;8382
23;8383
241;8384
17;8388
39;8401
212;8402
45;8403
29;8404
38;8425
4;8426
1;8427
26;8428
43;8429
36;8434
16;8435
5;8437
9;8438
14;8439
9;8453
63;8477
40;8478
61;8479
328;8480
27;8482
24;8484
17;8490
4;8493
17;8497
18;8500
27;8502
10;8514
31;8517
22;8521
10;8525
13;8533
25;8534
1;8535
7;8555
12;8560
13;8570
27;8573
13;8574
32;8576
26;8577
60;8578
54;8580
2;8587
25;8591
5;8593
39;8605
7;8607
65;8612
29;8613
164;8620
6;8623
11;8627
46;8629
15;8630
40;8634
23;8636
38;8665
56;8667
17;8668
29;8669
23;8670
53;8671
25;8672
35;8689
8;8696
29;8697
14;8699
33;8702
69;8704
7;8714
8;8717
66;8721
6;8723
3;8725
7;8726
18;8727
3;8734
5;8755
31;8761
258;8762
25;8763
63;8764
23;8765
20;8773
3;8776
8;8780
67;8781
62;8783
11;8787
21;8788
9;8800
148;8805
5;8809
7;8812
13;8815
17;8818
29;8820
2;8850
102;8857
38;8858
2;8859
29;8860
10;8861
12;8867
15;8878
28;8879
33;8880
6;8888
8;8897
9;8901
37;8902
1;8903
22;8906
13;8910
9;8911
7;8916
5;8933
88;8953
43;8954
65;8955
20;8956
13;8962
7;8970
47;8973
19;8974
14;8975
2;8979
8;8998
13;9002
6;9005
14;9008
21;9009
41;9010
11;9049
49;9050
42;9051
6;9052
19;9059
16;9069
3;9071
3;9072
18;9078
2;9084
28;9093
26;9097
19;9099
9;9105
185;9106
9;9107
5;9112
40;9145
55;9146
11;9147
50;9148
160;9161
32;9165
32;9166
27;9176
20;9186
37;9191
34;9193
16;9202
28;9204
24;9210
9;9214
27;9215
32;9218
153;9239
27;9241
25;9243
24;9244
14;9245
21;9248
45;9276
6;9277
44;9279
10;9280
9;9286
10;9291
12;9293
6;9296
8;9297
53;9298
6;9302
30;9310
26;9329
20;9338
13;9339
4;9340
50;9341
68;9342
47;9343
19;9344
18;9349
6;9360
11;9364
8;9369
56;9370
159;9371
15;9372
568;9373
62;9375
17;9384
18;9387
9;9404
11;9427
48;9433
68;9434
14;9435
67;9436
26;9441
11;9453
16;9454
191;9456
38;9461
14;9477
29;9479
18;9482
151;9490
73;9529
178;9530
97;9531
41;9532
40;9541
39;9550
72;9552
20;9553
33;9556
26;9557
2;9560
174;9564
162;9572
30;9573
30;9574
17;9581
11;9586
7;9597
93;9625
46;9626
218;9627
83;9628
20;9642
58;9645
13;9646
4;9647
6;9655
21;9660
31;9669
35;9673
15;9674
18;9676
10;9677
25;9679
20;9680
39;9682
26;9683
165;9684
8;9691
368;9721
48;9722
425;9724
15;9725
24;9741
31;9742
5;9743
11;9744
9;9747
21;9752
7;9759
12;9766
26;9767
25;9776
37;9777
6;9805
34;9817
602;9818
30;9819
222;9820
10;9830
12;9837
3;9839
5;9846
23;9847
10;9853
19;9855
29;9863
30;9865
7;9868
67;9869
17;9870
8;9872
122;9873
27;9874
4;9876
154;9886
39;9913
36;9914
43;9915
25;9916
33;9918
35;9920
11;9924
7;9946
12;9947
8;9948
28;9949
45;9951
4;9952
13;9971
33;9976
24;10007
194;10009
26;10010
2;10011
70;10012
8;10013
14;10014
5;10016
30;10019
15;10024
31;10027
12;10038
157;10041
14;10042
40;10043
33;10045
19;10046
9;10062
19;10065
25;10070
26;10102
305;10105
23;10106
92;10107
70;10108
7;10109
24;10110
31;10125
5;10126
18;10127
31;10128
30;10137
9;10139
154;10141
15;10148
16;10158
24;10163
14;10175
310;10201
45;10202
40;10203
41;10204
10;10215
17;10221
19;10222
21;10224
27;10239
16;10245
30;10246
16;10252
28;10253
26;10254
7;10256
11;10257
1;10260
36;10266
40;10297
288;10298
12;10299
190;10300
144;10317
18;10318
2;10319
10;10346
14;10351
12;10354
12;10393
35;10394
40;10395
47;10396
8;10409
167;10413
26;10415
21;10438
44;10444
8;10447
182;10448
6;10449
27;10450
60;10489
30;10490
1;10491
70;10492
16;10496
27;10505
153;10510
8;10511
33;10512
18;10523
33;10537
23;10540
8;10541
1;10542
4;10575
172;10585
12;10586
25;10588
12;10589
186;10590
33;10591
16;10592
17;10593
34;10617
32;10619
153;10622
62;10623
24;10624
23;10632
29;10635
2;10639
2;10641
15;10642
7;10645
22;10681
41;10682
38;10683
18;10685
11;10686
69;10687
32;10688
18;10704
27;10708
22;10713
1;10714
21;10715
126;10716
22;10718
17;10719
30;10720
10;10733
23;10735
50;10737
24;10769
136;10777
231;10778
20;10779
224;10780
5;10782
29;10788
31;10790
171;10795
5;10797
146;10799
32;10807
22;10808
24;10816
2;10823
162;10825
18;10829
11;10832
159;10836
31;10873
84;10874
32;10875
46;10876
164;10883
2;10890
17;10893
19;10894
28;10895
64;10896
10;10901
169;10917
8;10921
4;10926
24;10931
2;10941
164;10969
39;10970
60;10971
643;10972
24;10978
11;10982
175;10988
18;10991
54;10992
27;10999
3;11013
33;11018
16;11021
25;11026
240;11065
44;11066
39;11068
12;11084
32;11086
55;11087
10;11088
7;11089
33;11097
7;11098
162;11105
22;11110
17;11111
15;11112
15;11117
163;11119
10;11138
19;11155
181;11161
128;11162
15;11163
50;11164
9;11179
20;11180
35;11181
5;11182
71;11183
25;11184
11;11189
152;11194
5;11195
29;11208
5;11210
6;11211
5;11213
6;11216
12;11220
9;11257
37;11258
76;11259
193;11260
19;11261
159;11262
8;11263
15;11273
12;11289
28;11290
195;11291
45;11292
18;11294
28;11301
19;11307
9;11309
181;11315
1;11319
29;11320
157;11352
207;11353
559;11354
188;11355
19;11356
48;11358
150;11359
76;11360
4;11385
147;11386
27;11387
5;11388
15;11389
15;11390
56;11391
20;11392
16;11401
19;11405
15;11407
20;11412
19;11414
27;11415
170;11449
213;11450
27;11451
188;11452
39;11454
20;11465
2;11468
29;11469
37;11470
15;11471
10;11485
18;11489
14;11493
41;11499
15;11500
51;11503
18;11504
171;11505
214;11545
75;11546
574;11547
55;11548
3;11553
44;11567
35;11568
3;11577
6;11589
69;11590
18;11592
25;11598
12;11600
24;11629
53;11641
111;11642
353;11643
45;11644
11;11654
70;11661
24;11662
41;11663
7;11664
8;11678
23;11687
38;11689
13;11691
39;11697
14;11698
22;11722
68;11737
23;11738
19;11739
197;11740
32;11748
31;11758
34;11759
1;11777
2;11785
15;11787
22;11789
29;11790
32;11791
161;11794
19;11796
22;11808
1;11833
261;11834
234;11835
68;11836
158;11853
12;11854
16;11856
4;11874
17;11880
9;11881
17;11887
22;11888
18;11889
151;11920
192;11929
2;11930
175;11932
23;11933
31;11934
19;11935
69;11936
1;11939
2;11941
1;11943
28;11961
30;11962
30;11964
3;11966
198;11967
152;11968
154;11982
4;11983
2;11989
29;11991
39;12025
52;12026
182;12027
182;12029
9;12030
55;12031
16;12032
6;12043
9;12048
10;12058
174;12060
3;12061
12;12063
161;12065
13;12070
3;12075
16;12081
3;12082
170;12084
95;12121
18;12122
42;12123
188;12124
5;12125
158;12128
30;12141
60;12142
9;12146
13;12148
165;12172
25;12174
25;12176
16;12178
22;12180
31;12182
8;12192
110;12217
60;12218
5;12219
552;12220
5;12223
33;12237
17;12238
51;12239
10;12240
28;12250
27;12264
36;12268
32;12269
1;12270
4;12273
15;12274
20;12309
52;12313
264;12314
191;12315
199;12316
148;12329
17;12333
32;12335
735;12336
4;12341
14;12349
14;12350
9;12361
163;12362
6;12363
9;12364
182;12367
8;12408
32;12409
56;12410
19;12411
37;12412
16;12429
7;12430
37;12431
20;12445
11;12452
1;12458
41;12460
14;12463
14;12465
11;12466
624;12505
10;12506
47;12508
157;12510
11;12511
2;12516
6;12525
8;12535
15;12545
15;12548
3;12551
19;12553
5;12557
11;12558
11;12564
57;12601
30;12602
51;12603
18;12605
69;12606
53;12607
18;12608
30;12611
25;12623
23;12627
1;12628
23;12633
205;12638
2;12639
10;12640
3;12645
157;12647
37;12648
26;12654
163;12661
18;12664
28;12690
9;12698
38;12699
17;12700
31;12701
18;12702
5;12704
5;12707
38;12729
53;12731
6;12732
20;12733
15;12736
8;12740
20;12749
26;12755
8;12757
97;12793
11;12794
200;12795
7;12796
21;12813
17;12815
14;12816
25;12844
40;12852
175;12861
26;12866
8;12889
200;12890
124;12891
61;12892
35;12909
30;12911
26;12923
18;12933
24;12934
20;12938
19;12943
15;12944
5;12960
78;12985
12;12986
18;12987
38;12988
20;12989
9;12997
62;13005
8;13006
9;13010
16;13018
10;13031
23;13036
24;13043
35;13044
2;13072
227;13081
32;13082
3;13083
753;13084
60;13101
198;13104
5;13108
21;13121
10;13126
7;13129
38;13137
22;13149
9;13152
54;13177
21;13178
54;13179
230;13180
18;13200
35;13202
2;13216
9;13223
4;13228
160;13232
3;13273
59;13274
30;13275
47;13276
32;13278
12;13279
4;13280
187;13284
12;13297
24;13298
7;13305
80;13310
26;13311
5;13312
21;13326
5;13327
16;13329
40;13333
32;13334
6;13353
10;13369
15;13370
26;13371
49;13373
16;13375
192;13376
17;13384
3;13385
12;13386
165;13401
12;13404
19;13407
167;13408
10;13421
27;13422
26;13425
1;13426
5;13427
25;13428
28;13429
14;13455
20;13465
35;13466
645;13467
239;13468
22;13472
29;13477
14;13485
34;13487
39;13493
9;13510
38;13514
10;13515
32;13516
25;13521
7;13523
28;13531
81;13561
248;13562
108;13564
29;13573
2;13579
25;13581
73;13582
32;13583
22;13584
28;13587
10;13590
15;13594
29;13620
227;13657
151;13658
39;13659
48;13660
8;13662
23;13663
9;13665
20;13669
31;13677
4;13678
34;13680
12;13698
23;13703
10;13705
8;13707
15;13710
35;13711
1;13713
50;13715
15;13716
398;13753
35;13754
69;13755
175;13756
26;13763
29;13769
21;13774
19;13775
35;13789
23;13797
46;13802
7;13803
14;13804
21;13809
25;13810
10;13812
23;13827
31;13849
78;13850
444;13851
8;13852
29;13855
7;13856
15;13859
10;13870
4;13872
160;13893
37;13896
10;13900
11;13902
20;13908
7;13942
50;13945
6;13946
2;13948
1;13949
211;13952
9;13959
4;13976
34;13977
31;13978
25;13981
27;13996
8;14001
18;14003
28;14006
171;14041
5;14043
51;14044
175;14045
14;14046
26;14047
63;14048
27;14053
168;14073
23;14088
1;14093
564;14094
4;14103
54;14137
61;14138
67;14139
265;14140
9;14153
188;14158
33;14159
19;14160
13;14183
8;14192
21;14193
2;14196
43;14233
218;14234
22;14235
37;14236
2;14243
24;14244
21;14248
34;14253
1;14254
14;14256
5;14264
157;14275
151;14279
26;14280
152;14282
26;14284
22;14288
9;14289
81;14329
81;14330
234;14331
189;14332
29;14335
31;14338
36;14352
21;14375
20;14381
24;14382
47;14384
6;14386
5;14387
41;14425
220;14426
90;14427
56;14428
17;14445
24;14447
14;14451
13;14457
4;14458
22;14460
9;14461
30;14464
4;14465
20;14469
37;14473
29;14474
22;14480
15;14513
43;14521
81;14522
176;14523
92;14524
3;14537
7;14542
6;14543
5;14556
9;14560
13;14570
1;14588
45;14617
14;14618
18;14619
66;14620
50;14621
177;14622
16;14623
42;14624
16;14625
8;14639
29;14649
4;14650
9;14651
4;14652
5;14653
89;14655
2;14659
10;14669
159;14672
23;14680
6;14684
35;14694
15;14714
20;14715
27;14716
51;14717
34;14719
24;14728
5;14738
160;14745
38;14747
1;14748
24;14749
4;14750
12;14751
162;14765
11;14766
20;14774
19;14794
196;14809
84;14810
29;14815
17;14828
179;14829
15;14830
4;14831
18;14832
174;14858
18;14864
53;14865
185;14867
19;14868
21;14883
7;14884
2;14897
194;14905
87;14906
20;14907
4;14908
15;14917
14;14928
12;14935
35;14946
33;14949
26;14957
23;14959
15;14964
9;15001
60;15002
1;15004
159;15006
11;15021
14;15022
5;15023
48;15027
10;15030
25;15033
149;15038
4;15039
33;15043
29;15045
159;15047
29;15051
30;15097
40;15098
10;15099
61;15100
4;15108
2;15109
19;15117
150;15118
31;15119
162;15139
28;15141
163;15150
3;15152
24;15174
11;15182
48;15193
385;15194
237;15195
3;15196
17;15198
15;15199
47;15213
27;15214
27;15215
34;15216
10;15221
11;15236
183;15240
42;15241
15;15247
27;15253
162;15261
2;15281
15;15289
27;15290
12;15291
7;15292
35;15293
15;15294
4;15295
45;15296
12;15302
3;15303
54;15305
1;15321
5;15322
33;15323
14;15324
166;15326
26;15327
27;15328
171;15341
38;15343
13;15386
46;15387
26;15388
78;15389
31;15390
60;15392
179;15393
12;15408
11;15415
39;15417
24;15418
15;15420
8;15421
17;15423
27;15424
13;15437
7;15439
40;15441
35;15481
113;15482
16;15483
31;15484
12;15486
5;15501
159;15504
4;15505
6;15522
62;15526
12;15528
23;15539
9;15540
384;15577
101;15580
17;15593
2;15597
28;15598
5;15599
25;15600
24;15603
16;15604
32;15611
27;15625
155;15630
22;15665
20;15672
4;15673
189;15674
40;15675
30;15676
13;15681
34;15692
160;15695
32;15696
32;15697
5;15715
18;15721
17;15723
16;15724
13;15725
4;15757
7;15763
34;15769
32;15770
194;15771
204;15772
6;15777
31;15782
2;15784
39;15786
8;15787
53;15789
35;15790
29;15791
32;15792
21;15798
4;15809
2;15823
2;15826
8;15855
2;15864
8;15865
56;15866
35;15867
43;15868
16;15885
1;15886
26;15887
2;15888
25;15897
12;15911
18;15913
7;15916
25;15918
23;15919
5;15920
73;15963
148;15964
163;15966
60;15967
38;15968
3;15974
4;15976
27;15981
46;15993
17;15995
11;15996
5;15997
45;15998
31;15999
37;16000
12;16009
26;16017
2;16019
15;16035
28;16038
44;16057
65;16058
38;16059
34;16060
19;16061
79;16062
37;16063
21;16064
21;16065
1;16073
15;16079
27;16081
4;16084
34;16089
21;16092
30;16094
10;16104
5;16109
1;16111
19;16114
12;16115
3;16116
158;16153
178;16154
184;16155
81;16156
39;16161
17;16174
158;16175
13;16191
35;16197
174;16199
7;16200
32;16202
59;16249
33;16251
1;16252
155;16267
43;16271
16;16274
153;16294
16;16295
9;16297
35;16298
25;16300
17;16303
23;16304
32;16305
21;16345
46;16346
283;16347
21;16348
32;16356
29;16365
181;16366
6;16367
19;16368
11;16371
25;16389
20;16395
31;16400
29;16401
5;16424
343;16441
77;16442
212;16443
119;16444
8;16462
4;16463
3;16481
154;16485
12;16487
21;16491
4;16492
15;16494
5;16495
17;16499
37;16532
15;16537
8;16538
20;16539
36;16540
26;16558
5;16559
184;16560
156;16562
166;16564
9;16582
9;16583
12;16591
21;16593
28;16595
31;16601
12;16633
10;16634
172;16635
39;16637
209;16638
2;16639
73;16640
8;16641
22;16662
30;16665
66;16668
8;16670
48;16671
32;16681
5;16685
9;16686
11;16689
39;16690
12;16693
8;16695
38;16696
39;16729
33;16730
21;16731
29;16732
6;16733
49;16734
15;16735
49;16736
29;16747
18;16750
160;16751
28;16754
14;16759
28;16764
32;16765
15;16786
190;16787
7;16788
21;16790
3;16791
38;16825
76;16826
14;16827
23;16828
8;16840
7;16843
28;16845
180;16846
25;16847
2;16849
11;16859
16;16872
1;16873
3;16879
59;16921
199;16922
250;16923
31;16924
12;16940
47;16941
11;16942
33;16943
25;16944
21;16947
34;16948
8;16954
28;16963
32;16965
19;16969
21;16971
164;16972
18;16977
15;16984
13;16993
13;17012
43;17017
13;17018
1;17019
20;17020
25;17031
9;17038
25;17039
34;17040
2;17057
13;17060
24;17065
8;17070
14;17072
11;17074
158;17075
20;17076
17;17082
9;17108
2;17113
172;17114
28;17115
145;17116
158;17118
18;17134
36;17135
158;17136
32;17161
62;17162
19;17209
215;17210
19;17211
192;17212
13;17229
172;17230
4;17232
18;17256
171;17258
7;17260
3;17291
16;17303
17;17305
170;17306
164;17308
7;17309
55;17310
43;17311
31;17312
15;17324
30;17339
11;17341
7;17342
56;17343
62;17362
3;17365
18;17368
40;17376
17;17396
55;17401
314;17402
43;17404
10;17405
51;17406
38;17407
4;17408
22;17435
59;17437
36;17438
11;17440
9;17445
9;17456
3;17458
17;17459
13;17463
35;17464
15;17481
439;17497
39;17498
181;17500
12;17508
36;17518
1;17520
14;17533
156;17536
38;17540
2;17542
35;17550
35;17553
22;17566
94;17593
20;17594
30;17595
56;17596
17;17615
4;17616
4;17619
34;17627
5;17644
32;17690
48;17692
5;17701
164;17710
29;17711
1;17712
27;17727
16;17734
8;17737
2;17785
649;17786
62;17787
7;17788
23;17789
16;17791
12;17796
6;17797
31;17806
7;17808
8;17810
9;17826
20;17830
5;17836
13;17837
25;17839
5;17848
11;17854
3;17881
7;17882
218;17883
45;17884
20;17902
17;17918
1;17927
24;17977
5;17978
4;17979
45;17980
43;17981
8;17982
15;17983
23;17984
7;17989
57;18009
19;18011
25;18013
151;18014
6;18017
6;18030
37;18072
175;18074
16;18075
11;18076
3;18078
13;18079
6;18080
17;18091
20;18110
39;18128
163;18129
2;18131
14;18134
20;18136
2;18162
158;18169
65;18170
74;18171
2;18172
20;18188
19;18190
28;18191
31;18202
17;18222
17;18253
55;18265
164;18266
27;18267
12;18268
10;18273
19;18279
30;18286
14;18309
18;18311
22;18332
31;18361
20;18362
220;18363
47;18364
35;18365
152;18375
3;18376
32;18381
158;18396
26;18399
18;18414
68;18457
25;18458
8;18459
30;18460
28;18479
168;18480
17;18482
29;18488
6;18489
18;18493
23;18495
159;18503
23;18505
3;18509
40;18510
26;18512
3;18539
81;18553
17;18554
39;18555
31;18561
18;18567
12;18576
17;18598
163;18601
153;18602
17;18606
17;18607
10;18609
25;18623
32;18627
46;18649
3;18650
11;18651
74;18652
18;18653
20;18654
6;18655
15;18656
555;18660
4;18663
177;18681
39;18682
7;18683
351;18684
8;18685
22;18686
28;18687
22;18692
166;18701
12;18704
28;18706
34;18708
152;18709
187;18710
159;18717
22;18733
156;18745
22;18746
24;18747
50;18748
24;18749
43;18750
152;18752
25;18772
162;18776
28;18777
25;18778
18;18780
201;18782
165;18784
156;18798
32;18799
37;18804
6;18807
225;18841
41;18842
7;18843
81;18844
9;18863
43;18864
22;18880
10;18886
2;18887
17;18888
27;18891
24;18893
16;18894
28;18896
19;18899
50;18937
46;18938
64;18939
19;18940
13;18948
16;18957
57;18958
1;18981
1;18986
18;18989
9;18991
21;18996
37;19033
43;19034
62;19035
31;19036
32;19039
2;19053
4;19054
61;19055
25;19073
19;19081
2;19082
5;19086
20;19129
51;19130
71;19131
251;19132
29;19134
11;19149
23;19151
171;19152
3;19164
15;19174
41;19176
5;19184
140;19225
10;19226
90;19227
56;19228
23;19245
1;19246
169;19247
25;19253
24;19258
8;19263
16;19270
5;19274
26;19278
20;19279
158;19320
65;19322
24;19323
11;19324
160;19326
2;19327
21;19328
3;19332
28;19334
16;19350
26;19353
25;19356
41;19360
3;19366
22;19370
16;19374
3;19375
155;19383
8;19392
219;19417
3;19418
183;19420
6;19421
25;19422
5;19424
19;19445
11;19449
22;19450
13;19454
6;19455
1;19457
6;19460
9;19470
1;19475
34;19476
19;19477
14;19479
31;19506
151;19513
57;19514
121;19515
38;19516
8;19518
6;19523
21;19526
39;19533
18;19534
24;19536
13;19546
13;19548
9;19558
11;19561
4;19563
25;19565
70;19609
74;19610
23;19612
27;19627
7;19629
7;19630
6;19632
3;19663
33;19668
36;19670
152;19705
229;19706
46;19707
54;19708
21;19719
4;19726
43;19728
7;19733
33;19737
5;19738
21;19756
25;19758
8;19760
7;19761
30;19764
40;19801
196;19802
75;19803
61;19804
14;19818
166;19821
21;19823
18;19824
4;19846
1;19858
167;19897
44;19898
182;19899
99;19900
11;19915
84;19920
2;19941
29;19943
7;19949
53;19994
208;19995
7;19996
18;19997
15;19999
81;20000
27;20017
17;20018
187;20025
25;20027
31;20028
13;20031
566;20032
4;20039
2;20051
3;20052
28;20085
32;20090
12;20091
22;20092
45;20094
39;20095
30;20096
24;20121
3;20123
167;20124
28;20125
6;20127
15;20128
156;20130
32;20143
5;20144
10;20148
8;20151
383;20185
258;20186
34;20187
72;20188
20;20195
3;20199
30;20205
4;20206
5;20207
10;20208
8;20211
25;20231
14;20237
5;20260
204;20281
38;20282
219;20283
213;20284
160;20291
9;20293
56;20301
31;20302
10;20303
13;20308
3;20333
57;20338
17;20339
3;20375
4;20377
42;20378
4;20379
26;20380
24;20383
6;20397
19;20398
21;20399
3;20426
32;20429
9;20431
10;20432
3;20435
180;20436
28;20450
22;20473
27;20474
194;20475
179;20476
20;20493
2;20495
168;20496
2;20514
29;20516
26;20521
10;20522
30;20530
1;20532
28;20569
6;20570
25;20571
30;20572
34;20581
60;20589
103;20590
25;20591
36;20592
28;20600
5;20611
16;20614
157;20615
160;20617
605;20665
44;20666
65;20667
5;20668
15;20669
36;20670
5;20671
24;20672
6;20679
2;20687
28;20693
6;20694
12;20695
10;20697
145;20698
17;20702
18;20704
27;20705
22;20714
20;20721
13;20725
17;20747
5;20758
7;20761
2;20762
328;20763
33;20764
13;20765
27;20766
82;20767
172;20768
154;20770
26;20776
26;20785
6;20787
57;20799
28;20817
23;20819
4;20820
31;20821
9;20836
97;20857
35;20858
32;20859
33;20860
12;20864
33;20872
27;20875
12;20877
19;20878
4;20880
17;20902
4;20905
149;20910
26;20953
181;20954
57;20955
207;20956
24;20969
6;20975
9;20977
14;20988
27;21001
8;21027
32;21049
10;21050
187;21051
38;21052
5;21054
37;21056
4;21062
50;21069
70;21072
8;21081
4;21092
4;21093
13;21095
15;21104
69;21145
36;21146
14;21147
30;21148
61;21155
18;21157
6;21165
25;21166
13;21167
49;21168
11;21191
1;21197
12;21201
25;21202
3;21205
8;21217
39;21241
57;21242
57;21243
201;21244
16;21256
36;21259
15;21261
6;21263
10;21264
16;21269
20;21277
9;21285
159;21287
46;21288
33;21290
50;21291
11;21295
29;21298
32;21316
4;21334
30;21336
7;21337
63;21338
22;21340
200;21341
25;21342
10;21343
7;21369
18;21372
6;21373
175;21374
17;21375
166;21383
8;21391
20;21398
18;21414
21;21433
49;21434
36;21435
175;21437
17;21438
24;21440
30;21466
34;21467
25;21468
8;21470
21;21489
81;21491
19;21493
32;21496
77;21529
29;21530
19;21531
51;21532
23;21542
6;21550
14;21560
26;21562
5;21574
14;21577
3;21585
13;21588
195;21625
81;21626
7;21627
43;21628
20;21631
28;21634
36;21645
220;21646
18;21647
31;21648
8;21660
33;21668
3;21670
16;21673
1;21675
1;21677
727;21684
23;21709
56;21721
35;21722
107;21723
25;21724
27;21727
2;21742
1;21748
19;21767
15;21772
4;21773
17;21779
2;21781
192;21817
6;21818
229;21819
37;21820
5;21839
3;21840
1;21867
191;21868
5;21873
4;21875
7;21882
34;21913
263;21914
175;21915
33;21916
36;21917
26;21933
3;21934
46;21935
8;21936
20;21949
32;21957
26;21960
1;21968
18;21986
175;22009
14;22010
155;22011
88;22012
8;22014
7;22015
574;22016
17;22027
22;22041
12;22044
18;22045
9;22046
1;22048
22;22052
159;22063
28;22065
21;22067
20;22068
12;22102
157;22105
23;22106
32;22107
6;22108
160;22110
3;22111
80;22112
22;22118
26;22123
8;22124
21;22127
37;22138
40;22139
53;22140
18;22141
11;22143
7;22144
23;22148
21;22161
166;22162
156;22167
37;22168
78;22201
752;22202
9;22203
115;22204
11;22221
153;22224
14;22245
12;22251
27;22256
7;22258
216;22297
841;22298
91;22299
77;22300
41;22317
45;22318
26;22319
62;22320
157;22322
18;22346
24;22347
24;22349
14;22393
32;22394
64;22395
58;22396
1;22400
64;22413
9;22416
16;22437
25;22445
3;22467
25;22489
19;22491
16;22492
16;22499
8;22515
13;22535
11;22536
8;22541
151;22544
9;22547
11;22586
634;22587
194;22588
13;22589
17;22592
8;22606
709;22607
26;22608
9;22630
6;22632
18;22633
3;22637
6;22641
11;22643
5;22680
176;22681
70;22683
41;22684
67;22685
27;22686
19;22687
206;22688
8;22689
5;22704
31;22705
4;22712
75;22713
20;22716
12;22718
24;22731
4;22735
25;22738
56;22741
3;22770
8;22777
29;22778
26;22779
27;22780
32;22781
315;22782
18;22783
2;22804
15;22808
5;22809
152;22811
30;22813
31;22816
18;22820
12;22821
24;22828
2;22835
34;22837
25;22838
3;22872
188;22873
110;22874
367;22875
62;22876
7;22877
13;22883
22;22895
6;22896
16;22897
4;22903
7;22909
27;22969
355;22970
41;22972
30;22989
31;22990
21;22991
13;22992
1;22998
33;23004
21;23008
1;23012
22;23019
4;23022
28;23025
37;23049
162;23059
31;23066
52;23067
7;23068
16;23077
16;23087
25;23088
18;23092
1;23093
155;23103
151;23110
23;23113
15;23119
28;23124
124;23161
33;23162
61;23163
37;23164
8;23167
165;23177
29;23180
15;23181
72;23182
6;23211
30;23235
25;23237
46;23257
55;23258
52;23259
131;23260
11;23262
38;23277
178;23279
25;23291
4;23309
12;23310
7;23312
5;23315
20;23328
4;23346
36;23353
15;23354
243;23355
19;23356
70;23360
6;23368
1;23372
12;23373
1;23383
44;23385
562;23389
11;23390
1;23396
9;23407
40;23409
18;23410
33;23416
5;23441
593;23449
14;23450
21;23451
2;23452
170;23453
1;23454
28;23456
27;23457
16;23458
1;23481
5;23482
214;23483
46;23484
172;23485
28;23487
32;23488
10;23501
19;23505
9;23510
4;23511
5;23512
10;23529
19;23545
4;23546
48;23547
96;23548
13;23552
1;23560
4;23565
22;23569
8;23584
9;23593
28;23599
41;23641
229;23642
179;23643
163;23644
19;23647
14;23651
41;23652
157;23653
2;23654
6;23660
24;23661
39;23662
15;23663
16;23665
7;23675
12;23679
5;23688
11;23691
179;23692
30;23697
2;23700
218;23737
35;23738
197;23739
203;23740
12;23760
6;23763
26;23776
2;23780
1;23781
24;23782
31;23786
164;23788
3;23792
23;23794
12;23796
64;23833
12;23834
53;23835
197;23836
8;23846
49;23854
1;23855
31;23856
2;23866
26;23867
2;23878
5;23884
31;23886
22;23887
22;23889
33;23900
14;23929
193;23930
78;23931
35;23932
6;23948
52;23949
3;23962
15;23966
15;23973
28;23979
148;23980
6;23981
11;23986
3;23987
40;24025
28;24027
192;24028
22;24029
166;24030
17;24031
13;24032
9;24033
4;24041
18;24050
7;24057
3;24061
159;24062
8;24063
10;24064
18;24066
31;24068
3;24078
8;24082
38;24087
22;24095
35;24121
10;24124
11;24125
189;24127
75;24128
17;24147
6;24153
36;24158
52;24159
2;24160
19;24166
6;24173
13;24180
15;24181
160;24183
7;24184
9;24217
56;24218
31;24219
8;24220
15;24230
12;24235
36;24239
3;24263
26;24264
65;24268
184;24269
16;24271
33;24274
50;24313
6;24314
192;24315
45;24316
12;24324
30;24333
15;24337
16;24358
12;24359
27;24365
19;24372
13;24403
155;24409
54;24410
191;24411
57;24412
2;24414
29;24415
13;24416
2;24422
34;24430
12;24432
12;24453
28;24463
27;24465
5;24489
102;24505
16;24507
68;24508
16;24524
13;24525
31;24526
11;24529
39;24548
1;24549
31;24550
11;24592
11;24601
98;24602
97;24603
35;24604
34;24618
38;24619
38;24621
6;24622
53;24624
36;24627
189;24646
20;24648
27;24656
16;24657
3;24659
46;24697
33;24698
211;24699
23;24700
41;24701
13;24702
217;24703
9;24712
31;24721
16;24728
13;24730
2;24732
3;24733
6;24741
26;24751
27;24752
11;24756
33;24759
46;24793
3;24794
164;24795
1;24797
44;24798
42;24799
40;24800
168;24818
30;24819
4;24822
22;24825
8;24826
25;24827
69;24828
19;24830
7;24831
14;24832
20;24835
19;24837
15;24845
177;24848
11;24851
16;24853
29;24874
4;24886
332;24889
199;24890
81;24891
6;24892
11;24898
38;24909
4;24910
17;24911
9;24927
12;24933
23;24934
35;24936
12;24937
158;24940
8;24953
4;24962
29;24975
23;24985
97;24986
51;24987
45;24988
15;24991
4;24999
34;25005
21;25007
33;25008
581;25029
149;25032
31;25033
17;25034
35;25038
2;25040
14;25043
29;25044
28;25075
57;25081
47;25082
55;25083
58;25084
14;25093
13;25099
5;25100
197;25101
3;25102
6;25104
31;25125
13;25127
12;25132
4;25134
5;25174
66;25177
205;25178
27;25179
111;25180
18;25190
35;25197
47;25199
35;25200
17;25222
5;25229
161;25230
27;25234
11;25236
2;25237
64;25273
61;25274
26;25275
74;25276
13;25278
29;25285
25;25294
4;25295
36;25312
161;25314
40;25323
12;25325
22;25327
5;25328
30;25330
26;25331
3;25353
38;25369
148;25370
6;25371
3;25372
32;25374
31;25375
59;25376
6;25379
8;25384
12;25388
16;25395
2;25402
1;25403
155;25406
20;25407
25;25408
27;25412
35;25417
12;25418
1;25421
20;25424
2;25428
168;25431
9;25465
152;25466
172;25467
36;25468
19;25469
163;25470
1;25471
20;25472
19;25484
27;25497
14;25499
9;25500
15;25502
23;25514
3;25519
7;25521
25;25524
12;25526
248;25561
59;25562
237;25563
64;25564
5;25582
39;25600
21;25609
16;25610
23;25620
65;25657
58;25658
198;25659
51;25660
20;25673
12;25677
9;25679
14;25682
28;25700
19;25704
15;25709
4;25736
10;25753
6;25754
20;25755
19;25756
32;25769
3;25772
16;25776
18;25799
8;25800
27;25805
13;25806
8;25809
2;25812
54;25850
50;25851
12;25852
29;25870
10;25872
15;25894
2;25896
21;25898
29;25902
56;25945
56;25946
85;25947
18;25948
16;25966
10;25970
15;25972
27;25977
23;25989
20;25991
24;25997
28;25998
11;26018
26;26032
23;26041
34;26042
10;26043
22;26044
4;26045
24;26046
29;26047
40;26048
8;26055
10;26059
13;26062
22;26075
2;26076
24;26077
161;26078
168;26079
1;26080
37;26083
8;26089
4;26094
9;26096
22;26103
6;26104
354;26137
34;26138
17;26139
25;26140
299;26141
11;26142
27;26143
38;26144
19;26155
7;26165
170;26170
27;26173
13;26175
7;26176
10;26183
4;26189
28;26192
6;26193
26;26198
26;26220
234;26233
41;26234
30;26235
41;26236
22;26238
8;26239
17;26252
20;26253
23;26254
10;26255
5;26256
11;26275
14;26277
22;26281
10;26283
2;26287
16;26291
25;26313
1;26329
220;26330
178;26331
20;26332
14;26346
46;26350
8;26351
25;26352
19;26383
5;26386
2;26387
14;26388
9;26417
84;26425
70;26426
592;26427
15;26428
168;26435
19;26445
4;26446
18;26447
46;26448
21;26453
12;26472
12;26475
33;26479
14;26482
7;26499
5;26520
53;26521
64;26522
640;26523
46;26541
18;26542
159;26544
4;26561
1;26562
17;26566
22;26570
157;26571
23;26578
32;26579
32;26600
41;26617
733;26618
13;26619
49;26620
28;26637
16;26638
25;26640
5;26651
72;26665
1;26667
1;26671
14;26673
37;26675
2;26714
28;26715
13;26716
3;26717
221;26718
54;26719
10;26720
29;26727
25;26738
26;26743
13;26745
4;26746
20;26749
2;26750
16;26751
9;26758
16;26763
27;26773
5;26774
5;26800
158;26810
35;26811
28;26812
50;26813
3;26814
64;26815
33;26816
8;26826
8;26836
6;26839
37;26841
9;26842
16;26846
29;26847
1;26849
19;26856
4;26865
12;26866
162;26867
28;26870
31;26872
1;26884
43;26905
247;26906
26;26907
59;26908
24;26925
29;26927
14;26929
12;26950
24;26953
11;26957
14;26963
403;27001
71;27002
211;27003
55;27004
35;27006
35;27014
23;27015
12;27022
19;27024
10;27038
33;27043
10;27048
16;27051
22;27097
399;27098
215;27099
169;27100
34;27108
147;27117
1;27118
3;27119
154;27142
17;27145
20;27146
4;27147
25;27150
34;27152
12;27153
72;27193
48;27194
12;27195
263;27196
161;27208
39;27213
8;27214
57;27215
18;27216
8;27238
5;27243
163;27250
24;27252
48;27289
72;27290
16;27291
16;27292
20;27312
37;27339
11;27340
27;27343
10;27347
24;27348
21;27375
6;27385
44;27386
29;27388
14;27390
183;27391
4;27394
17;27400
12;27403
32;27411
200;27417
15;27418
29;27419
20;27420
176;27423
40;27424
4;27435
30;27439
556;27449
2;27454
31;27481
29;27482
18;27483
26;27485
27;27487
14;27488
31;27502
26;27507
38;27508
1;27513
27;27514
43;27515
6;27516
31;27517
21;27518
17;27520
15;27523
4;27532
21;27534
30;27539
1;27577
207;27578
4;27579
177;27580
29;27593
34;27597
18;27598
33;27599
20;27600
9;27628
30;27631
166;27636
187;27673
9;27675
755;27676
24;27678
20;27687
18;27695
34;27696
26;27699
7;27701
4;27707
27;27712
29;27718
27;27723
21;27725
12;27726
3;27728
31;27733
59;27769
396;27770
41;27771
76;27772
155;27777
6;27780
48;27789
45;27790
30;27791
8;27810
17;27813
8;27816
47;27828
91;27865
22;27866
121;27867
37;27868
6;27876
3;27884
31;27885
7;27886
53;27887
7;27896
2;27899
16;27900
158;27904
168;27905
10;27915
23;27916
13;27918
18;27919
11;27921
14;27924
20;27931
196;27961
225;27962
102;27963
62;27964
6;27972
1;27978
15;27982
6;27983
26;27984
19;27989
35;28005
23;28007
17;28008
1;28009
54;28017
29;28020
16;28057
23;28058
4;28059
80;28060
55;28061
33;28062
46;28090
29;28091
23;28092
6;28093
9;28094
15;28109
23;28134
36;28146
35;28153
33;28154
164;28155
168;28156
3;28157
20;28158
8;28160
28;28164
569;28166
18;28185
53;28188
11;28190
20;28191
39;28192
3;28194
12;28198
3;28203
8;28209
4;28212
65;28213
26;28216
251;28249
23;28250
24;28251
218;28252
20;28255
6;28269
4;28270
16;28271
31;28279
5;28293
28;28294
14;28297
8;28298
5;28303
23;28305
10;28308
19;28317
36;28345
40;28346
56;28347
207;28348
10;28354
6;28356
7;28363
32;28365
21;28389
24;28395
21;28411
23;28419
28;28441
26;28442
166;28443
42;28444
3;28461
45;28462
166;28463
4;28474
33;28485
48;28488
27;28495
185;28496
30;28497
14;28499
6;28531
5;28532
56;28537
10;28538
34;28539
6;28540
37;28557
23;28558
26;28559
35;28560
17;28561
6;28565
23;28569
35;28575
8;28579
39;28582
2;28583
32;28586
34;28589
18;28592
16;28633
80;28634
71;28635
365;28636
30;28637
159;28640
32;28654
6;28655
198;28656
34;28659
6;28681
1;28685
20;28690
15;28691
14;28713
9;28732
186;28733
50;28734
184;28735
36;28736
1;28755
7;28757
4;28761
43;28762
10;28763
14;28764
47;28765
10;28766
5;28780
13;28786
3;28788
39;28792
45;28825
34;28827
203;28829
12;28830
23;28831
222;28832
22;28845
20;28853
17;28857
64;28859
29;28861
27;28862
29;28863
1;28864
10;28874
11;28876
6;28880
20;28883
162;28889
27;28912
63;28921
19;28922
10;28924
1;28929
9;28932
13;28936
16;28941
53;28942
18;28943
149;28945
15;28947
17;28949
6;28950
3;28953
26;28965
2;28966
26;28969
1;28971
15;28980
3;29017
93;29018
271;29019
9;29020
21;29027
15;29028
10;29064
6;29065
19;29067
29;29068
165;29070
16;29086
47;29113
38;29115
79;29116
25;29134
8;29135
27;29136
7;29142
19;29149
7;29155
5;29159
11;29160
10;29169
170;29170
27;29172
66;29213
35;29214
32;29215
183;29216
4;29218
6;29219
180;29233
16;29235
57;29236
16;29245
35;29247
22;29258
3;29263
3;29271
84;29309
58;29310
36;29311
24;29312
22;29324
21;29326
8;29329
55;29330
198;29331
16;29332
26;29341
10;29347
17;29354
18;29359
7;29362
3;29364
21;29393
33;29405
332;29406
28;29407
41;29409
16;29410
16;29411
25;29412
3;29425
25;29433
3;29438
557;29439
11;29440
212;29441
164;29453
14;29458
13;29461
18;29462
194;29463
5;29465
2;29481
32;29498
24;29500
55;29501
1;29502
27;29503
23;29504
15;29505
34;29507
188;29508
2;29509
12;29513
10;29516
19;29518
5;29533
15;29538
30;29540
22;29544
3;29548
2;29557
36;29558
8;29559
27;29560
29;29563
6;29564
27;29565
9;29591
85;29597
12;29598
68;29599
25;29600
7;29609
156;29617
37;29618
41;29619
11;29620
26;29625
6;29643
14;29650
37;29651
20;29656
123;29693
36;29694
83;29695
45;29696
7;29704
25;29705
2;29713
18;29715
16;29716
43;29737
27;29745
169;29747
14;29776
48;29789
2;29790
39;29791
7;29802
54;29805
43;29809
1;29810
50;29812
16;29815
30;29831
29;29836
44;29838
2;29842
2;29844
202;29845
27;29847
25;29885
29;29886
108;29887
82;29888
32;29907
8;29929
19;29931
4;29937
1;29941
16;29944
9;29947
47;29981
69;29982
34;29983
3;30001
13;30009
24;30025
33;30027
12;30028
11;30030
16;30037
28;30038
26;30052
24;30053
81;30077
28;30078
25;30079
75;30080
169;30081
18;30082
20;30083
28;30084
3;30090
11;30099
47;30109
48;30113
16;30115
22;30116
18;30118
20;30131
14;30133
34;30134
36;30136
8;30137
14;30173
7;30174
3;30175
73;30176
35;30177
51;30178
50;30179
30;30182
23;30186
4;30198
5;30205
24;30206
49;30208
23;30210
11;30211
11;30212
33;30218
21;30225
4;30226
49;30228
21;30229
54;30231
32;30233
5;30236
186;30269
194;30270
40;30271
55;30272
27;30276
35;30284
23;30289
9;30291
12;30302
11;30304
11;30316
41;30317
32;30321
28;30322
42;30324
34;30328
15;30343
388;30365
41;30366
43;30367
78;30368
562;30385
7;30386
1;30388
4;30394
4;30396
10;30412
17;30413
59;30414
150;30417
59;30418
21;30421
147;30424
38;30452
45;30461
79;30462
214;30463
21;30464
3;30472
34;30481
19;30482
51;30483
6;30497
13;30505
9;30506
16;30518
48;30557
22;30558
193;30559
51;30560
10;30563
25;30576
322;30578
9;30579
63;30580
23;30603
35;30606
1;30607
17;30608
33;30612
10;30614
18;30615
6;30616
6;30622
132;30653
46;30654
48;30655
91;30656
7;30671
30;30673
126;30674
45;30675
18;30676
23;30684
30;30695
18;30697
2;30699
20;30707
6;30712
40;30749
176;30750
28;30751
17;30752
590;30753
40;30754
1;30755
9;30756
150;30759
27;30762
19;30785
11;30786
32;30787
10;30788
1;30794
30;30802
17;30804
13;30805
10;30808
27;30821
4;30844
17;30845
43;30846
20;30848
166;30850
27;30851
25;30852
554;30857
17;30865
7;30871
16;30877
30;30878
205;30880
39;30881
7;30882
10;30883
29;30886
17;30889
34;30897
21;30906
27;30909
64;30941
51;30942
237;30943
5;30944
18;30945
10;30953
4;30962
27;30963
6;30964
6;30986
18;30989
176;30990
72;30991
1;30993
20;30996
5;30998
28;31037
43;31038
190;31039
136;31040
29;31041
28;31055
158;31058
17;31059
7;31074
27;31084
16;31095
18;31111
65;31133
24;31134
26;31135
50;31136
14;31153
41;31154
43;31156
16;31162
8;31169
6;31170
153;31177
17;31179
159;31180
21;31185
12;31187
159;31191
28;31200
25;31229
4;31230
31;31231
19;31232
12;31233
26;31239
17;31246
26;31250
18;31251
25;31252
23;31265
157;31286
27;31287
595;31325
95;31326
65;31327
614;31328
6;31329
63;31347
7;31348
19;31353
1;31369
6;31376
5;31379
7;31396
144;31403
14;31421
186;31422
66;31423
202;31424
63;31425
14;31426
34;31427
572;31428
154;31435
26;31453
180;31454
4;31455
33;31456
16;31457
27;31458
5;31460
4;31463
17;31472
1;31475
18;31476
4;31477
10;31480
14;31491
3;31495
3;31517
40;31518
29;31519
22;31520
10;31521
598;31522
47;31523
7;31524
28;31529
29;31538
22;31549
157;31550
7;31554
17;31562
159;31563
156;31569
6;31579
10;31606
66;31613
204;31614
52;31616
6;31634
45;31635
13;31637
36;31638
15;31644
21;31657
21;31664
9;31671
3;31672
227;31709
2;31710
254;31711
179;31712
11;31726
54;31729
167;31730
2;31732
11;31746
9;31753
18;31755
1;31758
50;31760
4;31763
20;31766
159;31768
3;31805
15;31806
20;31807
126;31808
3;31810
24;31811
22;31825
174;31826
79;31827
169;31836
5;31848
23;31852
8;31855
25;31861
37;31863
24;31864
31;31865
2;31898
649;31901
52;31902
59;31903
63;31904
17;31915
7;31921
36;31922
24;31924
31;31929
27;31945
3;31949
39;31951
30;31952
38;31959
30;31960
6;31964
14;31969
213;31998
53;31999
37;32000
9;32002
567;32008
34;32016
46;32017
5;32018
13;32019
23;32028
11;32030
30;32032
19;32034
161;32039
8;32044
157;32049
15;32051
13;32077
8;32093
49;32094
11;32095
25;32096
28;32097
12;32098
24;32099
3;32100
1;32111
23;32126
16;32127
23;32128
164;32130
7;32131
46;32132
4;32140
5;32147
24;32148
2;32153
39;32154
173;32155
9;32189
40;32190
5;32191
62;32192
55;32194
217;32195
38;32196
34;32198
34;32212
1;32220
20;32222
7;32224
32;32225
12;32226
29;32227
92;32228
9;32235
161;32240
13;32242
21;32246
7;32248
16;32249
13;32250
14;32251
14;32252
49;32285
186;32286
37;32287
76;32288
35;32305
3;32306
158;32308
8;32325
1;32326
6;32329
10;32334
12;32335
40;32338
5;32340
19;32350
60;32381
25;32382
24;32383
73;32384
11;32385
3;32392
25;32402
9;32403
32;32404
150;32408
5;32426
3;32429
18;32431
19;32434
5;32438
28;32477
187;32478
39;32479
28;32480
9;32497
2;32498
21;32499
64;32500
152;32501
5;32507
5;32509
156;32515
3;32518
21;32523
169;32524
10;32527
22;32528
51;32529
43;32535
35;32573
121;32574
46;32575
18;32576
9;32583
1;32585
24;32594
18;32596
16;32599
15;32602
11;32604
11;32619
25;32625
160;32666
19;32668
180;32669
17;32670
26;32671
253;32672
11;32676
13;32689
19;32691
1;32692
20;32707
4;32713
15;32718
13;32724
3;32725
11;32728
11;32752
30;32765
7;32766
53;32767
18;32768
263;32769
41;32770
1;32771
23;32772
174;32777
7;32790
8;32796
70;32798
37;32799
33;32800
44;32801
1;32802
30;32803
35;32806
30;32817
11;32818
45;32819
4;32820
30;32822
13;32823
15;32832
32;32842
44;32861
22;32863
18;32864
165;32865
193;32866
75;32868
27;32873
29;32877
29;32889
13;32895
11;32898
3;32899
162;32902
32;32914
36;32915
30;32916
16;32919
13;32920
2;32939
74;32957
176;32958
56;32959
733;32960
10;32966
169;32978
30;32980
3;32984
7;33001
23;33003
28;33005
9;33009
28;33014
39;33016
9;33049
109;33053
16;33054
20;33055
5;33056
22;33058
29;33066
1;33067
22;33071
11;33075
19;33076
153;33078
11;33080
7;33100
6;33102
8;33103
38;33105
21;33107
15;33109
20;33110
14;33143
238;33149
35;33150
38;33151
82;33152
9;33158
55;33170
8;33171
4;33184
31;33188
161;33193
162;33194
25;33197
2;33200
7;33202
11;33235
40;33245
60;33246
22;33247
25;33248
21;33256
5;33260
27;33265
9;33267
28;33277
12;33282
22;33295
23;33296
15;33299
130;33341
327;33342
69;33343
19;33344
7;33361
68;33362
2;33363
14;33370
14;33383
2;33389
23;33392
28;33394
25;33399
15;33423
16;33437
18;33438
32;33440
48;33441
103;33442
70;33443
18;33444
63;33460
28;33462
4;33469
29;33470
15;33471
20;33472
14;33474
25;33475
16;33476
185;33493
38;33496
40;33500
29;33505
7;33533
22;33534
23;33536
200;33537
1;33540
23;33544
31;33556
13;33565
40;33566
32;33568
4;33569
25;33570
4;33571
51;33572
23;33573
8;33575
11;33587
2;33588
25;33591
15;33595
3;33596
34;33617
38;33629
52;33630
69;33631
9;33634
11;33645
27;33646
167;33649
20;33650
12;33652
6;33656
10;33657
10;33664
10;33675
12;33677
85;33725
92;33726
36;33727
100;33728
10;33736
11;33742
34;33745
163;33747
6;33748
27;33772
10;33773
40;33775
26;33777
18;33778
23;33779
25;33797
18;33821
36;33822
52;33823
164;33824
11;33825
14;33832
11;33836
5;33841
7;33842
44;33843
37;33850
9;33857
43;33867
7;33873
13;33875
2;33879
1;33882
18;33895
8;33910
54;33917
482;33918
46;33919
250;33920
25;33925
175;33930
26;33934
10;33937
20;33938
17;33939
49;33940
35;33951
30;33958
30;33964
19;33969
41;33970
28;33974
5;33975
52;34013
58;34014
253;34015
60;34016
6;34026
21;34033
63;34034
48;34035
31;34036
3;34039
10;34041
13;34058
11;34059
37;34060
28;34068
28;34069
25;34091
7;34097
335;34110
171;34111
15;34112
9;34113
557;34115
15;34116
23;34118
9;34121
11;34126
37;34142
40;34143
63;34145
35;34146
36;34147
10;34158
12;34161
22;34162
156;34167
13;34168
10;34170
17;34172
9;34179
14;34205
1;34206
3;34207
4;34208
44;34209
16;34210
21;34211
40;34212
24;34237
6;34238
13;34239
59;34240
563;34242
44;34243
24;34257
2;34263
31;34265
38;34266
41;34268
72;34301
53;34302
294;34303
9;34304
32;34310
22;34321
10;34322
64;34323
205;34324
30;34327
14;34333
16;34346
51;34356
21;34358
2;34360
26;34397
51;34398
183;34399
201;34400
10;34408
23;34418
161;34419
2;34422
8;34426
9;34430
24;34441
4;34446
1;34448
10;34455
12;34456
27;34476
21;34488
201;34493
19;34494
40;34495
52;34496
2;34498
6;34508
2;34514
3;34515
29;34516
40;34524
39;34525
8;34527
22;34530
13;34539
28;34541
9;34546
32;34549
5;34551
6;34583
1;34589
54;34590
119;34591
87;34592
17;34594
15;34595
31;34611
9;34612
12;34624
17;34635
16;34643
181;34685
108;34686
195;34687
98;34688
14;34692
5;34694
26;34702
14;34704
27;34705
4;34706
14;34708
7;34718
3;34723
2;34724
38;34730
4;34732
13;34737
23;34739
8;34744
47;34782
164;34783
205;34784
250;34785
12;34786
77;34787
13;34788
5;34806
5;34811
15;34813
6;34814
6;34815
38;34817
17;34818
154;34819
34;34820
34;34823
40;34833
4;34835
10;34837
4;34838
7;34840
55;34841
150;34842
159;34844
172;34870
39;34877
159;34878
23;34879
39;34880
14;34881
8;34882
32;34884
2;34885
151;34892
26;34899
5;34901
7;34910
171;34911
16;34912
25;34914
44;34915
34;34918
156;34934
33;34940
34;34941
202;34973
93;34974
200;34975
40;34976
13;34980
46;34994
15;34995
35;34996
147;35006
25;35018
2;35019
1;35021
38;35022
2;35025
