sums of daily draw-off volumes
35
79.2
68
52
42
49
67.5
77.2
85.2
63
64.8
33.5
61.5
85
73.8
68.8
140.8
132.2
26.5
185.8
53
43.5
172
113
33.2
53.5
90.8
231.5
63.2
45.5
42.5
78.8
19
64
113.2
108
203.8
49
165.2
151.8
57
156.8
231.5
153.8
99.5
83
76
77.5
88.8
57.8
48.2
59.2
73.2
17.5
77.5
24.8
77.5
132.2
162.5
37.5
42.2
130
87
269.5
108
49.2
32
81.5
257
78.2
42.8
60.8
137.2
95.8
148.8
102
94.2
91.2
63.5
71.8
192.2
112.2
121.2
98.2
118
133
44
79.2
90.5
71.8
99.2
41.2
75
117.8
39
71.5
112.5
77.8
35.2
160.8
22
53.8
28.2
64.2
83
81.2
98.5
31.5
228.2
123.8
33
113
115.8
103.5
61.8
108.5
88.8
182.8
163.5
155.8
60.2
167.2
79.8
153
65.5
184.5
67.8
61
13.8
58.8
42.2
123.5
75.2
75.8
51.8
60
30.2
53.5
67
105.8
156.8
27.2
66.5
24
130
219.5
115.5
46.8
88
54.5
78.5
406.2
43.2
169.2
31.2
17.8
22.8
60.2
34.2
58
89.5
72.5
38.5
12.5
39.2
82.2
153.5
34.5
95
69.2
67.2
134
21
38
54.5
93.2
45
68
71.8
23.5
40.8
149
57.2
49.8
69
18
77
88
86.5
37.2
17.8
41.2
50.2
48.2
32
49.2
68.8
65.5
61.8
60.8
73.8
134
80.2
118
63.2
38.8
209.2
14.8
93.2
39.8
22
21.8
32.2
54.5
17.8
102.5
118.5
35.5
81.8
34
61.2
12.8
195
59
63.2
55.8
85.5
87.5
74.5
77.5
37
58
107.2
79
23.5
31
49.8
150
57.8
109
79.5
9.2
85.5
82.2
113.2
37.2
177.2
9
103.2
83.2
74.8
80.5
94.2
78.2
87
73
107.2
72.5
154.2
34.2
66.5
69.8
35.8
75.2
50.8
41.2
27.2
27.8
70.2
122.2
82
60
33.5
102.5
26
88
39.2
48.8
47
76
47.2
78.2
18
56.2
92.2
106.2
142
85
61.2
102.2
61.8
46.2
59.2
54
90.8
17.2
191.2
17.2
22
68.8
30.5
99.2
71.2
70.8
198.8
64
55.8
125.5
59.2
131.8
62.2
26.2
18.5
64
115.8
64.5
50.8
105.8
129.2
25
109
58.8
44.8
119.8
85.2
85.8
81.5
49.2
38
70
37.5
215.8
32.2
236
71.5
52.2
60
39.5
206.2
70.2
69.8
117.8
112.2
19.8
84.5
44.5
23.8
55.2
69.2
81
42.2
97.5
124
61.2
135.8
28.8
137
15.5
50.8
46
183.5
37.2
97
152.8
128.8
sums of draw-off volumes of each hour of the day
67.4
51.3
89.6
214.5
79.5
127.7
4490.4
7292.8
2501.6
655.2
443.1
1783.4
1858.1
561.3
792.8
1180.5
876.6
1027.3
701.5
1718.6
1504.7
882.9
410.4
103.4
sums of draw-off volumes of each hour of weekdays
41.3
27.3
61.3
159.2
12
65.9
3685.5
5113.9
1114.9
216.2
297.3
1645.6
1763.4
496.7
339.7
146.2
160.6
810.1
544.5
1366.6
1128.4
487.8
156.5
63.9
sums of draw-off volumes of each hour of weekend-days
26.1
24
28.3
55.3
67.5
61.8
804.9
2178.9
1386.7
439
145.8
137.8
94.7
64.6
453.1
1034.3
716
217.2
157
352
376.3
395.1
253.9
39.5
holidays of household(s), numbers correspond to day of year
