32;30
34;32
5;36
24;51
13;52
2;54
30;75
25;125
4;126
11;127
27;128
4;129
16;150
20;153
23;171
12;174
11;179
164;182
167;221
36;222
30;223
5;224
3;241
3;243
28;248
26;317
23;319
16;320
35;321
1;333
7;335
6;338
15;349
24;368
18;369
4;372
33;376
1;398
4;413
40;414
20;415
26;416
35;433
12;434
23;461
7;463
40;509
29;511
47;513
5;515
13;540
13;541
2;542
26;546
21;548
6;605
7;606
4;608
26;610
6;612
9;628
10;641
28;642
151;644
5;646
17;649
1;660
8;689
26;703
44;704
26;706
20;722
24;724
161;748
28;798
26;799
38;800
201;819
19;841
29;843
19;888
45;893
2;894
34;896
27;907
37;913
34;914
49;942
5;947
182;990
23;991
32;1019
12;1039
10;1047
37;1086
19;1087
31;1105
5;1106
24;1108
7;1116
11;1142
5;1182
26;1184
24;1185
54;1186
18;1187
34;1188
19;1191
19;1217
12;1218
8;1234
20;1235
4;1236
3;1243
15;1278
23;1279
32;1283
27;1284
9;1306
27;1309
162;1311
27;1313
18;1315
11;1373
32;1374
10;1375
187;1376
6;1393
13;1395
13;1406
8;1417
3;1418
12;1428
73;1469
73;1470
11;1471
40;1472
48;1490
9;1516
21;1518
157;1565
214;1567
5;1568
154;1586
4;1609
29;1613
33;1661
186;1662
64;1664
10;1679
20;1680
1;1683
27;1695
17;1709
12;1710
4;1711
151;1715
4;1716
22;1731
20;1757
2;1758
7;1759
15;1760
18;1772
11;1778
8;1779
3;1810
52;1825
32;1853
15;1854
30;1858
166;1873
21;1877
25;1879
22;1885
152;1886
165;1888
31;1891
23;1898
4;1908
5;1916
18;1949
31;1950
13;1951
21;1952
5;1955
17;1981
3;1983
18;1984
9;1985
26;1986
18;1989
1;2001
32;2010
28;2018
65;2046
23;2047
13;2067
6;2080
13;2096
26;2102
11;2141
34;2143
1;2144
32;2164
13;2182
28;2189
7;2192
562;2198
6;2237
36;2239
4;2240
158;2249
26;2258
170;2260
2;2276
8;2292
16;2294
19;2295
7;2296
35;2333
10;2335
42;2336
10;2352
12;2353
11;2355
7;2356
6;2388
79;2429
72;2430
15;2432
10;2450
20;2452
5;2469
13;2481
175;2519
46;2525
8;2526
16;2527
32;2528
8;2531
42;2532
7;2557
22;2561
7;2562
12;2604
173;2611
76;2621
26;2623
44;2624
9;2625
346;2627
15;2631
1;2640
17;2645
19;2653
13;2657
29;2658
14;2659
38;2660
38;2668
9;2673
3;2678
14;2682
20;2683
10;2685
22;2702
4;2717
30;2718
63;2719
73;2720
17;2725
1;2737
6;2761
15;2769
22;2772
9;2813
28;2814
5;2815
11;2816
25;2828
27;2833
34;2834
9;2854
34;2858
27;2909
41;2910
24;2911
8;2912
32;2926
11;2929
24;2932
3;2966
4;3005
38;3006
30;3007
198;3008
17;3042
14;3050
5;3059
9;3062
10;3101
10;3102
7;3103
9;3104
34;3122
6;3128
13;3197
16;3198
5;3199
63;3200
15;3201
13;3203
47;3204
13;3215
27;3226
5;3229
28;3250
11;3251
9;3274
11;3275
21;3283
49;3293
25;3295
51;3297
28;3298
26;3300
158;3321
39;3331
8;3345
14;3352
14;3357
10;3363
23;3389
170;3390
17;3391
165;3392
5;3396
27;3412
14;3422
1;3448
13;3485
19;3486
553;3487
4;3488
146;3505
6;3516
1;3523
5;3532
37;3538
31;3544
25;3581
16;3582
40;3584
28;3588
32;3603
52;3604
1;3634
2;3637
12;3677
41;3678
21;3679
31;3680
186;3697
20;3698
6;3705
170;3708
156;3725
3;3726
15;3730
2;3755
164;3775
206;3776
28;3793
11;3794
11;3800
149;3814
36;3822
14;3871
33;3872
10;3874
17;3875
6;3876
60;3886
2;3901
25;3904
7;3908
37;3922
17;3930
10;3965
211;3968
68;3970
21;3971
161;3972
32;3973
25;3978
53;3998
10;4002
17;4004
3;4005
16;4022
54;4061
35;4062
15;4063
2;4064
5;4070
2;4082
28;4083
564;4102
15;4107
164;4113
7;4116
35;4117
9;4158
24;4159
16;4160
22;4162
161;4166
154;4173
3;4180
149;4186
16;4204
41;4208
10;4210
3;4216
7;4221
22;4247
59;4253
29;4254
66;4256
161;4273
34;4274
22;4277
5;4280
29;4342
81;4349
40;4350
16;4351
24;4352
38;4360
7;4364
16;4369
19;4386
22;4390
13;4399
27;4403
31;4445
31;4446
22;4460
31;4466
7;4468
2;4476
21;4492
159;4501
8;4543
48;4544
35;4546
14;4548
148;4552
6;4573
24;4575
27;4578
20;4637
181;4638
53;4639
8;4640
6;4641
2;4643
7;4644
5;4674
63;4691
9;4697
1;4699
160;4733
22;4734
12;4778
35;4786
2;4788
57;4830
46;4831
40;4832
50;4852
160;4927
26;4928
22;4948
10;4971
19;4981
4;4993
20;5022
22;5035
164;5037
18;5039
31;5041
29;5043
5;5059
40;5118
19;5119
11;5166
8;5213
19;5214
3;5215
17;5216
4;5217
6;5218
29;5219
62;5220
3;5248
15;5249
7;5250
27;5251
31;5265
27;5269
10;5273
28;5274
14;5276
1;5312
18;5314
20;5316
23;5331
12;5343
3;5345
11;5361
11;5373
32;5405
25;5407
94;5408
159;5453
335;5501
45;5502
45;5504
3;5521
13;5522
10;5524
10;5535
18;5548
5;5552
43;5556
2;5560
33;5587
8;5597
35;5598
175;5599
5;5600
1;5617
3;5635
30;5644
17;5646
166;5648
3;5650
174;5651
24;5672
33;5693
40;5694
14;5695
6;5697
33;5713
2;5789
60;5790
39;5791
17;5811
5;5812
2;5836
33;5838
11;5842
30;5883
170;5886
4;5888
3;5891
160;5892
10;5893
45;5920
22;5922
23;5934
28;5944
25;5946
27;5953
17;5982
21;5983
23;5986
15;5988
21;6010
21;6015
38;6019
156;6027
9;6041
235;6077
569;6078
25;6079
40;6080
3;6084
29;6087
160;6100
17;6113
28;6172
174;6173
15;6174
165;6175
12;6176
12;6196
10;6220
16;6224
18;6248
37;6269
29;6270
5;6271
22;6272
1;6278
8;6290
9;6291
24;6297
18;6302
12;6322
5;6326
9;6327
4;6352
64;6365
5;6367
3;6372
46;6387
6;6424
12;6461
29;6462
76;6463
174;6481
30;6483
3;6499
2;6517
158;6558
37;6561
557;6564
37;6573
18;6593
166;6598
22;6601
1;6603
2;6605
29;6618
1;6619
11;6653
15;6654
163;6655
19;6656
33;6657
7;6658
16;6660
23;6672
13;6691
13;6713
10;6749
25;6750
32;6751
1;6755
26;6759
6;6760
11;6769
19;6774
17;6793
24;6803
12;6845
41;6846
2;6847
36;6848
33;6865
32;6866
79;6868
6;6879
2;6896
55;6941
29;6942
218;6943
26;6944
6;6958
7;6963
14;6976
5;6989
163;6992
21;6997
5;6998
166;7039
10;7040
10;7045
156;7049
16;7080
25;7094
56;7133
232;7134
16;7135
36;7136
17;7137
11;7150
176;7154
22;7155
3;7156
5;7170
9;7179
12;7186
20;7234
35;7236
168;7242
26;7246
35;7261
7;7264
28;7265
9;7266
26;7267
18;7268
36;7291
2;7327
6;7328
31;7339
6;7351
14;7357
8;7362
30;7363
9;7365
24;7370
46;7377
171;7378
2;7380
1;7386
27;7388
33;7421
47;7422
1;7423
182;7424
64;7441
8;7444
3;7471
27;7479
157;7517
11;7518
8;7519
3;7531
37;7532
5;7545
14;7562
19;7564
46;7613
162;7614
10;7633
2;7635
28;7657
10;7664
29;7669
20;7709
34;7710
28;7711
35;7725
37;7729
29;7731
22;7751
560;7758
4;7761
2;7805
58;7807
31;7808
12;7813
20;7816
23;7821
12;7822
34;7825
30;7826
21;7827
168;7832
30;7842
8;7859
3;7881
27;7901
15;7902
15;7903
34;7906
152;7907
26;7908
3;7914
13;7936
37;7940
160;7950
21;7997
29;7998
34;7999
14;8001
25;8002
2;8029
1;8031
17;8032
11;8034
3;8036
23;8043
5;8053
25;8054
33;8057
150;8058
1;8079
53;8093
160;8094
25;8095
194;8096
14;8114
15;8144
9;8145
1;8152
157;8169
1;8189
45;8190
74;8191
9;8192
46;8209
15;8210
1;8235
6;8237
178;8241
40;8285
35;8286
5;8288
10;8305
4;8306
27;8316
16;8331
9;8343
30;8344
10;8381
10;8382
14;8383
39;8384
19;8399
5;8401
2;8426
7;8431
33;8433
18;8434
160;8438
45;8477
37;8478
55;8479
19;8480
52;8500
154;8524
35;8573
1;8576
57;8577
14;8578
4;8580
19;8602
31;8606
5;8607
44;8608
16;8624
21;8627
15;8632
6;8635
19;8636
30;8665
4;8666
23;8667
17;8668
25;8672
8;8697
39;8700
179;8701
39;8702
29;8703
4;8716
149;8762
9;8764
7;8818
198;8857
45;8859
18;8860
4;8876
2;8877
11;8879
22;8901
40;8954
7;8970
204;8973
13;8980
27;9003
172;9008
8;9010
7;9049
25;9050
4;9054
12;9065
20;9072
24;9096
31;9106
33;9120
21;9145
56;9146
153;9148
42;9166
14;9195
22;9221
34;9229
31;9241
29;9242
159;9244
48;9247
23;9248
20;9258
35;9264
11;9276
38;9298
11;9337
29;9338
2;9339
28;9340
52;9342
7;9343
14;9370
9;9372
50;9374
23;9375
29;9378
26;9380
20;9389
11;9391
25;9433
5;9435
12;9436
12;9451
25;9454
25;9457
13;9482
24;9490
19;9510
13;9531
568;9549
33;9570
1;9580
9;9586
9;9626
21;9627
38;9628
7;9646
10;9675
3;9680
10;9705
34;9721
32;9722
58;9723
43;9724
10;9742
9;9766
11;9770
8;9774
30;9817
7;9840
22;9858
25;9870
29;9875
8;9916
16;9920
1;9921
10;9926
13;9947
18;9948
150;9949
28;9952
5;9959
8;9962
8;10009
17;10011
30;10013
7;10014
165;10015
15;10035
28;10045
25;10064
6;10066
31;10069
182;10105
62;10106
4;10107
11;10126
25;10127
26;10128
13;10138
2;10154
31;10183
17;10196
8;10202
21;10203
36;10204
55;10221
29;10224
14;10230
6;10251
20;10254
157;10255
6;10297
20;10298
38;10299
5;10300
34;10319
13;10321
4;10338
6;10348
56;10393
204;10395
32;10396
33;10409
22;10411
6;10413
172;10414
172;10415
152;10433
30;10441
9;10447
25;10449
87;10490
171;10491
24;10492
7;10493
2;10499
163;10522
2;10537
18;10547
21;10548
37;10586
27;10587
2;10589
26;10620
20;10621
14;10628
6;10644
190;10683
45;10684
15;10687
14;10713
31;10718
157;10739
92;10777
19;10778
18;10779
37;10780
14;10792
19;10798
30;10799
155;10800
16;10801
30;10811
33;10827
7;10873
18;10875
20;10876
28;10892
161;10896
2;10917
146;10921
32;10926
14;10972
19;10989
153;10993
18;11011
25;11014
18;11023
6;11047
18;11066
19;11067
18;11086
193;11087
153;11109
27;11123
192;11161
60;11162
47;11163
21;11164
6;11182
17;11188
12;11230
27;11257
20;11258
14;11261
37;11262
27;11263
561;11264
11;11289
5;11290
11;11292
10;11295
5;11300
3;11311
12;11334
17;11353
163;11355
13;11356
49;11358
173;11365
161;11387
30;11388
10;11392
6;11395
9;11406
11;11409
28;11449
46;11450
156;11451
155;11452
2;11469
17;11470
153;11472
25;11473
12;11489
9;11493
20;11504
118;11545
58;11548
1;11561
9;11565
31;11591
11;11594
13;11597
17;11641
30;11642
47;11643
10;11644
561;11664
4;11693
45;11738
9;11740
27;11741
18;11746
29;11757
15;11759
167;11762
2;11767
7;11783
171;11833
191;11834
183;11836
21;11844
4;11853
8;11864
21;11866
1;11878
12;11887
2;11929
12;11931
6;11935
23;11962
34;11963
17;11967
161;11973
7;11987
55;12025
9;12026
12;12027
559;12030
15;12031
26;12032
33;12062
4;12073
13;12079
12;12083
163;12111
5;12122
60;12123
13;12132
24;12151
6;12153
191;12217
15;12237
25;12240
3;12260
6;12263
4;12267
6;12314
21;12315
10;12324
18;12367
38;12409
7;12410
65;12411
32;12412
4;12422
3;12431
30;12432
31;12457
16;12466
9;12468
36;12505
1;12506
4;12507
41;12508
4;12514
20;12526
12;12552
22;12554
29;12561
11;12587
27;12601
33;12602
56;12606
21;12608
16;12635
163;12638
167;12640
17;12700
9;12701
23;12704
7;12724
25;12729
25;12736
164;12744
1;12751
20;12754
10;12760
3;12773
5;12794
31;12795
159;12813
20;12814
23;12816
31;12839
16;12849
15;12852
51;12889
1;12890
21;12891
49;12892
23;12909
17;12910
19;12936
26;12944
21;12985
41;12987
9;13005
152;13031
15;13038
2;13042
58;13081
14;13082
11;13083
15;13088
16;13104
7;13140
29;13177
21;13178
19;13180
23;13185
22;13198
47;13209
24;13210
29;13233
21;13257
1;13274
10;13275
23;13278
159;13279
8;13280
14;13291
24;13306
6;13311
2;13324
187;13369
15;13370
168;13376
1;13422
52;13426
11;13465
6;13466
3;13468
14;13473
566;13486
16;13509
11;13513
12;13563
10;13605
36;13606
29;13615
22;13624
39;13657
10;13660
9;13678
9;13679
7;13692
4;13703
167;13713
18;13714
3;13715
33;13753
13;13754
36;13804
14;13811
24;13849
83;13850
182;13851
1;13852
2;13868
161;13870
3;13893
13;13894
12;13904
13;13908
26;13917
30;13926
2;13945
563;13947
22;13948
17;13949
19;13950
14;13952
32;13970
45;13978
48;13980
8;13981
14;13983
22;13997
21;14001
1;14003
20;14004
14;14042
13;14044
4;14045
25;14047
21;14048
40;14074
1;14076
186;14079
158;14094
23;14137
7;14139
22;14140
29;14159
17;14160
23;14184
11;14185
55;14190
74;14234
6;14235
8;14236
11;14253
175;14255
12;14256
55;14280
11;14285
15;14329
54;14330
23;14331
27;14332
13;14344
23;14349
32;14351
22;14377
9;14387
160;14425
30;14427
68;14428
5;14445
10;14446
16;14448
12;14472
11;14475
2;14484
25;14521
193;14522
26;14523
596;14524
8;14534
596;14544
21;14558
153;14561
7;14574
11;14618
48;14623
18;14635
21;14649
6;14653
57;14670
3;14677
9;14680
24;14713
36;14714
5;14715
6;14716
36;14717
21;14720
23;14727
8;14732
32;14746
29;14747
189;14748
23;14749
51;14751
194;14776
29;14810
37;14829
13;14830
12;14832
3;14861
21;14862
10;14868
35;14905
12;14908
12;14919
8;14949
4;14963
12;15001
10;15002
9;15003
40;15004
20;15056
155;15095
21;15097
12;15099
6;15120
18;15143
29;15151
17;15194
11;15195
71;15196
19;15213
19;15240
31;15289
19;15292
23;15293
20;15294
16;15296
28;15301
9;15310
4;15322
19;15323
14;15325
8;15326
22;15333
19;15350
33;15389
24;15417
4;15421
195;15424
5;15428
14;15433
37;15439
13;15440
33;15448
34;15481
58;15483
162;15500
3;15501
30;15538
3;15540
39;15578
24;15579
7;15580
22;15592
14;15599
4;15603
8;15630
31;15631
5;15634
2;15673
5;15674
5;15675
5;15676
8;15694
3;15725
15;15727
7;15731
26;15769
41;15772
37;15792
53;15813
4;15865
5;15866
171;15868
5;15882
3;15883
51;15887
19;15896
31;15913
14;15916
3;15918
23;15922
36;15962
12;15963
51;15964
186;15965
168;15966
57;15967
20;15994
18;15995
16;15996
13;15998
23;16000
1;16004
13;16018
51;16062
10;16064
15;16071
11;16094
10;16097
33;16112
8;16120
28;16153
19;16154
323;16156
4;16193
6;16198
3;16249
14;16250
172;16252
3;16256
13;16270
28;16271
1;16295
34;16297
9;16320
20;16345
160;16346
21;16347
15;16348
18;16351
19;16396
7;16401
9;16402
37;16442
51;16443
173;16444
150;16452
10;16458
35;16462
27;16496
28;16500
25;16507
6;16537
41;16539
20;16540
17;16558
24;16635
30;16636
1;16637
55;16638
3;16665
24;16688
15;16694
79;16729
30;16733
2;16734
8;16735
16;16736
18;16765
8;16767
31;16777
26;16787
9;16825
185;16827
2;16846
3;16847
162;16852
12;16881
52;16921
3;16922
25;16923
3;16924
26;16941
39;16942
6;16957
17;16960
9;16974
12;17017
6;17018
33;17020
13;17029
2;17039
189;17040
14;17065
3;17067
3;17104
38;17115
27;17116
152;17136
33;17162
27;17172
7;17178
41;17210
13;17212
8;17229
12;17231
20;17234
40;17309
7;17312
4;17317
14;17329
15;17339
40;17360
26;17361
17;17367
3;17379
32;17399
7;17401
33;17402
1;17403
56;17404
32;17405
180;17407
38;17433
162;17453
30;17455
17;17458
5;17462
27;17498
161;17499
5;17518
13;17526
6;17546
9;17549
8;17555
12;17593
5;17596
34;17614
35;17615
22;17619
30;17636
53;17638
8;17651
174;17689
38;17690
45;17691
14;17692
4;17711
1;17716
42;17787
24;17808
6;17835
176;17883
37;17884
10;17913
10;17916
35;17929
24;17932
16;17937
55;17980
198;17983
37;17995
3;18004
23;18011
7;18014
1;18015
21;18016
7;18040
10;18066
156;18076
8;18077
8;18078
24;18079
4;18080
4;18106
35;18109
22;18111
22;18125
16;18127
13;18130
13;18133
11;18139
34;18169
25;18170
18;18171
19;18174
11;18179
10;18189
3;18190
25;18191
4;18195
21;18266
19;18268
4;18282
20;18311
7;18320
28;18350
32;18362
49;18363
20;18408
21;18413
15;18414
4;18434
5;18457
19;18458
14;18459
52;18460
27;18477
32;18479
16;18491
23;18503
9;18505
30;18553
52;18554
44;18556
8;18571
26;18573
17;18574
11;18601
5;18602
14;18649
26;18651
57;18653
7;18655
14;18658
10;18682
10;18745
3;18747
76;18748
39;18750
35;18751
13;18779
6;18783
5;18802
10;18815
56;18843
12;18844
8;18869
154;18887
16;18891
29;18897
30;18937
40;18938
52;18939
27;18940
27;18942
6;18958
1;18960
9;18967
54;18981
16;18988
7;19033
151;19034
55;19035
23;19057
11;19091
12;19129
35;19130
30;19131
158;19139
2;19161
6;19182
177;19225
36;19226
38;19247
6;19248
10;19260
12;19269
16;19275
26;19303
20;19315
3;19321
189;19322
18;19324
165;19326
25;19328
14;19337
21;19353
1;19357
32;19360
12;19375
10;19380
4;19398
22;19419
4;19422
23;19424
13;19427
19;19452
15;19455
17;19456
20;19461
18;19476
166;19478
6;19497
18;19514
7;19515
29;19517
153;19530
9;19535
11;19560
1;19561
7;19565
30;19568
39;19569
162;19572
17;19609
46;19612
12;19613
174;19630
3;19658
1;19670
21;19705
48;19706
57;19707
9;19725
2;19727
18;19761
578;19802
12;19803
159;19804
6;19807
7;19823
27;19847
15;19852
28;19854
5;19859
13;19900
23;19918
10;19935
6;19946
4;19949
3;19955
11;19976
46;19994
73;19995
163;19996
29;19997
15;20004
11;20020
18;20023
7;20025
2;20069
12;20090
10;20091
32;20092
27;20093
25;20096
15;20125
20;20130
16;20143
38;20185
28;20186
16;20187
6;20243
19;20282
7;20283
24;20304
29;20335
8;20340
19;20377
2;20378
19;20379
7;20380
33;20398
30;20399
19;20422
23;20473
61;20474
18;20475
17;20490
40;20519
27;20520
2;20523
18;20525
12;20531
22;20570
10;20571
10;20572
4;20580
2;20591
6;20593
17;20616
38;20666
41;20668
26;20669
8;20670
41;20671
157;20672
1;20699
2;20702
24;20704
7;20711
10;20717
14;20718
19;20721
22;20735
34;20762
7;20764
177;20765
18;20766
30;20767
23;20768
19;20795
158;20798
8;20816
23;20858
21;20860
25;20878
42;20879
6;20880
5;20884
20;20913
42;20953
36;20954
17;20955
11;20956
163;20963
10;20975
26;21000
22;21004
31;21049
20;21050
16;21051
11;21052
33;21057
15;21072
10;21107
13;21146
153;21147
27;21176
22;21182
30;21199
7;21244
19;21260
25;21261
17;21339
182;21340
192;21341
71;21343
17;21344
13;21355
13;21369
30;21371
23;21372
10;21389
23;21391
14;21392
15;21397
160;21398
27;21427
53;21433
37;21434
11;21436
5;21439
1;21440
20;21452
9;21466
5;21470
27;21474
20;21484
2;21489
19;21493
8;21512
35;21529
47;21530
2;21531
27;21532
13;21550
8;21551
29;21552
25;21581
23;21583
36;21587
8;21626
164;21646
26;21649
16;21659
6;21674
3;21684
30;21721
18;21724
10;21731
199;21743
10;21762
24;21765
5;21767
25;21777
21;21779
10;21817
51;21819
5;21837
20;21839
177;21840
32;21845
43;21864
1;21874
11;21876
5;21890
4;21908
21;21913
13;21914
12;21915
9;21921
26;21924
42;21934
9;21936
157;21956
18;22009
31;22012
8;22013
160;22014
3;22015
25;22016
17;22041
24;22045
3;22047
21;22063
8;22108
8;22109
10;22111
28;22112
30;22126
23;22130
7;22138
7;22144
26;22166
1;22168
156;22203
4;22204
27;22224
21;22245
16;22249
8;22255
35;22297
20;22299
29;22312
163;22320
16;22323
166;22352
34;22393
190;22395
8;22396
2;22413
14;22415
7;22439
40;22449
21;22452
10;22489
20;22492
13;22511
23;22514
16;22530
12;22547
16;22585
27;22586
20;22587
10;22612
28;22629
7;22643
16;22653
12;22668
2;22681
49;22683
8;22688
1;22707
6;22715
41;22716
48;22717
32;22742
29;22777
158;22780
9;22783
12;22784
30;22811
197;22816
165;22837
14;22873
14;22875
8;22876
4;22893
6;22921
9;22923
10;22926
166;22928
2;22969
191;22970
28;22972
34;22979
1;23015
1;23019
158;23023
21;23024
201;23065
67;23067
35;23079
12;23089
3;23107
22;23164
3;23182
12;23193
13;23257
20;23258
24;23259
20;23277
32;23279
30;23301
7;23303
18;23313
172;23315
6;23316
17;23354
13;23363
30;23371
1;23385
4;23387
13;23390
9;23392
159;23404
34;23406
18;23409
31;23414
11;23449
35;23454
21;23455
15;23456
5;23470
168;23480
20;23481
154;23482
1;23483
16;23502
7;23511
17;23546
29;23547
13;23548
6;23565
38;23591
16;23595
30;23597
5;23622
200;23641
8;23642
189;23644
26;23650
9;23659
36;23661
23;23662
15;23663
13;23664
5;23669
172;23672
8;23694
17;23739
19;23740
17;23833
172;23835
25;23836
33;23844
2;23853
2;23855
35;23856
43;23862
56;23889
10;23891
18;23899
193;23929
21;23930
33;23931
15;23954
34;23955
6;23981
31;23987
4;24014
31;24029
21;24032
26;24037
6;24047
19;24054
6;24057
7;24061
5;24062
12;24081
151;24083
11;24088
18;24107
20;24121
9;24126
7;24128
26;24142
18;24143
20;24144
25;24153
151;24154
3;24173
25;24181
157;24217
22;24219
154;24238
11;24252
27;24255
6;24264
24;24313
34;24315
10;24333
6;24334
168;24335
15;24361
5;24364
20;24365
31;24369
30;24410
194;24411
28;24412
14;24431
1;24432
36;24455
34;24463
11;24465
22;24506
22;24507
23;24508
17;24523
170;24557
1;24561
37;24563
22;24601
10;24603
171;24604
15;24623
20;24646
166;24648
25;24658
35;24695
1;24697
29;24698
3;24699
27;24700
35;24701
36;24704
39;24729
13;24734
13;24750
26;24755
20;24757
13;24758
31;24794
14;24795
2;24796
145;24812
33;24814
36;24815
2;24826
169;24830
147;24846
15;24849
23;24851
23;24889
16;24890
16;24891
11;24899
18;24902
27;24909
16;24910
4;24918
6;24922
16;24985
1;24986
185;24987
36;24988
19;25007
9;25021
2;25058
14;25081
18;25082
26;25083
37;25084
152;25099
22;25126
8;25133
19;25177
21;25178
37;25179
9;25195
6;25206
20;25210
10;25221
21;25222
31;25273
60;25274
51;25275
15;25277
4;25295
8;25307
15;25314
1;25323
32;25326
30;25327
4;25331
31;25336
19;25338
22;25370
17;25371
36;25372
11;25373
1;25375
28;25378
29;25379
6;25401
10;25404
27;25417
16;25428
17;25465
45;25470
2;25471
24;25472
5;25499
8;25501
38;25504
26;25515
3;25562
7;25563
36;25564
10;25577
12;25583
20;25611
3;25612
7;25614
11;25616
3;25659
36;25660
1;25668
27;25689
22;25709
22;25710
12;25753
11;25754
13;25755
165;25757
13;25775
27;25796
29;25798
11;25799
3;25849
86;25851
22;25864
28;25871
173;25872
12;25900
165;25902
17;25945
13;25946
28;25947
38;25948
9;25954
56;25965
149;25968
17;25989
1;26002
9;26041
23;26043
11;26045
12;26074
2;26080
157;26101
26;26103
29;26140
17;26142
8;26143
30;26165
24;26174
4;26189
3;26191
4;26192
15;26193
33;26233
172;26234
24;26236
9;26254
15;26255
155;26278
1;26285
1;26291
23;26329
30;26330
8;26332
19;26339
8;26351
1;26377
15;26381
34;26425
216;26426
36;26427
20;26428
1;26454
7;26475
12;26476
26;26479
69;26523
9;26524
41;26541
16;26569
8;26572
14;26574
36;26612
24;26617
37;26618
13;26620
11;26638
29;26643
21;26646
10;26660
14;26669
8;26717
47;26719
16;26720
12;26747
25;26749
35;26750
18;26752
23;26767
3;26770
1;26775
72;26811
1;26815
6;26841
4;26847
154;26848
16;26850
30;26851
21;26858
11;26891
10;26905
8;26906
16;26907
2;26912
7;26925
21;26926
6;26930
24;26939
27;26941
30;26957
17;26962
10;26963
71;27001
13;27002
165;27003
14;27004
30;27056
20;27060
7;27099
27;27100
17;27102
4;27112
4;27121
13;27153
41;27194
80;27195
5;27196
18;27215
54;27242
12;27244
12;27246
3;27248
18;27290
27;27291
26;27309
24;27312
17;27332
30;27334
27;27335
161;27338
39;27342
191;27385
1;27388
37;27390
24;27391
55;27392
22;27407
39;27421
30;27428
26;27439
19;27473
52;27481
5;27483
3;27485
164;27486
173;27488
13;27514
4;27515
32;27517
57;27519
5;27530
7;27533
34;27541
33;27566
171;27578
46;27580
8;27585
21;27599
25;27602
22;27626
11;27628
3;27633
16;27653
9;27673
9;27674
39;27675
37;27676
21;27693
12;27694
34;27720
20;27721
31;27724
17;27725
166;27758
5;27769
158;27771
29;27772
20;27791
31;27815
12;27866
3;27867
16;27872
16;27885
160;27887
11;27919
5;27920
24;27921
75;27961
6;27962
5;27963
6;27964
24;27974
18;27976
30;27999
10;28010
7;28011
4;28012
174;28060
39;28062
3;28064
5;28087
2;28111
14;28117
23;28153
7;28155
29;28157
13;28158
26;28159
23;28177
32;28187
19;28189
35;28191
9;28207
84;28249
164;28250
30;28251
16;28252
5;28253
41;28272
16;28296
7;28300
4;28346
7;28347
31;28348
25;28366
2;28368
20;28441
21;28442
54;28443
27;28444
6;28446
51;28464
18;28477
5;28491
554;28493
9;28494
12;28559
29;28560
4;28580
7;28592
17;28607
1;28629
9;28633
1;28634
25;28635
31;28637
4;28653
10;28678
7;28684
16;28732
161;28734
8;28736
9;28762
15;28763
32;28764
11;28765
9;28766
12;28767
2;28787
17;28824
12;28827
38;28828
7;28830
7;28847
28;28859
13;28864
64;28921
179;28922
23;28923
5;28924
8;28937
26;28939
12;28941
29;28942
22;28959
6;28960
8;28970
15;28974
6;29002
163;29018
25;29019
62;29020
3;29024
3;29062
23;29065
3;29098
21;29113
13;29114
17;29115
27;29116
15;29131
169;29159
18;29165
18;29213
558;29215
22;29234
23;29263
159;29265
9;29269
6;29280
167;29309
62;29310
6;29312
5;29330
16;29363
1;29385
26;29405
36;29408
40;29411
14;29423
20;29431
18;29437
13;29442
17;29443
38;29461
186;29501
21;29504
170;29505
30;29506
32;29507
26;29519
28;29537
1;29543
8;29556
188;29599
5;29608
16;29618
22;29636
6;29648
168;29678
16;29693
8;29694
61;29695
36;29696
4;29700
31;29716
25;29739
165;29743
4;29752
9;29757
28;29789
51;29790
17;29792
153;29793
32;29885
2;29886
22;29888
10;29903
10;29932
29;29944
8;29981
24;29982
22;29984
4;30001
2;30002
14;30003
3;30079
20;30083
5;30084
19;30103
38;30111
38;30114
60;30115
16;30116
26;30130
22;30136
9;30141
6;30171
34;30174
150;30176
25;30179
6;30205
18;30206
160;30207
14;30220
30;30228
10;30234
10;30240
22;30269
27;30270
101;30271
14;30272
11;30291
35;30292
17;30316
31;30321
30;30366
29;30368
18;30376
51;30387
10;30388
25;30409
40;30417
171;30461
45;30462
20;30467
8;30481
14;30482
165;30503
3;30557
63;30558
33;30559
192;30560
166;30565
12;30568
2;30577
17;30578
14;30579
15;30598
50;30653
9;30654
20;30655
6;30673
4;30674
5;30701
6;30708
8;30750
3;30751
7;30752
27;30753
1;30754
1;30777
159;30783
13;30784
12;30786
35;30787
10;30794
160;30806
32;30845
44;30848
19;30850
68;30851
1;30853
35;30878
2;30879
13;30880
2;30881
3;30882
10;30884
6;30905
31;30941
33;30943
32;30944
30;30962
19;30964
5;30974
29;31002
9;31037
178;31038
19;31039
20;31040
35;31048
11;31057
8;31058
151;31060
28;31070
3;31082
4;31086
13;31096
42;31133
28;31134
171;31135
57;31136
18;31154
4;31155
21;31176
58;31229
168;31230
45;31231
39;31232
3;31263
27;31274
3;31279
18;31325
59;31326
16;31327
11;31328
5;31333
19;31370
18;31372
180;31384
16;31422
15;31423
4;31424
29;31425
40;31426
26;31427
4;31433
11;31436
16;31456
1;31458
8;31460
27;31476
33;31517
20;31521
30;31523
9;31524
12;31559
22;31568
26;31574
10;31614
15;31616
151;31636
31;31641
26;31654
24;31664
23;31669
31;31709
48;31711
19;31712
31;31749
7;31756
14;31758
588;31806
46;31807
2;31808
11;31828
155;31833
2;31863
59;31864
29;31877
14;31901
23;31904
1;31908
2;31930
17;31947
5;31948
37;31951
1;31955
69;31998
22;31999
53;32000
19;32019
14;32020
4;32042
555;32051
39;32052
169;32062
28;32072
5;32093
1;32095
7;32096
10;32097
36;32098
34;32100
12;32125
65;32126
7;32129
39;32130
2;32135
2;32149
9;32151
20;32155
9;32156
96;32190
3;32195
23;32201
19;32202
9;32215
9;32221
29;32226
2;32228
8;32231
3;32250
8;32253
1;32285
106;32287
44;32308
9;32329
15;32332
29;32337
5;32340
31;32347
13;32381
29;32382
20;32383
22;32384
32;32425
14;32429
28;32439
6;32475
29;32477
90;32478
6;32479
61;32480
8;32500
32;32512
593;32526
26;32573
18;32574
155;32575
18;32576
5;32594
9;32596
26;32601
1;32614
23;32620
169;32669
1;32670
50;32672
19;32697
3;32713
19;32720
18;32728
44;32765
10;32767
35;32768
35;32769
185;32770
29;32771
23;32772
15;32773
4;32776
5;32790
4;32797
1;32800
3;32801
35;32802
17;32803
26;32812
347;32864
19;32866
15;32868
12;32875
13;32895
4;32899
39;32919
36;32957
21;32958
22;32959
8;33027
29;33053
191;33054
10;33055
49;33056
5;33079
19;33097
19;33099
8;33100
31;33132
10;33149
21;33150
42;33151
25;33167
13;33169
2;33171
29;33197
5;33205
24;33246
8;33247
26;33248
10;33266
1;33286
11;33294
14;33295
1;33304
68;33341
13;33342
11;33343
11;33344
14;33350
26;33361
40;33364
15;33367
22;33377
1;33385
22;33410
5;33431
84;33439
66;33440
26;33442
3;33474
40;33475
15;33489
4;33491
12;33495
33;33533
20;33534
20;33535
161;33536
12;33556
13;33566
10;33570
4;33573
19;33578
1;33583
9;33585
5;33590
7;33591
10;33593
34;33629
54;33630
4;33631
4;33644
25;33649
21;33650
27;33676
37;33725
72;33726
65;33728
12;33737
154;33744
4;33760
9;33766
17;33769
20;33772
172;33821
95;33822
189;33823
20;33825
3;33832
9;33842
8;33880
1;33917
39;33920
20;33931
2;33939
170;33964
13;33970
13;34013
169;34014
17;34015
10;34016
7;34034
156;34036
148;34052
11;34060
12;34072
10;34114
3;34115
7;34116
12;34143
5;34145
7;34147
8;34154
4;34157
20;34162
29;34163
10;34168
13;34205
19;34207
33;34209
17;34210
3;34212
2;34224
10;34228
28;34236
37;34238
10;34240
194;34241
28;34259
154;34266
15;34301
25;34302
5;34304
6;34321
11;34352
49;34397
20;34398
71;34399
25;34400
6;34419
32;34453
19;34493
25;34494
15;34495
26;34496
34;34511
6;34513
12;34514
10;34541
37;34546
10;34589
638;34590
6;34591
20;34592
18;34593
11;34609
31;34612
24;34670
45;34687
9;34688
34;34703
2;34716
11;34731
18;34739
6;34744
167;34781
16;34783
4;34785
7;34788
13;34804
15;34814
48;34816
38;34817
34;34819
27;34836
19;34837
159;34860
35;34877
21;34879
21;34883
165;34909
156;34911
7;34914
18;34918
25;34921
4;34936
25;34946
24;34973
20;34974
224;34975
181;34976
3;34996
1;35006
20;35012
12;35018
5;35022
