18;31
165;32
560;33
6;64
14;75
1;125
29;127
2;184
3;222
7;223
8;224
5;234
4;242
7;277
28;280
23;325
6;337
24;339
4;340
24;350
25;361
33;413
5;415
7;543
19;544
20;546
6;547
18;606
21;608
7;609
10;664
20;702
33;718
25;721
16;800
32;805
2;823
157;839
10;855
3;894
18;895
9;913
18;914
13;916
38;989
21;990
27;992
18;999
7;1042
29;1046
12;1085
29;1087
172;1088
20;1094
158;1101
10;1106
29;1107
29;1113
24;1139
34;1181
21;1182
20;1186
3;1192
21;1195
4;1215
24;1295
27;1301
8;1310
6;1317
32;1326
2;1340
31;1373
33;1374
10;1375
35;1431
38;1469
12;1470
27;1499
30;1506
10;1519
3;1523
13;1528
46;1565
1;1566
24;1568
7;1588
18;1622
49;1661
34;1662
5;1663
2;1664
3;1717
25;1720
19;1758
15;1759
4;1760
156;1768
23;1778
5;1804
14;1853
25;1858
6;1870
159;1879
8;1889
13;1906
3;1951
38;1952
10;1953
23;1955
3;1981
9;1985
27;1987
26;1988
5;2001
5;2046
24;2048
28;2066
6;2088
36;2237
89;2239
2;2241
4;2249
5;2257
9;2260
9;2310
54;2333
24;2336
13;2429
4;2430
14;2449
28;2474
18;2526
37;2529
26;2621
4;2628
26;2650
149;2653
6;2674
15;2676
46;2719
27;2737
27;2764
16;2786
7;2813
20;2814
28;2815
170;2835
26;2842
15;2849
11;2863
8;2872
34;2909
25;2912
13;2926
14;2931
32;2955
21;2957
19;3005
33;3007
15;3025
10;3102
21;3103
20;3121
36;3123
163;3148
22;3175
9;3178
17;3198
34;3201
5;3231
26;3290
13;3293
198;3295
164;3296
169;3297
17;3331
12;3336
13;3346
160;3356
21;3389
5;3390
4;3409
9;3434
22;3439
29;3485
17;3487
1;3488
3;3516
6;3533
5;3540
20;3581
16;3582
7;3586
2;3620
4;3634
38;3677
6;3697
25;3735
20;3773
10;3774
28;3795
9;3823
5;3869
11;3871
163;3872
5;3901
63;3903
4;3910
16;3923
6;3929
7;3939
20;3966
2;3972
1;4002
19;4023
28;4064
13;4066
6;4084
166;4157
30;4158
14;4159
166;4201
46;4349
23;4352
5;4389
11;4404
2;4465
3;4467
36;4541
4;4544
30;4546
28;4547
17;4573
17;4576
31;4600
2;4637
1;4734
71;4736
21;4755
5;4780
15;4781
5;4786
17;4829
28;4830
1;4850
16;4875
3;4887
39;4928
15;4945
39;4946
152;4947
8;4973
7;5021
5;5022
193;5024
13;5035
2;5043
19;5066
21;5117
6;5119
11;5169
1;5213
3;5218
28;5220
13;5244
162;5246
12;5249
30;5250
31;5269
22;5270
9;5273
22;5304
4;5309
162;5312
14;5372
24;5406
30;5421
28;5444
30;5457
4;5501
18;5502
39;5503
11;5550
28;5563
16;5564
24;5597
5;5598
13;5599
22;5694
17;5700
19;5789
26;5846
43;5888
21;5890
21;5892
11;5902
3;5919
7;5944
9;5984
9;6014
16;6039
21;6078
18;6080
2;6097
169;6119
35;6173
31;6175
28;6192
25;6270
40;6271
10;6286
158;6304
16;6326
10;6367
16;6368
36;6408
31;6409
17;6423
19;6462
9;6481
1;6482
2;6483
27;6515
3;6546
32;6560
29;6561
157;6562
39;6596
16;6653
6;6655
22;6657
16;6658
23;6692
14;6703
7;6705
2;6711
32;6715
33;6751
30;6770
17;6798
21;6845
46;6848
154;6861
15;6866
13;6868
11;6941
11;6942
11;6943
15;6986
30;6987
8;7000
162;7037
34;7038
11;7057
21;7063
23;7082
17;7133
21;7134
13;7135
8;7153
12;7156
172;7177
4;7185
24;7190
9;7229
34;7230
25;7236
19;7247
9;7262
15;7277
27;7282
5;7327
2;7328
8;7330
40;7421
30;7423
9;7442
2;7444
22;7476
4;7518
40;7562
29;7613
15;7614
26;7615
7;7634
35;7657
6;7663
59;7709
3;7710
188;7711
74;7712
23;7717
19;7735
3;7748
6;7753
2;7805
9;7806
24;7828
3;7864
24;7901
38;7902
8;7903
14;7904
2;7935
1;7944
26;7960
17;7963
4;7997
7;7998
2;8020
30;8028
1;8029
3;8035
26;8049
33;8051
8;8056
5;8059
21;8060
11;8093
8;8096
37;8105
21;8114
6;8147
15;8149
178;8189
167;8190
25;8191
14;8212
2;8213
16;8244
27;8248
22;8285
29;8286
8;8288
7;8290
2;8306
159;8308
21;8341
12;8382
48;8403
35;8479
9;8480
3;8500
30;8529
29;8574
4;8579
21;8580
3;8593
10;8603
17;8605
1;8609
25;8617
10;8626
20;8628
10;8633
27;8670
11;8672
27;8697
8;8700
4;8703
36;8723
24;8761
5;8762
26;8763
15;8857
4;8858
34;8878
12;8914
153;8956
6;8973
10;8975
8;8976
158;8997
10;9049
2;9050
12;9071
39;9145
4;9165
31;9244
3;9247
36;9248
17;9267
145;9273
23;9275
2;9298
12;9337
159;9344
11;9354
2;9369
5;9391
16;9433
18;9434
186;9435
6;9439
20;9483
12;9486
27;9529
53;9530
19;9531
146;9550
5;9567
174;9580
17;9625
23;9626
26;9627
2;9639
14;9641
1;9672
4;9678
151;9679
21;9721
27;9723
30;9728
26;9743
6;9745
36;9751
15;9817
566;9818
27;9819
6;9820
6;9823
4;9851
162;9865
17;9873
4;9912
20;9913
34;9917
10;9919
37;9920
19;9945
6;9946
14;9947
32;9951
26;9970
3;9978
1;10042
9;10106
34;10201
20;10224
18;10256
162;10258
8;10260
17;10297
22;10298
162;10489
28;10490
4;10491
2;10539
9;10546
55;10585
17;10587
29;10591
26;10620
14;10622
14;10681
16;10682
184;10684
4;10685
11;10686
4;10687
1;10717
14;10720
6;10733
33;10739
7;10744
19;10769
5;10777
19;10778
26;10779
36;10780
5;10822
13;10874
2;10875
163;10896
163;10916
6;10969
22;10970
4;10972
27;10996
29;11013
6;11015
36;11067
3;11086
12;11088
19;11102
22;11111
19;11115
154;11124
31;11161
180;11163
5;11164
22;11182
34;11236
21;11257
155;11292
179;11312
24;11332
8;11354
4;11355
34;11358
25;11372
30;11386
6;11405
30;11450
23;11471
2;11472
1;11496
11;11546
4;11548
9;11557
11;11642
8;11661
11;11695
579;11696
12;11700
11;11703
2;11738
12;11740
15;11744
43;11759
27;11760
16;11766
12;11836
14;11855
8;11867
4;11882
32;11931
170;11933
4;11935
9;11982
29;11994
27;12029
23;12030
7;12031
35;12058
25;12059
7;12063
23;12121
18;12123
13;12159
25;12176
29;12217
8;12218
18;12219
159;12237
31;12239
27;12249
13;12313
311;12315
4;12316
11;12333
19;12334
26;12361
187;12409
5;12410
23;12411
25;12412
17;12508
16;12522
26;12525
19;12534
23;12551
3;12557
4;12562
10;12599
1;12603
3;12639
18;12645
6;12662
23;12665
166;12697
27;12701
168;12720
22;12731
32;12735
2;12753
23;12793
20;12796
10;12814
5;12840
25;12889
2;12890
160;12891
3;12925
2;12948
12;12985
28;12987
18;12988
14;13043
35;13081
1;13082
11;13083
12;13101
38;13129
4;13130
24;13133
13;13177
154;13179
32;13273
21;13278
23;13325
4;13326
26;13369
17;13371
30;13401
20;13408
14;13424
44;13465
9;13466
3;13510
21;13520
4;13525
30;13561
15;13562
1;13607
31;13657
29;13660
15;13679
28;13755
173;13756
5;13773
19;13774
7;13776
4;13783
19;13797
8;13851
53;13852
36;13870
29;13872
17;13946
36;13947
8;13948
2;13950
37;13951
29;13961
3;13977
17;14000
26;14002
11;14005
29;14042
10;14047
24;14074
7;14104
9;14137
14;14233
7;14235
3;14236
20;14240
5;14254
25;14255
27;14272
7;14274
6;14331
17;14332
8;14383
5;14425
3;14427
1;14428
156;14433
26;14443
7;14465
34;14521
2;14522
47;14524
5;14541
24;14543
20;14617
21;14622
19;14624
29;14655
14;14714
160;14732
11;14748
19;14810
30;14812
8;14819
4;14831
7;14832
425;14926
11;14928
4;14931
155;14964
29;15004
167;15014
17;15021
33;15031
176;15069
23;15098
25;15099
19;15100
15;15118
22;15142
15;15146
7;15194
11;15213
18;15216
8;15219
1;15298
34;15310
15;15312
11;15321
25;15323
153;15326
39;15341
195;15386
169;15387
13;15392
6;15417
9;15442
13;15448
3;15482
12;15484
6;15486
7;15534
10;15581
27;15599
156;15600
15;15674
9;15675
2;15679
8;15693
3;15703
5;15711
2;15722
1;15822
158;15867
5;15868
15;15874
15;15891
31;15962
3;15963
151;15993
25;15996
9;15998
1;16058
47;16060
28;16063
9;16095
1;16110
31;16113
11;16153
49;16154
30;16156
29;16199
1;16204
1;16210
16;16249
157;16251
7;16258
30;16270
21;16271
13;16287
31;16306
3;16358
7;16368
20;16376
11;16441
34;16449
27;16462
1;16497
3;16538
24;16539
37;16542
27;16557
5;16593
166;16596
36;16633
12;16634
1;16636
20;16638
15;16665
160;16691
1;16714
24;16729
29;16787
12;16826
14;16827
8;16866
177;16922
155;16924
15;16987
11;17018
23;17020
13;17040
9;17069
202;17113
12;17114
6;17115
5;17116
13;17133
6;17134
16;17168
10;17209
27;17210
8;17212
2;17236
35;17256
1;17260
15;17305
14;17312
15;17341
43;17342
4;17403
6;17436
17;17459
3;17517
18;17526
11;17555
22;17593
59;17595
49;17616
15;17624
6;17648
28;17689
1;17691
20;17692
41;17709
32;17711
8;17734
562;17736
170;17785
3;17807
28;17809
28;17830
26;17832
5;17881
25;17883
13;17903
27;17904
19;17939
9;17979
27;17980
13;18008
5;18009
7;18035
22;18075
2;18080
11;18108
18;18111
25;18123
13;18127
34;18136
1;18170
2;18171
8;18172
24;18209
10;18258
16;18266
19;18268
30;18286
23;18361
24;18362
25;18364
49;18384
11;18396
16;18420
187;18458
46;18459
9;18477
26;18479
22;18554
15;18555
9;18650
12;18652
17;18701
8;18745
11;18746
12;18749
25;18750
26;18781
13;18783
5;18843
23;18867
5;18868
23;18879
7;18890
15;18897
3;18937
7;18940
23;19034
53;19036
174;19077
21;19129
9;19130
8;19131
14;19152
38;19173
18;19178
168;19181
16;19225
70;19227
22;19242
27;19247
14;19272
16;19276
4;19281
11;19324
6;19360
9;19418
9;19443
28;19453
164;19478
13;19524
7;19535
1;19580
1;19609
28;19611
1;19612
25;19667
2;19668
3;19705
18;19706
10;19707
38;19760
21;19824
6;19858
12;19897
19;19918
3;19952
28;19993
26;19997
130;20000
6;20003
28;20090
2;20091
17;20110
7;20123
35;20148
30;20152
46;20185
12;20186
161;20187
3;20188
3;20233
9;20235
25;20281
22;20284
11;20379
3;20391
20;20400
9;20477
17;20484
158;20493
16;20521
19;20529
30;20572
28;20603
20;20624
22;20656
31;20665
22;20669
27;20672
7;20697
52;20701
160;20720
14;20724
17;20728
1;20761
25;20764
5;20767
162;20795
16;20800
156;20857
17;20901
25;20902
30;20954
10;20955
24;20988
7;21013
33;21049
29;21097
29;21145
6;21147
3;21150
16;21152
9;21165
18;21167
7;21170
19;21186
38;21196
161;21197
18;21235
17;21242
5;21244
31;21265
18;21339
31;21341
9;21343
21;21344
5;21348
22;21364
5;21369
6;21370
14;21371
2;21375
13;21382
15;21434
24;21435
13;21437
62;21439
29;21446
28;21465
10;21529
155;21530
7;21541
16;21626
40;21627
18;21640
560;21681
3;21723
22;21724
8;21745
13;21770
8;21817
25;21824
8;21866
38;21916
14;21957
61;22009
21;22010
31;22044
87;22046
20;22107
156;22110
23;22137
33;22139
29;22161
15;22204
15;22221
9;22223
33;22224
14;22257
8;22259
154;22299
32;22341
23;22352
22;22393
9;22394
178;22395
147;22413
159;22414
1;22415
1;22441
22;22489
2;22509
36;22515
30;22540
18;22586
33;22588
16;22605
6;22607
3;22609
13;22612
22;22643
3;22688
19;22700
20;22741
18;22777
11;22779
4;22780
53;22784
18;22811
12;22813
26;22814
22;22816
32;22875
22;22895
13;22917
2;22919
1;22926
33;22981
10;22989
12;23088
26;23122
25;23162
7;23217
9;23257
10;23258
10;23259
20;23260
12;23299
10;23353
29;23354
44;23355
19;23389
26;23405
34;23407
179;23454
3;23455
167;23484
13;23545
164;23546
36;23548
560;23552
16;23568
18;23589
157;23596
2;23642
169;23643
3;23661
170;23664
6;23685
10;23696
10;23699
12;23738
20;23739
36;23760
27;23781
32;23834
5;23836
5;23929
15;23930
8;23932
31;23960
9;23974
175;23975
35;24025
9;24030
12;24039
34;24055
165;24072
20;24082
1;24127
31;24155
40;24175
39;24183
72;24218
15;24219
23;24220
32;24269
27;24299
24;24316
10;24372
9;24410
152;24412
10;24432
30;24507
13;24508
5;24525
23;24559
1;24562
14;24603
7;24604
152;24618
10;24646
20;24653
8;24657
5;24699
3;24704
19;24705
3;24716
35;24732
160;24749
8;24796
6;24798
20;24799
35;24800
4;24827
32;24832
8;24844
10;24845
154;24851
25;24856
7;24889
16;24892
15;24936
11;24937
4;24947
14;24985
152;25007
165;25027
2;25034
12;25082
29;25133
20;25140
21;25273
15;25274
34;25275
23;25276
17;25284
27;25295
150;25370
31;25372
15;25373
25;25404
563;25406
24;25410
40;25418
28;25426
2;25450
25;25465
4;25490
168;25497
4;25499
30;25519
4;25520
5;25562
27;25564
27;25581
29;25615
23;25616
19;25657
7;25658
4;25659
165;25660
33;25662
146;25677
18;25707
24;25711
5;25717
8;25753
22;25754
2;25756
21;25775
34;25849
26;25851
10;25872
26;25948
17;25951
9;25966
4;25967
7;26035
14;26041
179;26042
9;26048
13;26076
2;26096
1;26099
2;26139
12;26141
32;26143
3;26144
9;26185
37;26234
10;26235
11;26251
20;26287
38;26331
40;26332
23;26388
52;26426
3;26521
36;26522
3;26524
34;26570
4;26573
7;26576
14;26618
13;26620
12;26622
28;26638
2;26662
3;26666
194;26714
1;26715
170;26716
16;26728
26;26734
5;26743
6;26747
11;26749
1;26812
32;26815
168;26823
14;26826
25;26843
23;26874
24;26913
26;26927
34;26931
3;26953
14;26956
27;27001
18;27035
9;27057
161;27113
31;27118
6;27130
24;27146
21;27152
11;27193
2;27195
6;27196
26;27215
37;27251
33;27290
2;27291
14;27305
19;27309
7;27347
11;27385
27;27388
31;27391
25;27392
15;27395
22;27417
9;27420
9;27442
38;27487
31;27575
22;27577
186;27578
6;27598
8;27626
7;27631
39;27632
6;27728
37;27769
36;27770
11;27772
4;27782
11;27795
24;27811
558;27824
16;27865
13;27866
10;27888
7;27910
17;27961
11;27962
10;27963
6;28057
28;28058
5;28060
8;28074
13;28080
42;28089
5;28090
130;28091
23;28112
1;28113
2;28117
17;28137
9;28153
16;28158
36;28188
28;28202
15;28250
2;28251
8;28252
8;28267
8;28270
9;28286
16;28308
20;28345
23;28365
9;28393
13;28399
590;28441
18;28442
23;28495
24;28540
18;28585
38;28590
2;28591
159;28633
30;28636
32;28649
18;28682
27;28702
8;28717
13;28734
7;28735
20;28765
33;28768
6;28788
14;28807
14;28822
14;28829
36;28830
5;28857
1;28863
36;28880
31;28923
16;29017
49;29018
17;29037
16;29065
23;29113
39;29156
11;29174
27;29216
12;29309
4;29310
51;29312
7;29336
25;29406
26;29407
14;29410
4;29412
8;29436
13;29438
24;29440
28;29443
7;29457
16;29508
28;29570
27;29597
19;29598
14;29599
30;29619
18;29641
10;29642
12;29652
46;29693
19;29694
10;29695
33;29696
32;29713
8;29716
1;29748
11;29764
33;29788
5;29790
10;29792
13;29823
171;29825
6;29871
15;29885
59;29887
11;29888
23;29934
20;29941
5;29981
34;29982
8;29983
37;29984
30;30030
151;30036
4;30059
15;30080
9;30083
6;30084
35;30113
171;30129
14;30138
30;30179
30;30180
26;30210
16;30212
12;30227
53;30270
16;30272
1;30278
3;30292
16;30314
30;30316
12;30365
22;30366
48;30367
30;30386
16;30389
28;30409
10;30416
34;30461
46;30462
46;30463
16;30472
14;30481
29;30558
20;30578
19;30609
25;30611
5;30633
22;30653
6;30654
24;30655
13;30667
17;30672
10;30673
3;30706
2;30710
10;30720
28;30726
22;30742
11;30743
10;30750
579;30752
5;30781
10;30785
10;30787
4;30788
17;30847
15;30848
20;30878
35;30883
29;30908
177;30942
44;31040
14;31044
8;31058
20;31059
12;31133
7;31158
163;31185
22;31229
2;31230
160;31232
30;31326
14;31328
7;31332
1;31335
28;31355
23;31364
29;31376
12;31425
155;31426
3;31427
25;31428
28;31492
19;31512
19;31520
25;31523
6;31551
21;31569
26;31613
12;31614
10;31668
88;31712
1;31732
16;31754
25;31761
11;31806
152;31826
38;31828
21;31854
36;31856
14;31901
147;31902
52;31904
7;31999
19;32000
149;32042
2;32093
39;32097
170;32099
1;32107
7;32125
12;32127
1;32131
167;32192
7;32200
15;32226
32;32227
32;32246
26;32286
18;32287
25;32305
34;32381
31;32382
20;32383
8;32426
22;32477
10;32478
5;32479
8;32498
13;32499
15;32508
20;32574
35;32576
7;32595
169;32619
21;32669
25;32670
1;32671
13;32672
24;32690
29;32708
23;32736
17;32765
9;32766
161;32768
164;32769
27;32774
191;32799
24;32801
12;32826
22;32868
21;32893
1;32897
42;32907
15;32915
43;32958
16;32959
32;32960
10;32969
12;32979
8;33006
173;33012
16;33053
1;33054
11;33055
57;33150
32;33152
23;33169
21;33207
192;33246
10;33247
21;33248
10;33267
160;33293
30;33346
32;33357
7;33362
24;33437
44;33439
15;33441
31;33463
7;33472
18;33533
9;33535
9;33536
24;33539
161;33540
12;33560
9;33567
1;33590
12;33629
34;33630
42;33631
2;33632
32;33649
38;33651
29;33656
5;33726
9;33770
1;33821
12;33824
12;33843
25;33870
21;33919
22;33920
2;33949
20;33974
157;34013
2;34014
29;34015
26;34016
37;34033
6;34058
18;34085
19;34101
24;34109
47;34112
11;34114
159;34115
11;34116
412;34141
11;34142
12;34145
6;34206
2;34209
49;34210
2;34237
27;34242
6;34258
31;34266
8;34302
9;34303
28;34321
13;34323
35;34398
1;34399
13;34495
17;34496
148;34503
8;34513
3;34520
60;34592
164;34637
5;34658
48;34687
64;34705
153;34786
171;34787
5;34824
11;34841
31;34843
4;34850
17;34880
25;34881
23;34883
13;34910
7;34911
30;34915
7;34916
155;34975
153;34994
