sums of daily draw-off volumes
190.8
8
15.5
26.5
9.5
13
14
19.5
54.2
15.2
35
120.8
25.8
24.8
27.2
33.2
24
29.5
55.5
56.2
36
15.8
0
36.2
21.8
14.8
13.8
56.5
25
75.2
34.8
16.8
62.5
21.8
193
15.2
15.2
12.2
17.2
16.8
68.2
12.2
11.8
94
0
21.2
1.2
40.8
0.5
29.5
16.2
63.2
59.8
9.5
77.8
50.5
28
29
10.5
9.8
11.2
26.5
8.5
52.5
23.5
62.2
27.5
14.5
65
34.5
20
62.2
21.5
62.8
67.8
34.5
3.8
25.8
11
29.5
93.8
9.5
32.5
35
24.5
107.2
62
15
19.2
37.5
28.2
13.8
16.2
83.8
6
10.8
64.2
47.2
64.5
106
59.5
36.5
200.8
51.2
0.2
2.2
60.5
9.8
0
51.2
35.2
73.5
27.5
85.2
23.5
66.2
59.5
97.2
32.8
14
6
158
28.8
9.5
61
31
19.8
68
96
60
27
15.2
104.2
14.5
48
18
31.2
41.8
20
26.8
20.2
11.5
18.8
63.8
31.5
46.5
17.5
2.2
27
7.8
49.5
28
22.2
46.2
17
148.8
105.5
29.8
11
69.5
101.2
7
48.2
11
0.2
48.2
54.8
29.2
30.2
68.8
7.5
18.2
65.5
61
13.5
8.5
86.8
14
65
20.8
21.8
6.8
8
37.8
173
63.8
22.2
15.2
31.2
8.8
18.8
37
67
9.2
9.5
23.8
19.5
2.5
62.5
69
42.2
4.2
52.5
5.2
14.2
17.2
6.8
8.5
47.5
29.8
58.5
11.8
8.5
54.8
19.5
88
52.2
49.5
17.8
15.5
76.5
17.8
36.5
42.8
43
158.5
11.5
10.2
13
50
65.2
23.5
52.2
129.2
22.5
27.8
10.5
41
17.5
10.8
9.5
8
15.2
40.5
87.2
241
92.5
23.8
9.2
60.8
68.8
27.8
35.5
15.2
42.8
18
52.8
56.2
75.5
13.2
83.2
15.2
0
34.2
219
59.2
27.8
105.2
13.2
17.5
14
56.2
14.5
19.5
25.2
13
21.8
18
107.2
65.8
25.2
13.5
60.8
20.5
18.8
37.2
9.5
74.8
1.5
170.2
11.5
9.5
65.8
26.5
16.5
16.2
157.8
20.5
66.5
21.8
30
7.8
24.5
18.2
6.8
18.5
37.2
4
39.5
37.2
60.8
33.5
66.2
63.5
28.5
29.8
41.5
39
23.2
28
169.8
29
44.2
21.5
45.5
46
33
48.8
29.5
12
32.5
64.5
53.2
43.8
58
63.2
17.2
23.2
18.2
57.8
34
151.2
25.2
73.5
7
33.2
98.2
17.2
30.2
60.8
47.2
3.5
12.5
16.2
64.2
181
30.8
14.5
9
47.2
56
29.2
92.8
31.5
77
sums of draw-off volumes of each hour of the day
23.3
47
16.1
3.5
19.9
26.9
2713.3
2547.5
1901.9
298.7
209.3
880
797.6
209.9
433
803
332
424
675.5
635.7
1096.2
447.9
157.2
111.4
sums of draw-off volumes of each hour of weekdays
12.2
5
8
1.5
11.8
7.8
2162.1
1842.3
847.1
144.7
181.8
793.9
740.4
139.8
76.7
45.5
168.5
384.9
587.8
512.8
735.7
333.9
39.3
55
sums of draw-off volumes of each hour of weekend-days
11.1
42
8.1
2
8.1
19.1
551.2
705.2
1054.8
154
27.5
86.1
57.2
70.1
356.3
757.5
163.5
39.1
87.7
122.9
360.5
114
117.9
56.4
holidays of household(s), numbers correspond to day of year
