74;29
28;30
129;31
66;32
18;39
1;49
9;50
2;51
11;53
32;71
3;81
29;86
22;125
24;126
14;127
44;128
5;139
29;145
35;147
14;151
21;158
25;163
10;170
17;171
17;174
12;179
17;221
29;222
360;223
27;224
33;241
24;244
12;268
30;274
174;275
26;276
25;279
5;317
26;318
24;319
221;320
28;324
52;337
17;338
32;339
64;340
26;342
3;343
6;348
45;413
73;414
57;415
61;416
26;423
39;435
204;436
1;440
4;443
35;453
14;460
24;472
34;495
2;509
25;510
58;512
42;513
11;515
12;516
19;541
6;543
11;545
7;546
19;554
7;557
5;561
20;562
9;563
27;566
25;570
18;571
21;582
10;588
10;605
16;608
49;609
28;611
91;612
31;634
27;635
12;637
29;639
4;640
21;643
8;644
33;657
32;658
25;665
162;666
9;667
29;668
20;701
87;702
56;703
43;704
9;722
12;723
10;724
11;731
158;742
4;747
15;752
10;753
176;759
43;797
72;798
160;799
15;800
12;833
22;836
30;841
6;845
19;848
30;853
33;856
191;893
109;894
173;895
44;896
17;913
8;914
18;915
13;916
31;924
24;939
6;940
32;943
3;947
4;964
58;989
3;990
32;991
82;992
11;996
3;997
14;998
13;1009
14;1010
43;1034
25;1041
28;1048
3;1083
744;1085
21;1086
231;1087
37;1088
10;1094
32;1102
170;1105
50;1106
23;1107
41;1130
22;1136
9;1138
8;1142
161;1143
13;1160
9;1181
16;1183
39;1184
45;1185
31;1186
11;1187
17;1188
29;1197
6;1209
27;1212
2;1214
22;1217
5;1220
9;1237
1;1241
12;1254
30;1262
167;1277
187;1278
9;1279
33;1280
35;1281
183;1282
20;1283
47;1284
20;1294
34;1299
75;1311
177;1312
11;1313
40;1314
30;1315
1;1321
19;1330
23;1335
21;1336
13;1338
41;1373
214;1374
254;1375
36;1376
12;1389
11;1395
15;1396
14;1401
11;1407
33;1409
11;1420
4;1424
22;1430
2;1432
16;1469
39;1470
260;1471
65;1472
6;1477
13;1485
11;1489
8;1491
54;1492
12;1512
13;1513
68;1518
26;1519
7;1523
9;1545
36;1566
43;1567
79;1568
5;1584
27;1585
44;1586
159;1587
175;1588
148;1598
22;1602
10;1609
26;1613
8;1616
25;1618
6;1620
7;1621
172;1661
218;1662
69;1663
14;1664
24;1686
31;1692
28;1703
14;1710
11;1712
7;1716
2;1718
28;1756
179;1757
29;1758
8;1759
24;1760
1;1770
12;1772
11;1777
21;1778
4;1788
13;1810
36;1812
24;1815
166;1816
2;1834
160;1853
24;1854
7;1855
30;1856
33;1858
168;1859
7;1860
17;1868
2;1876
19;1878
20;1879
2;1886
593;1887
2;1888
33;1889
10;1891
589;1892
19;1896
7;1898
2;1905
18;1908
24;1912
15;1916
61;1949
44;1950
158;1951
14;1952
36;1953
560;1955
171;1956
4;1970
12;1971
16;1978
4;1981
11;1982
14;1983
4;1984
6;1986
38;1988
26;1997
19;2000
30;2001
16;2011
351;2045
179;2046
28;2047
12;2048
21;2050
12;2065
166;2066
19;2079
157;2081
4;2089
18;2090
15;2093
10;2096
27;2097
35;2116
46;2141
37;2142
24;2144
24;2162
14;2164
14;2189
55;2190
5;2198
34;2201
31;2237
153;2238
24;2239
32;2240
55;2257
21;2258
28;2259
18;2263
11;2274
23;2281
15;2282
6;2283
17;2285
6;2288
13;2333
28;2334
13;2335
70;2336
6;2341
158;2353
19;2356
8;2363
13;2380
20;2381
25;2384
2;2385
20;2390
11;2398
7;2406
11;2429
3;2430
255;2431
30;2432
8;2439
24;2443
54;2451
43;2452
5;2454
2;2470
19;2474
7;2477
28;2479
8;2481
15;2486
4;2487
20;2526
169;2527
16;2528
27;2530
33;2531
8;2532
11;2533
3;2546
11;2557
22;2560
18;2561
3;2580
17;2583
18;2587
1;2603
7;2612
17;2618
175;2621
6;2622
165;2623
30;2624
318;2625
1;2626
187;2627
33;2641
7;2643
1;2650
25;2654
32;2655
15;2657
21;2658
23;2659
26;2660
6;2676
162;2681
11;2682
63;2717
65;2718
67;2719
5;2720
4;2731
8;2738
2;2739
23;2740
27;2760
14;2762
29;2769
11;2771
9;2797
18;2813
33;2814
97;2815
87;2816
16;2824
21;2834
26;2861
9;2865
14;2866
6;2868
30;2870
3;2871
742;2909
3;2910
76;2911
61;2912
3;2917
20;2930
26;2932
2;2933
25;2947
10;2953
6;2956
7;2958
26;2960
18;2961
40;2966
16;2968
382;3005
199;3006
207;3007
210;3008
5;3009
156;3026
12;3027
27;3047
170;3051
30;3054
4;3059
32;3064
29;3101
260;3102
49;3103
102;3104
167;3121
28;3122
5;3124
18;3143
20;3145
5;3147
27;3148
2;3173
69;3197
10;3199
33;3200
2;3202
35;3203
27;3218
7;3228
33;3229
14;3232
45;3233
20;3236
11;3246
11;3248
12;3249
10;3253
9;3254
6;3258
183;3259
12;3293
188;3294
15;3295
16;3297
180;3298
31;3299
6;3307
8;3313
45;3322
6;3323
39;3325
42;3326
30;3329
163;3330
23;3331
13;3333
33;3345
161;3346
28;3348
7;3352
5;3354
2;3356
9;3389
54;3390
203;3391
502;3392
7;3400
20;3409
2;3414
6;3424
8;3438
26;3439
24;3442
170;3448
8;3470
37;3477
223;3485
334;3486
48;3487
4;3488
36;3495
34;3505
23;3506
13;3508
22;3518
18;3530
6;3534
170;3535
214;3538
5;3544
153;3581
204;3582
36;3583
49;3584
23;3602
35;3603
7;3604
165;3609
10;3625
30;3627
189;3639
255;3677
50;3678
15;3680
1;3697
4;3700
13;3705
23;3706
25;3720
19;3721
4;3722
4;3723
31;3726
5;3727
14;3732
30;3733
5;3773
336;3775
43;3776
31;3793
49;3794
21;3796
5;3821
36;3830
50;3870
167;3871
47;3872
92;3873
179;3874
36;3876
23;3880
22;3884
26;3896
14;3901
22;3902
189;3904
38;3905
16;3906
18;3907
7;3914
2;3915
20;3921
15;3925
33;3926
19;3929
2;3931
2;3954
6;3955
87;3965
28;3966
18;3967
27;3969
210;3970
185;3971
47;3972
8;3985
5;3994
18;3998
12;3999
32;4000
13;4003
25;4004
4;4008
3;4020
173;4021
15;4027
20;4028
10;4031
177;4061
29;4062
190;4063
1;4069
29;4084
7;4094
8;4102
26;4109
3;4157
71;4158
31;4159
10;4160
25;4178
190;4179
53;4180
3;4193
7;4198
8;4201
21;4204
28;4253
9;4254
78;4255
41;4256
4;4262
5;4266
144;4273
10;4304
37;4305
62;4306
17;4308
18;4312
10;4334
25;4349
50;4350
31;4351
17;4352
11;4360
28;4369
158;4370
38;4371
180;4372
24;4385
8;4386
27;4387
9;4396
26;4399
73;4445
2;4446
222;4447
287;4448
5;4450
22;4462
231;4465
26;4466
7;4468
22;4478
14;4484
10;4489
1;4490
3;4492
24;4495
172;4496
26;4497
32;4501
25;4503
24;4534
30;4541
15;4542
43;4543
6;4544
45;4545
8;4546
18;4547
196;4548
7;4555
29;4569
2;4573
13;4575
22;4576
199;4578
26;4579
22;4580
13;4581
1;4594
27;4604
23;4623
5;4625
56;4637
39;4638
25;4639
13;4640
162;4641
39;4642
9;4643
26;4644
20;4652
53;4669
23;4671
4;4672
147;4673
41;4674
24;4675
4;4678
1;4683
22;4692
12;4694
27;4696
12;4699
30;4700
13;4708
228;4733
84;4734
344;4735
196;4736
35;4741
6;4743
195;4753
13;4754
63;4755
55;4756
15;4778
29;4781
6;4785
43;4791
17;4792
40;4829
56;4830
107;4831
39;4832
21;4839
18;4860
9;4868
31;4870
20;4875
1;4877
16;4883
39;4886
36;4899
47;4925
61;4926
37;4927
32;4928
25;4933
34;4938
55;4946
39;4948
4;4956
15;4962
13;4969
35;4971
18;4975
14;4977
34;4980
1;4983
34;4992
9;5003
4;5006
198;5021
24;5022
2;5023
248;5024
10;5029
15;5040
34;5044
5;5048
30;5049
10;5066
10;5069
12;5070
11;5073
7;5076
29;5116
118;5117
44;5118
18;5119
20;5120
13;5135
15;5138
20;5157
21;5160
1;5166
23;5168
8;5170
11;5174
4;5214
10;5215
13;5216
59;5217
24;5218
25;5219
48;5220
20;5227
17;5228
22;5241
29;5244
7;5245
17;5246
7;5247
561;5253
27;5257
22;5259
22;5269
30;5270
194;5309
14;5310
50;5312
18;5313
34;5314
18;5315
24;5319
16;5336
24;5341
13;5344
39;5345
12;5353
24;5364
14;5365
5;5367
15;5369
48;5405
55;5406
35;5407
17;5408
40;5419
43;5425
58;5428
159;5439
38;5441
28;5449
30;5451
3;5457
9;5460
4;5468
28;5501
47;5502
302;5503
38;5504
168;5508
3;5524
35;5532
12;5542
2;5545
31;5547
9;5555
16;5560
5;5597
52;5598
25;5599
59;5600
11;5603
13;5619
29;5620
14;5621
35;5633
179;5644
10;5650
17;5654
5;5657
41;5693
329;5694
1;5695
26;5696
14;5700
30;5707
4;5713
29;5714
32;5715
9;5716
28;5726
13;5732
5;5738
37;5740
27;5741
14;5742
17;5746
7;5748
5;5750
95;5789
186;5790
124;5791
101;5792
18;5809
16;5811
33;5812
15;5836
26;5837
2;5840
7;5848
16;5885
169;5887
41;5888
51;5889
166;5890
73;5891
39;5892
33;5907
9;5919
17;5920
1;5922
40;5923
25;5924
17;5928
32;5942
30;5943
3;5955
16;5983
65;5984
17;5986
4;5987
17;5988
33;6010
17;6015
8;6018
2;6019
26;6034
7;6035
5;6036
47;6038
9;6040
12;6042
208;6077
241;6079
61;6080
3;6087
11;6097
14;6098
17;6099
17;6100
3;6123
15;6127
174;6130
28;6131
17;6133
204;6173
20;6174
41;6175
19;6176
29;6179
5;6182
9;6188
18;6194
20;6195
22;6196
4;6204
3;6208
11;6219
6;6225
1;6228
2;6229
24;6232
8;6269
38;6270
61;6271
22;6272
165;6289
8;6290
9;6291
26;6292
30;6305
7;6314
17;6315
6;6317
155;6319
3;6323
22;6326
12;6328
80;6365
41;6366
14;6367
7;6372
28;6385
37;6388
10;6401
2;6410
146;6413
27;6416
23;6418
12;6423
86;6461
561;6462
88;6463
83;6464
4;6473
25;6481
16;6491
11;6511
9;6517
5;6537
177;6557
34;6558
2;6559
32;6560
169;6561
8;6562
46;6563
13;6582
3;6586
4;6589
29;6590
192;6591
31;6592
14;6594
33;6595
34;6596
7;6602
22;6606
11;6611
23;6619
12;6625
117;6653
72;6655
2;6656
178;6658
11;6659
12;6660
19;6680
35;6682
12;6683
8;6685
193;6686
3;6692
5;6707
14;6709
7;6716
2;6717
164;6719
7;6728
7;6733
8;6749
176;6750
36;6751
179;6752
25;6763
11;6769
32;6770
19;6772
21;6779
1;6780
33;6795
13;6797
22;6798
153;6801
32;6804
4;6805
10;6829
40;6845
92;6846
81;6847
84;6848
20;6854
34;6860
6;6865
6;6868
16;6891
3;6892
13;6895
32;6907
27;6941
90;6942
91;6943
60;6944
1;6953
43;6963
25;6964
18;6980
153;6986
37;6988
20;6991
10;6992
21;6995
12;6999
16;7000
12;7016
76;7037
190;7038
32;7039
10;7040
156;7042
1;7053
7;7054
172;7059
11;7060
22;7066
29;7071
3;7082
8;7083
20;7084
29;7088
7;7089
17;7091
166;7092
21;7094
8;7096
17;7133
165;7134
64;7135
24;7136
7;7144
1;7153
7;7154
166;7155
4;7163
31;7174
25;7179
28;7181
26;7183
3;7186
30;7188
6;7227
36;7229
59;7230
30;7231
9;7232
11;7234
25;7261
1;7262
186;7263
19;7265
15;7279
2;7283
19;7285
35;7289
18;7290
29;7327
4;7328
25;7329
18;7330
32;7331
168;7332
21;7342
30;7349
160;7357
51;7358
31;7359
7;7361
12;7362
171;7363
15;7364
164;7378
35;7380
17;7385
12;7388
6;7410
27;7422
55;7423
349;7424
5;7434
30;7441
16;7475
4;7478
40;7517
237;7518
352;7519
83;7520
31;7523
33;7525
10;7534
3;7537
30;7539
7;7540
33;7548
10;7562
13;7563
39;7613
43;7614
39;7615
44;7616
2;7633
1;7635
162;7639
11;7645
27;7657
24;7661
50;7662
23;7664
15;7665
9;7667
11;7670
5;7671
48;7709
4;7711
11;7715
159;7726
35;7730
25;7732
23;7733
28;7735
40;7759
17;7761
2;7768
10;7793
43;7805
81;7806
26;7807
78;7808
560;7811
9;7826
31;7828
26;7841
31;7853
163;7857
19;7878
64;7902
9;7903
20;7905
81;7906
155;7907
48;7908
32;7911
15;7913
7;7924
29;7929
11;7931
5;7933
1;7934
2;7935
26;7936
20;7937
55;7938
3;7939
25;7940
8;7950
24;7953
31;7959
191;7960
22;7962
21;7997
48;7998
13;7999
172;8000
32;8001
68;8002
12;8003
63;8004
16;8028
16;8030
42;8031
18;8035
27;8036
6;8039
38;8041
26;8052
38;8093
44;8094
178;8096
4;8111
11;8114
14;8116
24;8123
18;8130
22;8138
29;8146
29;8189
55;8191
15;8192
176;8204
27;8208
3;8209
2;8218
13;8224
10;8227
15;8238
36;8241
5;8244
14;8246
5;8285
31;8286
30;8287
40;8291
9;8305
14;8313
15;8329
66;8330
23;8332
165;8333
11;8334
20;8336
10;8337
18;8343
17;8359
33;8364
18;8381
19;8382
35;8383
30;8384
3;8385
158;8401
12;8403
23;8423
32;8429
15;8432
4;8433
9;8435
10;8437
43;8439
158;8478
5;8479
85;8480
40;8497
7;8499
42;8500
16;8524
9;8525
14;8527
5;8528
10;8531
19;8532
25;8535
4;8554
8;8573
99;8574
40;8576
12;8578
250;8579
27;8580
31;8587
8;8601
7;8605
20;8608
206;8609
31;8611
3;8612
15;8613
26;8617
48;8626
4;8634
24;8639
22;8668
29;8669
23;8670
24;8671
49;8672
1;8677
11;8680
5;8700
18;8702
160;8703
3;8720
5;8723
24;8761
3;8762
32;8764
18;8766
19;8776
165;8782
24;8783
24;8788
10;8793
21;8801
11;8804
18;8807
12;8810
14;8812
26;8819
68;8857
159;8858
49;8859
257;8860
12;8865
164;8866
38;8867
14;8879
11;8888
11;8903
7;8904
15;8909
19;8911
11;8913
31;8927
6;8951
14;8953
203;8954
9;8955
101;8956
20;8957
34;8962
9;8973
20;8975
17;8997
568;8999
21;9000
35;9004
151;9007
14;9009
22;9042
3;9044
45;9049
63;9050
63;9051
193;9052
22;9059
33;9061
20;9070
27;9071
8;9097
562;9098
9;9101
7;9104
6;9136
94;9145
1;9146
166;9147
66;9148
26;9165
156;9166
11;9167
20;9168
10;9187
30;9189
19;9199
170;9200
25;9201
2;9202
172;9203
31;9211
26;9212
198;9241
32;9242
35;9243
28;9244
28;9247
45;9248
53;9273
1;9276
48;9279
15;9293
24;9297
13;9302
14;9303
38;9339
190;9340
179;9342
13;9344
15;9349
3;9352
6;9355
4;9361
19;9369
13;9370
8;9373
14;9376
19;9378
10;9393
165;9395
33;9397
33;9399
55;9433
34;9434
54;9435
185;9436
21;9453
16;9454
16;9455
1;9456
12;9480
152;9481
6;9487
12;9491
11;9529
11;9530
35;9532
5;9549
183;9550
13;9551
8;9568
16;9569
55;9574
23;9577
24;9579
177;9582
46;9585
1;9617
107;9625
11;9626
19;9627
23;9628
7;9647
12;9648
32;9654
20;9669
34;9672
4;9702
20;9717
24;9721
100;9723
17;9724
15;9734
12;9736
11;9739
5;9741
45;9742
34;9743
22;9747
4;9752
29;9763
13;9767
28;9769
24;9770
27;9779
19;9797
84;9817
31;9818
12;9819
86;9820
8;9838
18;9849
12;9862
23;9867
6;9874
58;9914
23;9915
3;9916
182;9917
32;9918
5;9919
25;9920
8;9927
164;9947
27;9948
170;9951
23;9959
6;9966
1;9968
22;9969
1;9971
8;9972
28;9973
14;9975
18;9976
88;10009
29;10010
22;10011
39;10012
22;10013
22;10014
49;10015
49;10016
15;10025
11;10038
37;10042
2;10045
147;10046
1;10061
19;10063
1;10067
13;10105
57;10106
563;10107
64;10108
37;10124
26;10125
1;10126
23;10128
4;10156
213;10158
7;10163
17;10195
26;10201
22;10202
6;10203
192;10204
22;10216
31;10222
175;10224
5;10232
25;10247
22;10249
13;10253
26;10255
24;10257
14;10258
126;10297
76;10298
6;10299
215;10300
1;10303
19;10310
10;10318
28;10320
18;10331
2;10336
8;10342
3;10345
21;10348
18;10350
169;10356
76;10393
41;10394
32;10396
11;10406
16;10412
5;10413
198;10415
8;10416
31;10418
27;10437
22;10438
8;10439
6;10440
12;10441
7;10444
17;10446
117;10489
57;10490
15;10491
11;10492
21;10509
41;10510
50;10511
35;10522
9;10529
17;10533
20;10535
155;10548
23;10550
12;10556
247;10585
19;10586
12;10588
16;10589
55;10590
8;10591
40;10592
59;10617
8;10622
10;10623
68;10624
5;10633
53;10647
10;10648
4;10669
28;10681
37;10682
22;10683
9;10684
23;10685
41;10686
65;10687
123;10688
7;10691
34;10696
19;10711
32;10713
26;10717
25;10719
19;10722
24;10729
11;10734
34;10742
31;10747
528;10777
31;10778
6;10779
101;10780
16;10786
5;10792
38;10800
15;10806
14;10808
13;10818
8;10821
5;10822
36;10825
27;10832
28;10834
15;10836
39;10873
225;10875
180;10876
26;10879
17;10891
6;10893
28;10894
34;10895
9;10897
17;10923
6;10927
7;10930
52;10969
4;10970
8;10972
10;10986
47;10991
10;10992
22;11022
171;11025
5;11037
36;11061
49;11065
18;11066
208;11067
194;11068
3;11070
15;11073
13;11083
37;11086
173;11087
8;11088
26;11106
26;11111
15;11116
7;11117
23;11122
12;11161
153;11162
237;11163
25;11165
7;11171
6;11188
33;11193
41;11207
37;11210
15;11216
2;11242
33;11257
8;11258
168;11259
25;11260
1;11261
37;11262
23;11263
51;11264
1;11281
2;11289
25;11290
6;11291
18;11295
24;11310
35;11319
28;11339
37;11354
16;11355
34;11356
6;11357
2;11359
20;11360
4;11369
20;11375
13;11378
24;11385
177;11386
28;11387
7;11399
5;11402
8;11405
26;11408
18;11410
10;11413
8;11432
49;11449
3;11450
192;11452
25;11460
1;11463
17;11469
28;11470
70;11471
27;11473
175;11494
10;11506
14;11507
21;11545
70;11546
36;11547
45;11548
56;11567
34;11589
4;11592
6;11615
23;11621
48;11642
37;11643
28;11644
10;11661
8;11689
8;11694
25;11695
3;11697
8;11700
175;11737
196;11738
32;11739
61;11740
12;11757
23;11763
28;11784
5;11790
21;11793
69;11833
19;11834
27;11835
390;11836
22;11854
166;11877
28;11878
37;11881
10;11888
15;11892
19;11930
212;11931
44;11932
27;11934
374;11935
239;11936
2;11952
6;11963
34;11964
22;11966
20;11981
13;11982
4;11984
6;11989
12;11991
156;11997
36;12025
6;12026
30;12027
66;12028
93;12030
22;12031
12;12032
35;12057
165;12058
33;12059
22;12060
24;12061
19;12062
40;12063
10;12064
10;12067
11;12076
20;12077
8;12079
1;12081
11;12082
9;12091
35;12121
591;12122
17;12123
5;12124
10;12133
10;12142
170;12143
5;12144
24;12150
165;12158
7;12162
9;12174
38;12176
26;12177
18;12178
23;12217
63;12218
25;12219
170;12220
5;12237
2;12238
25;12239
6;12240
148;12257
19;12258
8;12263
30;12267
23;12311
47;12313
62;12314
19;12315
2;12316
17;12322
30;12330
166;12333
9;12336
7;12352
158;12357
29;12361
21;12367
1;12372
3;12386
13;12407
36;12409
43;12410
216;12411
215;12412
7;12416
25;12430
63;12431
12;12438
10;12456
26;12505
36;12506
90;12507
134;12508
4;12510
14;12525
32;12526
158;12527
32;12528
28;12531
5;12550
41;12552
18;12557
3;12574
158;12595
30;12602
52;12603
17;12604
9;12605
2;12607
40;12608
27;12627
37;12630
7;12633
39;12634
2;12635
11;12636
21;12638
45;12639
3;12640
30;12654
2;12662
15;12664
6;12697
61;12698
54;12699
199;12700
1;12701
14;12704
25;12722
53;12729
162;12730
54;12731
3;12732
1;12735
30;12749
4;12758
25;12793
210;12794
162;12795
266;12796
25;12801
29;12804
8;12811
20;12813
171;12815
30;12825
12;12827
17;12845
14;12852
300;12889
23;12890
29;12891
29;12909
34;12910
8;12911
10;12914
13;12934
6;12936
9;12937
31;12939
28;12966
62;12985
5;12986
25;12987
24;12988
160;12992
3;13002
8;13006
26;13007
2;13015
6;13025
36;13029
4;13030
2;13035
30;13037
4;13045
89;13081
73;13082
63;13083
10;13084
1;13089
10;13102
159;13126
33;13134
33;13135
18;13177
41;13178
179;13179
39;13180
5;13183
5;13196
5;13197
31;13198
8;13200
18;13221
33;13224
17;13230
33;13233
596;13273
168;13274
183;13275
31;13276
168;13278
9;13279
75;13280
19;13282
5;13297
3;13305
21;13306
13;13307
2;13308
1;13310
211;13311
34;13318
21;13325
6;13326
13;13331
19;13333
56;13369
191;13370
34;13373
24;13374
10;13375
62;13376
9;13386
39;13401
20;13402
20;13403
10;13407
13;13408
8;13409
1;13422
5;13425
34;13430
30;13465
94;13466
35;13467
176;13468
16;13485
20;13486
62;13487
32;13488
1;13492
38;13498
13;13499
31;13511
10;13515
31;13519
33;13561
48;13563
52;13564
154;13581
22;13582
26;13583
4;13591
2;13604
26;13605
3;13606
8;13611
12;13612
7;13644
29;13657
2;13658
574;13659
81;13660
24;13676
148;13680
14;13704
20;13718
16;13729
2;13737
4;13753
32;13754
60;13755
15;13756
36;13774
36;13775
20;13776
157;13792
178;13798
155;13800
39;13805
1;13812
52;13849
49;13850
160;13851
79;13852
49;13853
13;13855
16;13868
6;13869
158;13871
3;13894
12;13904
7;13933
238;13945
47;13946
179;13947
70;13948
4;13949
24;13950
72;13952
21;13974
8;13986
54;13998
27;13999
8;14002
16;14008
6;14011
18;14027
169;14041
24;14042
27;14043
24;14044
188;14045
164;14046
9;14047
26;14048
1;14057
22;14067
45;14074
22;14076
5;14077
9;14079
40;14095
19;14098
28;14104
9;14115
11;14137
66;14138
22;14139
55;14140
20;14141
4;14147
17;14157
160;14160
6;14174
7;14179
159;14181
12;14183
17;14188
1;14192
89;14233
40;14234
38;14236
8;14254
40;14255
171;14256
160;14277
17;14280
5;14284
24;14289
21;14291
2;14329
67;14330
18;14331
12;14332
16;14351
23;14352
30;14360
8;14377
7;14380
32;14381
29;14383
8;14386
15;14393
202;14425
80;14426
34;14427
107;14428
35;14431
14;14439
8;14447
18;14450
26;14464
10;14466
1;14475
27;14476
25;14478
24;14483
37;14484
13;14521
36;14522
103;14523
63;14524
38;14558
28;14566
15;14569
17;14573
20;14574
6;14579
58;14617
59;14618
15;14619
186;14620
37;14623
4;14632
35;14647
149;14649
89;14652
15;14653
45;14654
3;14655
19;14666
11;14670
18;14676
22;14713
43;14714
12;14715
9;14716
207;14717
14;14719
38;14746
17;14748
24;14750
557;14751
31;14765
12;14767
21;14772
18;14809
215;14811
330;14812
7;14825
35;14831
25;14854
161;14860
10;14877
329;14905
62;14908
30;14923
25;14927
8;14930
164;14936
24;14938
13;14939
24;14952
12;14958
14;14963
11;14994
40;15001
101;15002
183;15003
17;15004
7;15009
20;15021
556;15022
4;15023
2;15024
17;15027
12;15046
33;15052
13;15056
14;15060
22;15097
211;15098
62;15099
49;15100
30;15111
31;15118
68;15119
155;15132
158;15140
22;15141
31;15145
6;15147
173;15154
161;15156
6;15176
14;15193
34;15194
48;15195
65;15196
12;15211
168;15213
34;15214
15;15216
27;15224
27;15244
8;15249
6;15251
7;15256
20;15287
199;15289
152;15290
10;15291
18;15292
164;15294
15;15295
12;15321
50;15322
29;15323
4;15326
18;15328
13;15342
15;15344
45;15347
8;15352
25;15385
28;15386
19;15387
43;15389
11;15390
154;15391
31;15414
9;15417
36;15419
31;15421
171;15422
25;15427
6;15437
548;15440
34;15441
13;15447
60;15482
217;15483
95;15484
3;15493
20;15499
11;15502
11;15522
163;15526
11;15527
24;15532
1;15537
20;15538
312;15577
7;15578
42;15579
17;15580
25;15587
2;15598
51;15599
18;15600
2;15611
2;15630
168;15634
34;15636
33;15648
6;15673
24;15674
24;15675
117;15676
5;15703
22;15709
7;15718
29;15720
1;15725
29;15769
53;15770
35;15771
23;15772
20;15779
4;15784
183;15789
17;15797
21;15809
35;15812
32;15814
10;15815
19;15821
204;15865
210;15866
24;15867
5;15868
10;15875
4;15889
158;15910
11;15912
6;15915
24;15917
10;15921
5;15944
92;15961
21;15962
13;15963
47;15964
180;15965
64;15966
172;15967
18;15968
4;15993
30;15994
9;15997
16;15999
21;16014
10;16016
23;16018
26;16019
16;16020
20;16021
5;16053
3;16057
21;16058
29;16059
18;16061
6;16062
28;16063
21;16089
26;16090
15;16093
23;16094
11;16096
38;16109
31;16111
20;16118
28;16119
6;16122
571;16153
54;16154
305;16155
375;16156
29;16173
45;16174
8;16200
11;16201
8;16206
37;16208
173;16249
25;16250
44;16251
583;16252
26;16270
164;16284
11;16293
4;16294
166;16295
2;16298
168;16302
1;16303
5;16306
28;16307
17;16308
13;16345
47;16346
63;16347
48;16348
22;16367
15;16368
29;16369
3;16390
7;16418
42;16441
66;16442
177;16443
53;16444
32;16447
19;16461
24;16462
16;16463
7;16465
18;16471
28;16472
2;16473
24;16479
8;16488
10;16489
14;16497
6;16537
29;16538
16;16539
15;16540
150;16560
29;16574
21;16582
26;16591
12;16623
5;16633
53;16635
69;16636
13;16637
9;16638
37;16639
33;16640
24;16643
10;16667
12;16668
16;16669
20;16670
21;16679
2;16685
3;16686
7;16689
161;16690
5;16695
1;16700
65;16729
47;16730
19;16731
25;16732
22;16734
29;16735
26;16736
31;16742
36;16747
13;16749
5;16759
2;16765
58;16783
14;16787
26;16788
5;16789
14;16825
30;16826
55;16827
67;16828
18;16836
1;16845
10;16847
52;16848
12;16851
155;16861
17;16873
12;16876
23;16882
4;16904
21;16921
53;16922
87;16923
40;16924
11;16941
23;16942
6;16943
179;16968
24;17017
46;17018
19;17019
27;17027
12;17033
38;17038
8;17039
16;17040
27;17061
20;17066
2;17068
4;17069
157;17071
10;17074
25;17076
19;17084
181;17113
179;17114
56;17115
18;17116
9;17129
325;17133
5;17149
9;17162
13;17168
9;17172
152;17201
213;17209
194;17210
53;17211
246;17212
2;17229
10;17232
3;17235
26;17244
8;17248
4;17249
10;17257
14;17258
12;17263
6;17265
6;17305
31;17306
34;17308
9;17309
11;17310
32;17333
5;17338
17;17342
152;17343
29;17346
8;17355
1;17358
16;17359
8;17402
39;17404
37;17406
34;17407
45;17408
6;17412
5;17414
9;17422
34;17433
8;17435
32;17436
16;17437
1;17438
29;17453
15;17456
38;17460
22;17462
180;17497
42;17498
25;17499
55;17500
20;17517
30;17520
11;17535
19;17542
17;17547
2;17552
23;17556
87;17593
52;17594
11;17595
80;17596
52;17615
20;17616
1;17640
22;17641
20;17645
20;17647
10;17651
24;17689
44;17690
41;17691
61;17692
19;17693
27;17697
4;17701
1;17706
12;17707
163;17710
163;17711
33;17720
1;17724
34;17733
11;17736
156;17738
1;17739
14;17742
16;17743
29;17747
145;17785
16;17786
33;17787
9;17788
156;17793
25;17795
28;17820
13;17829
3;17832
22;17834
41;17837
29;17838
4;17881
15;17882
46;17883
48;17884
29;17885
26;17901
10;17902
32;17907
1;17925
31;17935
12;17955
7;17961
220;17978
2;17979
51;17980
26;17981
6;17983
20;17984
167;17985
3;18001
11;18007
14;18011
53;18015
6;18016
9;18029
7;18033
6;18038
76;18073
12;18074
24;18077
31;18079
4;18105
33;18106
7;18107
40;18108
16;18109
10;18111
33;18112
167;18122
38;18124
33;18125
21;18132
9;18133
4;18145
17;18156
40;18169
10;18170
169;18171
194;18172
27;18189
23;18191
163;18192
4;18197
18;18198
22;18215
14;18221
151;18222
24;18224
18;18265
274;18266
636;18267
68;18268
22;18271
37;18272
14;18277
26;18279
45;18287
16;18288
22;18304
4;18309
4;18314
6;18316
30;18317
13;18318
161;18361
43;18362
38;18363
17;18364
12;18370
19;18375
33;18381
12;18401
16;18404
18;18408
70;18411
10;18412
13;18418
31;18457
11;18458
53;18459
78;18460
25;18463
7;18469
8;18473
18;18479
19;18490
35;18511
12;18513
102;18553
61;18554
182;18555
35;18556
18;18558
19;18565
54;18575
14;18576
2;18581
21;18597
38;18598
13;18602
13;18610
19;18649
3;18650
34;18651
38;18652
161;18653
12;18654
11;18655
29;18656
8;18675
13;18679
29;18686
15;18688
152;18705
17;18706
7;18735
13;18742
36;18745
182;18747
3;18748
59;18749
32;18750
37;18751
570;18752
181;18779
20;18781
29;18782
8;18783
5;18784
12;18791
11;18809
10;18814
52;18841
4;18843
39;18844
3;18851
25;18852
25;18855
8;18861
12;18862
16;18863
9;18864
2;18872
38;18885
24;18886
20;18899
14;18937
27;18938
4;18939
28;18940
23;18941
2;18949
15;18959
32;18976
2;18981
22;18985
6;18987
4;18992
9;19025
47;19033
182;19034
30;19036
157;19054
29;19055
60;19056
25;19077
9;19078
23;19084
174;19130
71;19131
80;19132
19;19147
17;19149
21;19150
27;19151
24;19183
156;19186
12;19187
26;19188
45;19225
54;19226
45;19227
565;19228
6;19242
2;19245
8;19247
11;19248
17;19250
18;19257
1;19264
36;19273
13;19284
3;19305
37;19322
26;19323
15;19325
54;19326
9;19327
22;19336
4;19340
24;19348
46;19356
3;19358
13;19374
32;19377
16;19384
38;19398
38;19417
47;19418
4;19419
16;19421
26;19422
19;19423
50;19424
1;19427
4;19445
21;19447
10;19449
38;19450
10;19453
16;19455
11;19466
28;19469
19;19471
39;19478
72;19513
199;19515
30;19516
9;19533
25;19536
7;19560
46;19561
36;19562
8;19566
166;19568
35;19572
159;19591
2;19609
9;19610
14;19611
132;19612
7;19630
6;19631
7;19654
42;19658
154;19663
34;19666
30;19667
2;19668
75;19705
8;19706
150;19707
160;19712
5;19725
19;19726
14;19727
28;19728
27;19750
8;19752
17;19754
159;19762
40;19801
180;19802
4;19803
184;19804
29;19806
6;19811
353;19821
22;19822
5;19826
16;19846
9;19849
42;19855
28;19856
18;19858
175;19897
44;19898
33;19899
55;19900
28;19913
25;19917
25;19919
8;19922
12;19927
31;19948
21;19951
12;19961
9;19978
16;19979
30;19993
29;19995
12;19996
25;19997
26;19999
13;20023
2;20026
12;20028
24;20029
42;20031
28;20032
17;20041
8;20050
25;20053
14;20055
8;20062
41;20089
2;20091
25;20092
164;20093
7;20094
26;20095
14;20103
9;20121
4;20124
29;20128
9;20142
59;20185
4;20187
10;20188
9;20205
11;20207
40;20218
163;20229
2;20233
3;20238
5;20244
26;20281
56;20282
19;20283
53;20284
3;20301
19;20302
14;20304
4;20337
25;20339
167;20377
34;20378
2;20379
10;20380
26;20397
17;20398
14;20399
17;20421
24;20452
29;20473
25;20474
238;20475
53;20476
20;20489
1;20493
9;20494
165;20495
24;20512
30;20524
3;20525
203;20569
19;20570
179;20571
38;20572
42;20589
8;20591
15;20597
4;20618
36;20620
3;20666
32;20667
38;20668
7;20670
23;20671
19;20697
326;20700
27;20701
3;20703
10;20717
72;20719
13;20726
17;20749
10;20763
44;20764
31;20765
590;20767
14;20768
18;20770
21;20776
5;20781
7;20792
42;20793
1;20795
17;20800
6;20805
156;20817
1;20818
45;20819
35;20820
8;20848
16;20857
248;20859
9;20860
22;20878
2;20879
155;20880
29;20904
4;20912
10;20953
79;20954
42;20955
71;20956
15;20962
2;20964
22;20967
21;20974
10;20975
22;20997
35;20999
10;21000
18;21009
11;21011
2;21012
32;21026
10;21049
83;21050
61;21051
20;21052
9;21069
27;21070
58;21072
9;21097
6;21130
6;21134
158;21145
6;21146
31;21147
49;21148
45;21165
4;21166
162;21167
63;21168
39;21190
7;21191
15;21193
38;21200
38;21241
29;21243
62;21244
19;21261
1;21263
56;21264
10;21275
10;21291
15;21338
24;21339
6;21340
17;21341
9;21343
13;21344
175;21369
19;21371
7;21372
12;21375
35;21376
19;21389
33;21397
29;21399
51;21433
30;21436
8;21437
67;21438
1;21440
158;21463
49;21467
1;21468
24;21470
32;21472
154;21487
7;21488
191;21494
60;21529
34;21530
3;21531
13;21532
19;21533
53;21549
26;21550
31;21551
14;21552
9;21563
4;21565
4;21574
23;21579
35;21580
22;21586
63;21625
4;21626
12;21627
58;21628
11;21632
7;21647
26;21675
28;21680
43;21721
19;21722
156;21723
29;21724
13;21741
37;21744
9;21771
5;21774
2;21775
35;21817
197;21818
6;21819
53;21820
160;21833
35;21837
43;21838
2;21839
20;21840
16;21861
12;21864
52;21867
19;21871
5;21872
13;21876
249;21913
54;21914
54;21915
48;21916
23;21927
160;21934
15;21936
14;21944
33;21959
149;21964
4;21965
33;21968
23;21969
28;21997
39;21998
23;22009
59;22010
5;22011
6;22014
19;22015
217;22016
166;22032
19;22043
8;22046
10;22047
4;22052
3;22067
20;22072
14;22105
24;22106
11;22107
563;22108
62;22109
16;22110
57;22111
39;22112
14;22134
11;22137
5;22139
5;22140
27;22141
1;22142
2;22157
17;22160
15;22193
153;22201
372;22202
11;22203
88;22204
8;22205
1;22221
163;22247
10;22252
12;22297
16;22298
43;22299
184;22300
2;22319
30;22320
8;22322
15;22331
11;22338
27;22342
162;22343
2;22350
161;22352
23;22356
396;22393
223;22394
4;22395
63;22396
16;22413
13;22414
176;22415
14;22425
21;22431
22;22438
37;22439
30;22443
14;22446
7;22452
5;22468
5;22489
28;22490
10;22491
207;22492
2;22507
39;22508
29;22510
25;22511
154;22528
7;22534
33;22539
35;22541
17;22585
34;22586
83;22587
42;22588
2;22605
44;22607
170;22608
5;22613
2;22624
26;22630
5;22633
4;22644
4;22672
19;22676
16;22681
9;22682
28;22684
8;22685
27;22686
77;22687
8;22712
20;22718
33;22719
10;22720
1;22738
24;22742
31;22743
9;22757
2;22772
2;22777
7;22778
12;22779
24;22780
66;22781
558;22783
1;22784
7;22810
4;22812
172;22813
22;22840
67;22873
28;22875
59;22876
6;22894
1;22916
5;22923
33;22931
17;22969
65;22970
64;22972
38;22983
20;22985
2;23002
9;23013
13;23017
7;23019
26;23026
11;23027
47;23065
555;23066
25;23067
3;23096
13;23120
25;23129
7;23161
198;23162
13;23163
52;23164
14;23169
27;23175
5;23181
53;23182
52;23183
17;23184
14;23204
6;23230
32;23257
66;23258
9;23259
53;23260
31;23280
6;23296
27;23299
155;23301
5;23304
9;23305
3;23308
20;23310
154;23314
163;23339
13;23347
206;23353
6;23354
12;23355
66;23358
13;23359
9;23360
14;23379
551;23381
34;23383
34;23385
38;23386
14;23389
8;23390
5;23391
17;23397
7;23400
14;23450
47;23451
61;23453
69;23454
7;23456
6;23463
4;23481
161;23482
171;23483
37;23484
23;23485
5;23487
30;23495
9;23505
62;23545
78;23546
10;23547
19;23548
24;23552
31;23565
1;23568
164;23590
30;23593
5;23597
34;23603
25;23641
52;23642
21;23643
184;23662
274;23663
3;23664
17;23679
1;23695
12;23709
7;23737
49;23738
55;23740
18;23758
5;23760
5;23780
172;23833
102;23835
43;23836
12;23840
4;23853
27;23854
8;23885
56;23929
36;23930
136;23932
157;23950
38;23951
37;23952
11;23979
30;23984
17;24023
24;24025
20;24026
24;24027
64;24028
53;24029
29;24030
165;24034
10;24038
11;24050
22;24053
9;24057
42;24060
35;24061
65;24063
15;24064
1;24084
10;24086
3;24087
18;24101
23;24121
38;24122
4;24126
24;24127
19;24128
26;24155
10;24156
68;24157
19;24168
19;24173
1;24176
1;24181
6;24194
61;24217
80;24218
32;24219
9;24220
28;24237
20;24238
15;24262
18;24267
19;24276
115;24313
20;24315
26;24321
34;24336
29;24339
13;24362
39;24364
154;24372
158;24374
57;24409
8;24410
58;24411
58;24412
27;24431
3;24451
41;24455
9;24461
150;24467
87;24505
12;24506
51;24507
93;24508
11;24555
38;24562
13;24563
8;24596
24;24601
37;24602
15;24603
24;24604
4;24616
27;24617
168;24624
13;24629
2;24630
40;24656
11;24657
3;24678
149;24697
7;24698
559;24699
171;24700
32;24701
40;24703
26;24704
35;24718
3;24729
37;24730
3;24732
24;24736
163;24746
4;24747
163;24749
23;24752
11;24754
24;24755
23;24774
29;24793
23;24795
32;24797
23;24798
31;24799
18;24825
18;24826
15;24827
238;24829
20;24830
2;24831
2;24841
25;24845
25;24854
16;24889
167;24890
67;24891
48;24892
7;24902
20;24909
170;24911
34;24912
4;24934
4;24937
3;24939
58;24942
34;24948
42;24985
55;24986
26;24987
49;24988
6;25003
9;25005
26;25007
33;25008
10;25012
39;25036
9;25037
26;25040
9;25041
161;25042
25;25081
36;25082
163;25083
11;25084
24;25095
14;25098
6;25102
6;25103
317;25104
6;25128
2;25129
5;25132
158;25136
29;25170
44;25178
35;25179
155;25185
27;25186
20;25198
21;25209
10;25228
173;25231
40;25236
380;25273
13;25274
30;25275
35;25276
15;25292
38;25320
30;25323
4;25326
3;25347
13;25366
27;25369
44;25370
9;25371
5;25372
23;25374
22;25375
157;25383
16;25401
25;25404
312;25405
147;25406
3;25407
56;25408
3;25421
58;25425
10;25426
13;25432
17;25451
17;25465
175;25467
192;25468
18;25469
15;25470
14;25471
18;25472
20;25497
167;25498
12;25501
13;25502
37;25503
32;25504
36;25520
171;25525
9;25528
28;25561
26;25562
20;25563
33;25564
5;25578
39;25581
11;25583
22;25600
11;25605
28;25607
24;25613
40;25614
153;25617
7;25657
33;25658
252;25659
12;25660
8;25666
10;25670
17;25678
17;25680
12;25694
8;25702
3;25753
64;25754
777;25755
33;25756
26;25761
27;25767
16;25773
24;25775
17;25785
30;25789
5;25798
10;25801
13;25802
35;25808
10;25809
14;25812
27;25821
32;25849
37;25850
43;25852
31;25869
17;25870
28;25902
21;25906
19;25939
277;25945
68;25946
2;25947
4;25948
16;25962
14;25965
4;25966
9;25975
13;25991
17;25993
6;26032
1;26033
32;26037
23;26042
59;26043
60;26044
17;26045
6;26048
166;26051
3;26055
19;26071
34;26074
1;26076
6;26077
18;26078
10;26098
31;26099
144;26100
14;26102
18;26104
10;26118
29;26137
26;26138
38;26139
12;26140
30;26141
53;26143
34;26169
6;26172
5;26173
31;26176
8;26182
28;26190
26;26191
9;26192
40;26233
169;26234
44;26235
10;26236
24;26237
5;26241
38;26253
5;26256
59;26257
7;26277
5;26284
169;26290
570;26329
15;26330
59;26331
57;26332
35;26352
61;26375
157;26388
32;26425
56;26426
43;26427
7;26428
23;26430
19;26448
27;26453
16;26470
15;26472
2;26475
1;26480
37;26481
27;26482
92;26521
168;26522
43;26523
6;26542
8;26543
16;26544
7;26569
33;26573
25;26575
21;26580
97;26617
32;26618
51;26619
159;26620
12;26626
7;26627
6;26637
29;26638
22;26639
23;26667
6;26671
27;26678
18;26708
17;26714
38;26715
42;26716
13;26717
27;26718
195;26719
9;26724
8;26725
179;26745
18;26746
5;26748
29;26749
13;26750
9;26758
39;26765
29;26770
3;26771
15;26775
7;26776
21;26809
33;26811
19;26813
8;26815
17;26816
10;26820
2;26841
45;26842
19;26843
17;26844
27;26865
18;26866
4;26867
15;26868
49;26905
44;26906
32;26907
14;26908
3;26925
20;26926
180;26928
3;26938
34;26950
33;26953
14;26956
160;26961
24;26963
185;27001
46;27002
24;27003
94;27004
1;27016
30;27021
44;27022
158;27028
12;27047
20;27048
45;27052
33;27060
4;27097
14;27098
25;27099
225;27100
4;27117
10;27118
4;27119
14;27120
26;27143
12;27144
28;27147
5;27149
19;27154
28;27193
212;27195
48;27196
28;27205
159;27213
6;27216
29;27217
13;27218
5;27230
22;27241
12;27242
36;27244
26;27250
30;27251
39;27289
16;27290
37;27292
20;27294
21;27304
30;27307
19;27309
81;27312
6;27316
32;27326
1;27328
9;27334
7;27335
21;27340
13;27343
2;27344
171;27345
55;27385
69;27386
164;27387
77;27389
28;27390
27;27391
28;27392
8;27393
15;27394
17;27416
14;27418
2;27420
11;27422
32;27424
10;27441
19;27442
38;27443
18;27445
20;27451
22;27452
21;27482
24;27483
72;27485
158;27487
26;27488
22;27515
18;27524
22;27533
29;27534
156;27535
26;27537
18;27578
55;27579
32;27580
22;27598
17;27599
19;27600
21;27605
16;27609
30;27630
27;27636
50;27673
82;27674
44;27675
36;27676
25;27680
23;27693
23;27694
26;27695
12;27696
173;27719
25;27720
35;27723
6;27726
6;27727
22;27730
13;27764
14;27769
181;27770
195;27771
215;27772
7;27774
6;27789
157;27790
1;27795
35;27799
17;27807
49;27813
5;27818
2;27825
36;27865
62;27866
67;27867
27;27868
11;27882
8;27885
39;27886
171;27888
37;27910
2;27914
24;27917
18;27918
15;27920
10;27924
36;27931
60;27961
42;27962
204;27963
23;27964
165;27972
19;27981
7;27982
13;27983
48;27984
1;27985
28;27990
2;28005
33;28019
6;28024
4;28038
18;28059
13;28060
5;28062
17;28064
9;28090
20;28092
24;28094
1;28095
156;28096
196;28110
6;28111
13;28118
22;28123
50;28153
7;28154
14;28155
346;28156
27;28157
6;28159
15;28165
24;28172
153;28182
34;28186
158;28187
14;28188
149;28190
17;28192
16;28210
2;28212
8;28213
215;28249
41;28250
193;28251
215;28252
26;28269
40;28270
21;28271
8;28272
3;28307
2;28308
27;28319
11;28345
35;28346
57;28347
10;28365
4;28366
22;28371
20;28381
8;28392
3;28395
29;28400
168;28402
14;28403
3;28404
199;28441
16;28442
43;28443
50;28444
18;28446
157;28452
17;28461
2;28462
18;28463
16;28472
6;28485
9;28490
21;28491
29;28493
20;28503
38;28537
50;28538
27;28539
184;28540
54;28558
1;28560
11;28567
32;28575
55;28581
16;28583
165;28585
32;28592
30;28612
23;28633
64;28634
18;28635
38;28636
16;28637
7;28649
16;28653
29;28655
33;28674
7;28677
1;28683
34;28686
22;28701
4;28711
24;28712
19;28729
15;28730
20;28731
44;28734
14;28735
28;28736
2;28752
564;28761
11;28762
15;28765
323;28766
38;28770
7;28771
159;28773
1;28774
13;28781
150;28782
25;28792
6;28793
71;28825
161;28826
33;28827
33;28828
3;28829
2;28830
17;28831
171;28832
11;28847
33;28852
17;28857
2;28858
18;28859
8;28860
35;28861
32;28877
32;28879
157;28880
159;28888
16;28899
579;28921
35;28922
47;28923
354;28924
18;28941
15;28942
8;28944
13;28967
32;28973
15;28975
6;28977
20;28978
17;29018
62;29019
14;29020
38;29039
13;29063
17;29066
7;29073
160;29074
16;29075
38;29076
20;29114
224;29115
34;29116
12;29133
158;29135
7;29139
18;29162
41;29213
1;29214
174;29215
20;29216
27;29233
10;29234
16;29235
32;29240
16;29250
38;29309
55;29310
24;29311
7;29312
27;29315
17;29329
17;29330
94;29331
10;29354
6;29357
58;29358
7;29359
14;29361
33;29368
2;29377
6;29392
15;29406
18;29407
5;29408
30;29411
19;29412
33;29429
4;29439
16;29440
14;29447
8;29449
25;29452
179;29458
28;29459
30;29460
30;29461
1;29462
34;29463
14;29476
25;29501
212;29502
27;29504
32;29505
45;29506
23;29512
27;29529
25;29534
21;29535
5;29536
4;29538
2;29539
22;29550
3;29553
169;29562
147;29563
13;29568
32;29597
7;29598
96;29599
38;29600
2;29616
21;29617
21;29618
28;29619
22;29632
25;29643
3;29645
8;29646
18;29648
6;29670
173;29693
78;29694
29;29695
44;29696
51;29698
10;29713
30;29715
21;29716
8;29745
24;29746
6;29748
34;29749
219;29789
55;29790
12;29791
73;29792
39;29812
8;29819
8;29836
22;29839
566;29842
27;29843
25;29847
5;29873
14;29886
23;29887
25;29888
15;29905
38;29908
22;29911
18;29914
4;29919
1;29935
6;29938
37;29941
6;29965
40;29981
258;29982
73;29983
6;29994
12;30001
12;30002
11;30004
37;30027
6;30036
20;30072
28;30077
44;30078
20;30079
43;30080
26;30081
70;30082
14;30083
2;30092
13;30113
35;30114
161;30116
20;30123
37;30125
26;30129
38;30130
20;30131
23;30133
26;30134
27;30137
26;30138
24;30140
11;30169
16;30173
22;30175
185;30176
39;30177
10;30178
172;30179
8;30186
27;30189
6;30194
33;30198
8;30201
4;30205
11;30209
28;30210
4;30211
64;30212
27;30225
20;30228
34;30229
3;30233
14;30269
355;30270
55;30271
64;30272
16;30276
8;30277
18;30283
25;30289
23;30290
22;30291
23;30304
32;30309
27;30318
32;30320
17;30324
30;30365
23;30366
203;30367
57;30368
24;30386
5;30388
11;30392
28;30396
9;30405
156;30409
10;30413
43;30417
24;30452
36;30461
27;30462
67;30464
8;30467
6;30475
30;30481
9;30483
175;30484
4;30511
39;30512
4;30516
31;30517
49;30557
27;30558
51;30559
185;30560
8;30566
557;30577
7;30579
16;30580
7;30597
15;30605
13;30616
150;30653
59;30654
256;30655
42;30656
14;30674
4;30675
25;30681
40;30710
23;30731
162;30749
30;30750
11;30751
614;30752
33;30754
32;30755
38;30765
164;30767
163;30770
2;30779
7;30781
16;30782
20;30784
16;30786
20;30795
3;30796
61;30805
11;30806
8;30834
202;30845
21;30846
20;30848
44;30849
46;30851
9;30852
30;30857
21;30877
18;30879
59;30882
40;30884
11;30892
1;30898
11;30901
6;30904
8;30941
88;30942
164;30943
73;30944
13;30954
6;30962
19;30963
9;30965
9;30966
14;30980
159;30981
22;30991
167;30992
39;30993
20;30999
250;31037
180;31038
118;31040
1;31042
25;31057
3;31059
6;31064
7;31068
5;31075
144;31083
26;31086
16;31087
9;31089
9;31091
16;31119
32;31127
250;31133
34;31134
36;31135
53;31136
2;31152
4;31153
148;31154
17;31156
22;31157
3;31163
31;31166
15;31177
2;31179
24;31183
9;31185
14;31201
28;31230
33;31231
66;31232
165;31251
23;31259
15;31274
26;31276
26;31277
19;31288
3;31293
58;31325
52;31326
838;31328
6;31344
3;31345
20;31347
3;31348
2;31354
20;31372
9;31377
149;31380
12;31382
9;31384
24;31421
33;31422
192;31423
24;31425
36;31426
28;31427
164;31428
16;31439
9;31453
33;31455
19;31456
168;31459
152;31470
31;31474
42;31484
36;31508
15;31511
236;31517
27;31519
39;31520
17;31521
43;31523
227;31549
145;31552
39;31553
23;31554
21;31556
17;31561
459;31571
172;31575
4;31576
26;31577
26;31579
3;31580
75;31613
14;31614
13;31615
196;31616
22;31633
26;31634
17;31635
36;31636
5;31648
19;31659
168;31660
4;31663
8;31665
5;31666
2;31670
18;31671
4;31672
9;31691
34;31709
57;31710
50;31711
71;31712
1;31719
52;31729
32;31731
27;31732
24;31738
22;31751
30;31758
212;31805
11;31806
212;31807
23;31808
27;31810
14;31826
10;31827
19;31828
14;31829
14;31831
2;31845
27;31851
7;31858
1;31859
39;31862
17;31877
21;31900
19;31901
53;31902
159;31903
27;31904
23;31922
28;31923
22;31929
31;31940
29;31945
150;31953
13;31954
36;31994
19;31997
118;31998
20;31999
52;32000
156;32005
3;32018
158;32028
17;32033
2;32038
5;32042
32;32044
3;32045
25;32048
1;32065
39;32093
4;32094
20;32096
95;32097
21;32098
8;32099
13;32109
4;32119
39;32125
12;32130
5;32131
20;32140
15;32147
21;32148
2;32153
30;32155
164;32156
1;32170
6;32177
16;32189
17;32193
10;32194
28;32195
13;32196
15;32199
29;32203
2;32215
9;32221
18;32222
26;32223
167;32224
27;32225
8;32226
183;32231
7;32235
204;32244
34;32248
12;32249
20;32273
34;32285
10;32286
27;32287
38;32288
5;32295
43;32305
9;32306
188;32307
60;32308
13;32315
13;32321
17;32339
63;32341
3;32342
43;32343
12;32382
229;32383
52;32384
4;32388
21;32394
18;32398
7;32400
23;32401
23;32403
16;32415
18;32422
159;32427
21;32429
48;32434
2;32473
155;32477
279;32478
41;32479
71;32480
3;32488
3;32496
20;32497
38;32498
61;32499
16;32502
33;32529
161;32534
10;32573
52;32574
65;32575
4;32576
19;32595
36;32596
24;32617
16;32624
7;32626
18;32630
25;32669
233;32670
20;32671
161;32672
6;32681
7;32683
3;32685
10;32689
13;32690
15;32691
30;32705
146;32717
20;32718
44;32723
11;32725
2;32726
2;32752
3;32762
8;32766
19;32767
45;32768
35;32769
3;32770
14;32771
29;32772
31;32781
19;32799
158;32801
17;32803
19;32805
29;32806
16;32808
9;32813
22;32819
35;32824
9;32826
1;32827
562;32828
225;32861
23;32862
34;32864
15;32866
10;32867
62;32868
19;32871
22;32893
21;32896
16;32897
25;32898
43;32899
161;32909
25;32913
14;32916
19;32917
16;32918
52;32920
11;32921
7;32923
5;32957
55;32958
10;32959
116;32960
19;32963
5;32970
24;32977
19;32978
56;32979
18;32980
11;32983
20;33007
18;33014
156;33034
14;33040
98;33053
33;33054
38;33055
13;33060
29;33073
35;33074
7;33076
145;33077
11;33097
19;33100
5;33107
10;33108
64;33150
50;33151
141;33152
6;33153
2;33169
32;33170
69;33172
21;33177
20;33194
5;33197
4;33198
2;33200
13;33245
13;33246
48;33247
58;33248
30;33254
27;33267
10;33276
16;33285
29;33290
6;33296
17;33297
2;33300
21;33302
29;33303
33;33341
46;33342
33;33343
109;33344
4;33355
54;33363
12;33364
22;33433
163;33434
41;33438
9;33442
21;33443
29;33444
14;33457
15;33466
22;33471
7;33472
16;33473
65;33474
8;33499
29;33500
13;33533
179;33534
48;33535
23;33536
676;33538
1;33552
5;33553
151;33557
26;33565
21;33567
6;33571
11;33572
20;33590
41;33592
6;33594
31;33595
47;33629
48;33630
85;33631
17;33638
15;33640
9;33649
6;33651
21;33652
15;33660
2;33666
15;33674
28;33678
7;33679
17;33683
25;33685
28;33725
107;33726
576;33727
15;33728
13;33729
2;33743
6;33744
33;33745
34;33746
18;33750
7;33771
14;33772
1;33774
3;33775
18;33777
13;33779
8;33782
10;33821
44;33822
18;33823
25;33824
16;33841
40;33842
7;33843
27;33844
14;33850
15;33864
20;33865
1;33866
7;33869
8;33870
6;33875
13;33877
31;33878
5;33888
4;33917
42;33918
202;33919
609;33920
12;33931
53;33937
36;33938
20;33940
1;33947
15;33964
29;33968
22;34013
16;34014
229;34015
220;34016
13;34033
11;34034
156;34036
19;34042
24;34050
11;34063
11;34065
13;34082
13;34109
11;34110
68;34111
1;34112
31;34113
34;34114
2;34115
12;34116
22;34122
18;34130
145;34144
29;34145
17;34150
17;34165
6;34168
3;34180
1;34182
26;34205
56;34206
92;34207
168;34208
36;34210
46;34211
50;34212
28;34217
10;34223
14;34224
1;34229
25;34238
173;34239
30;34241
33;34242
11;34243
27;34253
167;34262
29;34263
16;34265
16;34268
13;34288
29;34289
9;34301
165;34302
31;34303
29;34304
21;34314
17;34321
6;34322
74;34323
12;34324
14;34350
17;34353
18;34355
42;34397
5;34399
89;34400
13;34412
32;34419
19;34420
38;34421
20;34442
28;34456
60;34493
74;34494
8;34495
48;34496
22;34497
14;34499
12;34508
9;34514
14;34515
6;34516
14;34517
15;34532
22;34535
4;34540
35;34541
5;34544
27;34545
6;34547
35;34548
12;34550
635;34589
203;34590
76;34591
237;34592
7;34602
9;34609
13;34611
16;34612
30;34624
52;34634
7;34636
3;34638
22;34639
17;34643
3;34645
28;34662
23;34678
33;34685
19;34686
195;34687
76;34688
15;34701
19;34708
21;34716
32;34717
37;34733
5;34735
5;34737
20;34742
19;34743
3;34744
10;34759
30;34781
29;34783
37;34784
57;34785
27;34786
51;34787
9;34788
12;34813
48;34816
8;34817
2;34818
9;34819
7;34820
10;34828
8;34834
24;34843
11;34844
9;34877
47;34878
16;34879
173;34880
179;34881
18;34882
13;34883
13;34884
12;34897
20;34904
1;34907
6;34909
15;34910
32;34911
10;34912
22;34913
23;34915
35;34916
9;34932
151;34935
1;34936
13;34940
72;34973
48;34974
78;34975
54;34976
30;34994
26;34995
31;34996
18;34997
29;35012
14;35015
11;35017
23;35021
25;35026
6;35029
12;35032
