sums of daily draw-off volumes
100.5
72.2
189.2
126
145.8
89.2
161.8
152.8
110.5
167.2
82.5
390.5
70.5
296.8
170
149.5
207.2
147.5
139
450.8
311
254.8
72
110
101.5
130.8
94
317.2
79.5
92.2
270.2
358.5
177.5
134.8
263.2
257.8
298.8
225.2
123.2
131.5
259.2
237
116.8
105.5
113.2
160.5
301
186.5
204.2
335.5
99.2
133.5
157.2
85.2
241
128.5
141.8
172.8
113.5
167
155.8
189.8
72
202.2
109.5
147.2
106.8
220.8
222.2
216.5
194.8
109.2
156
249.2
149.5
117.8
250.5
123
220.5
126.2
98
264.5
225.8
154.5
95.5
100
114.2
115.2
108.8
215.8
87.5
105.2
216.5
305.5
269.2
257.8
133.5
190.5
141
151.8
66.5
108.5
74.8
204.5
138.2
252
155
180
129.2
145.8
152.5
153.5
221.5
148.5
82.2
212.8
141.5
114.8
120.8
154.8
68
49.5
138.2
195.8
297.5
170.8
282.5
131
147.8
160.8
155.2
136.8
166.8
247.2
123
106.2
117.8
108
399.5
134
147.2
97.5
224.8
187.8
149.2
195.2
210
141.5
153.2
66.8
162
84.8
185.8
251.8
200.2
176.2
257.5
294.8
117.8
193
296
159
178.2
58.8
120.2
166.5
196.8
82.2
360.8
354.2
60
136.8
73
128.2
105.8
116.5
106
113.5
201
238.2
87.8
94.5
106
93.8
213.5
130
60.5
155
138.5
220
308.8
115.5
74.2
143
135.2
303.8
69.2
44.8
142.8
156.8
205.2
76
108.8
158.2
149.5
167.5
234
117.2
85
82.5
76.5
54.8
71.8
155.2
136
143.2
265
123.2
92.5
77.2
157.2
56.2
103.2
193.2
87.5
52.2
78.2
167
214.8
156.5
217
205.2
174
259
144.8
108.5
78.8
221.5
49.8
68
167
114.5
142.5
302.5
161
114.5
147.2
34.8
92
125.2
154.8
67.5
72
147
102.8
76.2
93.2
369.2
131
158
125
193.2
138.5
136.2
236.5
240.8
110
94
282.8
52.2
110.8
167
86.2
143.8
238.5
76.2
104.8
117.8
178.2
63.8
152.5
173
97.5
163.5
131.2
168.5
143.5
64.2
147
224.2
140.8
162.8
126
260
197.8
96
155.2
166.2
84.5
370.5
248.8
289.5
95.5
118.2
84.2
101.8
124.2
204
80.2
128.5
263.5
52
115.2
185.8
183
182.8
149.8
115
233.8
147.5
356.5
136.8
202.5
199.8
174.5
104.5
295.2
242.8
393.8
158
102.2
158
148
161.5
128.2
208
146.5
162.8
220.8
62.8
186.5
271.2
205
94
153.2
104
79.8
72.8
115.2
314.5
89.2
224
76.8
255.8
183
109.8
264.5
113.8
71.5
110.5
332.5
137.5
97.2
204.5
119.2
sums of draw-off volumes of each hour of the day
68.4
152.6
142
86.1
150.4
114.7
10668.2
14246.3
5863.1
886.6
358.3
2952.4
3038.6
1318.9
1566
2595.1
1600.9
2168.3
1609.6
2424.9
3164.3
1914.5
825.6
407.1
sums of draw-off volumes of each hour of weekdays
56.9
104.8
56.9
33.2
96.3
59.5
8554.5
10224.2
2848.5
414.5
256.1
2810.6
2862.4
925
350.3
496.3
413.1
1561.7
1422.3
1787.8
2207.9
1075.8
229.9
56.3
sums of draw-off volumes of each hour of weekend-days
11.5
47.8
85.1
52.9
54.1
55.2
2113.7
4022.1
3014.6
472.1
102.2
141.8
176.2
393.9
1215.7
2098.8
1187.8
606.6
187.3
637.1
956.4
838.7
595.7
350.8
holidays of household(s), numbers correspond to day of year
