sums of daily draw-off volumes
55.2
28.8
31
7.8
47.8
57.2
91.5
52.5
45.8
50
47.5
71.5
55.5
25
8.2
16.8
74.5
68
30.2
207.8
39.8
61.8
17.2
16.2
61.2
16
20.8
27.2
52.8
95.5
13.8
86.5
43.2
21.8
9
23.5
92.5
16.8
165.2
41.5
46.8
18
11.2
15.8
18.8
17
103.8
63
3.8
31.2
49.8
25.2
46.2
83.2
15.5
33.2
10.8
29.2
15.8
23.5
80.5
17.2
121.8
75
2.8
204.5
40.8
25.8
67.8
57.5
16.5
14.5
36.8
10
109
17.5
26.2
25.5
52.8
10.8
54
56.8
16.2
26.8
66
18.2
193
61.5
17.2
76.2
60.5
25.8
6.8
59.5
16.8
33.5
17.8
46.8
92.2
16.2
69.2
34.5
70.8
31.2
24
42.8
21.5
18.8
16.5
53.8
23.8
27.8
51.5
88.2
83.2
3.5
24.2
28.8
33
31.2
8.8
13
20.5
17.8
7.8
68.5
108.8
27.2
48.2
3.8
29.2
48.5
16
18
11.5
18.8
50.8
47.8
10.5
15
12
48.8
4.2
18
56.5
49.2
93.2
32.2
110.5
57
21.5
6.8
109.5
17.8
9.8
16.2
12.5
6.2
7.8
34
22.8
12
2.2
34.2
20.5
43.5
15.8
51.8
25.8
24.2
60.5
59.5
15
25.5
7.2
28
68.8
50.8
69
19.2
18.2
65
13.2
6
13
87.8
15
13.2
59.2
2
49.2
151.8
54.2
54.8
14
31.8
28
12.8
70.2
17.2
16
40
135.5
54.5
16
15.5
36.5
26.2
61.2
10.2
12.2
95.5
7.5
9.5
7.8
20.8
14
11.2
11.5
26.5
26.8
13.2
20.5
21.2
18
19
64
51.8
21
8.5
43
24.2
159.8
113.5
63.5
83.2
52.8
27.2
18.8
64
45.2
11
3.2
82.5
240
23
6
23.8
57.8
56.8
88.8
22
19.5
13.2
48.5
37.5
26.5
59.2
64
52.5
12
53.8
9.5
59.8
37
38.8
55.2
11.8
7.8
9.8
0
22.5
22.2
17.2
71.2
10.5
19
23.8
20.2
10.2
97.5
76.2
21.5
16.2
97.5
20.2
29.2
56
6.5
40.8
26.5
40.8
50.5
9.5
0.8
65.2
56.2
80.8
17
70.8
61.2
30.2
5.2
40.5
26.8
22.5
52.5
30.5
26.2
12.5
59.8
21
72.5
16.8
82.5
23.8
17
11.2
31.5
113.8
58
32.2
14
150.5
0.8
30.8
29.5
3.5
49.8
74.2
10.8
5.8
29
8
21
97.2
39.2
12.2
49.5
17.2
46.5
59.2
21
20.5
1.5
5.8
23.2
17.2
26
121.8
11.8
0.5
13.5
81.2
28.5
20
29.2
57.2
26.5
302.8
93.2
8.5
25.5
8
16.5
sums of draw-off volumes of each hour of the day
12.6
45.7
13.7
65.3
31.5
55.5
2593.7
3416.9
1382.8
234
313.6
592.9
622.4
363.3
563.1
435.4
317.5
459.1
384.9
902.9
614.8
999.7
183.9
21.2
sums of draw-off volumes of each hour of weekdays
6
35.2
4.2
14.3
15
51.5
2110.5
2453.9
676.5
99.7
247.1
567
591.1
254.4
134.6
102
83.2
398.8
358.7
836.3
471.4
613.4
83
10.2
sums of draw-off volumes of each hour of weekend-days
6.6
10.5
9.5
51
16.5
4
483.2
963
706.3
134.3
66.5
25.9
31.3
108.9
428.5
333.4
234.3
60.3
26.2
66.6
143.4
386.3
100.9
11
holidays of household(s), numbers correspond to day of year
