sums of daily draw-off volumes
31.2
32.8
126
132
34.8
143
33.8
100
82.2
119.8
167.8
151
44.2
48.2
95.2
52.2
74.5
39
120
81.2
124.8
102.8
128.5
32
55
89.2
66.8
82.8
40.8
48.2
58.2
60.5
119.2
91.5
43.5
12.2
46.2
82
111.2
83.2
114.2
262.5
46.2
90.2
51.5
129.8
107
184.8
143.2
98.8
60.2
41.2
98.5
70.5
88
79.8
227.2
98
129.8
115.5
73.8
96.5
22.5
237.2
48.5
70.2
21
61.2
109
154.8
112
93
173
67.2
53
130.2
150.5
57.5
84.8
8.5
152.5
65.2
75.5
41
120.8
83.5
117.2
85.8
22
83.8
28.2
60
49
17.8
29
70.8
79
85
212.8
39.8
78
91.5
88.2
74.8
109.8
82.2
75.2
40.8
28.8
31.2
165.5
51.2
59.2
169.2
235
81
56
66.8
73.8
68
62.2
83.5
60
75.8
146
64.5
89.2
127.2
187.5
47
38.2
55.5
48.2
22
107.8
123.2
53.8
38.5
87.2
116.2
220
142.8
64
10.5
108.2
88.5
95.5
44
173.8
29.5
39.2
44.8
87.2
35.5
42.5
21.8
197.8
48.8
33
45.5
82
70.8
41
50.5
167.2
136.8
26.5
275.8
75.8
81.2
39.2
23.8
55.2
69.2
45.2
77
161.2
56.5
90.2
39
29.5
113
56.5
65
51.5
137.5
71.5
27.8
16.5
40.8
27.8
262.5
100.5
96.5
77.2
76
108
44.8
76.5
27
106
44.8
95
56.8
93.2
151.5
20.5
179.5
72.2
46
46.2
37
61.2
60.8
23.2
205.8
33.5
42
59.8
45
119
94
17.2
94.8
46.2
89.2
50
27.2
98.8
112.2
160
38
28.5
115.5
37.8
101.5
114
53.2
14.2
42
65
55.8
62
21.8
58.5
113.5
86
60.5
44.5
83
110.8
87.2
71.2
25.8
50.5
79.8
111.5
48.2
20.8
83.2
36.8
26.2
38.2
33.2
49.2
111
71.5
34.2
103
24.8
106.8
103.5
68.8
51.2
18
87.5
137
29.8
134.8
96.2
111.2
59.8
86.5
74.5
16.5
74.5
32.8
18.8
49.2
122.2
105.2
119.2
184.8
46.2
260.5
52.2
46
26.5
59.5
137.2
73
117
42.8
89.5
77.5
89.8
241.5
28.2
63.8
79
42
74.8
66
136
127.2
115.8
70.5
163.2
58.8
19.5
25.8
99
50.2
64.2
69.2
76.8
72.2
71
120.2
43.5
76.2
103
73.8
34.8
78.2
49.8
84.8
28.8
22.2
62.2
17.8
102.5
54
92.5
245.5
57.2
74.8
62
94
54.8
28.5
95
49.2
42
78.2
135.2
36.5
211.5
380.2
38.5
106.5
64
88.8
60.5
24.2
sums of draw-off volumes of each hour of the day
129
92.1
82
173.9
129.1
94.1
5091.2
7412.7
2811.4
582.8
488.3
1898.9
1663.4
625.2
712.8
1058.8
1045.9
645.8
1074.9
878.5
1516.6
919
272.8
161.2
sums of draw-off volumes of each hour of weekdays
88.6
68.5
39.1
73.4
79.5
62.5
4201.2
5346.4
1387.3
290.7
326.6
1802.3
1542
574.8
324.4
296.9
224.5
424.1
968.2
723.4
984.4
460.1
138.3
78.8
sums of draw-off volumes of each hour of weekend-days
40.4
23.6
42.9
100.5
49.6
31.6
890
2066.3
1424.1
292.1
161.7
96.6
121.4
50.4
388.4
761.9
821.4
221.7
106.7
155.1
532.2
458.9
134.5
82.4
holidays of household(s), numbers correspond to day of year
