19;7
5;9
60;29
54;30
162;31
62;32
12;34
171;49
7;50
18;51
46;52
8;54
6;59
19;60
34;62
34;75
23;76
32;77
29;78
12;80
165;82
15;96
66;125
6;126
63;127
23;128
37;129
41;147
186;148
9;170
28;171
4;172
16;176
11;178
18;179
30;180
81;221
389;222
314;223
228;224
5;228
2;237
6;241
26;242
12;243
29;250
4;270
7;273
35;276
18;277
19;284
19;309
205;317
188;318
260;319
99;320
2;322
3;337
35;339
5;345
2;348
27;350
163;362
32;365
41;413
361;414
45;415
116;416
14;422
71;430
175;433
330;434
2;435
18;449
30;458
4;459
20;461
10;467
50;469
12;470
33;471
17;494
34;504
221;509
162;510
218;511
120;512
6;513
74;516
7;518
7;538
5;542
3;543
15;545
22;546
43;547
45;548
12;555
12;562
26;563
20;565
9;566
16;571
29;572
25;584
156;603
180;605
75;606
24;607
228;608
6;609
1;611
165;612
34;613
161;621
6;628
21;638
70;641
11;643
4;644
7;659
1;660
19;662
53;665
29;701
78;702
20;703
74;704
9;706
24;715
11;722
61;724
1;735
13;736
16;748
157;749
9;750
38;755
24;756
9;760
60;797
36;798
25;799
61;800
30;805
35;812
48;817
9;818
59;819
15;821
18;841
5;842
25;843
28;846
27;848
1;850
20;852
26;853
10;855
170;858
31;893
35;894
1;895
52;896
165;897
3;907
13;913
4;914
40;915
72;916
22;927
29;928
9;932
17;937
1;939
15;940
10;942
2;943
155;948
11;949
48;989
158;990
74;991
27;992
9;996
26;999
10;1000
164;1009
12;1010
8;1011
17;1016
2;1024
11;1027
33;1033
323;1039
4;1043
26;1045
18;1054
36;1073
8;1076
81;1085
59;1086
4;1087
3;1088
6;1092
59;1102
6;1105
22;1107
2;1108
12;1109
8;1123
9;1128
6;1129
2;1130
26;1138
18;1139
2;1142
38;1143
9;1144
174;1181
29;1182
69;1185
241;1186
25;1187
19;1188
20;1191
206;1213
33;1214
25;1216
43;1217
22;1218
56;1219
9;1228
32;1229
1;1256
25;1277
265;1278
189;1280
194;1281
36;1282
76;1283
11;1284
10;1292
3;1294
20;1300
9;1309
26;1313
10;1314
168;1315
17;1329
14;1330
40;1331
25;1336
10;1337
9;1339
21;1349
26;1373
67;1374
20;1375
605;1376
4;1379
25;1394
10;1396
13;1400
16;1405
11;1409
15;1416
19;1418
153;1419
27;1420
68;1424
28;1427
7;1428
14;1430
10;1432
2;1469
67;1470
86;1471
5;1473
12;1485
14;1486
11;1489
49;1492
10;1511
9;1520
7;1521
5;1523
6;1526
4;1533
11;1565
21;1566
172;1567
46;1568
7;1579
1;1580
26;1585
5;1587
8;1588
11;1613
27;1616
2;1622
1;1644
39;1658
6;1661
96;1662
190;1663
60;1664
19;1682
46;1683
13;1684
27;1704
19;1711
5;1712
20;1713
17;1743
15;1757
80;1758
158;1759
211;1760
8;1764
17;1768
6;1769
43;1777
27;1778
6;1779
6;1780
25;1786
15;1792
21;1794
9;1800
22;1801
31;1806
4;1808
15;1809
26;1813
4;1815
42;1853
182;1854
51;1855
52;1856
5;1857
30;1858
206;1859
56;1860
12;1869
21;1874
9;1887
13;1888
16;1889
34;1890
6;1891
178;1892
8;1895
5;1903
25;1908
23;1909
182;1915
12;1929
44;1949
26;1950
36;1951
75;1952
7;1953
174;1954
2;1955
84;1956
18;1976
4;1977
29;1981
16;1984
37;2001
166;2003
6;2009
37;2010
166;2012
74;2045
2;2046
77;2047
185;2048
4;2062
25;2065
17;2066
32;2068
52;2089
8;2091
22;2092
14;2093
25;2098
14;2106
25;2141
74;2142
38;2143
68;2144
5;2149
38;2152
5;2156
37;2162
15;2163
21;2184
7;2196
30;2200
63;2237
39;2238
31;2239
124;2240
5;2260
8;2261
3;2271
2;2281
24;2283
57;2286
75;2287
19;2291
19;2293
9;2295
27;2331
208;2333
90;2334
37;2335
8;2336
30;2337
13;2353
26;2354
8;2355
23;2356
21;2366
4;2382
26;2383
10;2386
11;2388
38;2391
92;2429
124;2430
54;2431
30;2432
38;2444
15;2449
6;2451
3;2453
26;2455
8;2474
37;2478
19;2482
30;2483
27;2484
24;2485
8;2486
9;2500
20;2504
8;2509
43;2525
13;2527
9;2528
52;2529
577;2531
175;2532
15;2536
6;2543
5;2556
20;2557
183;2558
27;2560
11;2562
3;2563
10;2564
14;2582
13;2585
17;2587
13;2597
8;2602
24;2612
60;2621
34;2622
212;2623
18;2624
36;2626
20;2627
16;2628
28;2641
12;2649
35;2655
57;2656
26;2657
4;2659
22;2660
5;2676
30;2677
2;2678
7;2679
3;2681
31;2684
150;2717
59;2718
36;2719
42;2720
1;2721
14;2723
194;2738
97;2739
34;2742
5;2744
4;2747
35;2755
35;2768
24;2769
367;2813
8;2814
32;2815
402;2816
2;2819
21;2822
164;2824
32;2835
7;2837
9;2838
21;2839
4;2841
5;2843
29;2864
9;2865
12;2868
62;2870
20;2871
210;2909
51;2910
87;2911
74;2912
10;2925
38;2929
17;2931
12;2932
13;2935
1;2950
20;2953
15;2954
21;2956
3;2959
145;2963
11;2965
14;3005
50;3006
13;3007
4;3008
20;3012
5;3021
7;3025
2;3028
6;3039
4;3054
24;3059
1;3101
224;3102
54;3103
29;3104
5;3108
9;3117
22;3121
12;3123
18;3124
27;3133
7;3136
16;3139
9;3145
35;3146
3;3147
26;3149
35;3151
18;3152
11;3158
2;3159
31;3160
37;3185
12;3189
46;3197
42;3198
65;3199
67;3200
21;3201
30;3204
10;3205
10;3214
11;3223
3;3224
28;3232
8;3233
7;3234
12;3249
17;3252
13;3259
18;3264
170;3276
5;3289
166;3293
9;3294
53;3295
77;3296
47;3297
20;3298
81;3299
35;3300
4;3319
30;3326
56;3330
47;3331
32;3336
158;3342
7;3348
16;3349
36;3350
32;3351
1;3353
33;3356
656;3389
788;3390
225;3391
46;3392
21;3394
19;3411
7;3412
150;3425
26;3433
18;3439
23;3443
6;3446
22;3447
62;3485
38;3486
33;3487
327;3488
16;3491
21;3506
33;3508
37;3514
9;3518
8;3524
33;3529
165;3530
565;3531
33;3542
57;3581
86;3582
53;3583
37;3584
2;3590
11;3592
33;3601
25;3602
26;3604
26;3627
4;3637
7;3656
64;3677
841;3678
42;3679
36;3680
24;3696
11;3700
14;3709
26;3712
563;3723
9;3725
29;3727
18;3729
11;3736
2;3739
20;3768
65;3773
44;3774
230;3775
80;3776
4;3790
24;3793
4;3794
20;3795
1;3796
18;3802
8;3804
2;3817
181;3824
21;3825
13;3827
6;3829
80;3869
58;3870
22;3871
27;3873
40;3874
228;3875
63;3876
31;3877
146;3898
4;3901
33;3903
31;3905
46;3907
162;3908
32;3917
5;3919
7;3921
29;3922
27;3923
12;3924
15;3928
158;3929
8;3930
19;3931
16;3960
38;3965
24;3967
57;3968
157;3969
50;3970
168;3971
26;3972
12;3977
165;3987
2;3991
15;3998
154;4000
207;4002
22;4003
29;4004
167;4005
3;4020
21;4022
9;4027
7;4040
7;4042
80;4061
73;4062
202;4063
176;4064
2;4071
29;4081
26;4083
167;4084
2;4086
3;4100
16;4110
207;4157
46;4159
206;4160
4;4166
18;4172
32;4173
23;4175
20;4177
11;4179
62;4180
27;4196
12;4202
39;4203
32;4206
33;4211
25;4215
293;4253
48;4254
72;4255
358;4256
16;4257
30;4263
24;4264
58;4274
32;4275
32;4276
4;4286
28;4295
21;4296
163;4305
8;4309
8;4326
1;4338
239;4349
21;4350
260;4351
19;4352
3;4359
5;4369
16;4371
33;4372
14;4383
13;4393
23;4394
2;4398
18;4399
33;4402
26;4405
236;4445
35;4446
46;4447
4;4448
13;4465
39;4467
61;4468
170;4470
1;4472
6;4477
30;4478
166;4483
15;4489
18;4491
34;4495
4;4501
6;4540
28;4541
4;4543
13;4544
202;4545
52;4546
39;4547
43;4548
31;4561
20;4574
44;4577
159;4579
15;4580
49;4593
30;4595
10;4596
21;4598
11;4602
15;4637
26;4638
58;4639
62;4640
10;4642
57;4643
162;4645
11;4652
33;4659
32;4670
9;4671
5;4672
17;4673
6;4674
5;4675
26;4689
10;4690
31;4692
3;4697
25;4701
3;4726
7;4732
41;4733
221;4734
63;4735
106;4736
25;4750
55;4754
33;4755
26;4756
18;4760
6;4767
24;4776
12;4777
36;4780
8;4788
44;4829
94;4830
47;4831
171;4849
4;4851
7;4852
22;4866
35;4873
25;4879
9;4886
48;4925
199;4926
28;4927
76;4928
22;4937
9;4940
203;4945
162;4947
10;4948
36;4954
176;4958
32;4969
32;4970
11;4973
1;4981
8;4984
48;5021
93;5022
199;5023
215;5024
20;5041
19;5043
22;5044
13;5069
2;5071
5;5073
7;5076
13;5077
27;5078
31;5079
2;5080
54;5117
20;5118
54;5119
209;5120
9;5125
3;5131
28;5137
10;5138
10;5139
24;5151
15;5161
165;5169
36;5172
180;5173
7;5174
26;5176
18;5206
9;5214
13;5215
162;5216
48;5217
48;5218
30;5219
30;5220
165;5230
47;5245
17;5246
24;5247
161;5248
21;5249
19;5252
22;5255
4;5263
37;5265
24;5266
8;5270
29;5274
158;5292
15;5311
328;5312
34;5313
167;5314
54;5315
8;5319
12;5327
19;5328
28;5335
132;5342
158;5343
26;5345
2;5347
55;5348
12;5352
34;5362
150;5363
10;5364
3;5365
8;5367
9;5369
16;5370
27;5371
28;5405
232;5406
22;5407
659;5408
11;5410
7;5425
59;5426
1;5427
30;5428
167;5451
31;5454
3;5458
8;5461
60;5501
36;5502
74;5503
66;5504
7;5522
160;5523
29;5524
3;5527
8;5530
175;5545
19;5548
39;5557
19;5584
8;5589
104;5597
14;5598
41;5599
63;5600
29;5603
10;5617
16;5618
203;5619
18;5620
31;5645
26;5646
31;5651
50;5652
22;5693
66;5694
46;5695
9;5696
19;5697
24;5703
29;5715
61;5716
186;5721
1;5724
12;5739
3;5741
10;5743
16;5745
16;5748
16;5750
196;5789
105;5790
115;5791
141;5792
20;5799
20;5807
7;5810
53;5812
7;5823
31;5824
9;5833
3;5835
38;5838
12;5840
9;5844
155;5847
27;5880
69;5885
1;5886
24;5887
202;5888
356;5889
20;5890
20;5891
27;5892
15;5902
26;5910
178;5917
33;5919
168;5921
28;5923
19;5925
30;5937
37;5939
22;5946
27;5947
16;5970
9;5981
14;5982
196;5983
233;5984
49;5985
107;5986
31;5988
3;5998
24;6002
26;6008
12;6009
18;6011
162;6013
11;6015
50;6017
11;6020
14;6038
21;6041
1;6044
32;6046
91;6077
222;6078
10;6080
19;6084
8;6089
6;6095
44;6097
30;6100
3;6107
24;6118
9;6121
10;6125
28;6127
10;6131
24;6173
45;6174
73;6175
31;6176
16;6177
7;6180
21;6183
28;6192
14;6193
1;6194
35;6195
14;6196
16;6201
3;6207
2;6219
167;6220
5;6226
11;6229
19;6230
31;6231
3;6243
87;6269
1;6270
69;6271
89;6272
17;6289
15;6291
10;6292
8;6297
37;6304
17;6306
17;6309
10;6314
23;6315
27;6318
10;6319
5;6336
129;6365
801;6366
16;6367
188;6368
29;6379
51;6385
1;6387
24;6388
13;6389
20;6393
34;6411
9;6415
166;6416
3;6418
3;6419
1;6422
30;6458
54;6461
44;6462
154;6464
1;6483
90;6484
20;6492
16;6501
12;6510
11;6512
1;6514
4;6516
24;6534
19;6546
4;6550
10;6551
41;6557
183;6558
41;6559
41;6561
56;6562
60;6563
44;6564
13;6573
162;6577
163;6578
153;6579
30;6589
31;6590
67;6592
11;6593
12;6594
23;6595
16;6608
3;6609
7;6613
11;6614
188;6619
3;6628
8;6638
5;6651
3;6653
202;6654
76;6655
182;6657
47;6658
7;6659
6;6660
1;6661
30;6664
66;6665
3;6680
6;6685
107;6686
183;6687
15;6689
3;6692
8;6693
176;6706
2;6708
160;6709
32;6714
30;6716
13;6727
222;6749
42;6750
83;6751
84;6752
14;6761
9;6763
2;6768
14;6770
47;6771
160;6772
11;6776
3;6779
13;6795
20;6797
166;6799
40;6802
27;6804
4;6805
6;6809
1;6845
48;6846
28;6847
48;6848
22;6850
10;6855
154;6863
85;6865
157;6867
566;6885
4;6890
19;6897
34;6898
5;6902
7;6930
75;6941
38;6942
210;6943
37;6944
27;6951
33;6961
8;6963
167;6986
19;6988
160;6991
17;6992
34;6997
18;7037
47;7038
623;7039
62;7040
12;7042
8;7043
3;7055
23;7057
26;7059
67;7060
18;7073
35;7080
25;7088
10;7090
5;7113
76;7133
45;7134
4;7135
109;7136
18;7137
17;7140
13;7146
28;7149
8;7153
6;7154
50;7155
12;7172
8;7181
29;7183
30;7192
14;7216
38;7224
18;7229
19;7230
91;7231
42;7232
335;7233
194;7234
177;7235
184;7236
7;7239
3;7242
26;7253
58;7262
21;7263
155;7264
18;7267
4;7281
36;7282
17;7284
7;7285
8;7290
29;7325
48;7326
21;7327
78;7329
57;7330
12;7331
182;7332
11;7344
17;7349
160;7350
27;7357
6;7360
43;7361
2;7362
47;7363
29;7372
17;7377
1;7378
7;7380
28;7382
30;7383
31;7384
11;7387
24;7388
40;7421
88;7422
54;7423
52;7424
6;7429
16;7441
28;7442
316;7443
10;7444
8;7450
30;7472
18;7476
18;7479
12;7488
1;7492
9;7505
1;7517
52;7518
15;7519
184;7520
27;7524
7;7534
58;7538
19;7546
37;7556
2;7558
4;7561
23;7562
14;7563
15;7566
29;7568
21;7570
22;7574
19;7575
59;7613
231;7614
96;7615
25;7616
11;7629
12;7632
69;7633
159;7634
12;7635
20;7647
19;7657
17;7658
24;7659
12;7663
29;7667
193;7709
48;7710
50;7711
15;7712
31;7720
9;7724
5;7729
33;7730
10;7731
155;7753
42;7762
17;7773
44;7805
35;7806
308;7807
117;7808
160;7811
31;7816
152;7817
157;7826
7;7827
43;7828
43;7833
19;7834
11;7849
15;7850
9;7852
206;7864
27;7894
37;7901
49;7902
53;7903
33;7904
30;7905
29;7906
16;7907
208;7908
15;7920
22;7928
37;7930
8;7934
187;7936
18;7937
19;7938
34;7939
149;7940
8;7943
16;7954
23;7957
180;7959
7;7960
8;7963
10;7964
172;7968
4;7969
198;7998
14;8000
83;8001
229;8002
1;8003
16;8013
4;8026
178;8030
24;8031
2;8033
17;8034
33;8036
11;8049
30;8050
189;8051
169;8054
9;8056
9;8059
16;8089
41;8093
49;8094
249;8095
77;8096
51;8113
9;8114
33;8115
162;8118
20;8124
18;8128
27;8129
23;8138
8;8145
21;8148
15;8176
26;8189
216;8190
183;8191
201;8192
12;8194
18;8202
27;8204
23;8205
67;8209
12;8212
3;8221
19;8233
31;8235
78;8238
8;8240
23;8244
50;8246
17;8247
68;8285
225;8286
86;8287
40;8288
3;8289
42;8305
25;8306
7;8307
30;8308
4;8309
18;8312
5;8322
4;8333
13;8334
18;8336
22;8337
14;8343
37;8357
28;8375
56;8381
177;8382
32;8383
71;8384
9;8394
210;8401
168;8402
24;8403
17;8404
6;8406
27;8414
29;8427
18;8428
13;8430
27;8432
6;8433
174;8436
35;8438
20;8439
195;8477
78;8478
77;8479
29;8480
34;8492
10;8498
29;8499
3;8500
2;8502
8;8505
3;8523
11;8526
12;8528
2;8529
14;8534
16;8544
28;8553
26;8557
29;8573
5;8574
69;8575
84;8576
35;8577
28;8578
1;8580
25;8583
5;8598
7;8605
15;8606
8;8608
41;8609
185;8610
32;8611
15;8617
26;8626
21;8627
36;8628
11;8629
8;8633
9;8634
33;8636
8;8639
17;8642
199;8665
21;8667
192;8668
74;8671
11;8672
9;8673
13;8679
9;8684
18;8691
15;8697
11;8698
2;8716
24;8717
152;8719
13;8722
34;8723
6;8725
7;8726
23;8728
183;8761
314;8762
91;8763
179;8764
7;8781
20;8782
30;8784
28;8788
24;8805
17;8808
21;8809
168;8810
24;8812
7;8814
25;8815
10;8817
161;8827
758;8857
73;8859
783;8860
155;8877
78;8878
30;8880
178;8901
10;8902
8;8904
13;8906
11;8909
11;8914
9;8953
111;8954
103;8955
38;8956
11;8959
3;8972
30;8973
27;8974
5;8975
44;8976
8;8993
15;8997
54;8999
27;9011
5;9024
177;9049
82;9050
79;9051
196;9052
17;9069
27;9072
152;9080
9;9089
15;9097
23;9098
20;9101
8;9104
16;9107
10;9122
11;9140
2;9142
11;9145
271;9146
1123;9147
670;9148
14;9159
19;9165
10;9166
7;9168
29;9178
166;9191
35;9198
8;9200
40;9241
27;9244
80;9245
36;9247
48;9248
9;9250
18;9258
35;9269
29;9273
11;9274
36;9277
27;9280
15;9293
16;9296
53;9297
3;9308
56;9337
13;9338
3;9339
58;9340
83;9341
23;9342
19;9343
27;9344
14;9350
35;9356
15;9369
7;9370
205;9372
35;9373
34;9376
15;9377
33;9388
7;9390
69;9391
7;9394
22;9399
89;9433
269;9434
370;9435
120;9436
22;9448
64;9454
16;9455
9;9458
4;9479
15;9484
10;9487
174;9529
61;9530
18;9531
35;9532
3;9537
24;9543
23;9549
4;9550
19;9551
11;9552
17;9553
18;9574
19;9578
24;9580
7;9582
161;9584
64;9625
206;9626
56;9627
99;9628
5;9637
12;9646
69;9647
23;9667
30;9676
58;9678
22;9680
30;9683
47;9721
31;9722
282;9723
4;9724
8;9729
10;9731
28;9733
59;9738
13;9739
12;9741
42;9743
151;9744
4;9757
20;9768
10;9770
19;9771
5;9772
1;9776
39;9779
28;9780
241;9818
41;9819
141;9820
10;9823
2;9824
2;9831
20;9839
12;9840
6;9841
13;9865
18;9866
12;9869
1;9914
38;9916
18;9917
20;9919
184;9920
40;9946
34;9948
14;9950
9;9951
183;9952
3;9968
12;9971
164;9976
3;10009
235;10010
44;10011
16;10012
15;10013
11;10016
29;10017
153;10019
21;10020
25;10024
28;10034
30;10037
30;10041
18;10042
27;10044
213;10045
2;10046
65;10047
21;10048
5;10055
25;10063
11;10065
36;10066
30;10069
32;10105
46;10106
20;10107
194;10108
13;10125
3;10126
12;10128
28;10129
58;10151
16;10155
5;10160
16;10163
13;10164
6;10171
52;10201
179;10202
266;10203
66;10204
9;10208
159;10214
20;10221
26;10222
4;10223
155;10224
34;10225
32;10232
24;10249
6;10250
17;10253
39;10257
27;10258
93;10297
98;10298
54;10299
9;10300
18;10305
22;10308
19;10312
8;10313
21;10317
29;10319
8;10320
11;10327
71;10341
56;10343
36;10344
24;10348
2;10351
10;10353
12;10355
26;10379
450;10393
26;10394
61;10395
29;10396
33;10410
8;10412
203;10413
7;10416
16;10420
20;10423
23;10442
18;10448
161;10451
11;10452
215;10489
44;10490
198;10491
317;10492
11;10497
153;10511
26;10512
28;10523
6;10525
38;10538
208;10539
33;10541
15;10542
22;10543
167;10544
2;10545
21;10585
29;10586
173;10587
36;10588
22;10589
60;10590
48;10591
43;10592
27;10593
8;10594
10;10602
30;10605
33;10608
6;10616
33;10617
8;10618
34;10620
30;10624
2;10629
4;10638
36;10639
15;10640
63;10642
9;10644
19;10645
25;10648
17;10681
15;10682
2;10683
66;10684
82;10685
10;10686
25;10687
234;10688
27;10700
22;10716
171;10717
5;10721
19;10730
20;10731
20;10736
22;10737
24;10742
8;10743
3;10744
51;10777
258;10778
37;10779
71;10780
21;10781
4;10792
1;10797
8;10799
38;10800
26;10819
32;10822
4;10825
12;10831
24;10833
23;10838
48;10873
182;10874
65;10875
221;10876
2;10891
32;10893
32;10894
30;10896
19;10917
4;10918
19;10921
21;10925
26;10930
332;10969
9;10970
60;10971
46;10972
35;10975
24;10981
575;10986
17;10990
26;10991
29;10992
21;10999
25;11001
151;11009
24;11012
33;11013
42;11024
39;11026
48;11065
67;11066
38;11067
86;11068
10;11069
30;11085
7;11086
6;11088
3;11113
15;11119
81;11161
96;11162
84;11163
249;11164
4;11169
35;11175
15;11181
42;11182
64;11184
156;11207
34;11213
1;11214
24;11217
30;11218
8;11220
18;11233
122;11257
31;11258
14;11260
28;11261
7;11262
80;11263
13;11264
9;11266
23;11267
4;11281
6;11282
31;11289
65;11290
59;11291
33;11292
18;11293
39;11294
14;11296
6;11309
21;11310
11;11314
26;11322
26;11349
42;11353
46;11354
38;11355
1;11356
18;11357
99;11358
35;11359
30;11360
5;11364
14;11377
43;11379
1;11385
32;11387
24;11390
12;11391
7;11392
20;11393
6;11403
35;11411
3;11412
62;11413
7;11416
36;11420
16;11449
28;11450
184;11451
51;11452
16;11469
8;11470
202;11472
16;11478
559;11479
4;11498
13;11499
34;11501
29;11503
62;11505
28;11506
31;11521
38;11545
43;11546
29;11547
40;11548
19;11562
4;11565
78;11566
307;11567
30;11568
25;11571
32;11579
17;11580
17;11598
41;11602
5;11604
21;11606
6;11637
89;11641
17;11642
214;11643
80;11644
4;11649
17;11657
181;11661
22;11664
11;11687
1;11689
3;11695
168;11698
11;11728
186;11737
82;11738
15;11739
77;11740
36;11757
32;11758
2;11759
22;11760
3;11763
29;11780
36;11788
21;11794
20;11796
192;11833
196;11834
193;11835
128;11836
22;11846
16;11853
23;11854
4;11855
17;11865
34;11869
28;11877
6;11881
5;11884
19;11888
28;11889
27;11890
31;11908
22;11929
548;11930
70;11931
23;11932
70;11933
38;11934
1;11935
20;11936
22;11937
7;11947
25;11957
2;11960
43;11962
12;11964
14;11966
165;11967
31;11968
9;11969
15;11976
25;11992
9;11998
28;12027
226;12028
204;12029
186;12030
67;12031
3;12036
22;12041
53;12057
27;12059
3;12061
31;12062
29;12063
10;12064
2;12079
22;12080
16;12081
21;12082
13;12083
18;12085
84;12121
35;12122
36;12123
29;12124
44;12141
154;12142
84;12143
4;12144
26;12163
3;12165
25;12168
52;12170
42;12174
5;12175
17;12177
31;12178
251;12217
47;12218
762;12219
291;12220
21;12237
3;12238
4;12252
3;12264
13;12266
1;12271
20;12276
16;12298
17;12302
55;12313
223;12314
38;12315
635;12316
6;12321
13;12325
164;12330
16;12333
29;12334
4;12335
4;12336
33;12338
18;12345
7;12348
17;12358
32;12359
24;12365
566;12366
241;12409
11;12410
214;12411
112;12412
20;12429
9;12430
12;12431
26;12432
7;12453
16;12458
24;12461
32;12505
58;12506
26;12507
39;12526
19;12527
37;12528
6;12534
37;12550
9;12553
32;12558
23;12561
197;12604
17;12605
44;12606
12;12607
10;12608
26;12612
9;12633
23;12635
161;12637
30;12638
31;12646
1;12653
27;12654
164;12659
5;12697
53;12698
28;12699
30;12700
8;12701
204;12703
24;12728
58;12729
25;12731
22;12735
22;12736
15;12739
34;12745
36;12793
46;12794
67;12795
56;12796
10;12800
14;12805
17;12813
15;12814
1;12816
33;12818
34;12824
19;12828
5;12834
2;12839
31;12841
1;12842
10;12843
7;12844
87;12845
19;12846
33;12849
2;12865
11;12866
192;12889
72;12890
110;12891
90;12892
3;12908
16;12910
15;12911
11;12912
5;12918
20;12928
4;12933
17;12934
6;12937
17;12939
2;12945
63;12985
42;12986
183;12987
39;12988
13;12991
27;12992
21;12996
15;13005
28;13006
19;13008
12;13012
1;13013
33;13031
33;13033
3;13035
17;13037
24;13039
19;13041
159;13042
11;13046
79;13081
133;13082
30;13084
7;13099
16;13104
44;13124
3;13128
34;13131
18;13135
14;13138
20;13139
47;13177
16;13178
50;13179
57;13180
1;13183
23;13197
1;13198
47;13199
42;13200
26;13221
18;13228
12;13233
32;13234
33;13253
94;13273
28;13274
24;13275
25;13276
22;13277
160;13278
25;13279
27;13301
4;13302
603;13308
9;13309
14;13312
2;13314
18;13315
11;13323
5;13325
7;13329
20;13330
9;13331
27;13332
146;13334
20;13369
84;13370
16;13372
64;13373
93;13375
569;13376
24;13391
31;13401
3;13402
36;13403
156;13407
11;13423
36;13424
13;13429
24;13431
10;13432
604;13465
30;13466
36;13467
172;13468
33;13475
40;13485
36;13486
176;13487
33;13488
4;13493
23;13498
22;13509
11;13515
6;13521
5;13524
2;13525
25;13528
7;13550
230;13561
23;13563
18;13564
15;13581
67;13584
10;13594
5;13601
163;13604
22;13607
31;13608
163;13614
31;13619
3;13620
40;13657
78;13658
45;13659
240;13660
32;13673
21;13677
13;13678
1;13679
47;13680
11;13697
23;13706
30;13712
20;13714
22;13716
151;13753
45;13755
32;13756
19;13766
29;13773
155;13775
44;13776
27;13787
15;13791
4;13797
34;13807
3;13809
13;13840
53;13849
46;13850
136;13851
49;13852
25;13855
23;13856
20;13859
15;13870
14;13871
24;13872
20;13889
15;13894
13;13895
5;13898
157;13901
7;13904
29;13906
45;13908
8;13928
48;13946
17;13947
29;13948
26;13949
199;13950
44;13951
15;13952
1;13957
30;13967
30;13977
46;13978
22;13979
3;13980
7;13981
180;13982
11;13984
28;13997
34;14004
38;14041
45;14042
14;14045
18;14046
9;14047
18;14048
24;14051
7;14067
187;14073
28;14074
160;14075
17;14076
12;14079
8;14080
33;14092
26;14094
40;14095
24;14098
5;14100
8;14102
14;14103
24;14129
24;14137
68;14138
84;14139
42;14140
32;14146
170;14150
39;14158
11;14159
34;14168
6;14173
18;14184
12;14190
12;14192
20;14193
7;14229
96;14233
36;14234
31;14235
61;14236
30;14253
59;14254
3;14256
27;14277
16;14280
5;14283
34;14286
4;14287
27;14289
9;14290
6;14292
13;14329
764;14330
239;14331
566;14332
19;14338
7;14339
5;14344
28;14349
37;14350
51;14351
22;14352
15;14360
28;14374
6;14378
32;14381
33;14386
24;14415
31;14425
49;14426
34;14427
43;14428
10;14433
26;14457
16;14465
4;14474
3;14476
20;14477
24;14479
15;14483
18;14484
211;14521
191;14522
80;14523
221;14524
12;14526
571;14531
16;14544
23;14545
6;14563
24;14569
25;14572
164;14574
18;14578
6;14580
12;14618
46;14619
19;14621
3;14622
6;14623
46;14624
23;14627
33;14649
33;14652
167;14653
7;14654
23;14666
150;14669
11;14673
11;14674
159;14697
7;14707
89;14713
181;14715
36;14716
192;14717
138;14718
19;14719
9;14726
4;14734
13;14737
22;14741
28;14745
16;14746
20;14750
39;14751
20;14760
12;14765
27;14767
6;14773
3;14774
154;14792
12;14809
60;14810
49;14811
10;14812
7;14816
6;14817
9;14823
35;14824
15;14829
36;14831
62;14832
38;14836
28;14853
9;14856
4;14864
28;14905
6;14906
78;14907
15;14908
26;14917
83;14928
23;14952
16;14957
6;14959
163;14997
91;15001
18;15003
30;15004
11;15008
29;15009
49;15021
47;15023
13;15024
5;15049
20;15051
20;15052
14;15053
9;15059
167;15069
38;15097
1;15098
34;15099
21;15100
16;15110
30;15117
14;15118
62;15119
2;15120
6;15143
22;15148
226;15193
66;15194
57;15195
266;15196
161;15197
2;15201
9;15213
15;15215
7;15216
29;15224
16;15237
14;15238
9;15240
17;15241
5;15245
40;15246
6;15248
22;15252
29;15276
33;15289
36;15290
20;15291
12;15292
3;15293
202;15294
10;15296
1;15298
150;15304
1;15315
12;15321
18;15322
26;15324
31;15327
22;15334
22;15337
13;15347
23;15349
30;15351
7;15359
12;15364
37;15386
20;15387
16;15388
5;15389
55;15390
65;15392
12;15393
38;15398
14;15400
31;15405
10;15417
20;15421
6;15423
23;15424
12;15425
36;15437
4;15438
26;15439
181;15442
222;15481
53;15482
565;15483
62;15484
35;15489
4;15501
7;15502
28;15504
21;15507
4;15511
7;15516
20;15520
9;15525
4;15526
30;15530
56;15577
192;15578
266;15579
54;15580
25;15589
10;15596
24;15597
18;15598
52;15600
32;15604
7;15614
18;15622
13;15623
28;15629
1;15630
17;15631
21;15632
17;15634
6;15636
10;15673
199;15674
49;15675
51;15676
40;15679
8;15684
1;15694
3;15716
8;15718
29;15719
28;15720
8;15728
34;15730
23;15769
55;15770
174;15771
22;15772
10;15779
18;15780
35;15789
171;15790
25;15791
22;15793
25;15814
8;15817
14;15822
20;15826
160;15828
26;15842
1;15852
397;15865
71;15866
32;15867
812;15868
155;15878
5;15886
34;15887
16;15910
32;15914
23;15918
10;15919
33;15921
3;15922
13;15933
16;15944
166;15961
25;15962
5;15964
20;15965
11;15966
38;15967
42;15968
181;15974
11;15975
48;15995
8;15998
16;15999
17;16000
12;16001
22;16018
1;16019
29;16028
27;16057
246;16058
10;16060
40;16061
24;16062
10;16071
33;16090
19;16091
28;16092
21;16093
40;16094
163;16095
19;16096
155;16097
60;16106
15;16107
5;16115
186;16153
61;16154
175;16155
116;16156
54;16163
13;16170
69;16174
17;16175
33;16179
16;16199
7;16200
25;16201
9;16202
15;16204
12;16205
6;16207
46;16249
191;16250
35;16251
51;16252
26;16266
32;16293
20;16297
4;16299
171;16302
48;16303
73;16345
160;16347
47;16348
21;16365
20;16380
1;16392
7;16396
6;16402
94;16441
205;16443
47;16444
29;16455
160;16463
7;16464
23;16473
33;16483
10;16485
8;16489
27;16494
20;16495
5;16499
91;16537
30;16538
19;16539
521;16540
15;16551
33;16553
17;16557
28;16559
41;16560
15;16569
32;16580
34;16582
3;16588
31;16594
14;16596
16;16612
29;16633
31;16635
205;16636
56;16637
181;16638
203;16639
207;16640
17;16641
5;16657
27;16665
32;16666
19;16667
53;16669
51;16670
21;16671
3;16673
147;16677
157;16685
48;16688
23;16689
10;16690
11;16691
11;16692
11;16730
59;16731
16;16732
187;16733
16;16735
163;16736
2;16741
24;16742
2;16761
20;16764
20;16785
5;16790
28;16825
43;16827
219;16828
1;16843
5;16845
25;16846
27;16848
23;16854
18;16860
18;16863
3;16864
17;16870
31;16875
16;16878
209;16921
52;16922
75;16923
34;16924
33;16941
22;16942
171;16943
9;16947
4;16966
20;16968
24;16972
17;16973
36;16976
20;16977
9;16980
217;17017
26;17018
267;17019
34;17020
15;17021
3;17033
10;17036
311;17037
15;17040
8;17073
10;17079
29;17113
18;17114
52;17115
174;17116
10;17117
66;17134
154;17135
163;17136
28;17150
24;17159
31;17163
30;17168
20;17172
5;17194
68;17209
24;17210
1;17211
14;17212
11;17226
6;17227
163;17229
2;17230
34;17232
28;17233
12;17234
21;17237
24;17240
22;17253
5;17254
19;17255
14;17256
6;17257
166;17262
21;17265
39;17267
5;17268
8;17306
35;17307
40;17308
20;17309
31;17310
15;17311
80;17312
34;17313
22;17315
18;17337
25;17338
30;17339
7;17340
36;17341
13;17342
25;17357
4;17359
30;17366
6;17368
36;17401
8;17402
203;17403
2;17404
24;17405
40;17406
35;17407
25;17408
146;17417
21;17430
7;17432
32;17433
25;17434
9;17435
173;17439
21;17440
36;17443
2;17458
10;17460
5;17461
4;17463
10;17464
25;17497
51;17498
227;17499
13;17500
3;17505
2;17513
3;17516
42;17517
24;17518
27;17519
20;17520
5;17533
4;17546
7;17548
25;17551
21;17556
726;17593
16;17594
75;17595
55;17596
12;17613
35;17614
160;17616
32;17622
29;17623
20;17630
558;17636
14;17649
105;17689
184;17690
40;17691
68;17692
28;17707
13;17709
17;17710
25;17711
39;17727
21;17728
21;17740
22;17745
196;17785
43;17786
70;17787
372;17788
16;17793
4;17796
14;17800
44;17806
18;17807
3;17808
14;17816
21;17834
35;17838
19;17839
21;17867
73;17881
55;17882
7;17886
22;17890
19;17898
24;17903
2;17904
15;17925
34;17928
33;17934
6;17956
3;17958
28;17977
5;17978
59;17979
161;17980
17;17981
36;17982
156;17983
28;17999
13;18005
29;18010
13;18011
3;18015
34;18016
27;18019
29;18029
6;18030
47;18036
4;18050
27;18058
20;18065
38;18076
12;18077
39;18078
27;18079
12;18087
19;18105
151;18108
19;18109
21;18131
18;18133
18;18134
34;18169
8;18170
61;18171
216;18172
40;18174
20;18182
153;18187
6;18189
12;18190
16;18192
12;18209
172;18213
563;18215
19;18216
19;18219
24;18220
12;18226
5;18240
174;18265
28;18266
63;18267
114;18268
152;18271
27;18286
20;18287
21;18312
24;18313
21;18315
10;18317
24;18318
8;18320
40;18321
6;18323
58;18361
28;18362
216;18363
45;18364
30;18372
3;18376
30;18382
24;18383
2;18384
11;18385
5;18389
4;18391
35;18407
21;18415
50;18417
37;18420
27;18446
31;18457
50;18458
30;18459
67;18460
11;18462
34;18468
34;18477
30;18478
20;18479
6;18480
10;18501
21;18502
7;18505
28;18508
4;18510
11;18514
344;18553
122;18554
14;18555
32;18556
13;18557
151;18559
28;18562
38;18572
4;18573
173;18575
14;18576
9;18598
1;18601
20;18603
5;18604
7;18645
8;18649
28;18651
34;18652
180;18654
13;18655
9;18668
22;18681
35;18685
46;18686
18;18687
23;18691
11;18694
26;18697
5;18704
3;18710
12;18745
90;18746
47;18747
16;18748
28;18749
11;18750
227;18751
50;18752
9;18764
4;18767
33;18777
147;18778
15;18781
160;18782
159;18783
32;18784
171;18797
25;18808
20;18841
159;18842
40;18843
198;18844
18;18879
22;18884
23;18885
19;18888
29;18891
21;18899
29;18937
46;18938
98;18939
72;18940
8;18945
5;18956
9;18957
8;18958
28;18959
14;18981
20;18984
14;18986
16;18992
156;18995
57;19033
37;19034
9;19035
85;19036
6;19041
20;19054
27;19067
3;19075
21;19086
4;19088
1;19091
39;19129
571;19130
19;19131
40;19132
162;19149
16;19150
15;19151
26;19152
31;19156
25;19166
7;19173
23;19177
17;19184
11;19186
24;19187
39;19225
612;19226
74;19227
118;19228
32;19237
24;19244
32;19245
27;19246
231;19248
24;19256
35;19263
1;19271
16;19274
28;19276
13;19277
18;19281
11;19311
191;19321
22;19322
40;19323
1;19324
16;19325
14;19326
55;19327
3;19328
32;19345
35;19349
159;19353
24;19354
157;19356
34;19358
27;19359
18;19360
5;19369
40;19374
154;19381
29;19383
15;19392
2;19417
35;19418
72;19419
350;19420
8;19421
42;19423
46;19424
22;19426
6;19441
23;19449
44;19453
16;19454
155;19455
151;19456
15;19458
28;19461
19;19465
7;19469
17;19474
19;19476
5;19480
155;19481
19;19513
27;19514
178;19515
7;19534
28;19551
31;19558
29;19561
24;19562
31;19570
28;19572
54;19609
8;19610
39;19611
2;19612
68;19629
61;19630
26;19631
23;19632
15;19636
1;19655
4;19657
24;19660
12;19662
20;19665
5;19685
33;19687
14;19692
44;19705
58;19706
44;19707
79;19708
24;19709
16;19712
158;19725
2;19726
14;19727
6;19728
1;19730
19;19738
156;19754
8;19756
3;19761
188;19762
7;19763
22;19801
33;19802
30;19803
54;19804
14;19812
33;19821
3;19822
4;19824
11;19847
22;19855
146;19856
96;19897
49;19898
77;19899
38;19900
12;19905
15;19907
76;19920
6;19927
1;19946
5;19948
22;19993
7;19994
8;19997
30;19999
166;20000
166;20003
24;20005
5;20008
16;20025
31;20026
24;20027
20;20028
28;20030
9;20032
25;20045
26;20052
25;20054
44;20089
45;20090
14;20091
194;20092
13;20093
201;20094
14;20096
11;20128
45;20132
2;20137
22;20141
6;20142
20;20146
10;20147
2;20149
163;20185
76;20187
44;20205
27;20206
14;20207
27;20211
34;20213
5;20215
22;20231
6;20234
14;20240
28;20246
32;20265
24;20280
68;20281
160;20282
13;20284
11;20295
61;20301
24;20302
43;20303
561;20327
40;20328
28;20330
26;20373
172;20377
16;20378
72;20379
37;20380
2;20397
18;20399
2;20400
6;20421
12;20429
31;20431
14;20435
13;20461
76;20473
207;20474
68;20475
70;20476
31;20478
9;20481
10;20487
14;20493
158;20496
10;20519
19;20527
6;20536
8;20569
53;20570
186;20571
38;20572
35;20581
15;20586
4;20591
13;20610
13;20613
27;20614
48;20626
5;20657
32;20665
17;20666
50;20667
5;20668
5;20669
30;20670
53;20672
164;20678
9;20679
14;20693
7;20697
9;20699
17;20700
32;20702
30;20704
16;20713
31;20761
12;20762
18;20763
12;20764
60;20765
21;20766
62;20767
6;20768
22;20770
4;20772
9;20781
53;20782
35;20789
5;20791
32;20792
27;20794
17;20795
28;20796
13;20815
3;20817
52;20824
53;20857
22;20858
73;20859
50;20860
8;20871
28;20877
155;20878
14;20879
5;20880
7;20894
14;20898
12;20912
20;20915
17;20928
22;20953
26;20954
69;20956
4;20967
13;20974
8;20975
9;20976
29;20982
28;20986
145;20998
38;21002
1;21005
33;21006
148;21007
34;21008
8;21012
46;21049
35;21050
62;21051
38;21052
9;21066
64;21071
1;21097
2;21107
158;21145
28;21146
196;21147
33;21148
152;21156
36;21160
25;21165
318;21167
16;21168
17;21177
17;21180
4;21192
30;21195
5;21201
21;21202
11;21204
16;21205
11;21226
152;21241
36;21242
247;21243
172;21244
16;21256
6;21258
41;21261
25;21263
29;21264
8;21274
11;21286
4;21292
30;21298
13;21309
223;21337
22;21338
46;21339
39;21340
18;21341
35;21343
8;21344
4;21350
14;21352
172;21355
8;21356
31;21375
11;21383
16;21390
9;21393
6;21417
2;21418
16;21433
7;21434
6;21435
27;21436
33;21437
29;21438
45;21439
3;21440
6;21466
46;21467
23;21469
1;21470
27;21473
13;21474
21;21529
7;21530
37;21531
519;21532
16;21534
22;21536
4;21541
27;21549
24;21551
9;21575
1;21583
3;21586
8;21588
64;21625
70;21626
191;21627
27;21628
14;21638
18;21642
174;21645
18;21647
4;21660
25;21669
19;21671
38;21672
30;21673
3;21678
41;21682
29;21709
37;21721
62;21722
232;21723
213;21724
33;21741
571;21742
12;21743
17;21761
154;21765
10;21771
15;21772
21;21773
28;21774
22;21776
2;21777
347;21817
365;21818
70;21819
103;21820
2;21834
44;21839
24;21840
153;21842
24;21850
25;21860
17;21867
25;21874
14;21875
12;21907
18;21913
15;21914
53;21915
192;21916
12;21935
2;21936
12;21942
3;21962
6;21964
19;21966
23;21968
6;21983
13;22008
12;22009
31;22010
155;22011
84;22012
14;22013
53;22014
5;22015
18;22024
20;22027
23;22042
8;22044
41;22046
67;22047
30;22048
36;22056
1;22066
32;22068
38;22105
64;22106
29;22107
159;22108
35;22109
24;22110
25;22111
49;22112
13;22115
18;22137
35;22138
25;22139
35;22141
26;22143
150;22153
35;22164
45;22166
19;22167
4;22168
41;22201
11;22202
15;22203
44;22204
16;22205
31;22222
20;22245
9;22249
11;22257
4;22258
16;22260
37;22297
74;22298
280;22299
28;22300
34;22317
9;22318
17;22319
26;22320
1;22330
7;22346
2;22354
2;22355
5;22356
11;22357
12;22366
13;22389
35;22393
25;22394
7;22395
25;22396
33;22402
6;22440
21;22443
10;22445
144;22446
14;22447
19;22449
8;22450
5;22452
33;22489
20;22490
7;22491
191;22492
10;22505
43;22510
14;22512
17;22534
2;22537
11;22541
38;22566
36;22585
23;22586
35;22587
91;22588
27;22593
24;22600
21;22605
170;22606
165;22608
1;22612
25;22625
5;22639
20;22676
39;22681
12;22682
17;22684
14;22687
7;22692
25;22701
8;22713
100;22714
173;22715
13;22719
159;22735
3;22736
16;22737
12;22739
19;22743
34;22744
3;22748
40;22777
14;22779
571;22781
40;22782
20;22783
25;22784
14;22789
23;22799
7;22802
7;22812
14;22813
21;22815
3;22819
10;22821
7;22832
167;22838
3;22866
2;22873
49;22874
215;22875
70;22876
6;22879
20;22893
13;22894
39;22910
153;22921
24;22923
18;22924
21;22969
70;22970
61;22971
37;22972
4;22973
23;22991
17;22992
5;23017
21;23028
154;23035
35;23065
1;23066
197;23067
193;23068
14;23073
11;23082
3;23085
168;23086
10;23092
17;23106
13;23110
23;23111
5;23112
48;23116
9;23123
16;23124
9;23161
8;23162
41;23163
18;23164
29;23170
161;23181
38;23182
6;23209
5;23215
17;23216
19;23220
23;23229
175;23257
2;23258
40;23259
21;23273
3;23277
17;23278
1;23279
9;23280
5;23286
24;23302
11;23304
3;23305
8;23306
14;23307
11;23308
35;23310
11;23312
34;23313
9;23315
6;23353
58;23354
21;23355
59;23356
19;23357
74;23358
19;23359
157;23360
26;23365
2;23386
16;23388
6;23389
42;23390
32;23392
11;23401
27;23411
160;23416
24;23426
23;23450
13;23451
76;23452
54;23453
161;23454
14;23456
29;23461
47;23481
21;23482
11;23484
6;23485
175;23487
19;23488
160;23491
4;23501
30;23506
8;23507
16;23509
32;23510
17;23545
44;23546
563;23547
23;23548
5;23556
8;23561
22;23565
34;23566
39;23567
5;23568
3;23579
27;23582
51;23587
24;23595
30;23599
24;23600
9;23616
33;23636
83;23641
65;23642
619;23644
2;23645
26;23661
52;23662
33;23663
2;23677
59;23737
565;23738
1;23739
57;23740
19;23752
7;23757
24;23771
11;23782
5;23785
5;23795
80;23833
15;23834
371;23835
20;23836
13;23851
35;23853
17;23854
1;23855
570;23856
5;23870
15;23882
50;23885
4;23891
12;23892
233;23929
37;23930
42;23931
197;23932
25;23950
17;23952
21;23960
21;23977
173;23981
28;23983
22;23986
6;23989
17;24016
1;24025
27;24026
167;24027
8;24028
21;24029
19;24030
56;24031
35;24032
30;24057
154;24060
16;24061
4;24062
15;24063
18;24081
2;24084
186;24088
19;24106
6;24117
9;24121
24;24122
30;24123
13;24124
42;24126
18;24128
26;24143
21;24155
48;24157
8;24159
13;24177
33;24183
27;24210
2;24217
4;24218
40;24219
80;24220
14;24225
15;24228
33;24238
5;24239
43;24262
24;24271
5;24289
15;24313
220;24314
38;24315
3;24329
32;24333
10;24334
33;24335
10;24360
3;24362
6;24364
2;24368
15;24370
38;24409
55;24410
111;24411
20;24412
172;24429
11;24430
43;24431
1;24448
5;24456
161;24459
41;24505
78;24506
79;24507
77;24508
2;24520
16;24523
33;24527
23;24528
9;24532
11;24538
18;24549
15;24555
221;24601
168;24602
38;24603
113;24604
35;24619
9;24621
5;24623
24;24626
25;24631
8;24646
22;24653
9;24654
27;24659
21;24697
254;24698
41;24699
9;24700
204;24701
27;24702
43;24703
18;24713
10;24724
69;24732
5;24733
31;24735
8;24736
11;24745
37;24753
30;24773
31;24793
23;24794
349;24795
189;24796
41;24797
9;24798
4;24799
37;24800
48;24825
4;24826
3;24827
20;24828
3;24829
27;24847
23;24849
36;24854
12;24859
5;24866
45;24889
44;24890
338;24891
76;24892
71;24909
34;24911
167;24912
13;24913
10;24925
15;24933
25;24967
190;24985
92;24986
52;24987
33;24988
21;24995
159;25001
8;25005
40;25007
74;25008
31;25014
13;25020
7;25030
8;25038
12;25042
22;25044
23;25081
96;25082
18;25083
71;25084
1;25087
161;25102
1;25103
4;25109
156;25126
162;25132
1;25139
61;25177
31;25179
29;25180
5;25197
31;25199
160;25212
20;25221
24;25224
156;25228
26;25231
21;25232
28;25236
86;25273
82;25274
26;25275
74;25276
183;25293
20;25295
4;25296
27;25302
17;25321
187;25330
26;25369
52;25370
72;25371
39;25372
25;25373
61;25375
174;25376
1;25379
17;25380
15;25390
8;25403
28;25404
24;25405
13;25407
3;25414
25;25416
20;25420
12;25427
24;25432
1;25438
25;25465
22;25466
57;25467
11;25468
62;25469
48;25470
16;25497
169;25500
48;25503
12;25516
30;25520
3;25521
67;25522
10;25523
11;25528
7;25530
15;25561
48;25562
50;25563
20;25564
33;25566
34;25582
22;25584
15;25592
5;25609
17;25610
42;25612
17;25614
11;25619
16;25657
255;25658
72;25659
47;25660
35;25677
17;25679
8;25694
28;25702
18;25703
8;25706
168;25711
27;25713
20;25716
1;25753
52;25754
18;25755
73;25756
163;25773
2;25774
10;25775
3;25776
23;25807
3;25808
1;25809
38;25846
223;25849
10;25850
8;25851
227;25852
2;25856
1;25870
18;25872
39;25874
33;25879
161;25881
16;25885
29;25894
44;25898
12;25905
11;25908
23;25913
29;25945
3;25946
29;25947
9;25951
32;25961
154;25966
50;25968
8;25988
6;25989
19;26004
13;26031
22;26041
3;26042
21;26043
45;26044
119;26045
2;26046
47;26047
38;26057
35;26065
161;26074
30;26076
34;26077
2;26078
48;26080
35;26089
13;26100
6;26132
6;26138
1;26140
4;26141
3;26142
159;26143
12;26144
1;26145
28;26151
5;26160
4;26170
11;26171
4;26172
28;26173
18;26174
12;26186
16;26192
26;26195
12;26197
22;26198
56;26233
12;26234
11;26235
80;26236
6;26243
2;26244
81;26254
11;26255
24;26256
10;26269
4;26277
11;26281
12;26282
33;26283
5;26284
164;26296
54;26329
2;26330
212;26331
687;26332
6;26336
19;26338
33;26344
25;26349
43;26350
6;26351
20;26362
25;26372
35;26375
21;26380
9;26383
17;26425
39;26427
58;26428
19;26435
1;26443
5;26445
27;26446
183;26447
32;26454
22;26469
164;26473
13;26474
11;26477
165;26478
16;26495
175;26497
200;26521
46;26522
90;26523
23;26524
3;26527
15;26541
4;26542
7;26562
7;26566
19;26567
8;26568
44;26569
6;26570
145;26573
19;26574
159;26575
1;26576
36;26583
147;26593
10;26617
38;26618
63;26619
9;26620
5;26633
174;26637
28;26639
153;26640
29;26641
6;26652
9;26660
26;26662
12;26671
168;26713
37;26714
157;26715
22;26716
47;26717
18;26718
241;26719
9;26720
31;26739
3;26745
20;26747
42;26750
62;26751
13;26752
57;26758
5;26765
25;26768
2;26770
153;26771
33;26772
4;26796
207;26809
36;26810
158;26811
29;26812
41;26814
54;26815
5;26816
8;26825
166;26841
28;26842
50;26843
4;26844
167;26848
31;26852
29;26862
11;26863
25;26866
28;26870
13;26905
26;26906
243;26907
84;26908
157;26911
39;26926
16;26927
31;26928
12;26935
9;26936
14;26937
38;26945
26;26955
29;26956
13;26963
164;26964
29;27000
204;27001
65;27002
558;27003
25;27004
34;27006
16;27011
22;27022
23;27024
28;27028
12;27045
4;27047
15;27049
38;27055
11;27056
162;27066
161;27097
23;27098
354;27099
66;27100
34;27117
4;27118
3;27119
7;27120
19;27127
8;27140
15;27141
30;27143
4;27146
12;27150
13;27151
4;27153
27;27154
2;27156
8;27185
48;27193
219;27194
326;27195
74;27196
5;27208
59;27213
11;27215
23;27226
36;27235
1;27241
20;27244
13;27252
5;27274
190;27289
173;27290
43;27291
18;27292
27;27294
31;27306
4;27309
14;27311
17;27312
18;27313
166;27337
21;27341
55;27342
10;27343
19;27345
5;27355
169;27358
50;27385
63;27387
3;27388
27;27389
31;27390
15;27391
173;27392
5;27397
18;27409
58;27415
27;27417
9;27418
7;27419
26;27420
2;27421
36;27424
15;27439
20;27448
335;27449
16;27481
729;27482
72;27483
195;27484
20;27485
31;27486
66;27488
151;27489
28;27503
10;27504
25;27509
44;27513
18;27517
27;27518
5;27519
33;27520
19;27522
2;27525
20;27527
8;27529
28;27535
19;27540
20;27543
169;27544
31;27564
10;27577
21;27578
353;27579
165;27600
16;27603
2;27606
29;27614
33;27619
183;27623
5;27629
8;27632
25;27664
225;27673
167;27674
206;27675
59;27676
152;27679
10;27693
8;27694
21;27696
168;27704
25;27706
7;27712
4;27713
4;27714
10;27715
6;27720
561;27721
20;27722
197;27769
62;27770
49;27771
29;27772
18;27785
8;27789
10;27790
21;27792
18;27807
1;27816
30;27817
26;27820
15;27826
35;27865
51;27866
133;27867
18;27868
164;27888
10;27909
9;27913
2;27915
2;27917
3;27918
2;27924
11;27955
46;27961
4;27962
52;27963
64;27964
30;27981
19;27983
48;27984
13;27993
17;27996
30;28006
7;28014
30;28018
11;28057
31;28059
6;28060
14;28061
178;28062
24;28063
32;28064
160;28074
1;28088
31;28089
15;28090
31;28094
2;28096
18;28099
558;28115
8;28116
20;28117
223;28153
182;28154
64;28155
42;28156
47;28157
16;28158
16;28159
25;28160
24;28162
5;28166
8;28171
9;28173
2;28181
27;28186
38;28188
15;28189
163;28190
167;28191
14;28192
14;28198
23;28207
45;28211
28;28214
95;28250
89;28251
203;28252
19;28260
33;28267
6;28270
11;28271
21;28278
6;28279
4;28293
9;28294
7;28297
16;28300
57;28306
43;28345
28;28346
186;28348
556;28350
4;28363
36;28366
13;28367
28;28368
27;28387
4;28398
4;28402
26;28441
38;28442
42;28443
70;28444
2;28449
169;28461
11;28462
42;28463
36;28464
21;28476
9;28491
35;28494
5;28497
15;28499
19;28537
36;28538
38;28539
48;28540
36;28557
27;28559
16;28561
32;28575
159;28579
5;28587
1;28591
29;28634
53;28635
66;28636
156;28640
9;28653
19;28654
11;28655
557;28656
163;28677
7;28681
15;28686
33;28689
13;28690
31;28691
169;28730
35;28731
68;28732
9;28733
12;28734
43;28735
1;28736
6;28758
15;28763
14;28764
163;28765
40;28766
166;28767
22;28768
25;28777
6;28784
14;28785
4;28788
21;28791
19;28792
25;28795
6;28811
43;28825
45;28826
31;28827
74;28828
34;28829
29;28830
5;28832
38;28833
4;28836
20;28851
110;28859
2;28864
27;28868
35;28876
169;28880
17;28882
15;28886
28;28887
63;28921
95;28922
5;28923
212;28924
157;28933
25;28934
5;28941
165;28942
6;28944
2;28961
27;28962
2;28969
3;28970
20;28971
7;28972
37;28974
7;28979
21;29003
26;29017
44;29018
22;29020
36;29037
24;29038
3;29039
9;29042
4;29045
3;29055
12;29060
28;29061
15;29064
18;29074
158;29075
150;29104
44;29113
60;29115
19;29116
335;29124
39;29134
34;29136
149;29155
22;29157
22;29158
22;29159
2;29162
4;29163
1;29164
2;29193
68;29213
35;29214
172;29215
195;29216
34;29233
24;29235
8;29246
35;29262
12;29265
3;29272
157;29309
55;29310
240;29311
71;29312
3;29327
154;29330
12;29331
22;29332
25;29343
18;29353
40;29356
11;29358
4;29373
9;29378
10;29395
29;29403
15;29405
112;29406
2;29407
20;29409
51;29410
51;29411
16;29412
17;29421
32;29437
13;29438
218;29439
30;29440
32;29443
69;29444
23;29445
3;29457
7;29463
23;29464
39;29467
7;29468
26;29474
202;29485
189;29501
202;29502
16;29503
35;29504
53;29505
14;29507
15;29508
36;29520
9;29524
43;29534
76;29535
77;29536
21;29537
38;29538
5;29541
51;29553
4;29554
38;29560
78;29597
56;29598
22;29599
635;29600
19;29605
3;29611
10;29615
11;29617
19;29618
17;29620
19;29630
15;29646
24;29648
1;29649
2;29650
3;29652
9;29693
54;29694
477;29695
63;29696
3;29706
2;29713
30;29715
27;29716
14;29717
4;29728
173;29729
12;29735
50;29742
156;29745
15;29748
14;29749
12;29751
29;29765
5;29789
96;29790
82;29791
62;29792
24;29802
189;29809
101;29810
54;29812
3;29819
158;29834
2;29835
31;29837
1;29841
185;29842
12;29844
25;29845
12;29846
17;29851
8;29885
58;29886
42;29887
37;29888
18;29894
14;29902
49;29906
180;29907
48;29908
1;29911
7;29917
29;29918
13;29933
6;29941
16;29944
5;29959
13;29966
181;29981
338;29982
584;29983
246;29984
16;29998
10;30001
22;30003
8;30004
27;30013
3;30027
13;30033
2;30038
6;30066
53;30077
22;30079
214;30080
72;30081
220;30082
18;30084
15;30091
22;30101
37;30110
25;30111
7;30112
14;30113
39;30114
13;30115
35;30116
11;30124
10;30130
21;30132
6;30135
8;30138
31;30139
31;30140
21;30147
194;30173
168;30174
10;30175
29;30176
7;30177
19;30178
38;30179
160;30180
37;30182
25;30195
15;30207
49;30208
31;30209
20;30210
4;30220
11;30235
3;30236
63;30269
60;30270
27;30271
73;30272
43;30289
40;30291
27;30292
8;30297
13;30299
15;30317
20;30321
3;30324
60;30365
51;30366
48;30367
20;30368
21;30369
14;30380
27;30386
18;30387
25;30388
16;30409
4;30410
21;30411
167;30414
22;30415
4;30440
37;30461
227;30462
205;30463
46;30464
48;30472
14;30482
33;30483
204;30484
5;30485
27;30495
6;30506
29;30511
29;30513
13;30517
6;30519
41;30557
68;30558
64;30559
31;30560
28;30569
25;30576
27;30578
32;30579
32;30593
24;30599
31;30601
15;30603
7;30605
156;30607
34;30610
14;30611
25;30614
31;30653
226;30654
34;30655
20;30656
169;30659
2;30668
155;30670
42;30673
35;30675
23;30676
165;30678
50;30702
9;30703
28;30708
2;30711
14;30743
22;30745
17;30748
41;30749
17;30751
35;30752
67;30753
35;30754
2;30755
61;30756
10;30779
13;30783
62;30788
4;30800
12;30801
33;30808
7;30812
169;30845
40;30846
7;30847
177;30849
35;30850
30;30851
19;30852
32;30854
25;30858
10;30861
156;30866
55;30877
162;30879
28;30880
25;30881
36;30882
13;30883
40;30884
13;30895
54;30901
8;30902
12;30932
36;30941
54;30942
155;30943
33;30944
12;30947
17;30955
23;30961
43;30963
17;30973
13;30974
10;30985
2;30990
3;30993
21;30994
15;30995
7;31001
13;31006
19;31007
215;31037
38;31038
67;31039
74;31040
32;31060
159;31072
6;31079
10;31083
7;31090
13;31115
9;31133
211;31134
192;31135
63;31136
21;31144
154;31151
23;31152
200;31153
3;31154
13;31176
13;31188
2;31190
44;31229
205;31230
37;31231
54;31232
22;31237
7;31241
33;31243
19;31249
186;31250
1;31251
12;31252
26;31257
7;31264
14;31271
17;31278
2;31280
27;31281
7;31284
33;31315
631;31325
78;31326
215;31327
8;31331
19;31339
5;31346
4;31347
16;31348
12;31357
8;31360
2;31370
25;31371
3;31379
8;31381
60;31421
10;31422
18;31423
159;31424
323;31425
176;31426
20;31427
191;31428
5;31433
11;31453
170;31455
31;31456
46;31457
4;31459
36;31469
155;31470
2;31473
57;31474
12;31478
28;31481
172;31486
37;31509
56;31517
24;31518
15;31519
41;31520
13;31523
557;31524
30;31531
4;31542
32;31544
17;31549
182;31550
2;31551
10;31552
54;31555
3;31556
6;31574
12;31576
18;31578
186;31613
81;31614
26;31615
83;31616
7;31623
26;31633
201;31634
9;31635
17;31643
29;31658
15;31662
9;31663
14;31666
2;31668
34;31669
16;31670
8;31685
10;31709
26;31710
82;31711
23;31712
6;31719
28;31729
45;31730
167;31732
35;31734
2;31748
3;31751
15;31753
3;31755
7;31758
34;31765
33;31766
282;31805
174;31806
51;31807
319;31808
24;31809
10;31815
30;31825
39;31826
30;31827
25;31828
25;31836
29;31841
35;31849
16;31852
5;31854
4;31855
15;31857
5;31858
2;31859
162;31861
230;31902
24;31903
88;31904
170;31917
4;31921
16;31922
21;31923
12;31927
33;31929
157;31941
7;31945
38;31947
21;31953
7;31957
1;31968
7;31980
75;31997
39;31998
239;31999
34;32000
15;32005
28;32010
60;32017
21;32018
26;32020
19;32041
13;32043
46;32045
20;32049
21;32056
9;32064
162;32075
2;32076
51;32093
45;32094
23;32095
17;32096
166;32097
61;32100
36;32103
6;32117
16;32125
9;32126
212;32128
32;32129
19;32131
14;32132
25;32136
2;32138
18;32141
23;32145
28;32148
25;32149
36;32155
24;32156
73;32189
15;32190
91;32191
71;32192
31;32193
45;32194
4;32195
210;32196
4;32200
2;32212
176;32221
8;32224
27;32225
3;32227
18;32230
13;32232
5;32243
20;32244
173;32247
11;32250
67;32285
175;32286
44;32287
58;32288
26;32298
3;32305
28;32307
6;32334
11;32341
45;32381
26;32383
19;32402
45;32403
31;32404
28;32412
13;32423
4;32425
25;32426
13;32428
32;32429
23;32435
50;32477
37;32478
69;32479
69;32480
8;32483
9;32497
24;32498
17;32500
12;32523
3;32530
30;32535
56;32573
29;32574
55;32575
151;32576
45;32593
175;32594
18;32595
3;32596
20;32612
39;32619
15;32625
48;32627
62;32669
18;32670
46;32671
41;32672
27;32685
37;32689
159;32690
45;32691
3;32697
13;32700
15;32712
152;32714
6;32717
33;32718
162;32719
3;32722
29;32724
3;32728
9;32755
30;32765
153;32766
41;32767
195;32769
28;32770
31;32771
4;32789
2;32795
28;32798
8;32800
75;32801
34;32803
178;32804
28;32814
21;32817
48;32818
16;32820
17;32823
14;32828
11;32861
399;32862
14;32864
46;32865
46;32866
23;32867
6;32868
30;32871
166;32876
13;32881
6;32889
22;32890
18;32893
31;32895
36;32896
33;32897
57;32898
168;32899
32;32900
12;32903
17;32911
4;32913
33;32914
17;32916
49;32917
17;32920
11;32922
2;32950
69;32957
83;32958
47;32959
180;32960
27;32977
8;32978
61;32979
18;32980
10;32985
167;32986
162;32991
17;32999
18;33005
13;33007
17;33008
22;33010
156;33012
13;33013
7;33053
9;33054
102;33055
220;33056
15;33073
38;33075
1;33076
2;33077
4;33100
27;33104
30;33105
13;33107
7;33109
1;33110
4;33147
40;33149
172;33150
208;33151
71;33152
12;33164
14;33165
19;33169
31;33170
10;33171
1;33179
16;33183
29;33195
25;33200
8;33201
39;33203
62;33245
55;33246
27;33247
210;33248
23;33260
12;33265
4;33266
42;33267
6;33268
24;33271
2;33275
10;33283
22;33289
31;33291
2;33298
6;33309
26;33341
14;33342
62;33343
67;33344
1;33351
27;33362
8;33363
30;33379
14;33391
29;33393
9;33394
31;33395
21;33396
4;33415
25;33416
27;33419
7;33437
15;33438
44;33439
38;33440
53;33441
49;33442
11;33444
149;33456
32;33468
25;33470
8;33471
6;33472
39;33473
4;33475
18;33487
49;33490
162;33492
3;33493
50;33498
26;33503
17;33506
24;33533
61;33534
17;33535
48;33536
3;33537
28;33538
5;33539
153;33540
1;33554
35;33566
6;33567
27;33569
15;33570
18;33571
10;33572
2;33576
28;33586
9;33587
7;33588
7;33590
40;33591
17;33593
18;33595
7;33610
119;33629
1;33630
40;33631
61;33632
5;33646
34;33649
27;33650
6;33652
31;33673
10;33674
37;33675
31;33676
21;33677
11;33678
32;33680
121;33725
182;33726
380;33727
2;33728
333;33748
35;33754
17;33770
18;33772
6;33773
11;33779
32;33783
38;33821
36;33822
36;33823
18;33824
20;33841
20;33868
9;33872
16;33875
30;33876
24;33879
6;33880
23;33890
84;33917
33;33918
72;33919
59;33920
3;33929
20;33937
22;33938
44;33939
72;33940
9;33941
9;33966
12;33967
4;33969
170;33971
6;33974
12;33999
23;34013
244;34014
48;34015
80;34016
16;34026
20;34033
24;34035
5;34036
33;34041
2;34055
12;34060
3;34109
163;34110
42;34111
37;34113
20;34114
41;34115
20;34116
7;34134
46;34141
20;34144
7;34145
3;34146
65;34148
24;34152
165;34155
30;34165
19;34167
40;34168
8;34170
11;34171
26;34172
9;34187
86;34205
97;34206
37;34207
37;34208
181;34210
20;34211
19;34216
6;34237
33;34238
9;34241
16;34242
194;34244
16;34251
12;34255
25;34257
33;34260
6;34267
7;34268
50;34301
11;34302
25;34303
60;34304
31;34314
8;34322
19;34323
201;34324
33;34352
5;34353
25;34360
39;34388
36;34397
13;34398
60;34400
3;34401
71;34418
41;34419
28;34425
3;34432
10;34441
20;34446
11;34449
11;34455
198;34493
30;34494
238;34495
40;34496
13;34505
29;34515
21;34516
16;34517
10;34524
2;34539
152;34542
32;34551
66;34589
71;34590
511;34591
26;34592
42;34596
5;34597
16;34609
25;34610
19;34617
6;34622
163;34623
10;34633
18;34646
15;34648
51;34685
244;34686
94;34687
48;34688
163;34703
5;34704
32;34706
20;34707
25;34709
19;34718
8;34723
6;34732
149;34738
20;34742
14;34744
9;34781
11;34782
3;34783
164;34784
19;34785
16;34787
22;34788
9;34795
22;34815
9;34816
14;34817
163;34819
7;34820
23;34822
32;34842
157;34853
4;34857
46;34877
42;34878
18;34879
4;34880
70;34881
59;34882
23;34883
6;34884
2;34889
15;34895
22;34897
22;34909
31;34910
192;34911
21;34912
56;34913
8;34914
19;34915
3;34916
7;34925
23;34932
34;34934
25;34935
17;34973
25;34974
49;34975
40;34976
4;34978
1;34982
31;34990
17;34993
34;34994
30;35023
28;35027
