sums of daily draw-off volumes
248.2
134.5
293.8
260
333
280.8
311.8
143.2
177
171.8
242.5
104
250.8
289.5
289.8
71.8
84.2
135.2
191.5
289
234.8
137.8
90.8
119.5
145
135.2
307.5
175.8
182.5
301.5
182
37.2
148.5
114.2
278.8
501.8
345
90
424.2
185.2
320.8
335.5
197.5
199.2
296.8
183.5
219.5
194.2
150.8
171
114.5
263.2
179
212.5
234
366.2
314.5
169
165.8
134
230.2
332.2
260
128.5
140.8
111.2
372
109.2
353.2
340.2
245
295.2
208
244.2
114.5
368
229.5
174
139.8
198.8
152
339.2
348.8
305
201
257.2
156
296
130.8
197.5
212.5
327.2
527
122.5
205.2
596.5
120.8
195
247
154.5
168.5
203.2
129.5
180
273.2
115.5
278.8
150.2
273
370.8
206
198
152.5
175.2
372
77.5
230.8
169.5
160.5
312.5
194.2
203.2
143
234.5
300.5
245.2
167.8
354
479.2
173
79.5
188
132
135.8
148.2
190.5
99.5
93
328.2
297.5
314.5
197
155.8
139.5
177.2
194.5
183.8
149
112.8
466.2
79.2
392
147.5
260
133.5
70.2
171.5
61.5
241.8
175.2
155.8
267.8
214.2
117
195.5
415.8
167
228.8
203.5
156
83.8
167
231
390.8
131.2
118.5
183.8
229
199.8
177.5
119.8
218.5
124.8
433
145.8
217.2
76.2
175
106.2
348
183
149.8
105.2
242
117
309
137.2
130.8
67.5
256.5
331
270.5
309.2
100.5
89.2
219.8
93
93.8
158
160.8
115
266.2
102
172.8
110
123.8
130.5
119.5
153.8
64.2
270.8
200.2
164
72.5
174.5
184
364.5
303.2
93.2
160.8
207
54.5
136.2
91.2
87
165.2
168.5
245.8
153
103.2
190.8
93.5
108.2
183.8
230.8
232
228.8
188.2
302
205.5
194
77.5
71.8
98
154.2
100.5
176
197
222.2
204.5
196.8
173.5
148
176.5
160
149.5
82.2
179.8
87.2
223.8
84.8
167
94.5
130.5
299.2
193
251.8
177.2
286.2
270.2
228.5
311.5
196.5
210.8
246.2
230
438.8
214
419.5
121
107.2
92.8
285
299.2
144
232.2
130.2
104.2
290.5
219.2
183
209.5
105.8
225.8
147
203
207
287.5
233.5
278.8
272
131.5
367
232.5
210.2
98
128.5
233.2
163.5
247.8
113
283.5
126.2
152
229.2
180
266.8
421.5
278.2
188.8
131.8
320.5
207.2
168
263
250
104.5
76
82
163.5
213.5
240
329.2
272.5
119
174.8
134.5
84.8
211
149
118.2
284.2
63.2
160.5
129.8
199.2
210.8
117
86.5
195.2
248.2
224.5
130.8
227.2
69
sums of draw-off volumes of each hour of the day
219
145.3
227.9
215
141
157.5
13760.8
17865.8
7113.6
1627.7
990.7
3795.9
4258.6
1506.8
1573.8
3223.9
2197.1
2218.2
2394
2966.2
3104.8
1940.6
1129
336.5
sums of draw-off volumes of each hour of weekdays
126.7
60.1
86.9
53.1
101.1
104.7
11355.5
13009.5
3328.8
581.4
718.7
3525.7
3868
1325.4
563.1
505.3
556.3
1661.2
2157.8
2390.4
2042
1043.3
349.2
129.7
sums of draw-off volumes of each hour of weekend-days
92.3
85.2
141
161.9
39.9
52.8
2405.3
4856.3
3784.8
1046.3
272
270.2
390.6
181.4
1010.7
2718.6
1640.8
557
236.2
575.8
1062.8
897.3
779.8
206.8
holidays of household(s), numbers correspond to day of year
