sums of daily draw-off volumes
47.5
96.8
65.2
79.2
174
109.2
139.5
102.5
162.8
149
99.2
123.5
102.8
250.2
80
87.8
131
59
43.2
71.5
74.5
254
103.8
317.8
204.8
88
178
238.5
51.5
67.8
106.5
58
140
97
386
75
139.5
94.2
83.8
201
203
142.2
108.8
124.2
44.8
175
104.8
136.2
169.5
267
76.5
143.8
289
114
50.8
97.5
127.5
60.2
59.2
92.8
76.8
135.2
133.2
109.5
156
244
158.2
211.5
111.2
56
212.2
158.2
160.2
254
82.2
145.2
116.2
103.8
30.8
103.8
105.8
48.5
159.2
72.8
49.8
303.5
86.5
122.2
126
103.2
114
120.5
95
64.8
260.8
247.5
101
66.2
88.5
261.8
72.5
100
127.2
153.2
96.8
123.8
292
211.8
116.5
93
160.5
57.5
191.8
98.8
91
78.8
148.8
86.8
89.2
93.5
102.5
149.2
49
66
64.5
133.2
105.8
58
77.8
230.2
92
171.2
97.8
342.5
125.5
112.8
133.2
76.8
110.5
117.5
150.2
48
257
69
132
115.8
212
61.2
124.8
56.2
64
42.8
127.2
71.8
119
88.5
162.8
70.8
190
104
49
196.2
61.5
72
170.2
136.5
60.2
231
139.2
134.2
83.2
86.8
26
81.8
72
39.8
71
42.8
66
63.2
105.5
197.2
155.2
36.5
69.8
79.8
156.8
105.8
166.8
214.5
159.8
80
110
144
50.5
140
111
47.2
131.8
83
58.2
56.8
196.5
158.5
42.8
19.8
115.8
143.5
122.2
99.8
192.8
177
134
102.2
224
85.5
101.5
67.8
42.5
115.5
75.2
55.5
190.2
140
120.2
71.5
76
101.8
128
58
84.5
182.5
77.5
47
89.8
42
109
96.2
73.2
128.5
66.2
136
55.5
109.2
173
277
71.8
161.2
45.2
52.8
148.2
291.2
172
69.8
78
249
232
238.8
71.2
121
73
118.8
68.8
83.8
252.2
128.5
53
93.8
77
87.8
68.8
288
99
44.8
169.2
60.2
169.2
92.5
95
60.5
112.5
34.8
70
94
88.8
108.8
35.5
62.2
185
106.5
139.5
98
30.2
154
165.8
251.8
116.5
110
28.8
73.5
213
72.2
116.5
118
191.5
159.2
291.8
138.5
85
57.2
54.5
110
110.2
137
97.2
101.2
80.2
232.2
100.2
82.8
142.2
167.2
100.5
150.2
38.2
124.8
77
101.5
120.5
110
127.8
58.2
60
227.2
164
164.2
51
17.8
71
108.8
120.2
117.5
117.5
110
100.5
49
179.2
133.8
37.5
111.5
213
180.8
70.2
87
116
339.8
297.2
222.2
89
43.2
236.5
128
106.8
138
54.5
sums of draw-off volumes of each hour of the day
109.7
73.1
201.1
145.8
86.4
38
8376.9000000
10631.5
3831.2
788.1
521
2482.4
2741.4
960.2
1006.5
1798
1675.5
1001.3
1359.4
1788.2
1755.9
1479.6
870.5
146.8
sums of draw-off volumes of each hour of weekdays
64.7
62.8
99.9
28
51.9
20.9
6844.7
7041.2
2280.4
261.1
379.6
2262
2630.5
851.4
478.3
485.3
531.7
710
1248.9
1512.5
1191.5
833.3
244
57.6
sums of draw-off volumes of each hour of weekend-days
45
10.3
101.2
117.8
34.5
17.1
1532.2
3590.3
1550.8
527
141.4
220.4
110.9
108.8
528.2
1312.7
1143.8
291.3
110.5
275.7
564.4
646.3
626.5
89.2
holidays of household(s), numbers correspond to day of year
