sums of daily draw-off volumes
162.2
143
145.2
131.8
239
346.2
154
92.2
146.8
174.2
80.2
310.8
218.2
235
222.8
184
377.2
214.5
189.5
248.2
385.8
107
203.2
153.8
210.2
138
237.5
384.5
188.5
153.2
104.5
266.5
258.5
221.2
229.5
188.2
172.8
419.8
84.8
420
308.8
243
202.2
117
156.8
433
242.2
183.8
287.5
298.5
253.5
195.5
151.5
179.8
230.5
138.2
109.8
413.5
247.2
204
164.2
492.2
156
139.2
143.5
293.2
153
169.8
216.2
281.2
189
219.5
198.5
190.5
159.8
308
225.2
240.2
141.8
174.5
276.8
322.2
190.5
89.5
176.5
236.2
269
142
174.2
185
309.2
177.2
118.5
157.8
176
263.5
462.2
190
127.2
299.5
147.8
105.8
253.5
282.5
199
279
334.8
128.8
143
210.8
190.8
164
375.8
197.8
280.8
213.2
311.2
411.5
147.8
152
360
251.5
250
304.5
343.2
222.8
70.8
163.2
147.5
98
195.8
188.8
133.5
139.2
250
145.2
74.5
208.2
231.5
232
261.2
177.2
122
204.5
348.5
462.5
145.8
88
157.2
225.2
145.2
362.2
224
301.8
196
251.2
355
154
125.8
99.8
194.8
233.5
141.8
147.5
99.2
205.8
112
161.8
146.8
266.2
263.2
342.2
308
300.5
164
91.2
311.8
193.2
246.5
70.8
211.8
120
189.8
187.5
193.2
134
55.5
189.8
138.8
157.8
154
168.2
111.5
151.2
218
107.8
311.8
155.8
139.8
181.2
288
147.8
170.2
99
231.5
60
87.5
140
174.5
240.8
225.8
143.5
144.5
272.8
109.2
180.5
73.8
127.2
129.5
138.5
184
201.2
113.8
228
96.5
132
284.5
138.8
270.8
325.8
156.2
110.8
154
242.5
130
88.2
173.5
329.5
94.8
231
162.2
181.2
122
162.5
317
130.5
308.2
160.8
187
191.5
220.5
471
103
176.8
130.2
109
325.8
268.5
141.5
106.8
207
100.5
129.2
150.8
337.5
163.5
62.2
176.5
151.2
258.2
139.8
152
175.5
138.2
166.5
261.5
137.8
192.2
152
171
110.2
235.8
188
216.5
87.8
133.5
392.8
88.8
140.5
70.8
196.5
253.2
169.8
330.2
274.2
120
282
131.8
83
217
192.5
162.5
231.5
176.5
85
164
183.2
294
204.2
285.8
178
102.2
131.8
179.2
177.5
148.5
145.5
97
243
150.5
297.8
317.2
168.2
197.5
176.2
140
113
185
291.5
278.2
132.5
178.5
225
157.2
163.5
336.2
115.5
175.2
331.5
237.2
166.2
124.2
79.8
97.2
166.5
158.5
209.8
288.2
220.8
264
199.5
104
432.2
223
143.8
144.5
84.5
257.8
273.2
171
363.5
200.2
507
318.5
170.5
sums of draw-off volumes of each hour of the day
162.7
180.3
200.4
474.7
205.4
197.7
12415.5
17608.1
6551.2
1322.5
960.7
3691.6
4570.4
1499.8
2000.2
3188.6
2695.1
1939.1
2412.2
2978.7
3327.6
2940.2
1259.2
282.1
sums of draw-off volumes of each hour of weekdays
93.5
102.7
116.6
112.7
118.7
85.6
10121
13036.3
3180
652
634.2
3583.4
4282.7
1250.9
592.7
685.3
548.6
1351.4
2260.5
2148.2
2284.8
1722.2
285.2
87.6
sums of draw-off volumes of each hour of weekend-days
69.2
77.6
83.8
362
86.7
112.1
2294.5
4571.8
3371.2
670.5
326.5
108.2
287.7
248.9
1407.5
2503.3
2146.5
587.7
151.7
830.5
1042.8
1218
974
194.5
holidays of household(s), numbers correspond to day of year
