45;29
210;30
70;31
32;32
15;39
4;44
7;51
50;52
22;61
4;75
14;79
13;85
163;86
212;125
132;126
57;127
28;128
28;145
8;146
11;148
7;165
22;170
4;171
1;172
30;175
4;180
28;182
96;221
127;222
195;223
46;224
32;241
30;246
5;265
9;268
16;270
13;273
12;277
62;317
240;318
85;319
31;320
17;337
13;338
30;339
11;340
6;364
25;365
4;367
3;373
112;413
38;414
210;415
161;416
29;420
32;427
172;431
11;433
7;434
10;435
5;436
20;442
12;456
3;457
37;464
17;467
38;470
11;472
31;480
5;509
33;511
15;513
180;514
31;515
156;516
21;518
11;519
26;541
20;542
20;543
37;544
5;545
18;548
12;551
1;563
1;564
155;565
5;566
567;568
36;569
26;570
4;575
22;583
26;594
26;597
20;605
52;606
62;609
19;610
2;611
37;612
11;613
36;619
9;630
15;634
24;637
6;638
21;640
13;641
7;643
13;646
8;651
10;658
153;660
24;664
29;684
36;701
6;702
91;703
25;704
32;707
20;713
13;724
17;725
24;726
11;752
24;753
1;754
33;757
7;760
4;774
144;797
62;798
69;799
31;800
27;816
46;820
16;825
153;833
28;841
7;856
3;888
56;893
395;894
17;895
75;896
9;910
33;913
9;914
22;915
10;916
5;940
32;944
29;949
2;950
58;989
39;991
11;992
13;1009
5;1010
55;1011
64;1012
5;1024
7;1027
3;1031
29;1037
32;1040
72;1085
34;1086
231;1088
21;1098
11;1105
27;1106
56;1107
39;1108
28;1121
159;1135
556;1139
5;1141
4;1143
15;1156
49;1181
339;1182
4;1183
31;1185
43;1186
24;1188
2;1191
11;1203
67;1214
31;1215
166;1218
18;1219
8;1221
13;1234
19;1235
23;1240
10;1243
30;1257
38;1259
1;1263
33;1269
40;1277
53;1278
18;1279
37;1280
201;1281
181;1282
30;1283
21;1284
5;1298
35;1309
26;1310
2;1311
26;1312
28;1313
6;1314
7;1315
81;1316
9;1330
32;1340
198;1374
73;1375
55;1376
28;1379
11;1381
25;1383
193;1389
17;1394
34;1395
11;1398
23;1417
4;1421
168;1428
18;1429
33;1432
24;1447
6;1452
62;1469
65;1470
81;1471
56;1472
155;1486
15;1487
6;1489
190;1491
11;1492
23;1493
10;1498
2;1501
1;1519
20;1528
9;1534
2;1557
7;1560
67;1565
66;1566
73;1567
568;1568
156;1585
176;1586
60;1587
1;1588
2;1591
20;1593
2;1597
8;1601
17;1607
13;1609
19;1611
14;1614
184;1616
17;1617
1;1621
22;1622
14;1626
170;1661
54;1662
71;1663
49;1664
4;1681
8;1682
9;1683
19;1684
5;1696
206;1707
31;1709
169;1712
3;1714
10;1717
33;1719
17;1720
3;1756
21;1757
228;1758
53;1759
104;1760
174;1778
2;1802
163;1804
2;1805
8;1808
32;1834
21;1847
53;1853
63;1855
185;1856
47;1857
12;1859
4;1860
30;1862
171;1874
26;1887
40;1888
17;1889
26;1890
14;1899
31;1905
2;1908
170;1912
49;1916
156;1947
48;1949
88;1950
11;1951
23;1952
70;1953
37;1954
27;1956
1;1966
36;1971
5;1978
50;1981
16;1982
9;1984
152;1988
604;2001
35;2003
159;2006
3;2010
13;2011
15;2027
46;2045
9;2046
69;2047
4;2048
29;2062
48;2065
27;2066
46;2077
1;2089
33;2091
50;2094
3;2099
29;2103
6;2104
13;2111
144;2128
251;2141
193;2142
49;2143
6;2144
11;2161
12;2162
7;2163
18;2164
6;2169
30;2176
50;2185
14;2194
7;2195
15;2199
204;2237
108;2238
53;2239
23;2240
6;2243
31;2252
25;2258
4;2261
30;2264
30;2280
20;2284
20;2286
5;2287
9;2290
9;2294
30;2296
8;2304
178;2333
16;2334
354;2335
143;2336
14;2342
30;2355
11;2356
11;2365
26;2383
24;2386
34;2387
72;2429
63;2430
32;2431
45;2432
165;2438
18;2449
27;2450
30;2451
47;2452
13;2453
25;2473
5;2483
2;2486
8;2487
1;2508
31;2525
65;2526
30;2527
66;2528
31;2529
14;2531
44;2532
19;2536
22;2559
18;2560
343;2563
10;2564
8;2577
6;2578
31;2579
10;2580
14;2581
187;2584
9;2605
9;2618
40;2622
114;2623
18;2624
47;2625
4;2626
190;2627
35;2628
5;2630
9;2636
17;2638
7;2650
23;2651
8;2653
22;2654
21;2655
191;2657
568;2658
162;2659
8;2673
31;2683
26;2690
105;2717
67;2718
29;2719
233;2720
9;2731
4;2737
32;2739
29;2761
29;2763
165;2765
26;2772
64;2813
358;2814
21;2815
18;2816
28;2833
4;2834
30;2840
15;2858
3;2864
14;2865
11;2866
14;2870
33;2871
9;2909
47;2910
6;2911
88;2912
3;2917
8;2929
8;2930
23;2931
21;2946
5;2954
163;2961
8;2963
13;2964
6;2968
10;2969
209;3005
30;3006
18;3007
13;3008
168;3011
25;3025
27;3026
158;3028
22;3052
17;3053
159;3054
33;3056
5;3059
32;3063
150;3064
24;3101
48;3102
36;3103
211;3104
5;3106
12;3107
29;3114
15;3118
13;3119
17;3121
8;3122
40;3126
11;3135
2;3143
159;3146
25;3148
3;3149
157;3152
33;3158
150;3159
36;3166
17;3175
203;3197
28;3198
24;3199
47;3200
4;3201
26;3202
15;3203
169;3204
19;3209
11;3212
5;3223
5;3224
11;3228
13;3232
9;3234
41;3236
154;3251
55;3252
10;3256
16;3257
3;3259
22;3292
17;3293
50;3294
19;3295
34;3296
9;3297
9;3298
20;3300
24;3306
26;3307
23;3310
2;3315
2;3318
35;3325
69;3328
9;3330
19;3332
13;3338
32;3343
19;3345
176;3346
4;3348
26;3349
167;3350
32;3351
44;3353
8;3354
8;3356
13;3389
170;3390
125;3391
83;3392
3;3405
14;3407
20;3409
211;3410
9;3411
40;3412
13;3416
17;3426
6;3437
10;3441
19;3444
58;3485
79;3486
184;3487
5;3488
14;3490
4;3505
13;3506
76;3507
19;3508
18;3526
25;3527
13;3528
169;3531
1;3532
13;3535
38;3571
146;3575
219;3581
23;3582
241;3583
578;3584
4;3601
56;3603
11;3604
30;3607
3;3623
18;3628
40;3629
16;3630
31;3635
27;3636
11;3637
158;3639
29;3640
28;3657
2;3661
24;3677
28;3678
52;3679
67;3680
2;3697
59;3698
21;3700
2;3702
5;3717
2;3721
4;3722
8;3725
35;3727
26;3768
50;3773
32;3774
291;3775
50;3776
65;3787
593;3793
20;3794
237;3795
41;3796
4;3797
11;3802
28;3818
9;3821
14;3827
171;3828
33;3832
5;3836
35;3869
217;3871
355;3872
75;3873
50;3874
187;3875
39;3876
5;3882
4;3886
27;3888
171;3902
21;3903
2;3904
4;3908
17;3925
1;3926
17;3932
8;3936
20;3959
45;3965
102;3966
19;3967
21;3968
27;3970
55;3971
78;3972
9;3997
246;3998
19;4000
3;4002
28;4003
10;4004
46;4012
8;4016
13;4018
11;4019
35;4021
61;4022
28;4023
31;4026
38;4028
19;4029
17;4058
183;4061
83;4062
60;4063
42;4064
16;4084
21;4097
7;4108
15;4112
10;4113
194;4116
155;4118
6;4127
20;4157
84;4159
14;4163
20;4165
21;4177
51;4178
183;4179
30;4180
4;4188
3;4202
21;4209
17;4210
3;4245
189;4253
26;4254
201;4255
28;4256
23;4272
13;4273
29;4274
21;4275
10;4276
1;4293
11;4295
7;4297
10;4299
24;4300
12;4306
19;4312
102;4349
5;4350
210;4351
244;4352
15;4353
169;4354
39;4369
172;4370
31;4371
3;4372
15;4377
3;4388
48;4395
12;4396
562;4399
34;4401
36;4403
18;4405
14;4408
49;4445
19;4446
389;4447
175;4448
30;4465
170;4466
22;4467
22;4468
29;4489
28;4491
27;4496
9;4500
83;4541
38;4542
16;4543
25;4544
14;4545
33;4546
38;4548
18;4564
15;4573
39;4578
152;4579
65;4580
22;4595
22;4600
155;4603
2;4637
8;4638
41;4639
38;4640
5;4641
25;4642
111;4643
7;4644
21;4662
3;4669
587;4670
52;4671
19;4673
35;4676
29;4689
50;4690
15;4692
5;4695
23;4696
19;4697
55;4699
180;4733
102;4734
27;4735
62;4736
4;4737
28;4741
157;4745
9;4749
184;4752
33;4753
20;4754
49;4755
183;4756
12;4761
7;4767
37;4774
29;4783
27;4787
21;4788
2;4789
21;4790
14;4822
61;4829
62;4830
204;4831
265;4832
7;4836
21;4841
6;4850
40;4851
8;4861
25;4868
3;4875
25;4876
10;4883
23;4885
30;4886
13;4887
171;4888
26;4889
3;4897
14;4903
71;4925
33;4926
238;4927
67;4928
10;4930
9;4936
11;4947
10;4948
31;4965
6;4971
54;4973
20;4977
33;4978
162;4979
10;4981
55;5021
113;5022
49;5023
78;5024
24;5033
16;5041
30;5042
25;5043
1;5052
14;5059
17;5065
154;5077
17;5078
13;5079
43;5117
129;5118
88;5119
25;5120
5;5122
28;5123
48;5130
58;5137
30;5138
50;5139
174;5140
16;5167
10;5168
3;5170
12;5173
14;5186
12;5192
23;5214
5;5215
171;5216
173;5217
202;5218
65;5219
62;5220
17;5225
22;5226
11;5229
5;5234
3;5235
4;5242
17;5246
35;5247
15;5248
44;5251
7;5267
6;5268
5;5271
4;5273
38;5309
56;5312
60;5313
14;5314
25;5315
53;5316
15;5323
15;5334
7;5337
155;5342
22;5343
8;5346
1;5347
47;5348
37;5368
12;5380
27;5405
2;5406
88;5407
23;5408
7;5414
28;5426
23;5427
162;5428
2;5444
37;5452
1;5462
27;5469
11;5490
1195;5501
78;5502
60;5503
101;5504
31;5517
44;5521
9;5522
19;5535
9;5537
37;5539
7;5547
9;5550
23;5552
11;5553
10;5556
17;5584
56;5597
198;5598
354;5599
31;5600
8;5605
3;5612
56;5617
21;5618
51;5619
8;5620
11;5637
4;5643
156;5647
4;5649
11;5652
161;5665
27;5677
90;5693
214;5694
59;5695
59;5696
10;5705
10;5706
1;5707
5;5709
24;5712
26;5713
26;5714
10;5716
30;5730
13;5740
21;5741
19;5743
2;5746
9;5748
27;5789
64;5790
68;5791
61;5792
8;5794
9;5804
44;5810
107;5811
153;5812
25;5814
25;5816
31;5829
22;5830
11;5833
1;5838
1;5842
553;5871
101;5885
35;5886
186;5887
58;5888
23;5889
77;5891
279;5892
19;5899
183;5920
28;5921
34;5922
186;5923
39;5924
11;5942
157;5945
62;5983
30;5984
21;5985
16;5986
34;5987
49;5988
23;5999
36;6013
35;6016
31;6017
13;6019
9;6020
7;6024
21;6033
183;6037
15;6038
39;6044
76;6077
19;6078
210;6079
26;6080
32;6081
52;6097
38;6100
12;6105
25;6114
16;6116
6;6121
3;6124
2;6130
29;6136
11;6141
20;6173
15;6174
1;6175
44;6176
10;6182
152;6187
27;6193
209;6194
8;6195
25;6217
11;6219
23;6222
8;6230
17;6231
4;6232
203;6269
219;6270
321;6271
51;6272
24;6289
183;6291
18;6292
1;6300
6;6303
18;6308
22;6309
48;6314
13;6315
2;6319
30;6323
14;6328
19;6365
74;6366
245;6367
68;6368
29;6374
16;6386
47;6388
2;6394
4;6406
23;6411
10;6414
17;6415
28;6419
13;6420
7;6421
4;6424
6;6426
199;6461
63;6462
63;6463
29;6464
16;6481
34;6482
2;6483
4;6485
22;6486
8;6497
37;6506
4;6516
27;6517
163;6519
8;6520
12;6530
4;6533
22;6557
64;6558
56;6559
6;6560
7;6561
64;6562
30;6564
40;6588
38;6590
198;6591
7;6593
41;6594
8;6595
3;6596
49;6616
167;6617
36;6618
13;6619
22;6637
574;6653
5;6654
31;6655
25;6656
35;6657
29;6659
58;6660
7;6670
27;6675
34;6682
16;6685
29;6686
13;6687
42;6689
28;6691
6;6692
14;6702
30;6705
18;6706
11;6707
4;6708
13;6712
27;6713
2;6715
19;6718
6;6720
109;6749
50;6750
256;6751
76;6752
20;6754
2;6757
3;6758
23;6767
2;6768
35;6769
32;6770
34;6793
26;6794
29;6797
12;6798
27;6803
20;6808
23;6845
199;6846
73;6847
86;6848
28;6850
41;6865
22;6866
185;6868
3;6875
21;6891
8;6892
2;6896
7;6898
150;6899
13;6901
17;6902
31;6941
324;6942
15;6943
181;6944
15;6952
9;6954
6;6962
51;6963
30;6964
16;6987
27;6991
3;6992
22;6994
24;6996
38;6997
2;7000
54;7037
91;7038
38;7039
228;7040
3;7046
9;7056
25;7060
162;7063
27;7065
32;7071
23;7081
21;7082
10;7083
30;7084
9;7092
13;7132
208;7134
9;7135
11;7138
21;7149
160;7153
16;7154
25;7155
25;7156
5;7171
32;7177
1;7179
29;7181
12;7185
3;7186
19;7188
50;7190
17;7215
19;7226
166;7229
174;7230
3;7231
178;7232
44;7233
15;7234
42;7235
31;7236
33;7251
18;7258
7;7261
31;7262
29;7263
36;7265
174;7266
47;7268
8;7271
35;7278
25;7282
21;7285
16;7286
31;7288
17;7289
15;7290
30;7313
5;7325
81;7326
28;7327
43;7329
26;7330
40;7331
20;7332
1;7339
32;7349
183;7353
16;7357
34;7358
42;7360
6;7363
63;7364
15;7370
188;7374
6;7378
14;7381
1;7384
18;7385
9;7386
48;7421
1;7422
187;7423
14;7424
2;7426
7;7430
33;7431
28;7441
163;7442
83;7443
17;7444
8;7460
169;7463
1;7465
157;7466
29;7471
14;7480
78;7517
55;7518
115;7519
8;7520
27;7526
17;7537
25;7538
18;7539
14;7558
6;7561
12;7562
27;7566
14;7567
23;7568
51;7569
11;7572
3;7574
63;7576
16;7613
3;7614
73;7615
193;7616
15;7629
174;7633
7;7634
7;7635
6;7660
4;7662
1;7664
155;7667
3;7668
36;7671
5;7672
25;7687
19;7688
19;7709
276;7710
240;7711
39;7712
43;7720
151;7730
34;7732
7;7753
43;7755
172;7762
30;7764
8;7765
1;7766
20;7797
97;7805
363;7806
133;7807
327;7808
2;7817
48;7825
20;7826
28;7828
15;7838
7;7851
24;7855
161;7856
44;7861
23;7886
68;7901
14;7902
70;7903
62;7904
8;7905
6;7906
165;7907
40;7908
32;7925
7;7933
3;7934
170;7935
36;7936
22;7938
3;7940
27;7958
6;7962
10;7998
53;7999
49;8001
35;8002
80;8003
2;8019
1;8027
5;8031
33;8033
32;8035
21;8036
8;8050
5;8052
17;8054
7;8060
168;8093
32;8094
36;8095
95;8096
13;8111
22;8113
23;8114
4;8115
33;8116
9;8122
5;8125
10;8134
29;8137
39;8146
164;8148
2;8149
22;8151
3;8184
93;8189
63;8190
230;8191
81;8192
3;8209
73;8211
16;8227
9;8236
20;8242
324;8246
30;8247
166;8273
24;8285
382;8286
57;8288
12;8291
35;8305
11;8306
11;8307
24;8308
40;8310
31;8311
4;8320
13;8329
16;8331
26;8332
156;8335
3;8339
14;8340
17;8341
14;8343
20;8346
57;8381
48;8382
45;8383
140;8384
22;8395
18;8403
58;8404
8;8406
13;8410
23;8425
15;8426
23;8431
3;8432
24;8433
23;8435
22;8436
26;8442
67;8477
5;8478
53;8479
86;8480
23;8487
55;8498
23;8499
163;8500
16;8514
15;8521
165;8528
1;8529
25;8531
19;8546
11;8567
105;8573
64;8574
19;8575
38;8576
9;8577
18;8578
39;8579
25;8580
9;8581
12;8582
22;8598
46;8602
14;8605
77;8606
37;8607
8;8608
35;8609
26;8610
20;8613
4;8615
8;8622
32;8624
29;8632
14;8633
11;8658
188;8665
34;8666
64;8667
51;8668
15;8669
41;8670
7;8671
27;8672
20;8673
57;8677
5;8697
154;8698
31;8700
34;8701
25;8702
176;8703
25;8704
35;8718
181;8721
28;8726
28;8727
122;8761
178;8762
51;8763
73;8764
5;8771
7;8780
32;8782
10;8784
29;8788
9;8804
27;8807
166;8817
36;8857
44;8858
49;8859
3;8860
12;8866
5;8867
169;8877
18;8880
4;8882
35;8902
10;8908
26;8909
21;8912
30;8913
12;8921
26;8941
60;8953
141;8954
56;8955
57;8956
21;8969
11;8974
4;8975
37;8976
20;8997
7;8999
12;9006
168;9010
11;9012
159;9030
8;9049
35;9050
63;9051
36;9052
29;9054
16;9065
17;9068
31;9071
14;9072
57;9074
38;9085
6;9089
40;9095
6;9101
149;9106
3;9123
3;9124
79;9145
34;9146
78;9147
287;9148
12;9156
19;9160
161;9165
159;9166
22;9167
4;9168
15;9169
9;9173
8;9191
60;9192
10;9196
27;9197
37;9199
11;9201
16;9202
358;9241
4;9242
32;9243
589;9244
67;9247
56;9248
168;9252
12;9254
163;9258
2;9274
27;9275
3;9276
60;9277
163;9279
50;9280
3;9288
17;9296
35;9297
1;9298
26;9299
11;9300
2;9301
22;9315
29;9317
4;9322
161;9329
102;9337
6;9338
28;9339
3;9340
3;9341
27;9342
25;9343
1;9344
2;9369
22;9372
16;9373
20;9375
4;9376
154;9379
17;9384
11;9389
5;9391
28;9393
42;9397
28;9400
22;9433
47;9434
91;9435
160;9439
29;9443
62;9455
11;9456
2;9468
8;9474
6;9476
22;9479
23;9481
1;9484
25;9491
7;9529
313;9530
240;9531
215;9532
156;9540
8;9545
23;9549
25;9551
16;9552
4;9564
18;9566
9;9575
149;9576
6;9581
9;9582
13;9610
7;9625
89;9626
25;9627
216;9628
153;9640
6;9651
2;9660
10;9662
14;9670
18;9673
6;9682
5;9683
27;9684
73;9721
54;9723
65;9724
7;9725
6;9730
66;9742
43;9743
49;9744
6;9763
28;9765
12;9766
6;9767
8;9775
51;9817
54;9818
112;9819
96;9820
6;9823
155;9831
34;9837
170;9839
190;9840
14;9852
26;9862
21;9866
31;9870
25;9871
12;9880
17;9882
30;9889
27;9913
6;9914
15;9916
12;9917
49;9918
569;9920
8;9925
17;9938
19;9939
23;9945
22;9946
154;9947
32;9948
29;9949
12;9950
24;9951
26;9952
22;9955
16;9970
4;9974
14;9976
26;10010
17;10011
28;10012
20;10013
172;10014
33;10015
204;10016
14;10021
7;10030
54;10041
47;10044
17;10045
2;10046
30;10052
32;10063
29;10064
18;10065
19;10067
27;10072
64;10105
22;10106
25;10107
612;10108
8;10122
25;10125
13;10126
73;10127
57;10128
3;10129
18;10130
11;10139
38;10151
8;10153
18;10155
9;10156
55;10160
15;10163
42;10164
221;10201
54;10202
241;10203
85;10204
34;10212
4;10220
29;10221
7;10223
434;10224
7;10233
23;10239
14;10247
9;10250
149;10252
3;10253
25;10269
21;10297
18;10298
56;10299
168;10300
23;10318
24;10319
33;10320
32;10322
1;10333
35;10340
4;10346
63;10350
20;10353
17;10354
90;10393
6;10394
35;10395
36;10396
26;10398
7;10409
10;10410
207;10413
15;10415
18;10416
9;10420
26;10425
6;10435
33;10439
20;10440
4;10441
13;10443
11;10447
50;10489
17;10490
203;10491
90;10492
7;10494
10;10497
25;10498
222;10509
24;10510
2;10511
4;10512
2;10516
1;10519
150;10533
10;10535
11;10542
15;10543
4;10585
59;10588
15;10589
214;10591
21;10592
28;10599
158;10603
11;10609
13;10612
47;10617
25;10618
11;10620
5;10621
6;10622
24;10623
11;10624
25;10627
34;10638
52;10644
19;10674
27;10681
7;10682
49;10683
12;10684
26;10685
26;10686
29;10688
22;10692
160;10705
33;10717
8;10718
9;10720
7;10725
162;10735
21;10739
15;10740
24;10743
3;10764
22;10777
790;10778
72;10779
338;10780
15;10782
10;10797
28;10798
40;10799
27;10800
13;10807
13;10815
2;10820
29;10821
22;10822
41;10827
31;10830
7;10836
106;10873
212;10874
191;10875
73;10876
22;10877
13;10881
28;10885
31;10887
37;10894
9;10896
16;10915
2;10921
43;10926
8;10928
389;10969
36;10970
44;10971
61;10972
26;10986
5;10989
34;10990
30;10991
168;10992
13;10995
6;10996
28;11002
190;11016
32;11017
15;11022
21;11024
25;11027
23;11046
9;11048
37;11065
220;11066
235;11067
94;11068
33;11073
6;11076
25;11079
11;11085
6;11086
30;11087
21;11088
31;11100
8;11110
29;11111
27;11112
8;11122
10;11161
180;11162
255;11163
20;11164
24;11181
165;11182
187;11183
191;11186
14;11200
24;11208
147;11217
28;11219
5;11250
32;11257
52;11258
25;11259
155;11260
48;11261
24;11262
195;11263
165;11264
25;11273
17;11276
13;11279
10;11282
27;11285
159;11290
29;11291
188;11292
32;11294
190;11295
27;11304
24;11306
23;11313
5;11314
150;11315
11;11316
7;11319
8;11322
32;11353
38;11355
18;11356
1;11357
20;11358
8;11359
38;11360
27;11362
32;11369
7;11370
2;11377
151;11385
24;11387
40;11388
70;11390
4;11392
7;11404
44;11407
3;11413
25;11416
107;11449
80;11451
72;11452
165;11457
21;11469
34;11470
1;11471
54;11472
2;11476
22;11494
11;11495
39;11496
343;11545
82;11546
697;11547
78;11548
15;11551
14;11572
21;11573
21;11593
169;11600
88;11641
29;11642
185;11643
243;11644
27;11653
20;11655
5;11661
66;11662
30;11663
35;11671
185;11685
22;11687
24;11688
1;11693
5;11697
22;11698
19;11700
2;11716
26;11737
78;11738
111;11739
244;11740
15;11750
11;11757
32;11758
167;11765
28;11780
158;11783
4;11785
14;11786
32;11787
13;11789
45;11790
20;11806
592;11833
60;11834
192;11835
189;11836
6;11851
21;11852
27;11853
4;11855
30;11856
7;11861
16;11875
23;11878
18;11879
2;11881
14;11886
17;11887
6;11929
586;11931
34;11933
169;11934
1;11935
52;11936
14;11939
37;11941
4;11944
4;11952
167;11961
34;11962
21;11964
16;11967
168;11975
24;11979
36;11988
32;12025
25;12026
192;12027
52;12028
23;12029
26;12030
81;12031
17;12057
18;12058
8;12059
26;12060
8;12062
34;12063
21;12078
40;12079
216;12082
37;12086
35;12089
7;12121
99;12122
21;12123
16;12124
24;12140
7;12168
35;12170
33;12171
11;12174
17;12177
2;12178
11;12179
11;12217
73;12218
17;12219
47;12220
22;12226
15;12237
190;12238
146;12251
25;12256
27;12261
4;12262
1;12270
65;12271
10;12275
291;12314
20;12315
141;12316
1;12318
15;12333
29;12334
9;12339
16;12359
36;12361
4;12363
13;12368
15;12372
56;12409
40;12410
18;12411
37;12412
1;12428
36;12429
23;12430
17;12432
8;12448
12;12453
6;12454
21;12458
19;12459
23;12460
55;12461
16;12462
4;12465
201;12505
21;12506
25;12507
81;12508
160;12526
11;12527
16;12535
11;12537
22;12539
152;12546
21;12549
4;12553
32;12559
26;12564
25;12601
79;12602
27;12603
150;12607
32;12608
1;12609
4;12628
2;12633
15;12635
7;12636
17;12638
168;12644
170;12656
32;12657
14;12661
12;12664
13;12687
52;12697
20;12699
26;12701
48;12702
26;12704
9;12714
20;12732
20;12735
29;12749
8;12750
12;12751
215;12756
36;12758
13;12793
81;12794
32;12795
259;12796
37;12812
21;12813
13;12822
4;12825
25;12833
22;12839
30;12842
12;12844
8;12848
209;12889
59;12890
40;12891
374;12892
9;12899
60;12912
21;12935
3;12939
20;12940
172;12945
33;12946
34;12985
15;12986
66;12987
46;12988
38;12995
4;13005
7;13006
2;13007
62;13008
159;13021
40;13028
42;13029
12;13030
29;13032
25;13035
63;13081
24;13082
35;13083
21;13084
15;13103
27;13104
2;13112
15;13129
16;13131
70;13134
10;13137
1;13155
25;13168
241;13177
35;13178
87;13179
69;13180
35;13198
22;13199
13;13207
9;13212
34;13214
31;13218
5;13225
168;13227
10;13231
24;13235
24;13244
29;13250
32;13273
32;13274
210;13275
29;13277
15;13278
19;13279
12;13283
6;13297
27;13306
163;13307
33;13308
56;13310
14;13311
10;13319
47;13320
21;13325
154;13326
5;13327
12;13328
169;13369
42;13370
42;13371
3;13372
16;13373
208;13374
40;13375
18;13376
6;13394
12;13397
20;13398
34;13402
7;13403
53;13405
13;13407
16;13408
16;13418
158;13424
27;13426
28;13431
20;13449
73;13465
35;13466
92;13467
63;13468
17;13483
32;13485
204;13487
45;13488
9;13493
170;13496
29;13500
159;13501
2;13505
29;13512
1;13513
9;13514
6;13518
38;13522
12;13524
22;13561
11;13562
45;13563
81;13564
39;13570
24;13581
21;13582
22;13584
9;13595
5;13598
155;13599
22;13605
154;13607
1;13608
19;13609
39;13610
14;13611
4;13617
22;13619
101;13657
30;13658
47;13659
37;13660
161;13678
28;13680
24;13686
10;13690
13;13707
10;13714
27;13716
14;13752
16;13753
609;13754
46;13755
21;13773
15;13774
32;13793
19;13800
13;13803
1;13805
4;13807
28;13809
40;13849
64;13850
4;13851
794;13852
21;13853
35;13869
2;13885
25;13895
3;13896
185;13897
6;13899
151;13902
26;13905
31;13907
7;13908
18;13939
12;13943
10;13945
11;13946
230;13947
602;13948
25;13949
44;13950
201;13951
33;13952
8;13959
14;13960
8;13963
3;13964
5;13972
11;13977
8;13979
47;13980
15;13981
215;13984
2;13986
163;13989
155;14005
10;14008
24;14026
39;14041
62;14042
50;14043
13;14044
50;14046
8;14047
39;14053
27;14056
27;14069
10;14073
30;14075
18;14076
49;14077
2;14079
22;14083
29;14090
16;14094
28;14098
24;14100
16;14104
88;14137
29;14138
16;14139
51;14140
8;14143
8;14152
16;14158
1;14159
40;14160
1;14170
20;14178
5;14181
33;14187
36;14188
78;14233
18;14234
68;14235
161;14236
166;14253
26;14256
14;14257
12;14271
20;14273
14;14278
16;14281
12;14286
13;14290
11;14298
24;14327
1;14329
239;14330
78;14331
6;14332
33;14334
1;14336
17;14343
8;14346
25;14347
207;14350
17;14359
16;14369
3;14372
2;14373
157;14374
2;14376
35;14384
30;14387
8;14425
58;14426
100;14427
34;14428
20;14446
202;14447
7;14448
14;14451
6;14457
6;14460
10;14469
22;14475
7;14478
36;14479
26;14483
25;14484
8;14511
24;14521
31;14522
219;14523
178;14524
13;14536
8;14541
167;14543
24;14544
7;14546
568;14558
28;14570
3;14571
15;14572
26;14573
30;14575
37;14578
63;14579
16;14612
3;14617
41;14618
55;14619
61;14620
36;14621
13;14622
9;14624
22;14625
9;14627
20;14631
29;14636
33;14639
30;14640
173;14649
174;14650
31;14651
16;14652
43;14653
37;14655
9;14664
4;14674
23;14675
9;14679
68;14714
49;14715
43;14716
2;14717
22;14718
355;14719
161;14720
35;14722
20;14728
30;14742
19;14743
155;14745
7;14747
69;14748
67;14749
28;14750
33;14752
5;14758
33;14766
6;14776
198;14809
40;14810
60;14811
44;14812
12;14827
24;14831
186;14832
15;14834
2;14847
156;14851
5;14854
20;14856
8;14864
14;14868
5;14905
182;14906
43;14907
99;14908
39;14911
574;14926
9;14927
33;14948
21;14963
109;15001
34;15002
150;15003
268;15004
30;15013
22;15021
17;15023
167;15024
8;15029
25;15047
7;15050
1;15051
11;15053
554;15060
17;15068
25;15081
204;15098
40;15099
21;15107
26;15116
22;15119
13;15128
4;15129
166;15141
17;15144
17;15145
30;15148
2;15151
29;15153
103;15193
11;15194
37;15195
48;15196
54;15213
11;15214
19;15216
4;15224
150;15225
38;15237
2;15245
8;15247
18;15263
5;15270
31;15289
3;15290
30;15292
14;15295
21;15296
12;15310
24;15321
18;15322
32;15323
19;15325
67;15327
54;15328
19;15335
2;15341
2;15343
31;15346
15;15347
14;15385
7;15386
183;15387
36;15388
2;15389
14;15390
9;15391
16;15392
9;15393
22;15397
11;15399
154;15416
9;15417
21;15418
15;15422
7;15423
150;15424
28;15438
10;15439
28;15442
4;15443
30;15446
48;15481
240;15482
1;15483
221;15484
6;15489
38;15506
171;15514
5;15525
11;15526
163;15531
8;15536
22;15540
51;15577
212;15578
67;15579
37;15580
66;15598
3;15599
41;15600
1;15601
5;15603
29;15607
17;15617
8;15621
30;15628
168;15673
37;15674
186;15675
56;15676
22;15694
31;15696
13;15699
12;15718
5;15720
10;15722
20;15727
30;15732
5;15765
96;15769
74;15770
37;15771
22;15772
33;15776
20;15792
26;15795
12;15807
22;15817
37;15818
5;15820
8;15823
18;15841
176;15865
114;15866
2;15867
47;15868
18;15872
22;15873
28;15876
36;15877
7;15879
14;15886
185;15887
10;15888
6;15891
11;15900
12;15901
40;15916
30;15922
47;15924
15;15938
47;15961
38;15962
51;15963
28;15964
10;15965
13;15966
11;15994
20;15996
25;15997
40;15999
29;16000
34;16010
38;16013
22;16018
1;16019
1;16020
25;16023
11;16033
11;16057
237;16058
154;16059
3;16060
1;16061
4;16062
55;16063
3;16083
4;16088
37;16092
15;16094
16;16095
17;16103
8;16108
7;16112
27;16113
1;16114
10;16116
26;16121
193;16154
55;16155
105;16156
14;16175
22;16176
24;16177
13;16182
20;16189
1;16191
21;16201
10;16205
1;16206
25;16207
20;16208
24;16210
39;16211
122;16249
174;16250
85;16251
46;16252
16;16257
558;16271
9;16283
8;16288
13;16296
3;16305
31;16307
15;16339
170;16345
45;16346
43;16347
37;16348
5;16353
7;16363
172;16365
221;16367
13;16368
14;16375
34;16388
28;16389
4;16390
160;16391
34;16395
13;16397
21;16398
4;16400
13;16404
152;16441
39;16442
217;16443
722;16444
6;16452
30;16458
35;16461
33;16462
41;16463
45;16489
14;16491
35;16499
10;16533
202;16537
82;16538
29;16539
373;16540
185;16558
24;16559
15;16560
36;16562
156;16567
14;16573
10;16578
24;16581
32;16588
21;16590
3;16594
16;16596
24;16628
8;16629
53;16634
101;16635
29;16636
27;16637
15;16639
20;16640
3;16651
5;16662
46;16665
24;16668
159;16672
3;16677
6;16683
558;16685
13;16690
22;16691
23;16692
24;16693
1;16695
12;16699
26;16700
16;16730
42;16731
31;16732
6;16733
55;16734
8;16736
173;16737
14;16738
10;16752
29;16757
26;16761
14;16765
46;16767
19;16768
1;16771
166;16777
33;16807
66;16825
74;16826
42;16828
22;16830
20;16835
21;16836
7;16848
21;16851
17;16868
12;16876
10;16880
16;16882
4;16884
641;16921
253;16922
52;16923
45;16924
4;16941
153;16943
14;16962
23;16967
2;16970
20;16972
31;16973
9;16974
173;17017
56;17018
82;17019
207;17020
2;17023
23;17029
5;17032
15;17035
166;17039
1;17040
9;17043
4;17049
17;17050
13;17070
11;17103
30;17113
33;17114
51;17115
28;17116
38;17133
551;17135
9;17140
21;17145
40;17164
160;17167
11;17169
2;17170
1;17176
12;17193
10;17209
35;17210
25;17211
3;17212
4;17214
13;17221
89;17229
20;17230
16;17242
1;17256
21;17259
9;17265
25;17267
6;17286
14;17288
9;17305
60;17306
28;17307
33;17308
49;17309
14;17310
14;17311
31;17312
10;17337
3;17338
54;17339
26;17340
174;17341
36;17342
39;17344
1;17348
157;17349
12;17357
9;17359
12;17360
29;17365
19;17366
6;17367
2;17368
12;17395
206;17402
28;17403
21;17405
29;17406
16;17407
28;17408
1;17433
33;17434
28;17435
4;17436
22;17438
13;17439
6;17449
14;17457
19;17458
13;17497
64;17498
27;17499
204;17500
4;17517
19;17518
25;17519
21;17520
4;17524
19;17541
328;17543
24;17551
1;17553
6;17564
37;17594
231;17595
251;17596
4;17626
32;17643
166;17644
19;17646
4;17649
6;17664
74;17689
29;17690
98;17691
353;17692
14;17700
19;17702
34;17704
30;17709
4;17710
7;17733
26;17735
64;17745
16;17747
5;17748
238;17785
48;17786
44;17787
48;17788
6;17801
13;17805
33;17806
16;17807
27;17808
40;17822
1;17831
19;17836
3;17841
24;17881
16;17882
8;17883
22;17884
27;17901
12;17902
25;17904
16;17919
1;17926
8;17927
12;17928
17;17934
15;17937
8;17940
11;17952
15;17964
63;17977
2;17978
31;17980
12;17981
94;17982
35;17983
157;18010
26;18012
24;18013
2;18014
18;18015
14;18016
13;18029
162;18031
11;18037
27;18038
24;18041
29;18047
12;18073
41;18074
6;18075
173;18076
31;18077
22;18079
5;18080
9;18093
24;18105
40;18106
27;18107
16;18108
47;18112
6;18118
8;18127
19;18130
17;18133
17;18135
35;18136
27;18169
76;18170
15;18171
209;18172
3;18180
29;18181
22;18189
20;18190
2;18192
33;18214
21;18216
21;18220
153;18221
7;18250
81;18265
21;18266
214;18267
4;18270
4;18271
159;18277
67;18285
17;18286
20;18308
13;18312
9;18322
236;18362
157;18363
226;18364
10;18381
4;18384
4;18407
36;18409
115;18457
58;18458
6;18459
47;18460
2;18465
17;18472
30;18477
65;18478
22;18479
30;18482
10;18501
5;18504
8;18505
31;18507
8;18552
241;18553
18;18554
57;18555
181;18556
18;18557
11;18562
6;18573
14;18574
18;18602
7;18606
2;18607
24;18612
43;18649
38;18651
6;18652
41;18653
24;18654
51;18655
35;18656
3;18659
18;18662
35;18683
160;18687
353;18688
25;18702
23;18704
1;18708
16;18709
11;18728
42;18745
90;18747
28;18748
70;18749
24;18750
34;18751
6;18756
12;18778
37;18780
12;18782
17;18783
22;18796
15;18802
1;18805
10;18806
60;18841
255;18842
247;18843
88;18844
18;18857
9;18861
179;18864
170;18870
32;18880
149;18889
15;18891
25;18899
27;18937
24;18938
99;18939
29;18940
49;18958
3;18959
10;18972
8;18977
4;18983
8;18984
34;18986
174;18987
154;18988
11;19033
15;19034
55;19035
186;19036
6;19046
9;19053
153;19054
30;19055
5;19056
12;19080
4;19084
36;19087
17;19090
20;19092
50;19129
85;19130
265;19131
14;19132
12;19139
30;19157
11;19162
11;19171
152;19177
19;19178
7;19183
5;19184
49;19185
15;19200
581;19225
188;19226
23;19227
14;19230
12;19239
15;19244
16;19245
4;19246
23;19248
20;19263
16;19269
21;19270
172;19272
9;19273
8;19276
30;19279
160;19302
50;19321
33;19323
57;19324
26;19326
20;19327
52;19328
41;19353
26;19355
44;19358
8;19370
30;19375
10;19378
34;19383
5;19406
71;19417
10;19418
28;19419
6;19421
22;19422
52;19423
37;19424
2;19438
175;19446
15;19449
16;19450
24;19451
11;19453
12;19454
5;19455
161;19456
8;19464
21;19479
80;19513
8;19514
46;19515
36;19516
2;19530
23;19532
9;19533
21;19537
26;19539
9;19553
9;19557
21;19563
18;19566
52;19567
5;19571
6;19580
25;19582
19;19609
274;19610
51;19611
35;19612
29;19625
5;19630
35;19631
228;19632
35;19636
159;19653
16;19654
5;19661
22;19663
13;19665
3;19687
41;19705
55;19706
24;19707
31;19708
8;19713
7;19728
13;19729
9;19747
2;19749
9;19750
3;19751
31;19754
4;19763
16;19801
6;19802
169;19803
57;19804
11;19806
9;19808
2;19821
20;19822
24;19824
18;19837
10;19843
2;19845
6;19849
21;19897
67;19898
32;19899
31;19900
14;19912
20;19926
324;19935
7;19944
13;19949
31;19956
9;19971
50;19993
13;19994
115;19995
30;19996
18;19997
14;19998
39;19999
9;20003
28;20007
170;20018
11;20025
22;20026
15;20028
18;20030
34;20032
39;20035
31;20045
27;20049
6;20051
1;20082
163;20084
232;20089
37;20090
18;20092
7;20093
5;20094
186;20096
9;20105
10;20120
4;20121
175;20125
34;20126
38;20127
11;20147
5;20148
28;20151
78;20185
15;20186
33;20187
407;20188
10;20197
166;20202
5;20205
31;20207
18;20208
37;20215
32;20236
56;20237
15;20239
17;20266
164;20281
30;20282
83;20283
8;20284
11;20301
162;20304
26;20312
34;20331
11;20336
28;20339
7;20373
82;20377
203;20378
95;20379
22;20380
10;20383
6;20394
8;20397
29;20398
7;20399
33;20403
3;20408
3;20410
17;20414
6;20419
9;20428
12;20429
9;20431
17;20436
191;20473
42;20474
15;20475
223;20476
33;20494
9;20500
16;20501
154;20513
6;20515
14;20519
162;20521
31;20522
29;20523
9;20524
5;20527
146;20529
6;20530
30;20569
32;20570
62;20571
110;20572
26;20573
1;20578
6;20589
13;20590
2;20591
1;20592
5;20595
21;20605
31;20606
54;20623
43;20626
23;20651
25;20665
48;20666
7;20667
20;20668
9;20670
33;20671
37;20682
16;20698
9;20699
181;20700
3;20702
75;20704
6;20706
8;20713
3;20721
16;20722
7;20723
165;20726
31;20727
29;20761
24;20763
36;20764
35;20765
64;20766
4;20767
25;20768
16;20793
8;20794
4;20795
10;20797
30;20798
7;20799
3;20800
55;20857
30;20858
193;20859
24;20860
22;20872
9;20877
8;20880
30;20886
25;20898
18;20902
19;20904
11;20907
9;20910
18;20911
38;20915
187;20954
15;20955
40;20956
12;20959
166;20968
10;20973
8;20974
28;20975
14;20997
29;21001
9;21004
27;21049
35;21050
266;21051
14;21058
38;21069
69;21071
2;21096
35;21100
16;21101
44;21102
5;21107
3;21108
20;21132
35;21145
39;21146
324;21147
85;21148
7;21152
23;21155
15;21157
10;21165
89;21167
39;21168
36;21194
12;21197
2;21204
31;21237
85;21241
10;21242
129;21243
212;21244
21;21251
6;21252
48;21261
13;21262
154;21263
6;21270
20;21271
12;21290
29;21295
22;21298
3;21299
4;21308
16;21337
32;21340
8;21341
19;21342
29;21343
33;21344
19;21363
29;21370
56;21372
153;21375
26;21376
8;21393
10;21394
6;21397
5;21399
6;21400
4;21417
57;21433
5;21434
24;21435
179;21436
8;21437
29;21438
10;21439
198;21440
12;21463
31;21465
204;21466
3;21467
19;21469
6;21471
45;21473
22;21485
22;21486
14;21491
20;21492
7;21529
192;21531
49;21532
13;21549
54;21550
18;21551
11;21562
16;21573
23;21582
3;21584
6;21602
186;21625
36;21626
24;21627
101;21628
24;21632
35;21645
8;21647
16;21648
26;21661
46;21667
2;21675
9;21681
9;21684
348;21721
52;21722
80;21723
56;21724
28;21726
27;21738
5;21741
169;21742
26;21758
33;21764
157;21766
36;21767
28;21772
34;21773
18;21779
20;21780
21;21783
42;21817
7;21818
163;21819
185;21820
23;21830
28;21838
9;21839
8;21869
37;21870
23;21872
21;21873
9;21876
45;21913
188;21914
197;21915
189;21916
14;21931
20;21933
9;21935
46;21936
3;21944
166;21959
19;21965
5;21966
162;21969
20;21972
219;22009
9;22010
36;22011
74;22012
1;22013
9;22014
189;22015
29;22016
172;22034
5;22041
31;22042
313;22044
173;22045
11;22046
6;22050
10;22054
5;22065
11;22069
5;22105
1;22106
2;22107
10;22108
327;22109
72;22110
8;22111
47;22112
15;22120
7;22124
10;22139
51;22142
13;22143
6;22151
10;22157
15;22159
1;22166
1;22168
24;22174
95;22201
48;22202
52;22203
86;22204
24;22206
3;22218
15;22221
19;22223
42;22224
6;22235
19;22248
6;22251
2;22255
26;22257
162;22284
45;22297
46;22298
52;22299
187;22300
7;22309
25;22310
7;22317
1;22318
36;22320
8;22338
3;22343
4;22345
13;22347
14;22353
6;22355
32;22376
169;22393
398;22394
19;22395
19;22396
24;22397
10;22410
20;22415
3;22416
26;22425
12;22435
26;22436
16;22438
6;22443
159;22444
9;22447
22;22448
30;22473
201;22489
93;22490
15;22491
31;22492
20;22509
4;22510
17;22511
19;22512
15;22515
6;22527
18;22533
21;22536
13;22540
14;22545
3;22546
5;22579
32;22586
4;22587
5;22588
26;22606
42;22607
28;22608
1;22624
11;22630
42;22631
5;22636
145;22641
7;22643
17;22664
33;22681
20;22682
84;22683
36;22684
26;22685
76;22686
10;22687
220;22688
64;22714
3;22715
37;22717
2;22718
28;22719
8;22720
17;22739
5;22741
4;22744
4;22749
9;22768
33;22777
13;22778
165;22779
1;22782
553;22783
21;22784
14;22799
27;22806
15;22808
7;22810
45;22812
39;22813
26;22815
11;22816
23;22819
176;22823
37;22829
29;22830
38;22831
36;22843
27;22873
3;22874
17;22875
41;22876
28;22886
42;22894
22;22895
30;22896
10;22917
20;22918
70;22920
39;22921
4;22924
26;22927
620;22969
73;22970
47;22971
4;22972
7;22980
18;22987
38;22991
9;22995
33;22996
6;22997
45;23017
24;23028
14;23043
109;23065
41;23066
30;23067
203;23068
13;23069
25;23082
27;23086
22;23087
18;23088
18;23092
25;23109
37;23110
19;23112
12;23113
29;23116
7;23118
28;23161
37;23162
47;23163
163;23164
168;23165
1;23167
178;23181
8;23183
26;23184
4;23190
23;23197
10;23200
11;23212
21;23213
13;23257
38;23258
72;23259
203;23260
25;23278
7;23279
22;23280
6;23296
11;23297
32;23304
12;23306
25;23308
22;23311
11;23353
10;23354
191;23355
6;23357
193;23358
2;23359
24;23360
10;23362
11;23363
23;23366
6;23385
16;23387
17;23388
7;23390
29;23405
19;23407
20;23409
11;23410
26;23413
17;23414
1;23415
30;23440
12;23449
88;23450
20;23451
9;23452
27;23453
13;23454
32;23455
31;23456
17;23481
29;23483
10;23484
27;23485
28;23488
152;23493
3;23501
158;23502
18;23505
4;23506
6;23509
554;23513
6;23545
108;23546
15;23547
86;23548
31;23554
17;23565
6;23566
2;23568
24;23589
6;23591
22;23593
11;23600
155;23601
1;23602
32;23604
23;23631
206;23641
20;23642
94;23643
176;23644
167;23647
4;23660
174;23662
31;23672
158;23682
144;23689
36;23697
64;23737
45;23738
175;23739
49;23740
30;23746
13;23747
35;23748
2;23757
48;23758
60;23759
8;23760
3;23765
3;23781
25;23784
6;23785
26;23786
18;23787
27;23789
4;23792
2;23796
14;23811
10;23826
32;23832
19;23833
122;23834
132;23835
15;23836
26;23837
56;23854
8;23855
215;23856
3;23871
6;23878
68;23879
22;23892
51;23929
81;23930
55;23931
61;23932
5;23935
4;23944
193;23949
1;23951
23;23952
26;23957
2;23970
21;23971
153;23973
5;23981
10;23982
16;23984
32;23986
27;23988
12;24021
40;24027
88;24029
5;24030
473;24031
12;24032
14;24042
5;24043
29;24045
12;24052
28;24058
19;24061
25;24062
65;24064
16;24067
7;24070
16;24080
10;24085
6;24086
565;24110
164;24121
45;24122
88;24123
90;24124
189;24125
37;24126
147;24127
6;24128
14;24132
29;24135
10;24137
166;24138
200;24154
23;24155
30;24158
7;24160
26;24165
33;24178
7;24179
8;24184
51;24217
38;24218
150;24219
14;24220
15;24232
25;24237
41;24238
3;24257
25;24261
19;24269
6;24271
25;24272
21;24294
26;24297
3;24313
53;24314
158;24315
67;24316
21;24328
5;24333
7;24336
165;24360
8;24363
173;24369
84;24409
19;24410
31;24411
8;24425
19;24429
5;24431
37;24432
14;24433
8;24435
37;24446
2;24448
30;24453
25;24455
26;24456
161;24458
4;24459
11;24462
8;24487
6;24494
76;24505
60;24506
84;24508
8;24509
32;24525
25;24526
6;24528
13;24530
11;24531
36;24549
24;24550
10;24551
3;24554
30;24557
4;24563
10;24589
2;24601
240;24602
203;24603
16;24604
5;24609
17;24612
11;24613
40;24622
26;24635
1;24649
556;24652
2;24655
17;24658
157;24660
26;24685
29;24697
49;24698
32;24699
158;24700
25;24702
24;24703
30;24704
20;24707
5;24712
1;24725
12;24729
31;24730
11;24731
21;24732
1;24733
165;24734
160;24735
6;24736
5;24746
39;24749
162;24750
27;24757
31;24759
4;24760
3;24770
28;24778
43;24793
12;24794
19;24795
31;24796
7;24797
199;24798
32;24799
14;24800
24;24802
16;24820
13;24827
25;24829
7;24831
37;24832
30;24834
9;24851
17;24853
6;24887
180;24889
37;24890
28;24891
57;24892
8;24893
31;24897
5;24900
25;24903
19;24910
20;24912
7;24938
3;24944
1;24948
51;24985
4;24986
72;24987
95;24988
38;24992
20;25005
10;25006
200;25007
9;25008
15;25009
19;25011
10;25022
17;25033
54;25034
14;25036
22;25043
178;25044
24;25081
14;25082
73;25083
185;25084
17;25090
22;25095
16;25101
26;25103
9;25104
3;25124
3;25128
3;25131
7;25136
20;25168
31;25177
28;25178
14;25179
24;25182
2;25191
19;25199
12;25200
173;25215
17;25222
12;25223
165;25225
19;25273
215;25274
40;25275
12;25276
32;25278
174;25283
21;25294
4;25308
8;25319
6;25324
30;25325
42;25326
13;25366
8;25370
51;25372
57;25373
166;25374
34;25375
181;25376
183;25402
185;25403
19;25405
18;25412
163;25422
27;25423
20;25425
18;25426
170;25429
37;25430
17;25445
68;25465
43;25466
19;25467
27;25468
32;25469
36;25470
14;25471
33;25472
33;25476
8;25487
6;25494
162;25497
46;25499
3;25501
21;25503
26;25504
10;25515
28;25519
22;25521
7;25542
25;25561
42;25562
33;25563
62;25581
18;25585
3;25595
8;25608
5;25609
38;25614
8;25618
4;25657
172;25658
35;25659
69;25660
7;25678
19;25679
24;25680
3;25681
17;25692
151;25705
35;25706
170;25715
19;25735
19;25753
19;25754
63;25755
45;25756
21;25760
11;25763
6;25766
49;25773
9;25774
4;25775
1;25792
155;25798
4;25801
28;25805
1;25806
149;25809
2;25812
20;25826
35;25846
288;25849
237;25850
27;25851
45;25852
166;25862
2;25865
3;25869
7;25870
33;25871
2;25872
1;25874
3;25887
27;25891
16;25894
35;25895
25;25896
5;25900
16;25902
31;25907
9;25908
73;25945
42;25946
23;25947
23;25965
155;25966
32;25967
12;25968
21;25982
2;25990
22;25995
72;25996
9;25998
73;26004
25;26041
21;26042
41;26043
59;26044
35;26045
15;26046
20;26047
117;26048
30;26057
7;26067
14;26068
10;26070
18;26072
27;26073
17;26074
26;26075
8;26076
24;26078
6;26080
6;26094
30;26096
29;26100
3;26103
20;26109
58;26137
33;26138
86;26139
23;26140
47;26141
5;26142
4;26143
61;26144
14;26164
23;26168
79;26171
167;26172
5;26174
18;26176
7;26178
14;26180
2;26182
6;26190
31;26194
19;26198
73;26233
39;26234
39;26235
82;26236
7;26247
44;26253
164;26254
20;26263
21;26278
30;26279
25;26281
9;26292
33;26327
86;26329
191;26330
29;26331
47;26332
162;26345
9;26350
18;26352
8;26374
12;26376
6;26378
6;26382
32;26385
8;26386
19;26388
359;26425
53;26426
93;26427
332;26428
12;26435
10;26449
13;26452
10;26472
20;26473
28;26475
29;26476
50;26477
11;26478
8;26483
18;26484
70;26521
43;26522
77;26523
43;26524
19;26528
6;26542
173;26544
32;26568
7;26569
5;26571
7;26573
11;26574
29;26575
29;26576
180;26617
47;26618
171;26619
20;26620
20;26621
14;26626
163;26637
7;26638
22;26639
21;26640
3;26663
16;26664
39;26666
10;26672
15;26674
21;26678
18;26711
21;26713
48;26714
12;26715
68;26716
58;26717
15;26718
181;26719
10;26720
5;26721
33;26751
31;26752
11;26762
24;26763
12;26765
21;26773
30;26775
10;26776
16;26792
21;26793
169;26809
31;26810
49;26811
1;26812
33;26813
11;26815
28;26839
7;26840
4;26843
19;26844
198;26846
10;26847
53;26848
34;26851
23;26894
57;26905
10;26906
16;26907
82;26908
25;26925
41;26926
154;26927
13;26928
15;26948
2;26959
3;26973
19;27001
201;27002
203;27003
216;27004
4;27009
19;27022
27;27023
160;27025
16;27050
32;27054
24;27055
22;27059
31;27086
168;27097
45;27098
201;27099
7;27100
12;27101
2;27106
2;27107
64;27118
15;27125
1;27130
5;27144
151;27146
29;27153
19;27156
48;27193
78;27194
40;27195
411;27196
2;27213
20;27214
13;27238
12;27240
156;27241
29;27242
11;27244
14;27252
32;27263
11;27283
23;27289
26;27290
38;27291
93;27292
27;27311
19;27325
5;27333
10;27336
2;27339
1;27341
40;27342
14;27344
19;27346
1;27348
22;27360
4;27374
13;27382
72;27385
16;27387
15;27388
155;27390
31;27417
21;27418
26;27420
60;27421
24;27422
19;27423
10;27424
17;27425
10;27431
31;27445
10;27446
10;27461
55;27481
49;27482
29;27483
11;27484
187;27485
7;27486
27;27487
791;27488
13;27491
162;27513
22;27514
14;27515
32;27516
7;27517
36;27520
8;27524
38;27537
16;27539
17;27540
40;27544
78;27577
14;27578
80;27579
33;27580
28;27597
5;27598
5;27605
17;27609
13;27618
28;27625
30;27630
14;27631
10;27648
1;27663
112;27673
72;27674
32;27675
217;27676
21;27689
3;27691
27;27693
3;27695
28;27696
4;27698
8;27710
1;27718
20;27719
13;27721
1;27763
7;27769
9;27770
9;27771
51;27772
11;27776
29;27789
47;27791
19;27813
34;27815
36;27816
8;27817
15;27821
7;27824
231;27865
77;27866
39;27867
52;27868
4;27885
44;27886
33;27888
168;27907
27;27913
13;27915
50;27916
27;27920
21;27922
60;27961
6;27962
88;27963
578;27964
9;27966
20;27982
157;27984
4;28005
46;28009
28;28010
6;28011
4;28016
7;28018
2;28049
63;28057
16;28058
9;28059
52;28060
168;28062
5;28063
78;28064
10;28080
10;28089
5;28090
54;28092
14;28093
6;28094
32;28095
24;28096
8;28110
30;28112
15;28115
26;28118
12;28120
40;28121
151;28141
11;28148
45;28153
175;28154
24;28155
6;28156
164;28157
50;28158
45;28159
23;28160
1;28174
53;28185
58;28186
24;28187
170;28188
39;28190
29;28191
6;28194
3;28206
18;28210
1;28212
29;28213
161;28214
35;28219
22;28226
9;28249
15;28250
16;28251
222;28252
14;28256
8;28257
27;28263
35;28271
82;28272
5;28273
17;28281
2;28293
3;28294
569;28296
26;28297
1;28299
6;28301
18;28307
23;28345
49;28346
48;28347
33;28348
17;28355
18;28358
3;28362
146;28365
10;28366
2;28368
27;28376
40;28377
16;28379
8;28383
20;28384
20;28392
12;28430
288;28441
263;28442
69;28443
104;28444
14;28454
10;28462
162;28464
1;28471
33;28485
8;28490
91;28492
15;28497
18;28498
15;28499
9;28500
16;28506
29;28537
29;28538
50;28539
66;28540
29;28541
19;28549
35;28557
21;28558
32;28559
33;28560
161;28564
6;28588
10;28590
7;28594
25;28618
71;28633
57;28634
4;28635
30;28655
19;28665
12;28667
12;28677
18;28680
27;28681
7;28682
33;28688
17;28691
18;28729
209;28730
22;28731
28;28732
24;28734
14;28735
20;28736
5;28742
18;28749
18;28751
34;28756
37;28757
39;28761
188;28762
31;28763
4;28765
24;28766
21;28767
22;28768
20;28781
27;28786
22;28787
23;28790
70;28825
5;28826
67;28828
75;28829
4;28831
10;28832
25;28840
17;28844
2;28856
45;28858
34;28860
17;28861
19;28862
345;28863
6;28864
4;28866
4;28872
8;28880
1;28887
12;28888
66;28921
225;28924
17;28930
182;28935
29;28943
28;28957
1;28958
9;28966
33;28968
13;28969
19;28971
28;28979
179;29017
32;29018
41;29019
218;29020
27;29037
13;29038
180;29039
1;29050
153;29057
3;29065
49;29071
3;29072
27;29076
230;29113
62;29114
11;29115
199;29116
4;29131
34;29132
11;29133
4;29159
49;29160
6;29161
9;29164
36;29165
31;29171
20;29172
33;29187
6;29201
21;29214
10;29215
23;29216
11;29218
22;29228
3;29232
72;29233
17;29234
10;29236
22;29261
33;29265
25;29266
2;29270
30;29272
31;29309
229;29310
60;29311
69;29312
13;29325
1;29326
34;29329
57;29330
29;29331
14;29338
21;29344
10;29353
1;29354
29;29355
27;29363
31;29365
77;29407
20;29409
24;29410
187;29411
8;29412
2;29426
60;29437
15;29439
24;29440
35;29441
12;29442
25;29443
50;29447
150;29454
4;29457
15;29459
1;29460
24;29464
149;29501
89;29502
206;29503
39;29504
2;29505
25;29506
161;29507
166;29508
24;29517
11;29524
21;29536
20;29538
160;29539
94;29540
9;29562
15;29597
189;29598
41;29599
22;29600
14;29602
158;29610
15;29617
31;29619
20;29622
2;29629
163;29641
33;29645
36;29646
24;29647
25;29651
29;29652
14;29678
23;29679
47;29693
35;29694
93;29695
89;29696
30;29706
8;29709
10;29713
27;29714
13;29715
12;29716
28;29720
573;29721
3;29723
4;29725
14;29733
13;29737
5;29738
43;29739
15;29742
8;29749
26;29751
10;29752
195;29789
19;29790
79;29791
15;29792
12;29800
165;29810
2;29812
8;29819
36;29834
4;29835
160;29838
17;29839
28;29885
44;29886
17;29887
25;29888
11;29894
13;29906
158;29908
29;29909
28;29920
20;29923
19;29930
13;29933
4;29935
23;29978
141;29981
26;29982
12;29983
161;29984
11;29992
24;30001
15;30002
27;30003
25;30018
5;30034
45;30035
12;30038
11;30077
87;30078
3;30079
16;30080
164;30081
64;30082
32;30083
52;30084
33;30086
3;30088
15;30097
4;30103
34;30109
27;30110
40;30112
31;30113
18;30115
22;30116
17;30117
13;30135
8;30137
1;30141
22;30144
26;30153
58;30173
35;30175
57;30176
85;30177
15;30178
20;30179
26;30180
5;30196
10;30205
24;30206
3;30209
22;30210
30;30211
5;30215
22;30222
5;30223
28;30228
53;30232
17;30235
164;30236
67;30269
62;30270
38;30271
65;30272
13;30289
15;30290
159;30291
25;30292
6;30294
35;30313
32;30314
18;30319
9;30320
32;30322
8;30323
10;30325
6;30354
241;30365
29;30366
16;30367
31;30368
25;30370
16;30371
14;30378
8;30382
11;30385
38;30386
50;30387
6;30409
31;30411
36;30416
6;30419
18;30422
77;30461
17;30462
3;30463
63;30464
30;30479
49;30481
1;30483
35;30484
20;30486
2;30490
30;30494
1;30496
7;30497
10;30512
18;30515
25;30519
13;30543
45;30557
57;30558
100;30559
615;30560
36;30569
28;30578
1;30609
23;30611
29;30612
25;30616
6;30646
28;30653
193;30654
45;30655
220;30656
38;30673
5;30697
10;30700
41;30701
16;30702
8;30728
14;30732
16;30749
26;30752
12;30753
109;30754
191;30755
42;30756
5;30763
29;30770
1;30781
61;30782
39;30783
561;30784
3;30787
9;30799
5;30805
2;30807
20;30809
38;30811
7;30834
28;30845
153;30847
17;30848
21;30849
4;30850
26;30852
54;30877
17;30879
157;30882
4;30884
21;30891
33;30898
31;30899
2;30900
11;30901
649;30903
17;30906
17;30907
38;30941
242;30942
35;30943
3;30944
42;30961
19;30962
8;30977
13;30979
7;30980
161;30981
11;30992
18;30993
17;30995
12;30998
28;30999
19;31000
30;31037
177;31038
62;31039
207;31040
13;31057
23;31058
27;31076
13;31085
18;31086
25;31088
195;31092
22;31133
81;31134
80;31135
39;31136
18;31151
27;31153
194;31154
5;31155
40;31156
13;31160
32;31163
4;31169
18;31173
55;31178
12;31182
11;31184
3;31186
14;31187
10;31189
21;31191
6;31192
5;31211
20;31229
44;31230
67;31231
264;31232
6;31239
17;31246
36;31249
6;31250
3;31252
60;31285
29;31287
3;31288
37;31325
77;31326
10;31327
21;31328
4;31329
39;31336
37;31347
21;31371
12;31373
2;31377
192;31382
34;31420
211;31421
15;31422
32;31423
45;31425
34;31426
22;31427
33;31428
28;31432
173;31446
3;31454
23;31456
2;31457
23;31458
11;31460
37;31469
2;31474
12;31478
30;31503
16;31506
16;31513
162;31517
3;31518
11;31520
32;31521
36;31522
71;31523
26;31524
34;31538
19;31550
3;31552
18;31553
49;31554
576;31555
1;31570
29;31577
34;31580
42;31614
130;31615
631;31616
26;31627
168;31632
24;31634
11;31635
14;31636
11;31643
4;31656
8;31661
21;31663
4;31666
19;31672
57;31709
5;31710
88;31711
245;31712
7;31731
37;31732
16;31735
25;31743
6;31751
10;31757
5;31758
10;31760
7;31762
8;31767
4;31768
34;31800
23;31805
245;31806
58;31807
42;31808
170;31826
87;31827
11;31828
11;31856
12;31857
17;31863
4;31864
50;31901
251;31902
354;31903
61;31904
3;31922
53;31923
33;31924
9;31931
1;31945
4;31949
12;31950
37;31954
32;31960
177;31997
52;31998
13;31999
140;32000
23;32006
18;32011
15;32012
25;32013
88;32018
18;32019
27;32020
2;32042
7;32044
24;32053
22;32084
169;32094
50;32095
15;32096
4;32097
6;32098
31;32099
10;32100
2;32104
34;32107
7;32108
3;32127
29;32128
5;32130
30;32132
1;32134
7;32140
1;32144
161;32145
31;32147
20;32152
12;32154
4;32156
10;32190
5;32191
326;32192
40;32193
6;32194
344;32195
15;32196
23;32198
27;32205
3;32214
6;32221
39;32222
5;32223
23;32226
45;32227
18;32228
14;32241
155;32243
18;32246
36;32247
1;32249
165;32250
7;32252
14;32254
70;32285
253;32286
61;32287
37;32288
18;32289
11;32300
6;32315
6;32337
72;32381
206;32382
91;32383
62;32384
25;32388
6;32394
28;32401
17;32403
18;32404
8;32407
25;32410
2;32417
24;32422
13;32426
42;32428
3;32432
30;32434
3;32435
26;32438
25;32477
919;32478
10;32479
56;32480
28;32483
1;32488
26;32497
9;32498
23;32500
1;32518
27;32529
11;32531
155;32533
24;32534
11;32536
24;32552
312;32573
257;32574
82;32575
98;32576
21;32580
26;32583
22;32588
6;32593
15;32594
4;32595
5;32605
15;32606
20;32615
1;32620
8;32625
33;32630
58;32669
73;32670
195;32671
25;32672
37;32675
9;32685
7;32691
13;32692
16;32718
33;32720
33;32723
159;32724
7;32728
22;32761
30;32765
7;32766
26;32768
36;32769
44;32770
194;32771
9;32785
22;32792
10;32799
30;32800
8;32801
23;32802
1;32804
2;32815
6;32816
8;32819
19;32824
3;32861
43;32862
7;32865
28;32866
4;32867
8;32868
23;32874
2;32890
26;32894
26;32896
7;32898
64;32900
15;32910
17;32917
34;32922
12;32923
23;32934
72;32957
18;32958
69;32959
64;32960
14;32971
9;32979
22;32980
1;33002
25;33004
15;33007
17;33011
5;33012
9;33015
26;33022
77;33053
55;33054
75;33055
33;33056
16;33058
174;33063
10;33069
65;33074
29;33075
14;33076
4;33078
6;33097
20;33098
23;33104
12;33106
37;33108
16;33111
176;33149
33;33150
51;33151
10;33152
23;33169
18;33170
9;33171
7;33177
17;33178
14;33184
19;33194
21;33195
11;33198
2;33201
152;33204
24;33206
9;33208
38;33212
66;33245
233;33246
51;33247
27;33265
19;33266
24;33268
23;33276
28;33289
6;33290
6;33291
191;33295
165;33297
160;33323
186;33341
37;33342
105;33343
26;33344
156;33348
1;33351
168;33362
16;33363
29;33364
24;33365
35;33389
2;33390
3;33393
164;33394
19;33397
22;33400
6;33415
13;33429
56;33437
40;33438
38;33439
29;33440
14;33441
55;33442
176;33443
44;33444
32;33457
39;33462
159;33470
6;33471
7;33473
18;33474
34;33476
9;33482
50;33485
2;33488
26;33489
2;33490
16;33492
4;33495
8;33497
17;33533
62;33534
23;33535
31;33536
210;33538
6;33539
28;33540
9;33548
164;33566
19;33567
187;33568
3;33569
35;33570
33;33571
34;33572
11;33580
23;33585
5;33590
152;33594
4;33596
114;33629
122;33630
218;33631
192;33632
5;33636
32;33643
23;33650
3;33651
50;33652
14;33669
7;33672
18;33681
8;33698
36;33725
8;33726
36;33727
54;33728
7;33738
2;33741
4;33745
169;33746
9;33747
8;33763
33;33766
4;33768
3;33769
1;33770
3;33771
2;33775
24;33783
5;33784
300;33821
654;33822
50;33823
209;33824
185;33841
47;33842
14;33843
24;33844
163;33853
6;33866
16;33874
27;33876
9;33878
25;33879
3;33912
44;33917
40;33918
73;33919
278;33920
25;33923
145;33928
15;33937
17;33939
11;33942
8;33955
6;33962
28;33969
165;33971
1;33974
33;33975
187;34013
179;34014
44;34015
46;34016
21;34034
35;34036
6;34044
27;34059
1;34064
11;34066
18;34080
27;34090
4;34100
8;34111
20;34112
11;34113
10;34114
35;34115
44;34116
34;34121
7;34126
20;34129
19;34135
8;34137
29;34142
4;34143
162;34145
36;34146
16;34147
13;34165
11;34166
19;34167
5;34169
36;34170
52;34205
17;34208
39;34209
14;34210
52;34211
5;34212
12;34226
2;34237
30;34243
22;34244
20;34253
30;34255
17;34259
6;34261
20;34263
41;34301
222;34302
352;34303
50;34304
6;34312
10;34322
214;34323
20;34324
5;34329
16;34346
29;34353
1;34356
1;34357
22;34358
10;34359
32;34360
30;34374
53;34397
179;34398
12;34399
68;34400
20;34401
162;34417
43;34418
167;34419
162;34422
9;34444
165;34452
5;34454
18;34455
9;34492
89;34493
154;34494
58;34495
34;34496
1;34508
13;34512
184;34513
49;34514
13;34515
30;34516
10;34523
6;34539
10;34541
13;34547
11;34551
245;34589
61;34590
33;34591
32;34592
23;34595
9;34596
42;34597
13;34600
9;34609
176;34610
620;34611
30;34612
40;34627
25;34636
8;34639
1;34641
21;34643
8;34645
36;34646
22;34647
187;34685
33;34686
12;34687
17;34688
9;34689
9;34691
5;34692
13;34699
24;34705
179;34706
5;34708
169;34715
29;34730
1;34731
14;34733
14;34735
27;34737
28;34738
22;34742
4;34743
20;34758
9;34774
10;34780
66;34781
59;34782
198;34783
16;34784
75;34785
731;34786
9;34787
17;34788
166;34792
22;34795
14;34802
14;34814
174;34819
34;34825
163;34834
1;34837
26;34838
31;34841
173;34844
11;34878
42;34879
35;34880
22;34881
72;34882
20;34885
8;34886
16;34895
5;34897
9;34900
17;34906
19;34910
9;34911
22;34912
8;34913
169;34915
23;34916
158;34927
561;34932
6;34938
42;34940
65;34973
29;34974
176;34975
67;34976
24;34982
25;34987
4;34991
11;34993
54;34994
162;34995
9;35017
27;35026
13;35027
16;35032
