sums of daily draw-off volumes
103.2
151.2
192.8
127.8
120.2
258.8
230.2
111.8
181.2
180.2
192.2
141.5
106.5
159.5
183.8
189.8
88.5
238.2
188.2
280.5
192.2
93.8
171.5
197
214
138.5
188.8
178.5
86.8
115.2
150
108.8
185.2
153.5
148.2
173.2
145.5
92
278.5
196.5
204
251.2
207.5
246
79.5
96.8
144.2
79.8
191
106.2
124.5
256.5
323.8
135.5
173.8
175.8
200
134.8
225
230.5
210.2
169.2
107.5
119.2
196
174.2
249.2
88.2
292
195
134.8
215.5
151.5
148.8
171
85
206
163.5
305.8
65.2
106.5
184
305.5
159.5
194.5
98.5
186.2
262
145
307
140.2
132.2
148.5
256.5
101.5
252.2
178.8
132.5
113.2
110.2
120.2
105
132
77
122.8
122.2
136.8
119.5
222.8
170.8
197.2
293.2
155.2
64.8
173
105
167.2
188.2
253.2
372
194.5
291.8
129.8
133.5
269.2
115.5
46.2
140.8
148.8
91.2
119.2
107.2
122.5
251
34.2
167
153
144
121.5
146
156.2
99
180.5
90
174
65.8
174.5
167
126.5
223
76.8
115.2
203.2
143
84.2
82.5
145.8
196
71
245.5
267.8
242.2
51
127.5
89.2
143.2
109.2
119
143.5
136.2
100
246.8
93.2
197.8
182.2
468.2
154.5
60.5
221.8
211.2
176.2
74.5
44.8
100.8
177.2
140.8
187.8
192
227
212
75.5
268.2
145.5
192
278.5
60.8
199.2
94
116.8
168.8
148
131
180.8
160.5
105.8
252.5
153.2
152.8
126.5
92.5
86.8
263.2
93.2
87.5
135
138.2
106
85
158.8
148.2
130.8
141.5
133.5
311.8
219.2
101.5
445.8
52.8
93
162.2
251.2
301.8
151.8
197.8
222.5
270.5
291
171.2
135
83.2
143.5
95.2
180.5
69
222.8
71.2
117
95.8
159
71.5
145.8
127.5
82.8
153.2
178
147
69.5
120.2
131.2
45.8
239.2
134.8
257.8
107
215.2
102.8
204
251.2
270.8
73.2
40
139.8
94.5
64.2
359.8
50
87
188.5
86.5
104.8
208.2
95.8
213.2
89.8
76.5
255.2
279.8
137.8
277.2
128.5
77.5
85.5
145
179.8
281.2
149
59.8
134.2
318.2
207.5
308
222.5
104.2
107.2
96.8
210
264.5
328.8
84.5
385.5
127.8
139.5
111.8
151.8
174.8
127
169.2
146
245.5
99.2
232.2
77.8
101
99
122
130.5
90.5
150
105.2
62
151
160.5
178.2
276.2
262.2
160.8
363.2
147.5
66.2
173.8
108.8
239.5
199.8
80.5
28.5
121
64
138.5
190.2
48.2
108
106
131.8
162
159
273.5
118.2
47.5
165.5
212
200.2
101.8
192.8
205.5
96.2
sums of draw-off volumes of each hour of the day
196
164.8
124.4
122
119.7
125
10562
12760.1
5521.3
1185.5
755.6
3649.5
3664.7
1027.9
1758.2
2267.8
2066.2
1399.8
1872.3
2523.3
3214.6
2265.3
898.1
264.9
sums of draw-off volumes of each hour of weekdays
73.7
78.1
92.2
60.7
38.7
82.1
9237
8919.1
2952
323.6
533.4
3342.2
3296.5
857.9
486.4
499.8
424.6
976.09999999
1656.4
1999.1
2338.6
1099.2
568.5
177.7
sums of draw-off volumes of each hour of weekend-days
122.3
86.7
32.2
61.3
81
42.9
1325
3841
2569.3
861.9
222.2
307.3
368.2
170
1271.8
1768
1641.6
423.7
215.9
524.2
876
1166.1
329.6
87.2
holidays of household(s), numbers correspond to day of year
