1;19
34;30
49;31
9;32
7;45
46;49
8;51
13;52
8;63
16;67
28;75
12;81
156;83
26;88
10;109
45;125
59;126
162;127
23;128
23;130
23;145
57;148
26;153
156;177
4;178
17;180
5;212
34;221
65;222
235;223
75;224
9;239
5;242
19;243
16;244
29;252
3;258
8;261
30;265
21;267
11;269
33;274
10;279
163;282
47;317
34;318
195;319
11;329
25;333
5;337
5;338
40;339
69;340
35;341
1;363
15;369
7;370
7;373
15;381
52;413
28;414
100;415
14;416
33;432
2;433
23;434
26;436
19;454
21;466
163;469
11;509
183;510
60;511
1;512
178;513
13;514
2;515
33;516
193;530
8;541
35;542
223;543
10;545
9;547
18;565
20;568
38;572
9;595
171;605
1;606
43;607
158;609
192;610
17;614
31;625
18;638
11;639
151;641
24;643
4;644
33;660
33;662
8;664
12;667
5;668
60;701
60;703
55;704
11;719
8;721
1;722
170;723
19;735
20;750
13;751
30;760
3;784
33;797
162;798
45;799
20;800
7;806
22;817
16;818
9;821
22;826
9;828
21;847
177;848
179;850
8;882
8;893
30;894
62;895
201;896
15;906
12;907
29;913
29;914
29;915
32;916
8;917
21;925
14;929
166;931
1;937
4;943
3;946
33;949
16;952
3;980
29;989
51;990
18;991
89;992
8;1001
34;1009
24;1010
71;1011
29;1030
37;1031
168;1036
12;1042
185;1045
11;1046
88;1085
15;1086
237;1087
16;1088
26;1106
50;1107
37;1108
23;1124
24;1125
10;1126
15;1138
22;1140
3;1143
16;1182
5;1184
180;1186
3;1187
48;1188
18;1194
40;1214
36;1216
8;1217
3;1218
7;1219
19;1222
13;1225
27;1234
3;1239
1;1253
28;1274
77;1278
7;1279
8;1282
30;1283
15;1284
4;1298
185;1310
25;1311
177;1313
12;1314
4;1315
9;1321
9;1322
2;1326
27;1333
18;1334
15;1360
191;1373
170;1374
169;1375
9;1376
10;1381
44;1393
14;1394
15;1395
22;1418
23;1421
5;1425
16;1427
32;1431
6;1463
54;1469
91;1470
284;1471
161;1472
3;1482
11;1485
24;1488
10;1489
28;1491
35;1492
19;1493
18;1523
15;1528
98;1565
9;1566
18;1567
24;1568
52;1585
29;1586
21;1587
6;1588
16;1602
16;1611
21;1613
1;1616
17;1618
26;1622
5;1661
37;1662
48;1663
83;1664
18;1670
6;1681
15;1682
22;1683
14;1684
154;1700
161;1704
24;1705
31;1710
4;1711
5;1713
5;1715
161;1716
160;1718
7;1733
75;1757
32;1758
28;1759
256;1760
4;1777
33;1778
157;1781
12;1789
8;1803
5;1804
27;1806
22;1808
63;1811
24;1814
1;1834
9;1853
29;1854
169;1855
23;1856
38;1857
17;1858
20;1859
594;1860
4;1864
32;1877
9;1878
7;1885
12;1886
3;1888
3;1889
32;1890
38;1892
9;1900
22;1907
25;1910
25;1914
1;1916
16;1927
21;1949
13;1951
24;1952
16;1953
174;1954
24;1955
18;1956
19;1962
8;1967
2;1981
28;1985
174;1986
25;1987
15;1988
4;1989
7;1997
163;2007
18;2010
33;2045
50;2046
67;2047
115;2048
18;2066
3;2067
18;2068
6;2079
25;2090
12;2091
28;2100
21;2141
258;2142
248;2143
44;2144
5;2161
31;2168
4;2180
20;2181
17;2190
38;2200
57;2237
334;2238
18;2239
29;2240
30;2245
9;2258
6;2259
17;2283
23;2284
27;2287
42;2290
9;2293
25;2295
162;2301
57;2333
211;2334
180;2335
5;2336
27;2340
5;2343
23;2346
3;2348
2;2353
27;2354
24;2356
4;2368
33;2375
30;2378
190;2380
5;2382
30;2396
7;2401
48;2429
39;2430
48;2431
56;2432
170;2437
2;2451
8;2471
176;2477
55;2525
30;2526
166;2527
46;2528
17;2529
25;2530
72;2532
6;2540
71;2557
12;2559
6;2560
6;2561
20;2562
11;2563
177;2583
10;2585
25;2586
26;2621
391;2623
4;2624
39;2625
7;2626
16;2628
16;2646
30;2655
5;2656
3;2657
166;2660
11;2675
10;2717
15;2718
84;2719
48;2720
11;2725
9;2732
4;2737
21;2739
22;2760
24;2765
18;2766
30;2767
28;2768
23;2776
81;2813
15;2814
207;2815
31;2816
34;2817
48;2833
26;2835
13;2854
6;2862
14;2890
29;2909
13;2910
25;2911
104;2912
24;2913
194;2929
7;2931
27;2945
6;2953
6;2959
3;2966
148;2968
10;2997
48;3005
35;3006
85;3007
102;3008
1;3014
3;3015
32;3025
30;3026
18;3028
1;3029
4;3050
6;3052
13;3058
36;3060
11;3061
69;3101
55;3102
198;3103
35;3104
21;3116
39;3121
78;3123
19;3146
38;3152
155;3154
34;3156
18;3193
17;3199
83;3200
13;3201
22;3202
19;3203
24;3204
8;3210
25;3213
11;3225
25;3226
28;3229
21;3230
10;3232
49;3233
36;3235
15;3250
21;3254
162;3255
7;3257
23;3279
32;3293
1;3294
72;3295
32;3296
35;3297
154;3298
41;3299
14;3300
24;3325
16;3326
2;3327
17;3328
18;3331
19;3333
11;3338
13;3339
9;3344
12;3347
9;3349
39;3354
2;3378
380;3389
8;3390
8;3391
72;3392
63;3400
1;3405
3;3407
65;3410
13;3437
9;3439
13;3444
56;3446
12;3468
49;3485
107;3486
29;3487
1;3488
9;3505
149;3506
192;3507
20;3527
7;3534
7;3549
10;3581
38;3582
5;3583
53;3584
17;3602
5;3603
10;3604
22;3608
159;3616
33;3624
16;3630
1;3677
105;3679
481;3680
14;3687
12;3693
2;3697
189;3698
19;3699
39;3721
24;3722
195;3723
33;3733
549;3773
34;3774
36;3775
4;3776
7;3790
15;3795
11;3796
23;3798
30;3817
32;3820
13;3826
23;3828
9;3831
10;3859
70;3869
31;3870
1;3871
15;3872
25;3874
19;3875
4;3882
40;3887
38;3888
1;3893
7;3895
165;3901
29;3902
165;3903
20;3905
47;3908
36;3915
19;3921
21;3925
8;3927
10;3928
35;3932
59;3965
23;3966
25;3967
14;3968
196;3969
7;3970
25;3971
579;3972
1;3996
18;3997
7;3999
10;4003
4;4019
32;4027
1;4028
4;4029
4;4034
21;4061
51;4062
185;4063
203;4064
6;4076
27;4081
57;4082
9;4083
17;4084
37;4091
2;4101
30;4113
4;4115
159;4116
18;4120
60;4157
232;4158
168;4159
115;4160
17;4177
23;4178
17;4179
33;4184
8;4193
31;4204
24;4205
13;4206
2;4207
27;4208
183;4211
31;4212
22;4253
29;4254
37;4255
55;4256
14;4273
11;4274
4;4275
30;4291
23;4293
44;4299
27;4300
19;4302
3;4316
57;4349
77;4350
65;4352
27;4360
33;4364
15;4369
8;4370
1;4372
5;4375
33;4387
8;4396
14;4399
25;4401
19;4405
13;4445
41;4446
64;4448
6;4452
12;4456
7;4465
7;4466
4;4467
31;4479
22;4487
30;4489
145;4494
5;4496
27;4499
151;4503
4;4504
8;4507
8;4541
16;4542
49;4543
28;4544
2;4545
6;4546
4;4556
3;4559
22;4570
48;4573
30;4574
13;4575
1;4580
27;4590
21;4599
5;4601
36;4604
60;4637
8;4638
167;4639
42;4641
25;4642
33;4653
34;4657
27;4670
52;4675
31;4676
170;4679
9;4691
24;4692
19;4693
31;4694
32;4695
40;4733
17;4734
94;4735
78;4736
20;4747
19;4754
31;4755
18;4756
32;4777
20;4778
19;4780
2;4783
11;4790
24;4791
27;4829
13;4830
22;4831
62;4832
17;4835
16;4843
74;4851
7;4852
2;4856
164;4858
5;4864
4;4873
11;4880
28;4882
40;4883
6;4888
12;4905
22;4908
11;4925
54;4926
80;4927
32;4933
158;4943
15;4945
10;4946
5;4947
13;4948
17;4969
14;4975
15;4978
568;4984
23;5012
22;5021
206;5022
20;5023
189;5024
30;5025
1;5027
563;5041
31;5042
25;5043
3;5044
164;5059
15;5074
3;5080
174;5117
69;5118
76;5119
46;5120
30;5135
4;5138
8;5139
37;5140
8;5143
10;5157
3;5163
55;5164
8;5165
2;5174
12;5176
7;5189
34;5213
14;5214
100;5215
24;5216
38;5217
26;5218
30;5219
12;5220
12;5232
5;5235
59;5245
15;5247
155;5249
5;5250
1;5251
35;5252
22;5257
21;5265
17;5272
23;5273
17;5274
23;5278
10;5288
3;5290
2;5291
19;5309
3;5310
46;5311
11;5312
162;5313
184;5314
160;5315
21;5321
27;5330
10;5336
11;5337
6;5345
2;5347
6;5349
15;5353
5;5363
8;5405
83;5406
10;5407
236;5408
21;5417
170;5422
7;5426
15;5427
25;5435
20;5437
16;5440
14;5449
12;5450
14;5452
149;5460
15;5501
53;5502
17;5503
194;5504
3;5512
9;5520
22;5522
16;5523
6;5543
11;5547
26;5558
3;5559
164;5560
24;5597
644;5598
48;5599
62;5600
27;5617
51;5618
18;5620
26;5646
85;5693
259;5694
39;5695
51;5696
215;5715
13;5722
163;5725
3;5737
15;5738
15;5740
29;5743
9;5752
26;5757
214;5789
52;5790
84;5791
11;5792
40;5793
10;5809
12;5810
6;5811
5;5826
7;5833
2;5835
153;5837
19;5840
1;5843
10;5844
13;5846
30;5847
172;5853
19;5868
178;5885
19;5886
10;5887
55;5888
17;5889
22;5890
46;5891
18;5892
2;5917
38;5922
169;5924
20;5930
15;5937
23;5946
26;5948
50;5981
15;5982
2;5983
19;5984
7;5986
38;5988
8;5994
1;5997
14;6003
4;6009
24;6012
28;6013
7;6014
8;6017
35;6019
169;6035
1;6039
67;6077
185;6078
29;6079
76;6080
2;6097
9;6098
19;6099
34;6114
1;6121
2;6125
1;6129
52;6136
14;6158
40;6173
117;6174
62;6175
195;6176
34;6180
4;6192
34;6193
36;6194
8;6195
26;6203
28;6217
16;6218
27;6220
28;6221
8;6227
41;6229
48;6230
18;6231
20;6269
16;6270
235;6271
227;6272
14;6289
6;6290
12;6291
4;6299
25;6305
17;6314
17;6316
34;6317
11;6318
6;6320
34;6323
19;6324
163;6365
339;6366
15;6367
47;6368
34;6376
2;6380
1;6383
29;6385
60;6386
37;6387
6;6397
35;6405
23;6409
31;6420
16;6421
159;6424
24;6461
18;6462
31;6463
36;6464
6;6481
3;6483
27;6484
25;6500
152;6508
27;6515
4;6517
7;6542
36;6557
62;6558
10;6559
56;6561
37;6562
6;6563
37;6564
561;6566
12;6583
15;6591
21;6592
26;6593
159;6594
24;6595
48;6609
15;6611
36;6619
39;6653
172;6654
2;6655
15;6657
22;6658
17;6659
3;6662
5;6664
19;6675
32;6685
25;6686
40;6688
27;6691
157;6704
53;6707
152;6708
16;6749
82;6750
12;6751
9;6752
37;6761
23;6769
163;6770
21;6772
10;6788
9;6798
153;6803
4;6805
40;6845
61;6846
190;6847
194;6848
4;6851
17;6865
28;6866
39;6867
4;6868
10;6878
9;6885
11;6889
4;6891
30;6895
41;6897
9;6898
159;6900
12;6902
40;6941
7;6942
201;6943
67;6944
1;6961
8;6964
4;6968
31;6973
149;6978
14;6980
6;6987
10;6989
23;6994
24;6995
21;6996
15;7037
69;7038
54;7039
112;7040
169;7047
45;7058
34;7060
26;7069
24;7072
8;7083
1;7085
38;7091
176;7133
52;7134
83;7136
18;7141
32;7144
35;7154
31;7160
2;7166
160;7178
19;7179
5;7181
20;7183
27;7184
3;7188
21;7191
49;7229
29;7230
4;7231
5;7232
15;7233
59;7234
22;7236
10;7240
14;7242
16;7253
7;7264
20;7266
36;7267
23;7268
12;7277
10;7278
6;7284
3;7287
3;7325
69;7326
37;7328
18;7329
81;7330
3;7332
158;7333
15;7341
32;7352
31;7357
60;7361
17;7362
163;7363
8;7364
2;7374
26;7378
10;7379
25;7380
55;7385
11;7388
135;7421
179;7422
17;7423
172;7424
3;7433
34;7441
14;7442
14;7444
15;7456
7;7464
14;7466
5;7471
8;7473
11;7476
26;7477
35;7509
8;7513
48;7517
42;7518
578;7520
16;7528
23;7537
160;7539
29;7557
78;7562
39;7567
7;7571
160;7576
23;7615
38;7616
22;7633
13;7634
36;7636
15;7643
8;7645
23;7657
33;7662
22;7665
16;7668
12;7671
26;7709
103;7710
73;7711
13;7712
3;7716
36;7729
2;7731
10;7736
18;7739
32;7749
10;7753
42;7755
20;7757
16;7759
2;7767
20;7768
7;7798
64;7805
76;7806
62;7807
238;7808
2;7811
26;7820
16;7828
164;7833
30;7849
22;7856
24;7859
5;7863
47;7901
10;7902
202;7903
30;7904
37;7905
61;7906
14;7907
44;7908
29;7921
11;7933
47;7939
9;7940
9;7946
13;7952
155;7955
496;7959
7;7961
1;7962
16;7981
81;7997
6;7998
31;7999
7;8000
31;8001
167;8002
59;8004
12;8029
20;8034
153;8036
35;8049
11;8051
9;8055
76;8093
133;8094
34;8095
262;8096
16;8097
8;8109
5;8113
22;8114
165;8115
7;8119
24;8126
12;8138
7;8141
7;8142
36;8189
33;8190
39;8191
22;8192
17;8200
26;8206
59;8209
46;8210
20;8211
18;8212
29;8220
13;8228
22;8234
14;8243
28;8279
112;8285
59;8286
42;8287
32;8288
18;8300
19;8305
11;8307
171;8308
14;8309
15;8319
14;8332
5;8334
150;8336
55;8340
36;8381
204;8382
202;8383
159;8384
1;8391
1;8392
53;8401
36;8402
9;8403
9;8404
23;8410
24;8413
7;8427
3;8428
12;8429
40;8431
36;8432
21;8434
2;8436
155;8437
15;8438
30;8477
2;8478
42;8479
107;8480
3;8487
30;8495
25;8497
70;8498
34;8499
51;8500
8;8502
3;8522
5;8525
170;8530
30;8573
191;8574
27;8576
177;8578
20;8579
26;8580
149;8588
37;8592
35;8595
14;8601
28;8605
17;8606
40;8609
37;8610
27;8612
6;8626
168;8628
165;8631
18;8633
16;8634
33;8665
18;8666
8;8668
22;8670
34;8671
65;8672
24;8699
175;8702
43;8704
36;8712
19;8721
34;8722
23;8723
4;8724
23;8727
55;8761
41;8762
52;8763
29;8764
35;8781
32;8782
1;8783
42;8805
18;8810
29;8814
175;8818
20;8819
59;8857
4;8858
34;8859
25;8860
13;8870
26;8877
7;8878
3;8879
23;8896
5;8903
17;8904
10;8910
200;8912
168;8916
32;8950
125;8953
10;8954
404;8955
126;8956
3;8962
30;8973
8;8974
22;8975
18;8976
17;8983
156;8984
10;8989
24;9007
14;9009
4;9010
23;9011
71;9049
24;9050
63;9051
46;9052
38;9054
9;9055
7;9060
25;9069
10;9070
29;9072
6;9089
22;9095
44;9101
12;9103
204;9145
68;9146
68;9148
199;9165
166;9166
25;9168
25;9191
26;9192
16;9194
10;9198
159;9200
20;9201
23;9204
22;9237
30;9240
63;9242
64;9243
30;9244
20;9245
57;9246
30;9247
78;9248
22;9254
2;9257
6;9258
19;9268
12;9273
47;9274
157;9276
32;9280
3;9295
21;9304
81;9338
15;9339
56;9340
17;9341
7;9343
38;9344
154;9345
5;9347
24;9370
2;9372
6;9373
15;9375
18;9376
11;9380
56;9395
25;9396
15;9433
182;9434
47;9435
50;9436
38;9454
2;9455
9;9456
21;9457
16;9464
10;9486
9;9488
34;9489
10;9490
10;9492
18;9529
11;9531
37;9532
4;9540
28;9549
218;9550
35;9552
32;9558
8;9561
8;9562
11;9572
20;9574
11;9578
7;9608
14;9623
76;9625
46;9626
7;9627
101;9628
10;9630
151;9645
33;9672
27;9683
9;9692
3;9721
42;9722
160;9724
11;9741
4;9746
156;9769
35;9771
9;9777
10;9809
43;9817
40;9818
40;9819
3;9820
12;9830
154;9837
28;9838
19;9839
8;9842
11;9846
25;9850
9;9860
36;9863
11;9864
5;9866
15;9867
2;9868
29;9875
28;9887
1;9913
7;9914
1;9915
7;9917
8;9918
75;9919
13;9920
8;9926
20;9933
15;9939
19;9945
18;9946
29;9948
8;9949
8;9950
3;9955
16;9965
27;9969
25;9970
44;10009
33;10010
1;10012
8;10013
101;10014
17;10015
23;10040
40;10041
30;10044
38;10046
27;10047
63;10048
25;10051
2;10058
10;10064
13;10068
16;10070
44;10105
173;10106
44;10107
26;10111
30;10119
18;10125
49;10126
24;10128
8;10145
26;10149
10;10155
9;10159
28;10164
20;10188
157;10201
24;10202
92;10203
62;10204
11;10214
24;10221
24;10222
26;10224
2;10235
30;10248
35;10252
23;10254
17;10256
95;10297
17;10298
10;10299
59;10300
16;10309
14;10317
28;10318
32;10319
30;10320
7;10325
18;10326
26;10339
18;10342
12;10344
26;10345
34;10347
3;10349
21;10353
4;10355
8;10356
11;10388
52;10393
6;10394
317;10395
70;10396
40;10414
20;10431
6;10435
176;10445
163;10446
6;10448
24;10459
19;10465
176;10489
27;10490
195;10491
52;10492
8;10504
31;10509
16;10510
30;10511
29;10512
38;10533
1;10535
61;10536
18;10564
3;10574
54;10586
51;10587
15;10588
193;10592
9;10597
8;10601
8;10602
164;10603
35;10622
165;10628
4;10630
29;10639
8;10641
25;10643
163;10658
25;10677
32;10681
24;10683
3;10685
24;10686
558;10687
39;10688
7;10707
30;10713
160;10714
8;10719
14;10720
4;10730
9;10732
18;10735
1;10737
5;10738
37;10739
8;10741
4;10744
51;10777
205;10778
31;10779
201;10780
10;10797
15;10798
26;10799
31;10800
31;10826
9;10828
11;10829
46;10873
23;10874
38;10875
7;10876
21;10878
23;10894
27;10896
9;10902
10;10913
14;10921
25;10926
12;10927
4;10932
43;10969
354;10970
35;10971
42;10972
9;10975
8;10977
44;10989
16;10990
1;10991
8;10992
6;11000
4;11009
7;11012
18;11013
26;11015
20;11019
25;11021
2;11025
24;11028
107;11065
35;11067
45;11068
2;11079
32;11081
39;11085
9;11087
37;11088
31;11091
38;11114
14;11115
17;11116
11;11117
3;11119
211;11161
7;11162
26;11163
251;11164
31;11173
25;11179
17;11182
17;11184
2;11198
24;11207
20;11211
13;11212
25;11217
30;11257
30;11258
24;11259
21;11260
36;11261
32;11262
43;11264
15;11265
25;11279
25;11286
16;11289
22;11293
13;11294
41;11295
166;11296
165;11310
34;11314
2;11316
13;11319
18;11353
42;11355
23;11356
20;11357
64;11358
263;11359
58;11360
2;11362
30;11372
166;11379
22;11380
24;11385
155;11386
28;11387
15;11392
1;11398
7;11409
25;11413
9;11414
22;11415
19;11423
977;11449
9;11450
190;11451
105;11452
21;11462
16;11465
28;11470
10;11471
40;11472
32;11493
35;11494
12;11497
13;11502
163;11545
207;11546
106;11547
187;11548
30;11561
18;11562
31;11565
13;11567
17;11589
1;11593
5;11602
564;11642
74;11643
9;11644
8;11650
10;11659
12;11661
44;11663
191;11664
165;11675
18;11687
26;11690
3;11692
30;11697
13;11699
9;11734
55;11737
79;11738
59;11739
47;11740
4;11754
58;11757
15;11758
22;11759
23;11764
23;11777
24;11786
9;11788
3;11790
23;11792
57;11795
9;11796
243;11833
6;11834
45;11835
49;11836
39;11853
25;11854
47;11855
25;11856
20;11861
9;11868
26;11880
18;11929
185;11930
4;11931
21;11932
20;11933
36;11934
12;11935
333;11936
23;11938
21;11950
12;11961
66;11962
34;11964
19;11967
27;11968
154;11976
23;11981
22;11985
31;11990
16;11992
9;12025
20;12027
42;12028
17;12029
26;12030
158;12031
19;12032
27;12056
7;12057
17;12059
4;12062
35;12063
30;12071
3;12081
39;12083
9;12087
11;12111
27;12121
21;12122
38;12123
10;12135
24;12143
5;12154
32;12158
1;12167
3;12171
13;12176
26;12202
177;12217
40;12218
41;12219
31;12220
11;12237
167;12239
4;12266
16;12270
26;12272
4;12276
20;12277
11;12313
337;12314
41;12315
21;12316
20;12323
19;12333
34;12334
19;12335
34;12336
7;12347
9;12355
12;12362
18;12369
13;12372
50;12409
194;12410
7;12411
6;12412
15;12414
24;12419
11;12428
17;12430
18;12431
1;12452
12;12453
10;12456
24;12488
25;12505
90;12506
40;12507
149;12508
37;12526
52;12527
22;12549
8;12553
30;12556
6;12601
9;12602
16;12603
11;12604
15;12606
14;12607
34;12633
11;12634
31;12635
159;12637
3;12638
13;12639
27;12640
25;12650
8;12655
47;12663
18;12677
30;12684
155;12697
4;12698
10;12699
37;12702
41;12703
26;12704
19;12728
18;12729
6;12740
5;12745
40;12751
39;12752
14;12753
28;12761
753;12793
193;12794
18;12795
1;12796
14;12801
16;12814
3;12841
6;12861
9;12889
38;12890
10;12891
15;12892
3;12909
6;12912
13;12935
13;12937
2;12942
10;12945
18;12947
51;12985
92;12986
61;12987
11;12991
19;12992
167;13001
35;13005
43;13006
64;13007
19;13008
11;13009
9;13025
24;13029
29;13032
33;13041
39;13081
36;13082
78;13083
192;13084
10;13099
19;13101
7;13103
3;13104
7;13108
3;13125
14;13130
4;13131
43;13133
157;13139
43;13177
14;13178
100;13180
4;13188
35;13197
24;13199
9;13222
158;13235
3;13236
161;13243
25;13244
26;13249
4;13272
16;13273
35;13276
1;13277
170;13278
12;13279
7;13280
15;13292
14;13293
2;13294
39;13296
12;13298
40;13309
20;13311
4;13317
7;13319
37;13329
25;13341
28;13364
12;13370
16;13371
22;13372
9;13373
30;13374
8;13375
49;13376
160;13402
164;13403
16;13404
22;13405
9;13406
10;13423
23;13426
5;13427
1;13429
24;13450
175;13465
38;13466
23;13467
37;13468
6;13482
37;13486
21;13487
32;13488
3;13494
144;13495
32;13507
27;13511
16;13513
10;13520
15;13561
160;13562
6;13563
51;13564
20;13568
34;13569
18;13571
14;13582
40;13583
28;13613
10;13616
59;13657
199;13658
19;13659
42;13660
168;13677
54;13678
172;13679
9;13707
12;13742
8;13745
14;13753
8;13754
39;13756
31;13771
1;13774
9;13775
166;13781
1;13787
2;13791
8;13798
15;13802
24;13808
22;13818
35;13849
323;13850
2;13851
51;13852
13;13864
159;13865
19;13870
43;13871
34;13873
12;13894
1;13898
4;13920
60;13945
54;13946
49;13948
3;13949
2;13950
9;13952
7;13966
18;13970
1;13979
10;13983
7;13984
43;13999
17;14041
100;14042
14;14043
5;14044
31;14045
34;14046
13;14047
62;14048
5;14062
16;14075
53;14076
44;14077
34;14078
13;14081
1;14094
26;14095
3;14097
11;14098
179;14101
9;14102
28;14104
10;14115
5;14127
188;14137
7;14139
66;14140
182;14157
15;14158
12;14159
155;14160
8;14178
8;14182
10;14185
2;14188
12;14230
198;14233
28;14234
99;14235
62;14236
9;14241
31;14253
19;14255
22;14256
10;14284
1;14294
15;14300
3;14305
25;14311
7;14323
395;14329
30;14330
41;14331
52;14332
2;14343
12;14349
1;14350
17;14352
37;14373
65;14375
12;14377
167;14378
16;14384
10;14386
52;14425
62;14426
23;14427
13;14428
20;14429
20;14436
11;14443
4;14446
31;14447
25;14448
22;14469
24;14475
23;14521
182;14522
78;14523
39;14524
33;14525
7;14531
1;14541
31;14543
20;14545
18;14551
29;14573
13;14609
161;14617
38;14619
180;14620
10;14621
1;14622
26;14624
166;14635
19;14650
10;14652
8;14654
153;14671
28;14678
5;14714
31;14715
10;14716
37;14717
178;14719
1;14720
158;14731
8;14741
9;14746
35;14747
25;14748
14;14752
1;14761
37;14763
2;14774
21;14776
31;14809
29;14810
25;14811
29;14813
17;14821
19;14829
69;14830
34;14831
9;14837
11;14847
21;14854
15;14860
28;14868
26;14906
19;14907
4;14908
26;14911
4;14925
14;14926
157;14927
9;14928
29;14950
2;14953
21;14954
8;14957
11;14961
47;15001
13;15002
55;15003
57;15004
60;15022
32;15034
7;15038
162;15039
23;15040
7;15044
25;15045
23;15047
8;15054
39;15055
25;15060
27;15086
172;15097
62;15098
62;15099
13;15102
1;15111
8;15117
13;15118
6;15119
158;15120
16;15127
14;15129
6;15130
20;15133
6;15146
169;15154
31;15155
13;15193
47;15194
2;15195
7;15196
156;15215
13;15238
10;15245
36;15252
13;15271
7;15277
16;15284
5;15287
13;15289
584;15293
10;15295
2;15296
25;15297
10;15298
6;15304
16;15321
42;15322
9;15326
55;15327
14;15342
2;15343
153;15345
8;15385
20;15386
17;15387
3;15388
210;15389
2;15391
4;15392
59;15417
203;15419
156;15421
9;15422
3;15427
27;15433
6;15434
176;15437
168;15440
20;15481
43;15482
61;15483
49;15484
27;15489
8;15496
49;15501
14;15502
2;15504
30;15527
25;15529
5;15530
29;15531
28;15532
8;15536
3;15537
12;15538
556;15539
66;15577
4;15578
52;15579
2;15580
27;15598
21;15610
2;15622
24;15624
6;15630
29;15669
183;15673
38;15674
6;15675
23;15676
7;15685
19;15693
18;15694
80;15695
26;15696
30;15702
6;15714
5;15718
22;15722
18;15729
76;15770
41;15771
55;15772
19;15783
28;15789
12;15791
27;15792
22;15808
24;15809
17;15814
8;15817
28;15826
19;15853
39;15866
241;15867
36;15868
21;15870
6;15882
27;15884
26;15885
57;15887
9;15910
46;15912
25;15913
21;15936
23;15940
23;15954
7;15961
15;15962
9;15963
15;15964
16;15965
18;15966
24;15967
30;15968
10;15969
37;15987
8;15994
46;15995
12;15997
40;16000
10;16009
18;16013
47;16017
29;16025
23;16040
31;16057
6;16058
20;16059
10;16061
31;16063
5;16064
5;16070
24;16072
34;16089
14;16091
17;16093
9;16094
28;16095
15;16109
11;16110
8;16111
162;16114
17;16116
6;16118
5;16147
60;16153
37;16154
35;16155
73;16156
222;16173
25;16174
23;16175
2;16190
1;16192
6;16197
17;16199
33;16200
8;16205
27;16218
13;16249
29;16250
20;16251
2;16252
23;16266
18;16269
62;16270
172;16271
22;16278
8;16290
157;16301
19;16305
42;16345
49;16346
189;16347
19;16348
1;16356
4;16364
26;16366
13;16368
2;16392
30;16396
8;16399
17;16401
9;16441
17;16443
173;16444
156;16461
36;16462
558;16463
4;16471
34;16475
16;16534
130;16537
32;16538
26;16539
48;16540
4;16555
7;16558
15;16565
7;16581
33;16584
26;16586
8;16591
21;16599
30;16633
1;16634
164;16635
26;16636
18;16639
27;16645
9;16661
31;16663
7;16666
32;16667
148;16669
23;16671
6;16672
6;16678
33;16688
32;16690
28;16691
168;16694
2;16697
36;16731
173;16734
155;16736
160;16754
25;16762
34;16766
32;16768
67;16781
16;16782
29;16787
2;16790
1;16825
165;16826
214;16827
609;16828
13;16841
42;16845
5;16846
15;16847
54;16848
11;16862
7;16870
4;16879
568;16881
165;16882
189;16921
24;16922
1;16923
51;16924
12;16941
45;16942
4;16958
20;16961
17;16965
16;16973
168;16975
34;16978
24;16980
13;16988
13;16994
81;17017
40;17019
15;17020
11;17037
36;17039
18;17040
13;17064
9;17067
6;17072
23;17095
96;17113
41;17114
38;17115
13;17116
566;17133
14;17134
32;17135
19;17136
30;17148
9;17161
6;17167
42;17209
16;17210
65;17211
496;17212
4;17218
3;17231
202;17232
17;17263
43;17305
6;17306
18;17308
24;17309
19;17311
11;17312
18;17323
164;17324
16;17332
51;17338
1;17339
14;17340
51;17341
167;17343
7;17344
26;17353
10;17358
7;17362
27;17363
22;17365
3;17367
20;17378
13;17395
36;17402
13;17404
55;17405
10;17406
35;17407
7;17432
17;17436
27;17438
7;17457
31;17459
27;17463
24;17497
36;17499
14;17500
14;17503
36;17518
21;17519
33;17549
1;17555
144;17593
15;17594
90;17596
9;17613
26;17614
20;17615
29;17616
3;17623
8;17628
6;17636
28;17641
12;17651
13;17654
23;17689
83;17690
27;17691
43;17692
35;17697
2;17700
7;17703
23;17705
6;17709
198;17710
51;17711
17;17717
2;17737
159;17740
15;17745
18;17746
6;17785
26;17786
23;17787
30;17788
20;17795
14;17805
30;17806
25;17807
157;17808
164;17811
5;17828
38;17835
25;17840
181;17881
156;17882
23;17883
181;17884
58;17902
28;17910
25;17925
37;17927
26;17930
33;17934
3;17938
27;17956
38;17976
26;17977
43;17978
38;17979
1;17980
20;17981
2;17983
324;17984
14;17991
150;17998
4;18005
19;18009
8;18010
14;18011
10;18012
21;18015
3;18016
6;18032
13;18052
11;18061
161;18065
3;18066
44;18073
92;18075
38;18076
16;18077
223;18078
14;18079
15;18080
7;18091
3;18106
164;18108
37;18109
14;18110
12;18123
5;18125
29;18128
7;18135
13;18169
37;18170
55;18171
178;18172
164;18189
18;18190
172;18191
160;18217
43;18221
8;18224
30;18265
68;18266
57;18267
5;18268
32;18285
6;18286
28;18287
5;18288
19;18311
31;18317
21;18318
17;18344
14;18361
185;18362
587;18363
206;18364
1;18377
5;18383
26;18384
6;18414
26;18420
19;18438
68;18457
191;18460
30;18473
23;18477
58;18479
1;18510
176;18511
16;18516
129;18553
183;18554
64;18555
47;18556
17;18563
33;18573
74;18576
10;18587
10;18597
158;18598
3;18599
18;18607
22;18612
24;18650
26;18652
23;18653
129;18655
8;18656
157;18674
17;18685
6;18686
595;18688
12;18690
11;18702
1;18703
54;18704
19;18707
4;18710
28;18712
13;18723
13;18737
20;18746
23;18747
28;18750
17;18751
13;18777
30;18778
17;18780
22;18781
14;18782
10;18783
23;18791
71;18841
65;18842
51;18843
6;18844
153;18858
161;18859
5;18863
38;18864
9;18873
161;18874
9;18877
17;18892
24;18895
27;18898
193;18937
17;18938
17;18939
26;18940
3;18957
15;18982
13;18985
28;18993
36;18994
21;18995
7;18996
10;19015
20;19022
88;19033
23;19034
11;19035
16;19036
19;19053
6;19054
11;19055
207;19056
17;19059
1;19075
1;19082
20;19085
5;19091
5;19092
7;19103
20;19109
24;19124
30;19129
40;19130
235;19131
39;19132
25;19149
19;19150
21;19151
8;19155
2;19158
1;19173
17;19184
28;19185
154;19187
12;19188
28;19216
12;19225
9;19226
92;19227
21;19228
8;19245
35;19246
151;19247
35;19268
32;19270
22;19279
147;19280
22;19307
6;19321
2;19322
18;19324
2;19325
16;19326
190;19327
1;19343
4;19345
12;19349
22;19354
20;19357
161;19359
3;19360
19;19365
16;19369
1;19376
9;19377
41;19417
12;19418
39;19419
168;19420
44;19422
28;19423
181;19424
24;19439
7;19442
6;19450
29;19452
10;19455
9;19462
14;19468
35;19471
30;19472
32;19478
3;19479
11;19482
79;19513
192;19514
56;19515
175;19516
8;19525
38;19534
42;19535
1;19563
22;19566
29;19571
53;19609
78;19611
31;19612
144;19614
10;19631
15;19633
10;19634
31;19638
4;19653
17;19655
9;19663
9;19664
1;19665
11;19668
12;19705
570;19706
34;19707
84;19708
13;19722
2;19723
26;19725
20;19727
1;19753
230;19756
18;19764
360;19801
2;19802
23;19803
2;19804
10;19818
23;19821
63;19823
11;19846
19;19851
18;19852
42;19853
17;19856
23;19858
10;19889
66;19897
188;19898
60;19899
9;19900
13;19910
17;19915
25;19917
21;19918
166;19925
2;19926
4;19931
6;19943
19;19949
5;19954
22;19993
51;19994
37;19995
3;19996
26;19998
23;20000
29;20001
14;20004
16;20008
7;20026
183;20028
24;20032
12;20037
11;20044
24;20050
24;20051
21;20065
7;20084
13;20089
23;20090
7;20091
38;20092
4;20093
6;20110
29;20114
3;20124
17;20125
16;20126
23;20127
30;20128
35;20129
21;20141
17;20142
6;20144
35;20149
19;20150
187;20185
15;20188
17;20198
8;20204
48;20205
25;20206
37;20207
5;20224
5;20233
15;20281
336;20282
90;20283
17;20284
16;20286
15;20289
157;20299
37;20304
172;20326
174;20334
24;20337
33;20377
43;20378
38;20379
56;20380
3;20385
14;20398
4;20418
10;20427
17;20428
1;20430
154;20434
22;20473
102;20474
53;20475
26;20493
31;20494
14;20495
16;20522
12;20524
9;20525
27;20529
11;20531
27;20532
32;20550
22;20569
57;20570
164;20571
40;20572
18;20583
21;20589
29;20590
9;20591
5;20592
26;20605
21;20608
45;20614
20;20615
6;20617
12;20618
13;20625
16;20641
58;20665
26;20666
14;20667
23;20669
27;20670
66;20672
3;20679
29;20700
8;20701
33;20702
192;20704
23;20705
35;20718
5;20761
6;20762
45;20765
35;20766
30;20767
6;20768
3;20780
35;20782
17;20794
22;20795
8;20797
3;20798
32;20799
149;20814
27;20821
1;20824
40;20857
33;20858
18;20859
62;20860
9;20873
14;20877
12;20878
21;20879
23;20880
13;20882
8;20897
52;20909
7;20910
28;20915
32;20931
41;20953
16;20955
52;20956
14;20957
28;20967
8;20972
30;20974
167;20975
7;20976
30;20985
1;20989
38;20997
171;21003
34;21049
39;21050
26;21051
56;21052
30;21070
183;21072
35;21094
161;21098
29;21105
42;21145
103;21147
30;21148
3;21151
30;21162
36;21165
169;21166
12;21167
17;21179
1;21189
1;21190
22;21191
5;21196
34;21199
3;21200
15;21201
176;21241
49;21242
1;21243
10;21244
33;21258
8;21261
27;21262
9;21264
23;21271
32;21287
22;21288
165;21297
11;21300
6;21337
191;21338
45;21340
26;21341
5;21342
38;21343
22;21345
19;21373
12;21374
63;21375
38;21376
32;21391
20;21396
17;21400
7;21430
165;21433
22;21434
208;21436
28;21437
573;21439
27;21440
30;21465
43;21467
42;21468
13;21469
2;21470
15;21472
23;21488
25;21491
13;21494
11;21495
237;21529
210;21531
145;21532
157;21549
58;21550
3;21551
8;21552
13;21575
32;21576
6;21580
4;21582
4;21583
71;21625
165;21626
29;21628
6;21644
29;21645
32;21646
9;21647
46;21648
6;21678
7;21683
6;21684
33;21718
181;21721
112;21722
52;21723
332;21724
573;21727
22;21733
9;21740
163;21742
20;21743
13;21745
17;21753
17;21754
162;21758
39;21759
26;21766
12;21770
5;21817
6;21818
13;21819
31;21820
13;21824
21;21837
2;21838
20;21841
33;21844
4;21857
23;21863
18;21864
4;21867
18;21870
44;21913
46;21914
25;21915
40;21916
11;21920
15;21934
10;21939
24;21958
14;21959
34;21960
6;21962
16;21967
27;21968
13;21970
30;21972
17;21973
3;22008
33;22009
38;22010
168;22011
18;22012
151;22013
13;22014
39;22016
14;22042
8;22043
39;22044
55;22045
5;22047
34;22050
12;22061
19;22067
52;22106
53;22107
26;22108
36;22109
49;22110
47;22112
24;22137
55;22139
31;22141
32;22143
38;22160
562;22166
155;22187
195;22202
14;22204
19;22223
750;22224
1;22245
24;22246
30;22249
13;22253
6;22255
44;22297
39;22298
22;22299
28;22300
20;22306
7;22309
153;22317
15;22318
25;22320
3;22341
175;22342
33;22345
30;22351
13;22354
3;22393
13;22394
72;22395
94;22396
24;22414
30;22416
32;22419
159;22420
168;22440
30;22444
7;22445
159;22446
197;22489
95;22490
70;22491
157;22495
158;22499
22;22509
40;22510
26;22524
21;22529
2;22532
30;22539
25;22540
47;22542
188;22585
30;22586
168;22587
608;22588
15;22606
32;22633
12;22634
15;22636
14;22645
9;22681
26;22684
58;22685
13;22687
8;22713
21;22714
552;22715
16;22716
21;22717
23;22719
159;22735
162;22738
29;22740
33;22743
34;22744
56;22779
146;22780
24;22781
4;22783
31;22784
3;22805
21;22808
174;22812
150;22814
9;22816
12;22822
35;22826
6;22831
6;22841
8;22843
241;22873
29;22874
167;22875
13;22876
8;22877
8;22895
31;22899
2;22917
15;22918
7;22924
19;22929
91;22969
7;22970
18;22971
26;23014
165;23021
13;23022
8;23028
5;23030
10;23065
26;23066
75;23068
27;23071
155;23086
23;23097
34;23111
10;23114
45;23115
155;23119
14;23121
11;23147
64;23161
31;23163
15;23164
164;23168
9;23181
9;23182
36;23184
2;23198
16;23207
24;23211
36;23257
170;23258
49;23259
171;23260
28;23265
14;23278
16;23280
32;23289
12;23294
2;23305
15;23308
3;23309
154;23311
17;23312
3;23313
23;23355
62;23356
3;23357
8;23358
8;23359
38;23386
18;23387
23;23389
53;23390
6;23392
29;23399
5;23410
13;23436
7;23438
6;23449
225;23451
18;23452
15;23454
2;23455
184;23456
14;23469
6;23481
9;23483
24;23486
14;23487
39;23488
12;23504
303;23509
7;23545
210;23546
9;23547
14;23548
1;23568
4;23598
29;23600
11;23604
28;23641
5;23642
155;23643
17;23655
25;23661
178;23662
6;23663
12;23685
1;23686
8;23688
33;23695
5;23737
27;23738
11;23739
33;23740
19;23744
20;23759
36;23760
2;23779
28;23784
28;23786
158;23790
16;23792
169;23833
61;23834
49;23835
2;23836
39;23841
13;23850
6;23854
51;23856
160;23877
19;23879
30;23881
20;23885
17;23887
31;23929
24;23930
84;23931
28;23937
21;23950
16;23951
10;23952
6;23962
34;23974
4;23977
16;23987
12;23988
16;24001
29;24014
177;24027
10;24029
52;24030
1;24032
12;24042
14;24063
22;24066
36;24071
180;24084
24;24085
10;24088
1;24105
4;24121
31;24123
2;24124
9;24125
19;24126
33;24127
43;24128
28;24139
150;24141
21;24153
14;24157
33;24158
14;24159
26;24174
18;24178
11;24180
3;24181
19;24182
28;24183
3;24184
25;24217
36;24218
42;24219
82;24220
18;24237
7;24266
5;24267
24;24268
10;24271
25;24272
17;24273
40;24274
175;24313
73;24314
150;24315
118;24316
26;24334
18;24335
29;24338
3;24363
13;24367
8;24370
55;24409
23;24410
44;24411
29;24431
159;24432
14;24445
29;24454
161;24460
157;24461
13;24464
5;24467
22;24471
1;24478
90;24505
199;24506
54;24507
64;24508
6;24514
19;24525
16;24526
10;24528
11;24529
28;24542
23;24549
31;24551
1;24554
2;24556
17;24557
8;24558
9;24563
2;24580
11;24602
102;24603
22;24604
24;24621
21;24624
15;24631
8;24635
27;24645
24;24646
10;24649
5;24651
7;24659
36;24697
55;24698
48;24699
29;24700
30;24701
33;24702
16;24703
25;24704
19;24715
31;24717
43;24731
35;24736
18;24738
9;24750
27;24755
27;24757
62;24793
5;24794
20;24795
5;24796
27;24797
63;24798
44;24799
17;24800
4;24805
23;24806
18;24811
5;24821
163;24826
24;24829
8;24831
11;24845
4;24850
14;24855
8;24856
77;24889
1;24890
55;24909
6;24918
14;24940
19;24945
11;24947
217;24985
173;24986
191;24987
54;24988
16;24992
20;25002
14;25012
15;25021
14;25022
155;25023
35;25035
53;25041
19;25059
17;25075
160;25082
6;25083
29;25084
37;25102
5;25103
35;25104
51;25126
17;25137
4;25138
159;25140
38;25177
377;25178
11;25179
26;25180
9;25197
34;25199
12;25222
154;25223
174;25228
164;25229
4;25233
4;25235
24;25236
72;25273
228;25274
21;25275
23;25287
8;25295
26;25296
3;25315
2;25324
31;25325
14;25328
22;25369
154;25370
23;25371
107;25372
172;25373
22;25374
2;25376
10;25396
10;25401
31;25403
64;25404
69;25405
14;25406
34;25407
38;25408
3;25415
37;25416
9;25422
26;25423
4;25425
7;25428
3;25429
8;25446
15;25458
24;25465
25;25467
14;25468
62;25470
2;25474
6;25482
25;25489
3;25497
15;25499
24;25502
27;25518
161;25519
180;25561
72;25562
46;25563
43;25564
21;25570
1;25571
156;25581
4;25582
29;25583
163;25601
23;25609
19;25612
16;25613
12;25614
10;25616
21;25619
107;25657
559;25658
232;25659
31;25660
15;25677
5;25678
16;25679
21;25701
10;25709
3;25710
6;25711
35;25742
13;25752
29;25753
76;25754
14;25755
25;25756
4;25766
19;25771
12;25773
6;25776
14;25777
28;25785
152;25786
16;25793
17;25798
49;25803
574;25811
9;25826
31;25849
22;25850
65;25851
80;25852
4;25870
20;25895
10;25899
8;25900
27;25901
17;25903
42;25945
34;25946
21;25947
27;25948
4;25957
3;26001
11;26003
18;26014
20;26027
7;26037
25;26041
38;26042
19;26043
140;26044
50;26045
5;26046
39;26047
21;26048
27;26073
28;26074
25;26079
11;26080
12;26085
25;26101
59;26103
8;26104
2;26128
35;26133
7;26137
22;26139
7;26140
63;26141
39;26142
33;26143
31;26144
53;26176
6;26189
15;26192
38;26194
27;26198
71;26233
19;26234
6;26235
62;26236
21;26239
31;26254
4;26258
3;26276
34;26281
6;26285
11;26313
68;26329
170;26330
731;26331
15;26332
185;26350
159;26351
17;26352
10;26356
29;26364
2;26372
36;26385
6;26387
37;26425
17;26426
21;26427
28;26439
12;26441
13;26445
27;26452
27;26463
5;26464
5;26475
8;26489
41;26521
32;26522
84;26523
44;26524
21;26534
30;26541
2;26544
10;26549
25;26558
11;26565
1;26570
17;26571
30;26579
24;26603
92;26617
172;26618
44;26619
36;26620
1;26623
23;26628
11;26635
48;26638
29;26639
9;26640
159;26652
24;26662
28;26669
25;26670
4;26671
24;26675
1;26676
8;26714
15;26715
35;26716
29;26717
40;26718
19;26719
28;26722
18;26731
21;26749
44;26750
18;26766
49;26771
22;26775
23;26809
11;26811
45;26812
25;26813
10;26814
26;26815
46;26816
5;26817
28;26843
42;26844
10;26845
19;26846
47;26847
13;26848
14;26851
40;26866
5;26869
3;26870
1;26872
6;26873
3;26893
19;26895
24;26905
324;26906
43;26907
30;26908
6;26926
72;26927
13;26928
18;26942
25;26949
9;26952
6;26954
181;26958
25;26959
5;26962
30;26964
60;27001
22;27002
34;27003
15;27004
5;27011
23;27020
30;27021
4;27024
171;27045
10;27047
3;27049
1;27057
5;27060
16;27083
22;27097
77;27098
86;27099
14;27100
10;27105
158;27117
57;27118
19;27119
187;27120
161;27124
25;27150
21;27155
22;27193
191;27194
27;27195
20;27196
20;27207
6;27212
3;27216
22;27221
5;27241
29;27245
7;27247
7;27248
27;27289
17;27290
31;27291
71;27292
13;27293
7;27298
37;27309
19;27311
5;27312
21;27331
15;27334
7;27343
29;27346
7;27347
4;27385
9;27387
167;27388
159;27390
38;27392
160;27394
4;27399
11;27409
12;27412
158;27417
34;27419
192;27420
20;27423
37;27424
16;27441
61;27470
41;27481
19;27482
50;27484
82;27485
15;27486
8;27487
26;27488
560;27512
32;27514
15;27517
11;27520
2;27531
10;27533
2;27535
20;27536
3;27539
162;27542
215;27577
20;27578
26;27580
24;27584
37;27598
15;27599
29;27611
156;27618
11;27622
2;27635
16;27636
188;27673
240;27674
190;27675
194;27676
26;27688
6;27701
23;27717
26;27720
18;27725
22;27727
4;27729
172;27739
8;27745
148;27769
34;27770
179;27771
58;27772
19;27774
8;27789
30;27791
20;27792
8;27818
2;27822
29;27867
51;27868
14;27885
34;27887
78;27888
38;27909
12;27911
16;27914
38;27924
8;27961
13;27962
177;27963
3;27964
9;27968
30;27979
8;27982
15;27984
15;27994
23;27995
41;28010
2;28050
33;28057
35;28062
36;28064
10;28071
17;28073
175;28081
37;28095
196;28096
3;28103
11;28106
19;28118
6;28120
32;28132
59;28153
22;28154
57;28155
16;28156
60;28158
32;28159
23;28160
23;28163
9;28178
26;28182
28;28185
163;28188
51;28191
46;28192
7;28199
18;28204
47;28210
249;28249
439;28250
2;28251
180;28252
2;28261
165;28271
39;28274
2;28283
27;28294
1;28307
19;28308
6;28345
218;28346
43;28348
34;28361
27;28364
80;28365
9;28367
25;28376
11;28378
12;28391
19;28394
40;28395
3;28397
6;28398
17;28399
19;28400
27;28404
8;28441
47;28443
52;28444
3;28463
12;28464
23;28481
38;28485
20;28487
2;28490
21;28491
13;28493
183;28537
30;28538
64;28539
12;28540
2;28557
11;28558
2;28559
155;28560
13;28578
30;28588
6;28592
29;28594
31;28629
593;28633
26;28634
36;28635
38;28636
27;28655
298;28656
8;28679
5;28680
154;28682
9;28683
15;28687
22;28688
11;28689
167;28731
27;28733
198;28734
14;28735
48;28736
22;28760
8;28764
14;28775
37;28776
158;28777
17;28780
24;28781
22;28782
23;28783
5;28784
4;28788
8;28789
34;28798
11;28812
30;28817
32;28825
21;28826
58;28828
21;28830
27;28831
12;28845
5;28848
11;28849
568;28857
165;28859
31;28861
21;28862
159;28863
4;28864
31;28882
25;28884
15;28921
33;28922
64;28923
8;28924
12;28939
8;28942
175;28943
7;28944
160;28946
20;28955
17;28958
1;28963
33;28966
166;28968
6;28976
162;28978
3;28983
151;28994
28;29017
29;29019
25;29020
19;29024
15;29026
68;29039
31;29047
3;29054
2;29057
16;29067
27;29069
3;29070
9;29113
209;29114
31;29115
37;29134
31;29135
31;29136
29;29144
6;29157
7;29162
9;29164
24;29166
6;29172
27;29213
211;29214
22;29215
23;29216
2;29224
27;29225
62;29233
7;29235
1;29237
4;29252
1;29263
229;29309
24;29310
102;29311
197;29312
16;29321
20;29327
62;29330
33;29331
152;29334
5;29366
1;29394
40;29406
39;29407
5;29408
41;29410
49;29411
59;29412
10;29417
12;29418
163;29432
13;29440
570;29443
32;29444
8;29455
1;29462
15;29464
28;29501
25;29503
46;29504
12;29505
572;29506
7;29508
23;29518
174;29524
158;29533
40;29536
19;29538
63;29539
25;29540
14;29546
31;29549
24;29553
10;29554
9;29555
5;29556
30;29557
200;29597
20;29598
34;29599
9;29600
21;29618
24;29619
30;29653
78;29693
43;29695
758;29696
25;29713
38;29715
31;29737
548;29739
21;29750
8;29789
13;29790
390;29791
13;29809
12;29810
7;29811
2;29812
4;29833
33;29840
14;29845
15;29847
62;29885
20;29886
45;29887
36;29888
35;29891
158;29892
19;29901
31;29906
14;29907
11;29908
37;29918
26;29930
29;29931
20;29933
15;29939
31;29968
62;29981
33;29982
26;29983
51;29984
6;29985
8;29986
16;29997
4;30001
13;30002
29;30003
6;30004
28;30026
25;30028
37;30030
2;30034
4;30035
26;30036
11;30037
29;30040
19;30069
21;30077
18;30078
24;30079
168;30080
8;30083
260;30084
13;30088
9;30112
4;30113
25;30135
30;30136
8;30139
157;30150
6;30173
43;30175
27;30176
229;30177
78;30179
16;30185
48;30205
39;30209
2;30211
27;30212
1;30213
5;30229
21;30236
26;30269
102;30270
11;30271
36;30272
5;30273
19;30289
181;30291
13;30292
20;30311
26;30317
10;30319
16;30325
37;30326
6;30327
13;30361
48;30365
25;30366
187;30367
220;30368
11;30385
34;30386
24;30388
4;30394
19;30398
20;30399
12;30404
22;30409
21;30415
17;30422
281;30461
38;30462
152;30463
28;30464
16;30477
9;30481
5;30482
29;30483
4;30484
22;30518
186;30557
29;30558
313;30559
60;30560
172;30568
3;30576
11;30577
1;30578
2;30590
173;30601
3;30602
29;30604
35;30653
98;30654
37;30656
11;30672
4;30674
5;30676
156;30685
37;30686
8;30704
3;30706
3;30708
170;30749
86;30750
7;30751
17;30752
15;30753
17;30754
24;30755
1;30756
155;30764
10;30770
3;30771
160;30773
25;30782
166;30788
29;30801
24;30805
4;30809
16;30811
28;30845
5;30846
4;30847
20;30848
17;30849
8;30851
74;30852
2;30867
27;30869
43;30878
8;30880
3;30897
27;30901
28;30907
17;30908
63;30941
48;30942
67;30943
115;30944
5;30961
32;30962
2;30963
3;30973
6;30975
3;30978
34;30988
26;30992
11;31038
65;31039
54;31040
89;31058
63;31059
26;31060
2;31068
21;31082
24;31088
25;31093
16;31094
13;31118
81;31133
218;31134
27;31135
21;31136
6;31145
2;31153
6;31154
2;31155
3;31156
7;31168
23;31183
10;31184
33;31185
36;31187
209;31229
13;31230
36;31231
14;31232
22;31238
4;31249
28;31250
4;31280
153;31282
15;31285
5;31287
19;31290
48;31325
185;31326
4;31327
42;31328
1;31338
10;31346
11;31348
33;31359
25;31368
3;31375
13;31402
30;31421
16;31422
26;31424
41;31426
18;31428
29;31451
6;31454
5;31457
33;31458
17;31459
153;31469
14;31474
162;31475
17;31479
20;31483
1;31496
69;31517
3;31519
21;31520
15;31521
170;31523
24;31524
15;31550
23;31551
29;31553
3;31555
31;31556
5;31572
12;31579
10;31613
54;31614
57;31615
16;31636
6;31657
38;31660
29;31664
11;31668
27;31672
38;31709
47;31710
19;31711
19;31712
176;31729
32;31732
23;31735
20;31746
31;31753
157;31755
20;31757
22;31760
21;31801
35;31805
28;31806
65;31807
95;31808
9;31809
30;31825
186;31826
13;31827
31;31828
21;31850
36;31851
56;31855
16;31859
231;31901
66;31902
44;31903
215;31904
32;31921
4;31922
27;31924
37;31947
8;31948
2;31949
19;31955
13;31957
15;31964
25;31993
566;31997
200;31998
2;31999
33;32000
39;32017
16;32018
7;32037
1;32041
171;32042
13;32051
13;32052
19;32056
3;32065
11;32073
165;32093
22;32094
40;32095
37;32096
63;32097
32;32098
27;32099
2;32100
578;32129
3;32130
6;32131
23;32138
10;32148
8;32154
19;32156
9;32177
11;32189
17;32190
186;32192
74;32193
56;32195
166;32196
28;32211
6;32215
15;32222
1;32224
3;32225
25;32227
22;32240
24;32245
43;32285
361;32286
52;32287
762;32288
15;32305
90;32306
3;32307
30;32308
3;32310
7;32320
22;32331
22;32334
6;32338
10;32340
6;32341
2;32343
19;32352
177;32381
36;32382
154;32383
56;32384
7;32389
4;32393
18;32402
23;32403
10;32404
30;32421
33;32424
6;32429
13;32430
3;32439
20;32440
8;32477
43;32478
74;32479
26;32489
1;32497
4;32498
16;32511
27;32523
18;32527
19;32535
29;32536
9;32561
46;32573
49;32574
66;32575
73;32576
47;32593
191;32595
18;32596
5;32622
164;32626
27;32627
28;32669
74;32670
20;32671
41;32672
29;32676
23;32688
69;32690
24;32691
17;32697
5;32707
23;32718
30;32719
19;32720
29;32721
4;32728
9;32737
8;32746
3;32749
21;32755
56;32765
181;32766
168;32767
38;32768
49;32769
30;32770
7;32771
5;32772
8;32774
6;32782
19;32784
5;32797
1;32798
148;32800
12;32801
27;32803
61;32817
54;32820
22;32821
20;32826
14;32838
4;32846
20;32856
214;32862
16;32863
38;32864
37;32865
35;32866
56;32867
15;32868
31;32871
8;32890
30;32893
193;32896
40;32897
2;32898
7;32900
1;32914
15;32915
5;32916
18;32919
26;32958
80;32959
61;32960
33;32963
14;32971
4;32977
25;32980
25;32982
16;32986
7;32995
3;33010
13;33011
15;33015
8;33053
30;33056
1;33073
11;33076
4;33086
24;33098
16;33103
10;33111
10;33112
26;33126
35;33149
13;33150
180;33151
101;33152
5;33159
16;33163
31;33169
11;33170
66;33171
30;33245
36;33247
14;33248
18;33256
8;33258
9;33260
15;33265
17;33266
5;33275
7;33288
25;33289
5;33293
6;33295
11;33296
23;33299
27;33304
16;33341
31;33342
37;33343
233;33344
17;33361
160;33362
3;33364
9;33374
22;33386
3;33397
23;33399
177;33437
27;33438
10;33439
35;33440
7;33441
62;33442
5;33443
77;33444
7;33446
29;33469
23;33471
184;33472
26;33473
23;33486
13;33487
37;33489
9;33499
10;33500
35;33537
48;33538
13;33565
6;33566
38;33568
5;33569
7;33570
10;33572
8;33591
23;33593
203;33629
21;33631
9;33632
11;33634
47;33649
11;33650
19;33651
17;33655
6;33657
14;33682
5;33683
29;33686
40;33687
53;33725
9;33726
211;33727
37;33741
32;33743
13;33745
64;33778
5;33783
26;33820
66;33821
77;33822
79;33824
7;33841
38;33842
32;33843
5;33844
6;33869
24;33871
152;33878
4;33879
11;33885
68;33917
13;33918
3;33919
39;33920
11;33923
8;33937
183;33940
28;33962
34;33966
12;33967
28;33968
4;33969
188;33971
29;33976
196;34013
175;34014
17;34015
170;34016
6;34026
1;34033
9;34036
4;34060
23;34061
26;34062
9;34069
31;34109
24;34110
165;34112
26;34113
11;34114
170;34115
57;34116
32;34127
26;34131
18;34133
19;34141
26;34143
24;34144
22;34145
22;34146
220;34147
22;34148
1;34158
166;34161
12;34172
8;34207
146;34208
169;34210
26;34211
28;34212
28;34213
14;34218
1;34219
19;34227
1;34250
33;34267
54;34303
26;34304
12;34321
33;34323
18;34329
34;34335
5;34348
8;34353
148;34373
1;34387
50;34398
81;34399
27;34400
8;34405
4;34408
19;34412
184;34417
20;34418
25;34424
33;34442
33;34448
29;34454
168;34493
25;34494
204;34496
3;34501
24;34506
1;34513
27;34514
154;34516
17;34527
16;34537
14;34539
5;34544
2;34547
156;34550
32;34551
27;34571
52;34589
50;34590
222;34591
60;34592
6;34601
19;34607
152;34609
4;34610
26;34611
3;34612
9;34638
20;34641
4;34648
147;34653
184;34685
51;34686
52;34687
15;34689
8;34692
4;34707
7;34711
13;34712
12;34731
30;34734
31;34738
14;34760
36;34777
226;34782
9;34783
36;34785
7;34786
11;34794
29;34813
6;34814
18;34815
9;34819
6;34832
4;34835
203;34843
157;34848
21;34849
33;34877
206;34878
60;34879
9;34880
8;34881
12;34882
36;34883
26;34884
41;34910
31;34911
6;34912
2;34913
21;34914
13;34915
15;34916
29;34920
1;34924
12;34928
27;34929
31;34935
170;34937
12;34940
60;34973
27;34974
31;34975
203;34976
1;34992
26;34993
5;34994
32;35026
