3;7
79;29
39;30
108;32
6;34
16;37
36;48
15;49
9;50
14;52
156;68
7;73
168;79
9;81
30;87
17;125
59;126
78;127
49;128
8;134
38;138
37;145
64;146
16;147
161;168
5;175
23;177
23;179
222;221
45;222
44;223
58;224
26;241
18;242
13;244
4;251
11;266
163;276
165;317
231;318
61;319
62;320
164;330
20;338
3;339
16;347
36;363
26;365
17;370
12;372
7;376
53;413
59;414
20;415
68;416
11;434
31;435
19;457
3;458
164;460
1;462
8;466
19;467
17;480
2;489
10;490
37;509
51;510
81;511
25;512
171;514
10;515
20;516
10;517
2;528
7;532
2;543
10;544
176;545
23;546
167;548
5;552
35;555
7;563
12;564
2;566
15;570
7;579
23;605
15;606
23;607
29;608
19;609
15;610
162;611
24;612
11;615
23;617
7;640
13;641
59;642
9;646
13;649
10;651
17;664
12;665
2;666
84;701
354;702
54;703
87;704
189;721
27;722
55;723
18;748
16;754
15;756
12;788
49;797
18;798
28;799
20;800
7;810
32;817
55;818
192;819
157;820
54;841
7;845
334;852
1;855
35;894
30;895
4;896
27;905
57;913
3;914
25;940
169;952
6;989
110;990
27;991
46;992
10;999
17;1010
16;1011
22;1012
7;1020
14;1023
11;1024
21;1035
22;1046
20;1047
23;1085
32;1086
25;1087
33;1088
2;1105
62;1107
21;1109
8;1123
24;1124
3;1125
36;1135
1;1142
74;1183
192;1184
58;1185
27;1186
30;1187
27;1188
13;1213
41;1214
1;1215
34;1216
13;1217
318;1218
40;1220
3;1236
29;1238
4;1244
1;1247
55;1278
34;1279
19;1280
52;1281
23;1284
12;1288
36;1309
28;1311
51;1312
25;1313
30;1314
36;1315
17;1327
13;1329
12;1330
61;1334
229;1373
12;1374
281;1375
8;1376
2;1385
569;1387
17;1391
33;1406
8;1408
149;1419
2;1420
33;1422
45;1423
31;1428
7;1429
7;1431
10;1432
10;1463
25;1469
83;1470
22;1471
16;1472
32;1484
2;1489
10;1490
57;1491
13;1503
8;1506
4;1510
14;1515
19;1516
21;1522
43;1566
57;1567
11;1568
2;1574
24;1585
34;1588
15;1607
1;1609
159;1615
4;1661
10;1663
402;1664
22;1673
30;1681
28;1682
48;1683
10;1699
9;1702
10;1704
13;1705
15;1711
8;1714
23;1720
37;1757
48;1758
209;1759
68;1760
24;1763
28;1779
162;1808
29;1810
49;1815
7;1836
159;1837
25;1850
16;1853
12;1854
107;1855
5;1856
53;1857
53;1858
4;1859
371;1860
12;1874
1;1887
5;1888
14;1889
7;1890
21;1891
18;1892
20;1902
6;1903
13;1907
15;1908
14;1910
4;1911
20;1913
54;1916
6;1931
21;1949
55;1950
25;1951
29;1952
5;1953
81;1954
207;1956
38;1960
27;1962
18;1970
2;1982
27;1984
154;1985
27;1986
1;1999
1;2002
4;2004
167;2006
35;2007
29;2008
31;2011
30;2045
49;2046
376;2047
22;2048
5;2050
11;2052
38;2060
188;2065
26;2089
34;2090
17;2092
5;2103
23;2105
596;2142
1;2143
6;2144
40;2158
63;2163
1;2164
21;2174
10;2183
16;2187
2;2191
24;2192
21;2195
16;2197
31;2200
34;2237
216;2238
27;2239
48;2240
32;2245
14;2252
6;2257
9;2258
31;2263
161;2270
5;2284
26;2289
16;2290
12;2294
145;2332
27;2333
20;2334
13;2335
114;2336
163;2345
35;2353
8;2355
48;2356
24;2358
7;2383
18;2384
9;2388
9;2390
9;2391
45;2429
243;2430
54;2431
10;2432
27;2441
24;2447
33;2451
33;2452
6;2455
8;2464
174;2481
32;2482
3;2493
26;2520
30;2525
32;2527
159;2528
1;2529
35;2530
57;2531
47;2532
158;2537
32;2546
19;2557
15;2558
32;2559
60;2561
13;2562
2;2563
10;2564
8;2578
23;2579
35;2580
18;2582
36;2583
24;2585
30;2586
6;2609
174;2621
55;2622
39;2623
22;2624
16;2625
81;2626
58;2627
159;2628
16;2637
8;2642
3;2649
14;2656
12;2658
21;2659
8;2673
167;2675
24;2679
9;2680
25;2717
33;2718
158;2719
15;2720
166;2724
2;2727
17;2737
34;2739
17;2740
9;2762
18;2770
4;2813
53;2814
235;2815
31;2816
42;2834
50;2835
9;2844
23;2848
18;2864
23;2865
10;2868
4;2872
104;2909
88;2910
48;2911
34;2912
12;2926
2;2929
21;2930
5;2931
2;2943
29;2955
10;2957
13;2962
10;2964
165;3005
33;3006
4;3007
15;3008
160;3014
152;3025
31;3026
52;3028
17;3037
32;3052
10;3058
4;3059
6;3060
5;3064
179;3101
55;3102
33;3103
48;3104
14;3105
38;3122
26;3123
10;3126
19;3128
168;3139
14;3146
1;3149
26;3150
23;3159
15;3160
27;3171
5;3182
171;3198
197;3199
34;3200
19;3203
32;3204
3;3210
9;3231
6;3232
2;3233
5;3234
3;3235
26;3249
16;3251
2;3257
38;3293
36;3294
562;3295
12;3296
209;3298
16;3300
30;3316
7;3323
33;3325
1;3328
12;3332
9;3336
5;3346
50;3347
12;3351
52;3389
30;3390
47;3391
192;3392
12;3398
35;3405
29;3410
25;3424
1;3438
3;3440
6;3441
16;3474
18;3485
39;3486
49;3487
6;3488
44;3508
24;3521
7;3530
20;3533
29;3534
9;3536
3;3539
70;3581
93;3582
14;3583
154;3585
161;3596
17;3597
6;3604
9;3608
16;3631
23;3634
24;3635
42;3677
18;3678
25;3679
53;3680
8;3681
12;3683
25;3697
30;3699
150;3703
9;3729
13;3730
86;3773
265;3774
61;3775
51;3776
5;3793
33;3795
5;3796
7;3818
193;3821
5;3832
24;3864
210;3869
160;3870
39;3871
18;3874
48;3875
50;3876
14;3878
11;3887
21;3892
16;3901
19;3902
19;3903
71;3904
10;3905
42;3907
24;3908
2;3918
36;3924
34;3927
21;3932
15;3949
25;3965
25;3966
8;3967
195;3968
63;3969
1;3970
23;3971
1;3972
25;3993
26;3994
8;3999
7;4000
3;4001
175;4004
7;4018
3;4021
48;4027
14;4028
150;4061
212;4062
26;4063
555;4064
4;4074
24;4081
30;4082
26;4088
30;4099
15;4110
10;4112
8;4113
17;4114
10;4115
34;4117
14;4119
10;4120
38;4156
50;4157
38;4158
32;4159
90;4160
7;4173
34;4178
6;4179
8;4186
148;4191
13;4202
14;4203
7;4204
18;4212
152;4213
28;4214
7;4216
218;4253
38;4254
36;4255
332;4256
8;4266
19;4273
6;4274
3;4275
71;4276
15;4279
9;4293
24;4297
6;4302
4;4309
18;4329
185;4349
101;4350
37;4351
46;4352
17;4359
87;4369
34;4370
5;4371
20;4372
47;4393
35;4394
9;4395
2;4397
15;4401
39;4402
759;4445
234;4446
19;4447
6;4465
7;4466
17;4467
7;4468
10;4480
5;4491
28;4497
40;4499
15;4500
25;4502
12;4503
167;4534
28;4541
42;4542
11;4543
4;4544
13;4545
19;4547
31;4548
3;4549
18;4560
31;4565
10;4573
15;4576
29;4577
19;4579
3;4585
23;4594
63;4595
14;4596
9;4602
22;4614
162;4638
11;4639
30;4640
170;4641
67;4642
26;4647
17;4656
28;4657
9;4665
14;4669
32;4676
20;4677
8;4684
18;4691
147;4698
91;4733
184;4734
85;4735
213;4736
2;4744
28;4752
48;4753
17;4754
34;4755
4;4756
8;4775
185;4791
7;4792
17;4797
160;4801
11;4809
17;4829
599;4830
21;4831
4;4832
171;4840
28;4841
6;4849
30;4850
24;4851
9;4878
18;4881
185;4885
2;4886
2;4887
1;4925
21;4926
198;4927
93;4928
20;4929
153;4937
33;4939
36;4947
17;4951
27;4973
16;4978
1;4979
9;4982
18;5021
193;5022
44;5023
67;5024
36;5041
2;5044
2;5065
13;5069
30;5077
17;5117
51;5118
93;5119
7;5120
20;5121
1;5137
2;5139
10;5142
9;5155
3;5171
5;5181
37;5216
26;5217
36;5218
44;5219
43;5220
1;5230
149;5231
3;5237
9;5238
33;5246
57;5248
6;5251
27;5252
25;5266
3;5270
144;5271
7;5273
29;5274
7;5275
24;5276
18;5278
172;5309
16;5311
34;5312
24;5313
348;5314
6;5315
10;5318
9;5321
66;5341
24;5343
12;5344
19;5346
12;5348
20;5349
1;5359
30;5364
9;5366
3;5367
19;5370
5;5371
185;5405
238;5406
36;5407
32;5408
22;5424
12;5425
29;5428
5;5430
3;5452
27;5460
13;5464
12;5501
55;5502
25;5503
35;5504
18;5521
24;5522
28;5523
11;5529
2;5538
34;5550
20;5552
7;5554
7;5555
14;5598
18;5599
26;5605
20;5644
40;5646
34;5648
44;5653
9;5674
124;5693
24;5694
29;5695
196;5696
20;5700
23;5708
32;5713
21;5714
47;5715
9;5716
18;5720
34;5725
6;5739
23;5743
42;5745
21;5747
72;5751
8;5762
174;5789
6;5790
184;5792
11;5802
8;5810
10;5834
15;5835
4;5844
20;5847
25;5885
73;5886
98;5887
187;5888
161;5890
163;5891
94;5892
30;5899
32;5912
595;5917
161;5918
16;5919
40;5920
7;5923
21;5925
5;5930
31;5938
8;5952
9;5965
19;5979
2;5980
14;5981
9;5982
19;5983
34;5984
13;5985
32;5986
7;5987
233;5988
14;6013
26;6014
59;6015
19;6016
7;6018
59;6019
3;6034
31;6038
12;6041
11;6042
12;6043
152;6044
8;6065
2;6077
218;6078
66;6079
586;6080
7;6089
3;6097
29;6098
9;6102
14;6109
4;6110
1;6115
12;6124
154;6127
64;6173
55;6174
81;6176
1;6179
8;6193
21;6194
26;6195
10;6197
8;6205
8;6211
3;6220
5;6221
173;6222
194;6226
23;6228
2;6229
14;6230
13;6231
157;6259
39;6269
10;6270
198;6271
166;6272
13;6289
64;6291
3;6294
36;6313
33;6317
19;6318
22;6319
8;6320
23;6321
4;6323
1;6326
45;6365
251;6366
4;6367
73;6368
175;6386
27;6387
156;6388
11;6408
161;6410
148;6416
3;6421
75;6461
39;6462
171;6463
41;6464
31;6467
36;6478
34;6481
12;6482
8;6483
21;6484
30;6500
159;6509
20;6512
18;6514
21;6515
13;6518
151;6520
8;6535
37;6557
22;6558
14;6559
199;6560
191;6561
73;6562
190;6563
21;6564
22;6566
9;6574
1;6575
16;6576
32;6590
1;6591
7;6593
16;6595
10;6600
31;6611
35;6613
3;6645
174;6653
22;6654
5;6655
11;6656
2;6657
173;6658
27;6659
15;6660
10;6675
38;6678
19;6685
5;6687
30;6691
154;6693
10;6711
35;6712
17;6719
16;6749
53;6750
107;6752
4;6762
10;6767
48;6770
16;6771
28;6772
35;6784
6;6794
16;6797
30;6801
146;6806
32;6829
19;6845
65;6846
5;6847
19;6848
152;6867
13;6868
9;6877
164;6891
16;6896
1;6900
27;6903
28;6918
21;6939
64;6941
319;6942
18;6943
51;6944
11;6946
11;6951
6;6956
22;6961
35;6962
94;6964
11;6967
10;6968
41;6986
25;6988
26;6994
16;6997
23;7008
72;7037
44;7038
24;7039
51;7040
17;7051
19;7058
30;7060
2;7062
4;7069
19;7084
1;7085
157;7086
12;7088
13;7090
554;7092
9;7095
13;7096
4;7117
26;7130
375;7133
54;7134
216;7135
14;7136
52;7153
46;7154
154;7170
3;7183
27;7186
12;7188
19;7230
27;7231
181;7233
3;7235
19;7237
35;7262
26;7263
67;7264
21;7266
71;7268
7;7289
155;7290
12;7291
11;7292
198;7316
18;7322
4;7325
4;7326
2;7327
46;7329
31;7330
162;7332
5;7357
166;7359
596;7361
66;7364
17;7377
149;7379
5;7381
28;7383
16;7387
142;7421
2;7422
238;7423
183;7424
10;7437
17;7441
27;7452
11;7457
8;7466
25;7477
40;7517
166;7518
59;7519
36;7520
18;7521
7;7537
11;7538
31;7613
30;7614
60;7615
40;7616
8;7617
16;7618
158;7627
44;7633
45;7635
23;7636
2;7642
21;7660
34;7663
4;7666
9;7671
34;7709
50;7710
71;7711
95;7712
20;7722
35;7726
14;7730
35;7731
17;7737
27;7747
3;7748
31;7753
155;7755
27;7765
34;7800
70;7805
30;7806
13;7807
226;7808
1;7825
13;7836
25;7852
44;7854
19;7901
26;7902
12;7903
3;7904
15;7905
40;7906
177;7907
20;7908
20;7909
22;7911
23;7919
7;7927
1;7929
56;7933
26;7935
39;7936
20;7937
20;7939
11;7940
150;7949
20;7952
4;7953
9;7954
30;7958
2;7963
6;7974
18;7997
38;7999
9;8000
44;8001
598;8002
12;8003
34;8004
23;8027
186;8030
1;8031
7;8032
19;8033
9;8034
7;8035
10;8036
166;8046
22;8052
3;8054
26;8056
30;8058
3;8060
14;8093
96;8094
26;8095
50;8096
7;8102
5;8113
18;8114
2;8117
11;8118
14;8132
12;8138
16;8141
28;8147
42;8150
36;8189
47;8190
48;8191
184;8192
15;8193
19;8201
6;8210
9;8211
24;8212
44;8221
39;8229
24;8235
13;8236
5;8240
25;8242
10;8246
5;8248
15;8261
15;8275
69;8285
199;8286
32;8287
234;8288
13;8290
24;8293
23;8301
30;8305
33;8306
25;8307
171;8312
29;8329
24;8331
22;8335
5;8336
3;8339
35;8342
148;8364
46;8381
32;8383
201;8384
20;8399
5;8400
4;8401
21;8402
10;8403
20;8404
14;8411
186;8429
1;8461
4;8477
47;8478
21;8479
59;8480
3;8485
35;8491
5;8497
29;8498
38;8499
12;8500
13;8510
3;8521
162;8523
2;8536
24;8573
46;8574
18;8575
189;8576
16;8577
21;8578
53;8580
15;8588
22;8595
10;8600
12;8605
31;8606
21;8608
12;8609
26;8610
3;8612
17;8615
6;8626
15;8632
2;8634
36;8635
15;8647
3;8665
44;8666
163;8667
47;8668
4;8669
10;8670
15;8672
27;8687
153;8691
55;8699
20;8700
35;8701
4;8704
18;8707
26;8720
14;8761
5;8762
153;8763
79;8764
17;8766
5;8773
11;8781
25;8783
28;8807
6;8811
9;8812
197;8814
33;8820
58;8857
39;8859
42;8860
2;8861
48;8877
8;8878
9;8879
3;8880
38;8884
8;8885
23;8890
21;8911
15;8912
19;8914
7;8916
62;8954
55;8955
9;8956
9;8963
5;8965
9;8969
7;8973
20;8975
15;8976
6;8990
28;8991
3;9001
13;9006
33;9009
18;9019
32;9023
34;9050
50;9051
25;9052
8;9069
13;9071
34;9072
6;9095
32;9097
169;9099
53;9100
8;9107
25;9108
33;9124
184;9145
40;9146
37;9147
31;9148
26;9152
157;9165
17;9166
8;9167
12;9169
6;9192
15;9194
20;9197
27;9198
14;9199
1;9200
22;9202
8;9224
25;9229
39;9241
42;9242
18;9243
39;9244
21;9245
13;9246
27;9247
4;9248
5;9275
18;9276
35;9277
15;9291
7;9294
33;9296
175;9299
11;9305
26;9315
7;9323
151;9338
36;9339
22;9340
18;9341
14;9342
46;9343
51;9344
24;9359
30;9363
8;9371
19;9372
66;9376
1;9399
23;9403
16;9428
29;9433
41;9434
9;9435
16;9436
34;9445
20;9448
40;9452
33;9454
157;9463
159;9477
6;9480
26;9492
258;9529
26;9530
2;9531
1;9532
15;9543
2;9549
3;9551
25;9552
29;9558
30;9576
14;9580
2;9581
6;9582
126;9626
63;9627
206;9628
169;9660
16;9669
24;9670
10;9675
10;9679
4;9691
9;9721
108;9722
11;9723
38;9724
21;9741
10;9742
23;9746
23;9765
19;9770
9;9779
47;9817
41;9818
119;9819
7;9820
10;9826
161;9828
23;9831
5;9839
26;9844
14;9849
1;9854
36;9862
15;9867
10;9870
19;9871
6;9874
20;9875
1;9876
30;9913
4;9914
18;9915
16;9916
6;9918
564;9919
213;9920
11;9937
39;9941
198;9945
196;9946
2;9948
7;9949
22;9958
21;9974
164;10009
14;10010
22;10012
39;10013
16;10015
41;10016
11;10022
24;10040
6;10042
16;10043
17;10044
10;10045
21;10046
10;10047
8;10069
28;10072
35;10105
2;10106
178;10107
55;10108
31;10118
38;10126
30;10127
16;10149
32;10152
26;10153
35;10159
24;10161
24;10163
29;10174
5;10191
30;10201
55;10202
53;10203
30;10204
12;10212
7;10217
37;10221
15;10224
24;10228
31;10231
23;10242
23;10251
36;10254
28;10258
6;10259
322;10260
42;10298
27;10299
222;10300
11;10317
38;10319
162;10320
31;10343
20;10344
28;10345
32;10349
24;10352
4;10355
194;10393
44;10395
127;10396
4;10408
35;10413
6;10414
5;10416
24;10417
17;10420
30;10437
32;10438
9;10439
27;10440
16;10443
11;10448
51;10489
201;10490
12;10491
5;10492
29;10494
19;10496
27;10503
4;10507
7;10510
11;10512
4;10514
5;10529
7;10537
2;10542
10;10547
6;10570
161;10571
17;10587
24;10588
16;10590
16;10591
148;10592
4;10617
17;10619
80;10620
49;10621
12;10632
10;10640
34;10642
20;10645
9;10647
32;10648
1;10676
28;10681
21;10682
14;10683
2;10684
35;10685
13;10687
3;10702
45;10713
23;10714
12;10717
67;10718
17;10720
20;10733
24;10734
13;10739
50;10777
175;10778
23;10780
162;10788
1;10791
10;10797
9;10799
580;10800
6;10814
26;10826
31;10829
7;10832
20;10834
4;10873
80;10874
34;10875
157;10876
5;10877
561;10881
12;10894
19;10907
3;10913
30;10917
11;10920
5;10921
19;10925
20;10929
54;10969
49;10970
29;10972
43;10980
4;10989
9;10990
11;10993
13;11009
8;11016
26;11019
161;11022
8;11035
18;11058
98;11065
702;11067
48;11068
13;11086
27;11087
3;11092
3;11101
32;11110
7;11114
6;11118
24;11119
22;11120
6;11161
23;11162
225;11163
564;11164
26;11167
31;11170
26;11177
33;11182
20;11183
55;11184
14;11198
35;11213
6;11233
16;11235
4;11255
16;11258
54;11259
172;11260
10;11261
191;11262
43;11263
12;11264
33;11265
6;11289
32;11290
18;11291
58;11292
41;11293
173;11294
19;11295
10;11296
28;11300
165;11313
34;11324
37;11353
2;11354
16;11355
8;11356
34;11357
80;11358
6;11359
18;11360
21;11385
36;11386
11;11389
27;11390
17;11391
17;11398
1;11408
87;11450
165;11451
166;11452
5;11471
47;11472
19;11494
1;11507
17;11533
6;11539
24;11545
177;11546
210;11547
21;11548
35;11556
20;11565
19;11566
40;11568
23;11589
166;11590
8;11592
203;11596
5;11597
3;11600
8;11602
26;11641
9;11642
53;11643
29;11644
31;11650
16;11656
31;11658
144;11661
32;11664
7;11685
40;11737
8;11738
12;11739
29;11740
7;11748
2;11752
3;11755
7;11757
30;11759
10;11786
19;11787
156;11788
21;11801
213;11833
172;11835
65;11836
5;11852
21;11853
2;11854
2;11862
20;11872
13;11878
20;11879
6;11881
16;11884
35;11913
36;11930
34;11931
77;11933
34;11934
147;11935
25;11936
25;11954
31;11960
39;11961
5;11962
34;11963
29;11964
16;11965
37;11968
19;11973
4;11977
9;11985
10;11987
24;11991
39;12025
34;12027
58;12028
27;12029
43;12030
153;12031
5;12032
9;12035
6;12041
20;12044
153;12055
19;12057
50;12058
45;12060
33;12061
43;12062
3;12063
1;12077
22;12078
12;12082
9;12086
16;12088
47;12121
58;12122
194;12123
1;12141
54;12143
180;12144
16;12165
17;12167
2;12173
12;12180
12;12191
157;12193
26;12209
23;12217
53;12218
61;12219
196;12220
38;12225
6;12238
30;12255
10;12261
4;12273
55;12313
45;12314
10;12316
5;12323
27;12326
23;12327
34;12334
12;12335
12;12346
24;12349
30;12354
14;12364
5;12366
26;12368
39;12370
10;12385
3;12390
27;12409
83;12410
20;12411
44;12412
16;12415
33;12419
7;12429
28;12431
15;12440
4;12446
12;12449
19;12453
9;12455
37;12458
10;12459
24;12469
27;12505
26;12506
92;12507
11;12508
29;12527
29;12528
20;12544
10;12545
10;12549
10;12553
15;12554
25;12556
15;12564
23;12567
12;12590
335;12602
10;12603
11;12604
13;12605
8;12606
21;12607
46;12608
16;12629
17;12633
38;12635
16;12636
40;12639
9;12658
25;12660
27;12661
26;12663
23;12664
8;12675
2;12677
6;12697
10;12698
40;12699
2;12701
8;12702
38;12703
72;12704
10;12706
1;12712
1;12721
20;12729
22;12730
24;12731
3;12732
25;12733
8;12746
151;12751
20;12752
32;12753
4;12754
10;12793
219;12794
39;12795
10;12796
177;12800
6;12803
29;12814
197;12815
66;12816
29;12824
10;12837
8;12841
37;12849
3;12851
15;12889
7;12890
19;12891
40;12892
32;12894
6;12897
14;12907
37;12909
5;12910
8;12911
28;12912
28;12938
36;12940
38;12941
11;12945
57;12947
12;12948
44;12986
735;12987
9;12988
30;13002
19;13004
30;13005
25;13007
13;13013
8;13018
2;13032
30;13039
156;13050
37;13081
210;13082
41;13083
11;13084
8;13101
9;13102
67;13104
2;13120
22;13127
144;13130
12;13139
9;13140
20;13177
15;13178
10;13179
172;13180
169;13197
11;13199
18;13221
175;13224
32;13228
24;13232
36;13243
21;13273
45;13274
164;13275
61;13277
23;13279
26;13280
17;13293
162;13305
197;13308
48;13309
7;13312
2;13327
19;13328
51;13369
151;13370
4;13371
15;13372
8;13373
4;13374
28;13375
28;13376
9;13386
8;13390
16;13391
22;13394
30;13401
19;13405
31;13407
157;13415
24;13423
6;13426
12;13427
9;13430
4;13459
177;13465
42;13466
50;13467
26;13468
21;13486
27;13488
9;13490
17;13493
3;13498
21;13519
102;13561
14;13562
331;13563
40;13564
10;13584
8;13606
13;13609
27;13617
72;13657
55;13658
72;13659
42;13677
5;13680
7;13698
15;13703
14;13716
28;13742
1;13753
32;13754
89;13755
11;13756
26;13773
167;13774
6;13775
17;13776
4;13801
14;13802
29;13807
6;13844
37;13849
121;13850
60;13851
157;13852
1;13858
5;13865
185;13869
167;13870
4;13871
155;13872
21;13891
14;13897
163;13900
158;13901
36;13902
23;13903
2;13905
2;13907
9;13908
14;13945
49;13947
17;13949
26;13950
31;13951
21;13952
34;13974
153;13977
5;13978
13;13979
150;13980
167;13981
41;13982
5;13983
35;13984
24;13992
16;13994
14;13995
37;14006
27;14007
19;14038
178;14041
32;14042
22;14043
25;14044
17;14045
5;14047
48;14048
27;14053
43;14073
38;14074
3;14075
43;14079
17;14093
14;14094
20;14099
54;14137
28;14138
62;14139
172;14140
14;14141
15;14149
20;14154
17;14157
22;14158
18;14160
21;14163
6;14181
9;14183
3;14184
3;14193
14;14233
166;14234
33;14236
26;14253
9;14254
17;14255
31;14256
1;14258
28;14276
3;14282
18;14287
7;14289
174;14329
255;14330
19;14331
33;14349
20;14350
15;14351
23;14352
32;14366
5;14371
30;14374
33;14375
23;14378
26;14384
161;14388
12;14425
25;14426
188;14427
184;14428
33;14446
40;14447
33;14448
41;14449
18;14451
12;14470
10;14472
25;14479
28;14481
15;14482
19;14484
155;14489
62;14521
203;14522
20;14523
62;14524
9;14541
8;14544
7;14551
1;14561
9;14565
18;14570
22;14575
6;14576
37;14580
14;14612
27;14617
151;14618
176;14619
470;14620
44;14621
28;14623
153;14624
43;14649
11;14650
6;14652
156;14654
44;14655
14;14670
8;14672
13;14673
2;14674
19;14675
1;14678
165;14691
12;14713
26;14714
22;14715
179;14716
28;14717
16;14718
20;14737
46;14745
34;14748
38;14751
59;14752
7;14756
40;14768
14;14769
12;14771
10;14776
48;14809
40;14810
1;14811
20;14812
23;14817
6;14819
25;14829
177;14853
183;14863
22;14868
60;14905
168;14906
22;14907
89;14908
5;14917
12;14919
14;14926
39;14927
82;14928
36;14934
31;14938
18;14947
7;14949
18;14953
19;14954
22;14963
45;15001
23;15002
18;15003
200;15004
5;15018
26;15023
1;15024
155;15031
28;15042
16;15045
32;15049
14;15056
15;15057
39;15097
53;15098
1;15099
16;15100
18;15110
1;15118
26;15120
155;15129
19;15139
13;15142
2;15143
19;15145
12;15150
79;15193
50;15194
26;15195
181;15196
69;15197
1;15200
191;15213
20;15239
20;15244
33;15252
32;15261
32;15289
14;15290
52;15291
34;15292
10;15294
20;15295
1;15296
4;15319
7;15320
31;15321
180;15327
68;15328
25;15335
25;15338
22;15343
5;15344
144;15349
164;15350
33;15382
34;15385
7;15386
25;15389
31;15390
34;15391
15;15393
6;15409
35;15418
11;15419
51;15420
5;15437
22;15445
13;15446
30;15481
245;15483
150;15484
21;15492
31;15501
177;15504
23;15526
14;15527
21;15528
12;15533
19;15535
5;15577
15;15578
57;15579
64;15580
15;15588
21;15592
154;15597
31;15598
2;15600
37;15616
15;15632
15;15638
34;15673
31;15674
83;15675
202;15676
21;15680
7;15681
26;15693
39;15695
11;15702
30;15713
29;15717
33;15719
15;15724
30;15726
557;15730
19;15737
13;15769
69;15770
7;15771
20;15772
41;15789
2;15803
8;15865
61;15866
16;15867
43;15868
168;15875
20;15882
26;15885
7;15886
5;15896
37;15910
14;15915
25;15921
18;15922
9;15961
6;15963
211;15964
38;15966
5;15967
159;15977
6;15978
1;15979
16;15993
23;15994
11;15995
7;15997
20;15998
4;15999
41;16000
173;16004
8;16012
163;16013
10;16020
5;16022
28;16047
12;16057
20;16059
41;16060
218;16061
195;16062
178;16064
5;16075
8;16081
30;16085
11;16089
170;16090
21;16091
69;16094
29;16098
12;16109
12;16115
17;16118
10;16142
17;16153
55;16154
2;16155
11;16156
13;16160
28;16165
24;16171
12;16173
39;16175
11;16176
1;16205
173;16222
15;16232
27;16249
29;16250
39;16251
164;16252
12;16269
5;16270
6;16271
22;16272
16;16281
16;16292
173;16298
28;16299
3;16303
5;16307
30;16308
157;16345
203;16347
63;16348
7;16361
17;16366
4;16388
15;16402
14;16429
40;16441
19;16442
13;16443
13;16444
21;16462
13;16486
28;16487
151;16497
2;16498
31;16537
59;16538
48;16539
19;16540
23;16557
190;16560
163;16577
28;16580
21;16585
12;16588
5;16589
11;16593
4;16594
20;16633
32;16634
171;16635
55;16637
24;16639
26;16640
48;16641
14;16656
7;16664
59;16669
25;16670
16;16671
9;16672
45;16691
33;16699
1;16721
63;16729
175;16732
23;16735
32;16736
29;16743
32;16761
11;16764
23;16765
15;16767
8;16781
37;16784
6;16787
17;16792
209;16825
11;16826
163;16827
51;16828
17;16837
2;16845
12;16846
6;16870
9;16871
31;16878
12;16882
30;16897
8;16921
21;16922
245;16923
55;16924
153;16941
16;16942
27;16944
6;16945
155;16955
20;16965
9;16966
12;16967
6;16977
1;17017
77;17018
31;17019
37;17020
6;17024
17;17026
22;17031
27;17035
28;17040
1;17063
13;17068
4;17070
6;17073
2;17076
179;17113
194;17114
83;17115
31;17116
21;17117
4;17122
12;17133
7;17134
47;17135
165;17136
164;17154
35;17158
33;17160
5;17162
24;17163
21;17165
30;17167
14;17168
59;17209
38;17210
44;17211
27;17212
30;17230
14;17231
30;17232
26;17243
26;17256
10;17261
4;17266
13;17305
37;17306
196;17307
47;17309
33;17310
48;17311
171;17312
7;17316
5;17329
10;17330
28;17338
11;17339
158;17343
1;17344
31;17348
11;17357
5;17359
6;17360
19;17362
6;17366
11;17367
23;17380
152;17382
18;17401
25;17402
36;17403
15;17404
154;17405
37;17406
572;17416
64;17433
9;17436
38;17439
30;17440
1;17443
4;17448
28;17454
6;17455
3;17463
36;17497
162;17498
13;17499
6;17500
2;17517
5;17518
39;17546
12;17551
30;17555
12;17559
31;17593
6;17594
31;17595
37;17596
167;17615
5;17616
161;17635
161;17637
6;17642
6;17643
8;17645
12;17649
34;17650
5;17651
44;17652
18;17689
13;17690
14;17691
178;17692
9;17709
29;17710
22;17734
13;17743
62;17785
29;17786
4;17787
45;17788
20;17805
31;17806
20;17807
27;17829
19;17831
29;17834
23;17835
10;17838
16;17839
158;17843
38;17882
45;17883
9;17889
32;17896
169;17901
24;17902
7;17903
12;17925
12;17929
1;17933
9;17938
165;17978
28;17979
11;17980
5;17982
48;17983
26;17984
1;17990
8;18006
1;18009
39;18012
154;18014
13;18022
33;18028
38;18031
2;18034
27;18035
2;18038
4;18039
21;18067
8;18073
9;18075
160;18076
12;18077
6;18080
13;18099
22;18103
2;18105
6;18106
2;18107
30;18111
50;18112
170;18116
28;18122
24;18123
23;18126
168;18128
16;18135
14;18145
6;18169
169;18170
85;18171
279;18172
5;18180
12;18186
31;18192
17;18199
17;18217
27;18218
4;18227
187;18265
2;18266
60;18267
10;18268
26;18274
2;18288
25;18299
154;18303
10;18312
14;18321
8;18324
18;18362
21;18363
44;18364
6;18381
19;18383
12;18384
3;18403
17;18406
12;18407
27;18409
4;18413
6;18419
44;18457
29;18458
18;18459
25;18478
171;18480
5;18487
1;18497
40;18501
2;18508
3;18546
39;18553
159;18554
47;18555
186;18556
2;18564
7;18571
47;18575
6;18576
18;18587
9;18597
159;18602
9;18604
16;18606
17;18609
23;18611
13;18649
14;18650
3;18652
10;18653
13;18655
19;18656
169;18669
1;18685
17;18688
17;18699
17;18702
3;18703
24;18706
50;18707
25;18709
24;18714
13;18718
3;18739
18;18744
8;18745
30;18746
31;18747
17;18749
102;18750
28;18751
26;18758
34;18777
22;18778
21;18779
36;18780
25;18781
19;18801
42;18841
45;18842
60;18843
106;18844
18;18849
3;18856
7;18864
23;18870
25;18886
14;18890
27;18897
9;18937
45;18938
179;18939
31;18940
37;18957
16;18960
22;18964
24;18972
17;18983
31;18985
26;18990
4;18991
29;19033
22;19034
40;19035
5;19036
33;19045
17;19056
16;19078
17;19083
174;19087
28;19089
17;19090
25;19130
101;19131
48;19132
17;19141
28;19143
1;19151
21;19152
6;19175
19;19180
28;19181
8;19185
32;19225
28;19226
725;19227
30;19228
27;19234
8;19245
11;19247
22;19252
42;19267
37;19268
23;19275
17;19278
16;19282
5;19312
14;19321
26;19322
34;19324
9;19325
37;19326
41;19327
45;19328
23;19354
22;19363
10;19417
15;19420
24;19421
18;19423
7;19424
15;19439
14;19441
24;19442
12;19445
24;19450
23;19451
3;19452
12;19455
2;19462
17;19470
7;19471
39;19472
152;19476
18;19480
27;19513
68;19514
62;19515
78;19516
4;19534
47;19536
28;19560
47;19563
12;19567
20;19572
35;19609
15;19610
40;19611
209;19612
5;19629
20;19630
162;19631
20;19659
12;19660
8;19661
64;19662
37;19668
43;19705
202;19706
32;19707
178;19708
16;19712
9;19713
2;19725
21;19727
30;19753
10;19759
29;19760
10;19763
15;19764
34;19801
177;19802
10;19803
59;19804
2;19821
62;19822
4;19823
8;19831
9;19838
17;19846
35;19848
14;19851
32;19854
24;19858
39;19897
62;19898
54;19899
30;19900
12;19917
11;19919
156;19924
3;19936
8;19946
11;19951
16;19953
3;19993
54;19994
15;19995
188;19997
9;19999
28;20018
7;20026
10;20027
19;20028
11;20029
10;20030
159;20031
151;20045
19;20047
2;20051
29;20054
26;20089
10;20091
237;20093
32;20094
45;20095
158;20105
21;20122
21;20123
563;20127
6;20128
11;20143
5;20149
14;20152
26;20185
28;20186
222;20187
166;20188
26;20189
14;20205
16;20206
27;20207
3;20208
40;20217
1;20230
11;20241
1;20251
43;20281
24;20282
179;20283
594;20284
11;20288
9;20290
6;20316
6;20328
1;20329
23;20332
6;20356
7;20371
34;20377
46;20378
18;20379
56;20380
32;20396
40;20399
10;20400
1;20424
8;20425
17;20426
19;20427
10;20432
13;20435
66;20473
26;20474
61;20475
180;20476
1;20477
8;20495
35;20496
22;20519
10;20525
22;20530
35;20569
30;20570
161;20571
24;20572
11;20591
9;20592
18;20599
15;20617
30;20620
44;20624
174;20626
11;20628
17;20631
10;20633
15;20655
25;20661
13;20665
168;20666
2;20667
12;20668
66;20669
26;20670
166;20671
11;20672
34;20698
15;20699
24;20700
560;20702
16;20704
7;20722
19;20723
8;20725
19;20726
8;20761
43;20762
39;20763
16;20764
30;20765
52;20766
13;20767
11;20768
31;20777
1;20779
10;20799
6;20801
9;20811
28;20820
5;20822
14;20823
4;20852
83;20857
238;20858
48;20859
75;20860
23;20877
11;20879
20;20893
10;20905
11;20908
7;20913
13;20953
42;20954
55;20955
57;20956
11;20976
13;21005
148;21008
24;21013
11;21031
38;21049
17;21050
5;21051
7;21061
1;21069
7;21072
26;21095
22;21098
30;21101
192;21145
34;21146
19;21147
63;21148
164;21166
65;21167
25;21168
11;21187
12;21194
30;21195
25;21198
32;21203
17;21208
7;21242
15;21243
74;21244
550;21252
18;21262
3;21264
4;21285
4;21292
29;21294
15;21295
26;21296
14;21322
28;21337
6;21338
570;21340
18;21341
4;21342
26;21343
48;21344
1;21353
6;21371
207;21372
10;21375
31;21376
16;21391
8;21392
10;21394
8;21395
22;21396
32;21397
3;21398
31;21427
24;21433
3;21434
22;21435
64;21436
17;21437
3;21438
202;21439
6;21444
1;21452
9;21467
7;21468
34;21469
4;21470
32;21491
23;21492
17;21517
16;21529
198;21530
24;21531
51;21532
9;21549
19;21551
34;21552
25;21575
18;21578
30;21582
12;21583
14;21588
13;21603
28;21624
32;21625
15;21626
321;21627
182;21628
5;21646
15;21647
6;21648
37;21676
6;21681
13;21684
41;21721
28;21722
43;21723
10;21724
35;21742
11;21744
153;21765
24;21766
34;21768
554;21770
31;21772
89;21817
7;21818
28;21819
45;21820
42;21838
6;21870
6;21874
48;21913
42;21914
33;21915
20;21916
15;21920
6;21926
76;21933
1;21934
28;21937
8;21945
12;21947
5;21972
339;22010
24;22011
24;22012
32;22013
9;22014
15;22015
25;22016
1;22040
163;22042
7;22043
97;22044
7;22045
52;22047
17;22054
2;22064
20;22065
31;22105
14;22106
42;22107
156;22108
20;22109
216;22111
23;22112
11;22135
19;22137
16;22141
32;22144
13;22162
29;22164
19;22166
28;22201
36;22202
20;22203
51;22204
17;22221
17;22222
18;22223
44;22224
15;22230
6;22245
19;22246
4;22260
200;22297
31;22298
50;22299
15;22300
32;22301
18;22318
5;22319
23;22341
14;22343
17;22346
8;22349
11;22352
166;22394
37;22395
50;22396
10;22400
28;22422
6;22426
8;22427
33;22446
10;22448
169;22450
15;22489
9;22490
119;22491
187;22492
29;22510
39;22511
15;22512
25;22526
6;22538
156;22541
22;22543
29;22545
14;22585
24;22586
27;22587
32;22588
27;22598
29;22604
48;22606
6;22608
25;22611
36;22627
28;22631
5;22636
7;22639
54;22681
27;22682
151;22684
8;22685
26;22686
12;22687
29;22688
26;22713
35;22716
25;22720
1;22723
5;22729
18;22731
21;22743
47;22777
14;22778
179;22779
4;22780
19;22781
10;22784
29;22797
4;22809
18;22811
33;22812
40;22813
9;22814
7;22825
22;22831
8;22864
14;22873
164;22874
209;22875
48;22876
22;22883
33;22885
24;22894
16;22926
18;22947
26;22969
88;22970
42;22971
28;22972
1;22983
30;22989
34;22990
26;22991
46;23002
24;23015
9;23016
4;23018
62;23065
13;23066
182;23067
53;23068
21;23081
156;23105
37;23113
14;23114
7;23116
15;23117
17;23119
40;23121
5;23122
4;23160
40;23161
10;23162
4;23163
264;23164
13;23166
26;23193
4;23205
12;23213
7;23258
32;23259
32;23260
28;23272
53;23278
27;23283
9;23287
2;23297
38;23302
709;23312
20;23353
34;23354
5;23355
19;23356
22;23357
176;23358
45;23359
33;23360
2;23364
164;23377
16;23378
9;23384
37;23386
40;23387
20;23390
24;23391
4;23392
21;23406
21;23412
1;23419
30;23440
51;23449
49;23450
41;23451
177;23452
36;23453
8;23456
21;23484
1;23485
11;23487
17;23488
548;23508
39;23545
29;23546
10;23547
8;23563
14;23565
37;23567
12;23568
1;23584
1;23592
27;23595
176;23599
24;23602
154;23603
32;23604
10;23618
198;23641
104;23642
69;23643
30;23644
7;23658
3;23660
11;23661
31;23662
32;23667
162;23670
159;23690
15;23694
159;23695
176;23697
51;23700
39;23737
42;23738
29;23739
90;23740
18;23745
14;23755
14;23757
16;23758
20;23783
34;23784
14;23795
190;23833
156;23834
172;23835
21;23836
9;23844
26;23854
8;23855
18;23856
26;23881
172;23885
10;23900
7;23929
203;23930
30;23931
596;23932
7;23939
24;23955
7;23971
22;23981
9;24006
2;24014
165;24025
22;24026
40;24027
44;24029
28;24030
25;24031
65;24032
23;24050
18;24051
3;24058
6;24059
3;24063
12;24079
7;24081
25;24082
9;24085
13;24121
45;24122
35;24123
171;24124
9;24125
17;24126
17;24127
46;24128
17;24129
6;24143
8;24154
44;24156
3;24159
24;24173
27;24174
61;24217
47;24218
33;24219
181;24220
23;24237
155;24238
33;24240
27;24272
24;24273
35;24274
5;24311
20;24313
40;24314
22;24315
8;24316
26;24327
155;24333
589;24334
22;24338
11;24345
4;24350
2;24362
6;24367
8;24370
352;24409
207;24410
32;24411
37;24412
9;24424
13;24430
15;24432
15;24435
13;24452
44;24457
3;24459
9;24460
8;24461
34;24505
9;24506
38;24507
18;24508
12;24519
7;24525
13;24541
24;24549
13;24559
8;24594
60;24601
24;24602
61;24603
36;24604
6;24612
11;24621
165;24623
17;24624
12;24634
12;24650
7;24656
12;24658
33;24697
3;24698
26;24699
18;24700
13;24701
19;24702
189;24703
53;24704
560;24718
14;24721
11;24729
12;24732
24;24734
33;24736
12;24741
5;24751
10;24757
156;24765
27;24779
12;24793
2;24794
27;24796
41;24797
51;24798
31;24799
367;24800
4;24805
9;24807
158;24814
22;24823
15;24825
24;24826
9;24830
7;24857
43;24889
59;24890
37;24891
65;24892
18;24910
25;24911
24;24912
13;24924
10;24930
5;24935
37;24985
192;24986
46;24987
236;24988
2;24991
5;25005
16;25008
28;25028
23;25039
174;25040
3;25044
35;25063
28;25081
36;25082
33;25083
17;25084
17;25086
706;25102
165;25103
7;25115
18;25129
74;25177
187;25178
172;25180
8;25183
50;25197
9;25200
35;25204
28;25225
25;25230
23;25236
80;25273
122;25274
44;25275
208;25276
12;25287
26;25293
5;25319
49;25320
4;25324
26;25327
33;25328
23;25329
17;25330
163;25332
149;25369
64;25371
22;25372
12;25373
65;25374
83;25375
11;25376
23;25398
6;25403
40;25407
13;25422
8;25423
21;25424
17;25465
7;25466
18;25467
73;25471
54;25472
28;25478
5;25493
44;25501
11;25503
7;25504
23;25518
9;25519
1;25520
20;25521
18;25526
19;25527
4;25557
23;25560
84;25561
237;25562
21;25563
59;25564
36;25581
6;25582
7;25584
29;25598
11;25607
9;25610
163;25611
74;25657
6;25658
9;25659
213;25660
5;25676
160;25680
3;25686
26;25688
27;25698
20;25706
167;25707
28;25753
29;25754
29;25755
26;25756
31;25759
19;25768
1;25773
17;25775
6;25776
146;25800
1;25803
1;25805
192;25806
205;25849
13;25850
54;25851
31;25852
32;25853
1;25855
19;25862
21;25870
29;25871
21;25895
7;25901
14;25907
6;25945
181;25946
168;25947
32;25948
21;25960
15;25989
15;25991
155;25992
29;25995
19;25996
20;26003
24;26018
10;26041
9;26042
45;26043
71;26046
37;26047
36;26048
8;26054
158;26074
24;26075
8;26078
34;26079
21;26080
6;26086
36;26093
32;26095
6;26096
31;26099
19;26101
30;26104
29;26122
43;26137
6;26138
62;26140
26;26141
46;26142
39;26143
24;26158
170;26171
16;26172
40;26173
27;26175
18;26176
20;26190
3;26193
46;26196
16;26204
197;26233
101;26234
26;26235
11;26243
16;26273
1;26278
12;26290
6;26292
71;26329
175;26330
35;26331
92;26332
14;26344
27;26373
19;26376
24;26379
28;26380
22;26381
48;26425
6;26426
42;26427
20;26438
12;26445
26;26447
37;26448
14;26450
7;26469
7;26470
52;26521
48;26522
180;26523
79;26524
8;26538
157;26542
23;26543
16;26555
25;26566
3;26569
23;26570
2;26576
15;26579
30;26594
15;26617
104;26618
177;26619
240;26620
5;26637
8;26638
52;26640
11;26651
27;26662
18;26663
9;26668
9;26670
25;26674
157;26689
29;26693
3;26713
257;26715
23;26717
561;26718
45;26719
13;26745
8;26746
28;26750
10;26751
8;26754
2;26759
10;26771
8;26772
28;26774
36;26781
27;26807
7;26810
45;26812
13;26813
10;26814
1;26815
2;26816
35;26841
23;26847
12;26848
9;26857
19;26862
32;26864
12;26871
21;26903
163;26905
220;26906
19;26907
587;26908
28;26911
22;26915
12;26924
78;26925
36;26926
29;26927
35;26928
7;26949
3;26957
5;26958
55;27001
29;27002
68;27003
571;27004
16;27012
6;27013
4;27021
11;27023
3;27024
29;27026
14;27037
27;27045
9;27046
4;27053
30;27055
56;27097
29;27099
62;27100
6;27105
31;27116
25;27117
11;27118
21;27130
174;27141
168;27145
11;27147
157;27154
36;27193
196;27194
26;27195
161;27196
1;27215
159;27216
3;27224
13;27238
2;27240
35;27243
23;27244
23;27251
19;27289
36;27290
38;27291
5;27292
41;27312
154;27313
16;27338
1;27341
4;27342
58;27346
24;27347
12;27373
32;27385
345;27386
319;27387
34;27388
49;27389
24;27390
15;27392
16;27418
12;27419
7;27420
18;27423
8;27424
3;27438
31;27447
35;27481
25;27482
2;27483
9;27484
67;27485
165;27486
11;27487
168;27513
17;27516
18;27521
7;27529
7;27537
11;27541
7;27577
175;27578
21;27579
162;27580
4;27583
35;27586
31;27588
26;27598
15;27601
14;27636
12;27673
56;27674
64;27675
76;27676
21;27680
4;27681
2;27693
12;27696
16;27718
20;27730
33;27731
28;27769
38;27770
34;27772
10;27781
19;27791
13;27795
4;27813
4;27817
10;27830
48;27865
181;27866
23;27867
38;27868
3;27871
11;27885
3;27886
11;27887
49;27888
34;27913
8;27916
2;27922
48;27962
49;27963
168;27964
28;27982
110;27983
189;27984
1;27994
30;27995
2;28005
4;28011
15;28014
22;28015
31;28041
11;28057
35;28058
17;28059
28;28060
66;28062
27;28063
52;28064
14;28089
6;28090
19;28091
42;28094
20;28100
3;28101
10;28103
34;28105
31;28109
17;28116
22;28120
5;28121
31;28153
155;28154
29;28155
15;28156
8;28157
361;28158
178;28159
21;28160
2;28185
30;28186
16;28188
58;28191
168;28192
12;28198
17;28200
26;28206
25;28212
14;28215
76;28249
29;28250
9;28252
30;28260
3;28269
32;28271
1;28281
205;28303
8;28304
8;28307
27;28314
66;28345
26;28346
211;28347
181;28348
5;28365
17;28366
9;28375
8;28379
4;28381
11;28389
10;28398
63;28441
160;28442
46;28443
38;28444
3;28445
7;28462
22;28463
3;28464
6;28467
17;28485
12;28492
8;28500
3;28501
45;28537
11;28538
43;28539
157;28540
179;28545
158;28556
15;28558
2;28559
169;28560
27;28566
21;28568
30;28574
18;28583
6;28584
21;28590
164;28600
130;28633
197;28634
27;28635
16;28636
193;28653
8;28655
45;28656
33;28659
28;28662
1;28671
14;28678
27;28679
13;28683
11;28684
15;28687
5;28691
13;28693
18;28704
5;28710
580;28730
21;28733
146;28735
154;28736
15;28749
29;28761
35;28762
42;28763
189;28764
37;28765
6;28767
5;28780
5;28788
6;28807
25;28825
1;28826
161;28829
35;28830
8;28831
36;28832
24;28838
15;28844
170;28857
10;28859
14;28860
7;28863
30;28864
12;28877
35;28878
13;28884
178;28921
27;28922
186;28923
15;28924
34;28929
24;28941
3;28942
16;28943
80;28944
24;28949
8;28965
18;28969
10;28972
36;28977
10;28978
30;28988
36;29017
5;29018
63;29019
61;29020
12;29028
34;29039
12;29040
6;29041
26;29069
1;29075
167;29092
50;29113
37;29114
180;29115
22;29116
5;29120
28;29122
153;29157
18;29168
16;29213
22;29215
58;29216
19;29224
23;29227
14;29236
31;29245
26;29248
37;29258
19;29259
55;29269
13;29271
3;29290
126;29309
52;29310
27;29311
53;29312
10;29327
25;29329
2;29335
162;29356
3;29359
12;29360
166;29362
19;29366
8;29367
10;29403
25;29405
166;29406
2;29407
24;29408
41;29409
25;29410
2;29411
29;29412
17;29420
12;29437
11;29439
162;29440
44;29441
3;29442
7;29444
18;29445
24;29455
194;29457
11;29458
10;29466
30;29468
22;29479
20;29484
5;29487
8;29493
6;29501
46;29502
44;29503
13;29505
7;29507
8;29533
53;29534
3;29535
4;29537
57;29538
1;29549
3;29556
20;29558
25;29563
25;29581
39;29584
6;29590
90;29597
89;29598
172;29599
74;29600
2;29606
20;29618
31;29619
12;29620
9;29627
1;29643
11;29647
15;29648
29;29654
4;29656
13;29694
48;29695
10;29701
31;29714
33;29715
9;29721
23;29737
22;29743
2;29744
27;29751
7;29767
47;29789
60;29790
181;29791
193;29792
45;29812
31;29824
4;29838
1;29840
24;29846
65;29885
8;29886
46;29887
334;29888
8;29900
19;29907
1;29908
7;29912
20;29919
17;29920
18;29923
17;29930
21;29936
26;29937
33;29980
32;29981
41;29982
17;29984
24;29988
24;29989
8;29996
56;30001
4;30002
152;30003
164;30021
18;30032
12;30048
41;30077
7;30078
24;30079
27;30080
7;30082
14;30083
13;30084
8;30091
8;30093
150;30096
12;30107
15;30109
29;30110
193;30112
21;30115
5;30122
9;30129
33;30134
7;30135
20;30136
4;30173
19;30174
9;30175
2;30176
4;30177
37;30178
29;30179
5;30182
7;30205
19;30207
17;30225
6;30231
25;30236
10;30237
9;30246
11;30269
43;30270
55;30271
149;30272
26;30287
22;30290
33;30291
13;30292
6;30313
29;30316
1;30319
19;30323
34;30365
193;30366
10;30367
61;30368
34;30375
24;30385
240;30386
22;30387
165;30388
17;30404
9;30411
17;30414
7;30416
18;30418
161;30424
13;30429
7;30448
183;30461
32;30462
528;30463
204;30464
26;30481
80;30482
30;30485
20;30488
27;30499
7;30501
7;30510
14;30517
40;30557
36;30558
21;30559
84;30560
13;30564
14;30574
14;30578
12;30579
33;30583
22;30585
10;30589
160;30596
2;30604
29;30608
11;30609
80;30653
227;30654
22;30655
54;30656
38;30664
36;30669
37;30670
37;30673
7;30674
82;30675
157;30676
6;30680
154;30701
5;30702
29;30703
157;30708
10;30730
10;30749
2;30750
56;30751
4;30752
41;30754
158;30755
20;30756
23;30777
30;30783
18;30784
30;30785
4;30786
10;30787
4;30788
25;30789
16;30804
5;30805
30;30808
36;30810
6;30822
162;30845
22;30846
8;30847
5;30848
42;30850
573;30851
42;30852
35;30861
31;30878
15;30879
40;30880
6;30881
210;30882
20;30883
2;30884
3;30895
30;30904
16;30906
22;30941
99;30942
56;30943
34;30961
18;30962
5;30963
19;30964
18;30986
2;30988
19;30989
2;30991
6;30995
6;30997
5;31037
23;31038
53;31039
74;31040
15;31043
162;31044
17;31055
1;31056
61;31058
28;31059
5;31060
27;31071
15;31084
10;31091
3;31130
54;31133
112;31134
19;31135
206;31136
6;31141
196;31154
11;31155
20;31176
31;31181
156;31182
29;31187
16;31188
11;31229
36;31231
166;31232
29;31250
35;31251
191;31252
17;31264
28;31271
23;31276
31;31285
15;31288
17;31325
17;31326
178;31327
73;31328
2;31339
4;31369
2;31372
19;31374
27;31384
14;31416
48;31421
31;31422
50;31423
152;31424
36;31425
27;31426
21;31428
13;31432
34;31443
27;31446
32;31454
4;31456
19;31458
3;31459
1;31460
14;31475
35;31478
165;31480
157;31482
47;31484
33;31485
17;31491
6;31499
28;31516
47;31517
29;31518
19;31519
23;31520
20;31521
74;31522
18;31534
12;31537
36;31549
30;31550
58;31551
50;31552
7;31553
5;31568
21;31569
13;31572
19;31574
7;31578
20;31579
27;31580
26;31585
46;31613
41;31614
6;31615
3;31616
24;31634
170;31635
28;31636
23;31653
27;31657
174;31659
3;31660
16;31661
23;31662
25;31668
27;31672
173;31709
78;31710
80;31711
73;31712
14;31727
8;31729
23;31731
32;31755
179;31758
25;31759
3;31781
46;31805
29;31806
45;31807
16;31808
39;31826
35;31828
5;31831
8;31838
17;31849
3;31857
21;31858
3;31861
55;31901
189;31902
18;31904
36;31910
24;31921
1;31922
25;31923
7;31924
157;31928
20;31947
38;31960
110;31997
236;31998
43;31999
27;32000
10;32017
27;32018
25;32019
15;32020
15;32023
5;32032
36;32043
24;32044
21;32045
18;32047
25;32054
20;32066
41;32093
32;32094
30;32095
20;32096
54;32097
17;32098
16;32099
45;32100
1;32120
24;32122
12;32125
170;32127
36;32128
106;32129
40;32131
31;32132
23;32139
35;32145
24;32150
54;32190
20;32191
12;32192
49;32193
11;32194
177;32195
44;32196
4;32213
24;32221
20;32223
8;32225
51;32226
32;32228
1;32231
25;32239
8;32247
30;32285
2;32286
183;32287
15;32289
17;32291
3;32296
20;32305
2;32306
2;32307
10;32308
10;32323
33;32325
28;32336
148;32337
16;32338
185;32381
34;32382
20;32384
5;32391
10;32401
59;32402
5;32403
22;32404
147;32428
38;32430
12;32437
20;32439
591;32477
32;32478
12;32479
79;32480
3;32497
47;32499
11;32507
14;32513
12;32519
148;32524
4;32526
1;32529
311;32532
70;32573
57;32575
680;32576
35;32581
5;32582
29;32593
33;32594
6;32614
41;32669
57;32670
1;32671
24;32672
33;32689
1;32690
8;32691
1;32692
19;32703
10;32716
16;32718
23;32721
34;32726
41;32727
1;32728
1;32765
74;32766
10;32767
24;32768
13;32769
42;32770
5;32772
15;32777
16;32778
25;32796
29;32797
21;32798
29;32801
16;32802
19;32803
46;32819
13;32821
12;32826
3;32840
32;32861
37;32863
192;32864
10;32867
2;32868
11;32870
14;32874
10;32893
15;32895
35;32897
177;32899
26;32906
18;32913
33;32915
29;32916
39;32918
26;32922
37;32957
206;32958
19;32959
3;32960
6;32969
25;32973
24;32987
18;32992
31;32997
181;33001
18;33016
74;33053
54;33054
119;33055
67;33056
9;33068
10;33074
8;33075
20;33100
29;33102
16;33104
4;33105
11;33106
53;33149
67;33150
5;33151
23;33152
28;33154
25;33170
25;33172
175;33190
32;33191
33;33192
3;33194
23;33200
147;33208
12;33216
18;33220
8;33245
42;33246
34;33247
45;33248
3;33253
13;33254
14;33262
14;33265
36;33267
3;33271
10;33292
10;33295
185;33297
9;33300
9;33301
3;33303
34;33341
42;33342
34;33343
57;33344
15;33352
160;33361
64;33362
50;33364
35;33365
2;33370
6;33375
18;33389
26;33393
67;33398
25;33399
9;33414
161;33417
5;33437
6;33439
23;33440
10;33441
34;33442
66;33443
7;33454
8;33460
20;33466
22;33469
18;33472
30;33473
35;33474
16;33476
16;33493
17;33498
9;33499
23;33522
13;33523
33;33527
53;33533
8;33534
70;33535
21;33536
25;33537
26;33538
13;33539
25;33540
1;33545
36;33553
2;33560
21;33565
31;33567
25;33568
44;33569
48;33571
22;33572
10;33586
3;33591
48;33629
20;33630
58;33631
31;33632
40;33646
4;33649
33;33652
31;33671
15;33675
3;33725
94;33726
28;33727
370;33728
27;33730
12;33732
4;33733
31;33745
25;33768
28;33769
19;33774
10;33776
17;33778
4;33781
1;33794
75;33821
39;33822
59;33823
27;33824
31;33834
14;33841
159;33842
24;33843
44;33844
2;33861
22;33865
26;33867
3;33872
28;33886
13;33917
52;33918
23;33919
32;33920
25;33923
159;33938
17;33939
53;33940
8;33949
565;33950
16;33961
570;33962
5;33966
36;33967
7;33970
8;33972
20;33973
38;34013
163;34014
85;34015
74;34016
1;34019
11;34028
158;34033
4;34034
14;34035
4;34036
21;34040
21;34062
37;34090
51;34109
28;34110
18;34111
186;34112
210;34113
13;34114
21;34115
56;34116
173;34124
11;34127
5;34141
19;34142
15;34143
14;34147
2;34148
14;34149
34;34151
15;34162
11;34163
23;34175
24;34205
26;34206
6;34207
43;34208
18;34209
17;34210
23;34211
46;34212
163;34237
17;34241
3;34242
3;34243
5;34244
24;34255
18;34256
3;34257
22;34259
2;34267
2;34271
24;34301
53;34302
64;34303
124;34304
19;34307
27;34313
17;34314
12;34322
19;34324
24;34333
25;34345
29;34348
10;34349
15;34351
16;34357
67;34398
64;34399
220;34400
33;34417
48;34420
23;34431
28;34440
5;34442
23;34454
10;34474
6;34492
58;34493
58;34494
219;34495
6;34496
4;34507
29;34510
161;34513
19;34514
151;34515
13;34516
8;34532
20;34539
11;34543
2;34549
27;34550
18;34551
29;34589
35;34590
36;34591
5;34592
9;34602
157;34610
9;34611
20;34634
7;34637
38;34638
30;34640
22;34641
27;34647
58;34685
38;34686
11;34687
389;34688
24;34691
16;34706
13;34707
29;34708
5;34716
2;34724
19;34729
64;34730
13;34732
2;34736
16;34737
6;34738
36;34743
27;34771
8;34775
2;34782
5;34784
28;34785
24;34786
30;34787
21;34788
22;34810
37;34816
29;34817
16;34818
10;34819
19;34842
27;34847
18;34850
22;34857
55;34878
13;34879
36;34881
157;34882
69;34883
45;34884
25;34887
151;34909
38;34910
47;34914
21;34916
27;34919
17;34929
6;34934
9;34937
49;34945
37;34973
23;34974
223;34975
12;34976
26;34981
31;34986
26;34988
19;34989
4;34994
9;34995
163;35004
21;35006
8;35019
153;35024
16;35027
