sums of daily draw-off volumes
173.8
144.5
151
205
118.2
220
123.2
224.8
241.5
87.5
87.2
67.5
226.2
126
360.8
84
86.5
158
163.5
259
247.5
206
212
159.2
162.2
173
225.5
223
123.5
125.5
94.5
171.5
167.2
139.2
258
108
66
146.8
96.2
177.8
222.2
168
293.8
172.5
197.2
174.2
296
138
195.2
230.8
321.8
156.2
101.2
54.5
182
209.8
150.5
69.5
49
187.5
110
436.8
199
278.2
177.2
199
263.5
220
233.8
187.5
128.8
130.5
208
260.2
245.8
163.5
378.2
165.8
84.2
131.2
153.5
114
193
317.8
85.2
138.2
250.2
176.8
108.5
148.8
159.8
145.5
85
81
114.2
162.5
133.8
135.5
146.5
103.2
157
67.8
140.2
336.8
111.8
138.8
184.2
160.2
145.2
98.5
163.8
84.5
275
240
103.8
250.8
264.5
285.2
82.8
122.5
246.2
94.5
86
138.8
167.5
200
148.2
151
90.2
100.2
85.5
173.2
126.8
210
98.2
275.2
143
170.5
198
158
99.2
136.2
70.5
106
331.5
219.8
137.8
116
88.2
212.2
209.5
116
345
182
136.2
160.5
144.5
93.5
175.5
209.5
80.5
185.8
107.8
291.8
38
112
229
269
99
147.5
116.5
78.5
153.5
146
118
130.8
190.8
68
267.2
77
213.5
303.8
79.2
178.5
74
123.2
89.5
151.2
192.5
166.5
124.5
47.2
83.8
186.8
108
105
92.5
110.2
99.5
75.5
254.5
64
109
98.2
156.8
149.2
121.8
100.5
178.5
287.2
145.2
224
79.2
107.8
147.2
301.5
79
132.5
90.8
41
172.2
186.2
267
120.5
116.8
168.2
241
55.8
73.5
208.5
160.2
68.8
106
129.2
162.8
77
109.5
108.8
134.5
94
155.5
94.2
234.2
178.2
247.5
141
304.2
82.5
202
224
126.5
120.5
154.8
229.5
189.2
42
107.8
297.8
201.5
74.8
190.5
265.5
152.8
203
129.2
88.5
172.2
177.5
131.5
111.8
165.2
161.2
157.8
92.5
126.8
54.8
157.8
182.5
306.5
61.8
316.2
219
187.8
169.5
99
231.2
135.5
122.5
79
40
102.8
166.5
122.5
291.5
107
137
97
266.5
198.5
317.2
150.5
174.8
64
165
83.2
167
216.8
86.2
157.2
54.5
148.2
151.8
146.2
160.8
48.2
104
256.2
291.2
125.2
282
133
317
76.5
124
214.8
145.5
84.8
240.8
146.5
165.5
171.2
67.5
142.5
159.2
194.2
135
129.8
139.2
316.2
228.8
77.5
102.5
177.2
142
105.2
162.8
114
158.8
128
138.2
70
168
138.5
402.2
148.5
239
116.2
119.5
127.8
205
106
185.2
76.2
189
205
sums of draw-off volumes of each hour of the day
276.5
163.2
160.4
153.5
120.7
155.9
9791.8
13871.9
6040.7
1275.1
932.7
2940
3364.8
1068.7
1349.7
2754.4
1794.8
1537.7
2051.8
2651.4
2606.9
2095.9
833
295.3
sums of draw-off volumes of each hour of weekdays
140.1
84.8
16.6
75
80.7
20.9
7782.9
9658.9
3142.4
655.9
603.6
2539.7
3106.5
927.5
370.9
546.4
467.6
1056
1941.8
2218.9
1928.3
1307.3
393.7
95.8
sums of draw-off volumes of each hour of weekend-days
136.4
78.4
143.8
78.5
40
135
2008.9
4213
2898.3
619.2
329.1
400.3
258.3
141.2
978.8
2208
1327.2
481.7
110
432.5
678.6
788.6
439.3
199.5
holidays of household(s), numbers correspond to day of year
