11;29
12;31
9;51
17;80
4;126
24;195
11;208
4;222
192;223
53;224
20;242
7;264
5;270
6;320
28;415
21;436
32;441
30;442
10;461
22;466
162;468
2;471
2;472
162;509
155;510
15;511
4;512
22;515
5;525
23;541
19;542
14;543
15;566
6;572
18;608
14;612
21;619
25;643
22;652
18;658
33;702
38;704
24;725
24;748
10;797
2;798
11;819
1;820
36;835
3;841
14;895
25;915
20;916
28;989
19;990
15;991
15;992
11;1009
51;1011
27;1019
19;1035
17;1037
164;1087
23;1108
10;1134
64;1141
30;1183
159;1188
40;1216
26;1219
27;1220
10;1268
35;1277
25;1282
20;1283
20;1307
16;1316
16;1331
20;1339
24;1373
17;1374
179;1375
18;1376
30;1380
31;1395
18;1428
18;1469
169;1470
6;1471
25;1490
12;1502
15;1525
32;1565
64;1567
22;1568
5;1586
2;1588
8;1611
7;1612
30;1613
15;1622
11;1633
8;1661
15;1664
5;1679
26;1709
22;1759
28;1780
6;1807
12;1854
3;1858
9;1887
31;1890
11;1891
20;1951
9;1952
4;2045
201;2046
10;2047
4;2090
11;2095
28;2098
2;2103
13;2143
19;2144
157;2162
166;2174
7;2189
19;2199
11;2237
49;2238
2;2239
7;2246
12;2259
28;2295
3;2333
161;2334
1;2335
1;2352
15;2388
2;2389
5;2429
2;2432
22;2449
13;2450
8;2452
20;2474
19;2476
9;2478
77;2526
40;2528
31;2557
11;2560
1;2614
165;2625
30;2647
21;2677
13;2710
11;2717
7;2720
14;2761
17;2764
29;2768
1;2770
5;2771
6;2789
31;2813
15;2814
7;2833
18;2836
170;2859
34;2910
164;2912
23;2914
25;2957
39;2959
159;3005
12;3006
14;3007
169;3008
13;3033
36;3035
19;3044
33;3101
4;3102
18;3122
24;3147
26;3192
560;3197
9;3199
17;3202
7;3204
38;3231
14;3235
17;3293
29;3294
3;3295
22;3296
2;3305
20;3327
41;3330
22;3332
9;3390
162;3392
29;3486
147;3487
171;3488
6;3489
7;3508
15;3581
2;3616
20;3627
15;3680
28;3697
20;3773
150;3774
180;3775
15;3795
12;3796
3;3800
8;3871
22;3905
10;3923
26;3927
8;3928
1;3930
15;3966
8;3969
26;3977
35;4061
10;4062
5;4087
24;4100
26;4157
13;4158
3;4159
32;4180
25;4188
3;4201
14;4216
22;4254
151;4256
20;4282
1;4308
10;4316
40;4350
1;4368
32;4401
16;4445
8;4465
37;4472
28;4475
22;4479
20;4541
19;4543
4;4548
16;4604
26;4643
6;4644
4;4670
5;4671
4;4693
56;4734
9;4735
19;4753
5;4754
7;4763
3;4789
560;4830
16;4831
14;4832
15;4850
2;4875
5;4876
27;4927
14;4928
20;4930
6;4948
11;4973
157;4984
54;5022
38;5024
32;5041
4;5049
21;5062
8;5077
10;5083
8;5118
193;5120
28;5138
167;5140
19;5175
33;5213
8;5217
28;5219
25;5245
16;5247
4;5250
3;5256
2;5274
6;5345
9;5347
169;5366
13;5405
30;5406
8;5407
9;5408
16;5426
5;5501
38;5502
171;5503
36;5504
15;5522
12;5524
8;5545
38;5598
29;5599
5;5600
8;5612
16;5618
8;5619
167;5653
23;5693
22;5694
193;5695
43;5696
38;5789
38;5791
23;5792
55;5810
35;5844
16;5886
13;5887
13;5890
155;5892
39;5901
29;5917
8;5932
9;5981
9;5984
19;5985
18;5987
37;6016
25;6019
20;6077
6;6078
31;6079
5;6080
160;6091
7;6104
169;6125
32;6174
197;6176
9;6228
3;6231
48;6269
9;6270
22;6271
7;6272
10;6323
25;6365
11;6366
26;6367
8;6368
46;6385
14;6393
22;6410
9;6420
25;6423
53;6461
1;6462
31;6464
35;6484
34;6517
18;6559
21;6561
1;6562
157;6584
24;6586
29;6592
32;6620
39;6628
14;6653
7;6655
31;6656
163;6657
2;6658
28;6676
20;6691
161;6749
13;6750
156;6751
13;6752
14;6769
12;6770
12;6845
6;6846
19;6847
10;6848
150;6868
10;6877
33;6896
7;6941
11;6942
30;6944
17;6955
34;6964
3;6982
19;6988
7;6997
4;6998
10;7039
29;7040
6;7054
38;7086
29;7133
4;7135
39;7141
21;7155
30;7173
26;7184
15;7187
147;7191
13;7230
52;7233
7;7291
37;7325
21;7326
18;7327
27;7331
39;7357
7;7377
4;7385
5;7422
44;7423
23;7478
15;7517
160;7520
149;7537
8;7552
4;7612
58;7613
17;7614
60;7615
4;7617
10;7627
5;7636
11;7655
170;7657
18;7660
2;7712
11;7729
12;7731
4;7732
11;7754
36;7755
35;7759
33;7806
2;7808
3;7864
8;7902
2;7905
13;7906
148;7908
9;7954
14;7957
30;7998
29;8001
1;8002
10;8003
193;8004
9;8033
12;8093
18;8094
4;8143
154;8151
5;8192
3;8194
21;8212
33;8240
175;8243
11;8287
27;8302
6;8307
1;8336
164;8401
2;8402
6;8420
6;8432
2;8434
3;8475
36;8477
9;8478
13;8495
34;8498
25;8507
27;8526
16;8527
19;8545
10;8573
3;8577
12;8578
7;8603
9;8667
19;8672
13;8762
29;8764
10;8769
6;8813
4;8814
20;8817
9;8857
21;8858
49;8860
14;8910
30;8916
2;8954
161;9001
22;9003
17;9049
7;9051
23;9069
167;9114
30;9145
30;9148
31;9154
9;9165
19;9244
3;9246
5;9271
8;9274
8;9275
31;9278
6;9294
7;9337
31;9340
19;9344
2;9391
12;9393
9;9434
7;9453
5;9479
14;9529
5;9547
21;9552
9;9558
20;9587
166;9627
2;9721
13;9722
26;9767
19;9768
22;9818
4;9819
3;9837
15;9914
1;9919
15;9920
29;9948
11;9950
17;9969
14;9970
4;10011
28;10013
159;10015
157;10016
33;10042
10;10069
22;10107
13;10127
63;10202
25;10222
7;10247
18;10248
37;10255
25;10259
7;10297
14;10317
31;10349
4;10393
45;10395
151;10416
8;10489
24;10490
12;10536
12;10546
21;10548
33;10587
72;10588
4;10589
23;10590
4;10618
16;10619
145;10621
23;10622
2;10624
7;10634
17;10640
11;10642
27;10653
5;10654
158;10685
6;10714
37;10717
14;10742
23;10777
32;10778
5;10779
154;10780
25;10834
12;10873
12;10876
12;10887
3;10893
1;10896
163;10916
6;10927
172;10972
9;11017
13;11024
189;11065
38;11066
26;11067
13;11068
17;11087
29;11112
166;11161
15;11164
10;11183
8;11214
185;11220
6;11257
32;11258
5;11263
7;11264
23;11292
21;11294
13;11296
24;11353
60;11354
14;11357
17;11360
25;11376
8;11405
8;11417
19;11451
25;11452
1;11471
29;11472
16;11493
559;11503
4;11515
4;11546
18;11548
1;11553
27;11565
6;11641
9;11644
18;11664
2;11685
1;11686
39;11691
20;11738
37;11739
30;11784
1;11795
2;11833
25;11853
170;11892
27;11915
23;11932
6;11935
1;11941
18;11965
46;11967
4;12027
23;12048
27;12053
33;12057
183;12121
52;12124
27;12129
21;12142
18;12150
17;12177
52;12217
38;12218
26;12220
15;12250
1;12267
20;12313
21;12314
14;12323
29;12362
19;12364
18;12410
14;12412
11;12431
36;12432
18;12456
3;12458
1;12507
6;12508
164;12525
21;12527
26;12528
35;12552
26;12606
27;12607
28;12608
2;12654
34;12663
23;12698
12;12699
3;12700
13;12701
5;12704
7;12727
12;12796
24;12809
36;12837
146;12889
7;12891
28;12892
5;12907
42;12985
32;12986
3;12987
19;12995
3;13008
3;13082
8;13104
4;13134
29;13138
31;13199
25;13226
26;13234
27;13238
7;13263
20;13277
199;13279
4;13288
29;13308
28;13310
7;13369
11;13372
6;13403
29;13406
18;13466
7;13486
168;13493
27;13510
2;13563
14;13658
10;13713
12;13753
24;13756
12;13773
4;13776
4;13849
163;13851
30;13852
20;13941
14;13981
161;13982
26;14005
21;14041
16;14043
16;14048
1;14075
9;14077
3;14079
21;14098
23;14160
43;14235
6;14247
27;14254
10;14278
9;14331
3;14373
28;14381
16;14383
149;14387
1;14475
3;14521
33;14523
153;14544
10;14572
38;14619
14;14620
29;14622
29;14653
30;14656
27;14713
157;14715
16;14745
36;14746
17;14768
5;14773
21;14775
560;14807
6;14811
28;14812
562;14831
5;14832
23;14854
137;14906
16;14920
6;14933
24;14963
21;15002
3;15024
29;15098
17;15099
4;15120
20;15146
171;15147
177;15193
24;15194
34;15200
5;15214
7;15238
17;15242
8;15267
24;15271
27;15289
3;15291
4;15293
4;15296
13;15297
2;15321
34;15322
21;15346
18;15347
5;15367
30;15389
7;15391
8;15405
32;15422
31;15423
25;15424
32;15481
42;15482
17;15483
4;15484
160;15501
2;15529
30;15531
19;15541
25;15578
5;15635
19;15674
35;15675
39;15676
11;15769
7;15770
24;15772
27;15786
32;15798
15;15812
9;15866
25;15867
2;15868
12;15885
12;15887
1;15914
5;15961
176;15962
28;15963
20;15967
8;15968
19;15969
50;15981
3;15996
25;16004
36;16016
11;16017
34;16020
38;16062
1;16093
14;16115
2;16153
2;16154
24;16155
15;16249
7;16252
5;16267
24;16298
32;16345
7;16346
40;16347
13;16365
21;16390
35;16441
16;16444
10;16457
4;16462
6;16500
7;16509
183;16537
24;16540
6;16547
5;16554
7;16582
9;16636
2;16638
162;16639
12;16640
30;16645
28;16666
17;16688
10;16734
26;16767
20;16775
19;16818
36;16826
12;16845
13;16866
161;16878
28;16941
20;16943
36;17019
42;17020
28;17064
36;17071
5;17113
32;17116
23;17134
9;17157
17;17169
34;17170
25;17209
3;17210
30;17211
3;17212
8;17229
25;17231
5;17246
10;17252
12;17263
5;17265
24;17267
28;17279
31;17309
18;17312
19;17343
5;17359
5;17403
149;17404
32;17424
5;17434
27;17437
10;17452
30;17500
7;17517
14;17520
20;17593
38;17594
574;17596
10;17637
22;17649
34;17690
21;17700
10;17738
15;17788
16;17793
1;17881
43;17884
32;17903
13;17980
6;17991
18;18011
11;18014
23;18033
21;18074
29;18108
15;18130
162;18132
21;18171
16;18200
32;18202
50;18267
16;18302
8;18308
165;18382
33;18401
18;18406
45;18458
8;18460
153;18478
16;18504
26;18511
12;18564
13;18606
37;18630
12;18650
1;18651
35;18654
3;18655
1;18681
45;18683
153;18688
26;18777
13;18780
13;18781
24;18807
7;18853
14;18939
183;18940
160;18983
2;18989
4;19033
22;19034
54;19035
6;19056
3;19077
40;19149
4;19152
163;19171
24;19187
2;19218
20;19225
12;19246
19;19249
3;19270
36;19278
13;19323
16;19328
33;19381
28;19419
6;19423
32;19424
17;19440
11;19468
28;19474
23;19513
1;19514
85;19515
24;19535
11;19536
161;19566
3;19611
37;19612
16;19618
3;19629
155;19652
8;19653
53;19656
27;19659
28;19706
9;19708
3;19728
2;19801
7;19803
31;19804
165;19821
159;19849
17;19855
6;19868
31;19897
15;19898
34;19916
22;19998
178;19999
24;20050
21;20080
26;20089
8;20123
21;20143
1;20186
3;20187
12;20205
26;20266
9;20301
2;20378
25;20380
5;20397
6;20410
168;20430
36;20474
31;20475
7;20476
26;20493
6;20523
12;20569
20;20570
12;20572
28;20592
28;20596
34;20623
27;20670
353;20698
28;20703
154;20809
20;20858
19;20860
9;20901
29;20906
43;20955
28;20958
16;21002
27;21008
10;21052
12;21072
13;21101
26;21147
2;21148
37;21155
33;21168
3;21173
4;21243
19;21255
12;21262
154;21264
9;21298
9;21369
11;21375
1;21433
191;21434
3;21436
7;21437
15;21438
15;21439
156;21466
6;21472
1;21531
11;21532
10;21536
13;21551
32;21564
11;21573
16;21593
22;21625
19;21646
9;21684
27;21742
18;21765
8;21819
41;21820
22;21865
25;21868
39;21914
24;21933
40;21935
30;22011
146;22013
14;22014
4;22016
22;22045
25;22062
3;22105
33;22107
13;22109
22;22112
6;22133
8;22143
9;22201
34;22222
4;22224
35;22257
27;22298
21;22299
5;22319
22;22394
31;22395
23;22414
152;22416
3;22440
9;22441
13;22489
169;22491
156;22492
11;22505
19;22533
20;22536
29;22540
21;22542
15;22586
6;22588
197;22607
6;22631
29;22685
28;22686
19;22687
7;22699
31;22781
11;22782
1;22784
3;22816
32;22830
16;22875
5;22895
25;22897
24;22972
12;22990
29;23025
164;23052
7;23065
21;23087
12;23162
23;23163
6;23182
5;23205
11;23257
39;23258
15;23259
4;23260
17;23293
1;23295
22;23304
5;23376
3;23388
10;23405
17;23411
16;23452
36;23456
5;23481
11;23483
15;23510
561;23546
12;23567
25;23641
25;23642
19;23643
30;23644
8;23737
27;23738
15;23740
163;23758
37;23779
12;23786
9;23789
29;23833
20;23867
31;23881
12;23888
165;23929
1;23930
2;23952
30;23974
27;23975
26;23981
8;23987
32;24026
3;24030
1;24057
22;24061
8;24154
10;24160
560;24182
155;24188
11;24217
16;24218
4;24220
167;24262
156;24269
19;24274
9;24315
30;24316
25;24321
30;24360
4;24372
3;24411
6;24463
4;24517
20;24554
4;24555
6;24601
18;24610
15;24621
34;24623
15;24624
1;24644
2;24699
35;24704
16;24732
35;24794
33;24795
23;24798
14;24846
11;24856
156;24889
8;24891
24;24892
2;24941
5;24946
14;24947
10;24985
5;24986
18;25007
17;25019
27;25039
17;25041
37;25102
10;25114
33;25177
19;25179
14;25252
18;25274
592;25275
33;25285
3;25305
23;25371
10;25373
21;25466
7;25469
152;25502
9;25561
47;25564
9;25577
18;25590
23;25649
168;25660
11;25664
158;25707
171;25773
15;25851
14;25852
27;25869
28;25872
17;25900
26;25945
19;25947
21;25967
7;25993
24;26000
35;26041
26;26046
22;26049
24;26065
20;26071
19;26076
49;26077
6;26140
9;26144
9;26164
2;26193
3;26233
6;26235
7;26236
7;26255
23;26263
17;26280
10;26291
47;26330
25;26338
18;26378
2;26379
31;26428
4;26429
33;26446
13;26457
29;26461
17;26471
2;26523
5;26566
6;26650
33;26729
4;26809
11;26810
15;26834
18;26845
2;26847
19;26848
3;26850
24;26862
14;26905
18;26908
19;26928
5;26933
13;26962
156;27003
158;27004
9;27043
28;27060
7;27112
18;27117
9;27119
9;27120
12;27193
10;27194
12;27195
27;27216
14;27238
32;27290
8;27292
5;27310
34;27387
5;27400
74;27442
8;27444
19;27445
19;27483
33;27484
3;27485
36;27487
27;27488
24;27508
23;27520
29;27536
10;27578
34;27579
155;27597
29;27632
24;27673
30;27674
27;27675
16;27696
30;27734
33;27769
8;27770
154;27791
30;27823
12;27887
14;27895
13;27962
7;27963
9;28092
13;28094
8;28114
19;28119
11;28156
154;28157
3;28159
3;28186
43;28187
27;28193
3;28250
25;28298
14;28345
19;28346
79;28347
35;28348
36;28366
10;28367
21;28368
4;28371
9;28442
162;28443
27;28444
15;28475
15;28483
6;28494
64;28537
31;28539
10;28540
150;28584
34;28633
35;28635
7;28636
40;28733
22;28762
1;28763
2;28764
3;28782
17;28786
26;28789
4;28827
15;28862
26;28917
76;28922
3;28923
8;28924
8;28973
6;28974
55;29017
13;29061
1;29075
13;29115
14;29116
16;29214
8;29215
21;29218
6;29225
6;29264
9;29272
29;29310
12;29329
26;29330
4;29354
2;29358
1;29408
2;29440
20;29441
39;29443
1;29463
9;29502
30;29521
17;29528
9;29533
13;29537
33;29562
18;29597
3;29599
7;29650
3;29694
30;29695
16;29729
6;29789
163;29790
16;29791
27;29888
19;29905
22;29906
24;29907
11;29929
50;29981
10;29983
34;30012
11;30034
25;30035
11;30038
3;30039
8;30078
22;30079
1;30173
31;30174
20;30176
20;30178
18;30271
5;30272
3;30289
6;30290
22;30326
7;30365
20;30367
14;30368
15;30376
14;30388
20;30423
39;30461
32;30462
27;30463
1;30464
172;30482
25;30483
11;30558
26;30653
16;30655
14;30667
21;30668
27;30673
31;30674
38;30692
168;30697
19;30711
158;30755
7;30756
2;30760
7;30785
153;30786
16;30809
9;30845
2;30846
15;30847
26;30850
15;30882
1;30906
7;30907
22;30908
153;30941
191;30942
1;30943
4;30946
10;30951
19;30990
7;31039
2;31040
23;31059
12;31091
13;31150
7;31153
167;31180
24;31185
36;31192
56;31230
7;31231
20;31250
8;31252
170;31257
151;31287
37;31325
13;31328
5;31378
3;31423
19;31428
29;31453
23;31461
9;31517
1;31522
18;31523
4;31553
13;31564
22;31577
24;31616
17;31664
23;31710
6;31711
20;31729
15;31732
2;31753
8;31808
35;31819
4;31826
202;31901
157;31923
35;31949
8;31950
20;31998
8;32018
162;32097
3;32112
8;32131
25;32153
2;32191
4;32194
18;32195
172;32213
4;32222
20;32225
10;32226
24;32227
21;32252
10;32285
10;32286
23;32288
27;32304
178;32307
14;32383
2;32384
21;32401
21;32402
2;32404
1;32436
15;32477
12;32478
15;32574
9;32575
1;32576
32;32595
13;32670
29;32672
26;32678
25;32722
10;32765
152;32766
30;32771
34;32772
9;32818
32;32865
4;32867
2;32895
3;32898
5;32907
24;32937
34;32957
21;32959
8;32960
6;32971
17;32973
5;32995
380;33053
27;33054
12;33056
5;33074
7;33076
14;33097
10;33102
8;33105
19;33115
11;33150
57;33152
166;33170
18;33171
149;33248
20;33265
174;33342
13;33343
38;33357
1;33439
8;33469
20;33472
12;33489
26;33490
3;33534
1;33550
560;33566
4;33629
10;33630
5;33643
10;33678
6;33684
1;33726
15;33727
71;33728
31;33746
30;33774
6;33776
16;33780
20;33782
42;33821
40;33824
1;33831
28;33865
17;33866
32;33918
162;33920
24;34015
4;34033
17;34109
22;34143
17;34148
1;34196
14;34207
41;34208
29;34220
1;34242
25;34243
14;34260
146;34302
2;34304
12;34322
16;34324
1;34338
17;34397
172;34399
26;34418
3;34420
8;34493
31;34496
11;34508
12;34513
16;34557
34;34589
2;34591
26;34592
5;34609
2;34633
21;34642
29;34685
9;34686
8;34687
20;34712
12;34742
15;34764
27;34785
11;34788
39;34821
14;34834
16;34870
29;34877
28;34878
10;34879
23;34973
20;34976
54;35021
