sums of daily draw-off volumes
12.2
1
79
1.5
77.2
110
29.5
29.8
15.8
14.8
50.5
65.2
70.5
40.5
79.2
61.2
46.2
16.2
14
16.5
7.2
65
95.2
27.2
45.8
24.5
39.8
54.2
24.2
61.8
71.2
105.5
19.8
167.8
39
42.8
90
9.2
10.8
95
18.8
12.2
18.5
29
51
18.2
27.8
14.8
11.2
24.8
153
58.8
41.8
103.8
29.8
46
19
71.2
67.8
70.2
47.2
68.2
29.2
99.5
60.2
24
46.5
38.5
70.5
76
92.2
60
33
20.8
77.8
18
38.2
18
83
89.2
27.8
9.5
48.5
68
47
59.2
11.2
45
40.8
12.8
7
20.5
30.8
46.2
53.5
25
20
17.8
5.2
17.2
41.5
15
7.2
25.5
97.8
8.8
43.8
13
50
19.2
97.2
53.8
59.8
52.2
48.5
78
96
26.8
39
163.2
12.5
18.8
22
49.2
30.2
21.8
79.5
33
25.8
25
63.2
29.2
15.8
18
46.5
24.8
11
27.2
71.8
13.2
55
0.5
6
13
49.2
55.2
21.8
5.8
21.5
51.2
0.2
49.8
35
69.8
296
45.8
6
60.2
66
39.5
34.5
76.5
7.5
23.2
29
15.2
103.8
13.2
7
12.8
28.2
19.5
56.2
65
14
60.2
12
35.5
30
44.5
18.2
57
12.8
166
16.2
7.8
19
17.8
56.8
17.2
18.5
54
62
6.2
71.8
19
1.8
89.8
22.2
57.8
23
15.5
30.5
76.2
75.5
10
96.8
20
56
19
4
8.8
51.5
26.5
33.5
102
38.5
19.2
28.5
8.8
25.2
49.5
5
98.5
23.5
12.5
11.2
24
25.8
60.2
21.2
20.5
13.2
60
109.5
56
20.8
19.5
11.5
16.2
48
11.5
27.2
8.8
20.8
143.2
24.8
67.8
23
64.8
14.5
183.2
93.2
24.5
2.2
7
22.2
13.2
29
52.2
23.5
11.8
13
165
8.2
45
20.8
90
42.8
25.2
24.2
48.8
6.5
18.2
23
31.8
1.8
1.5
8.2
24
17.2
87.8
10.8
18.8
11.2
35
48.5
57
31.8
56.2
6.5
5
12.2
60.2
7
54.5
58.5
63.8
19
27.8
4.8
31.8
17.2
6.8
16.5
18.2
15.8
27.8
7
12.2
46.2
25.8
36
7.5
18
13.5
22.5
74
2.8
90
85.8
24.2
94.5
11
61.8
103
13.8
18.5
16.8
10.2
16.5
11.8
100.5
7
49.5
68.8
62
15.2
6.8
14.2
23.2
58.8
11.5
28.8
120.5
63
42.2
56.2
16.8
141
8.8
47.5
32
48.5
7
14
31.2
44.2
54.5
19.5
22.5
19.5
26.5
20.8
24.2
sums of draw-off volumes of each hour of the day
15.6
31.2
19.3
46.6
19.1
161.6
2136.3
3644.8
1242.9
255.5
122.8
926.5
899.9
338.1
448.9
638.3
343.7
359.4
641.6
735.8
483.6
768.9
150.5
87.8
sums of draw-off volumes of each hour of weekdays
8.8
5
12.5
41
13.9
149.7
1792
2608.2
752.2
56.8
97.9
893.6
856.4
256.1
156.6
92
84.3
312.1
599.3
681.9
337.9
450.5
109.3
16.8
sums of draw-off volumes of each hour of weekend-days
6.8
26.2
6.8
5.6
5.2
11.9
344.3
1036.6
490.7
198.7
24.9
32.9
43.5
82
292.3
546.3
259.4
47.3
42.3
53.9
145.7
318.4
41.2
71
holidays of household(s), numbers correspond to day of year
