sums of daily draw-off volumes
8.2
19.2
65.2
17.8
59.5
6.5
49.5
63.2
50.5
17.2
19.8
5
40.5
14.2
26.8
29.5
63
14.8
17.5
31.8
16
47.2
13.5
19.5
42.5
58.2
45.8
71.8
15.2
42.5
55
13.8
23.2
27.8
131.5
28.5
52.5
23.8
47.5
48.8
25.2
34
19.2
30
23.8
22
151
52.5
127.8
42
19.2
72.8
32.8
1.5
22.2
56.8
46
21.2
86
43.5
20.5
56.5
9.8
72.8
21
37.5
14
14.8
66
60.2
239.2
112.2
26.5
9
15.8
151
49
24.5
20.5
52.5
27.2
11.2
108
19.8
46.8
11.5
39.5
70.5
12.5
13.8
42.2
42.8
50.2
59
8.5
14.5
12.5
22
30.5
73
18.2
47.5
19.8
54.5
50.8
67.2
14
10.5
33.5
15.5
41
30.2
10.8
18.2
69
13.8
14
63.8
63.8
45.2
8.8
22
144.8
14
52
35.8
10.8
12.5
13
81.2
58.8
25.5
40.8
12.5
10.8
11
26.8
17.8
22.2
50.8
29.5
41.5
23.2
49.5
26.2
89.5
53.2
76.2
9.5
164.8
34
26
95.2
48.2
14
23.8
15.2
34.2
18
24.5
23.2
96.5
41.2
84.2
132
7.5
14.2
29.8
53.8
20.5
56.8
19.2
20.8
13.8
67
56.5
47.8
13.5
42.2
17.8
20
70.5
27
11
110
3.8
15
14.2
15.2
11
162.8
21.2
49.2
10.8
55
24
12.2
93.5
46
26.5
1.8
50.5
213.5
9.5
43
3.5
4
14.5
6
30
3
27.5
9.2
98.5
11
24.2
30.8
24.2
23.5
27.8
25.8
49.8
85.2
57.2
164.8
12.5
57.5
133.2
25.2
20.2
69
17.5
66.8
71
15.8
21.5
70.8
72.8
14.8
16
5.8
17
22.2
49
65.2
14.8
28.5
85
14.8
17.2
25.5
53.8
30
20.8
21.8
31.8
17.5
64.8
97.2
6.2
14
19.5
22.8
42.8
16.5
100
45
13.5
25
24.5
20.8
11.8
23.5
73.2
39
59
71.8
16.2
26.5
23
36.5
36
49.2
2.2
6.8
18
109
34.2
4
2.2
19.5
17.8
28.5
108.2
48
21.8
24
54.8
89.5
18
11.2
17.8
64.8
9.5
23.8
189.2
29.8
19
27
12
11
19.5
17.5
46.2
70.2
21.8
32.5
64.2
102.2
22.8
47.5
14.8
18.5
66.5
55.8
13.5
65.5
12.2
26.2
58.5
13
12.8
57
10.5
11.8
32.2
39.5
14.5
63.5
47.5
7.5
40
7.5
12.8
38.5
24.2
56.5
51.8
186.2
24.2
60.2
22.5
22.5
13.8
23.2
13.2
19
150.2
18.5
36
99.2
16.5
10.2
85.8
31.8
sums of draw-off volumes of each hour of the day
29.2
52.5
15
53
22.9
35.7
2248.7
3387.9
1528.3
222.6
332.3
927.5
739
314.5
307.7
523.9
605.6
543.8
569.7
577.7
555.8
555.3
302.4
31.4
sums of draw-off volumes of each hour of weekdays
21
41.5
7
15.8
7
12.5
1811.9
2259.8
847.3
51.8
208.3
880.3
719.3
255.2
119
38.7
119.4
468.9
497.4
506.1
444.6
245
74.4
5
sums of draw-off volumes of each hour of weekend-days
8.2
11
8
37.2
15.9
23.2
436.8
1128.1
681
170.8
124
47.2
19.7
59.3
188.7
485.2
486.2
74.9
72.3
71.6
111.2
310.3
228
26.4
holidays of household(s), numbers correspond to day of year
