19;29
7;32
7;63
51;128
26;171
2;221
40;224
5;242
2;244
40;264
172;271
8;317
20;319
6;350
6;361
8;362
20;369
3;371
11;387
23;401
7;413
3;415
12;458
2;459
180;470
26;566
168;605
3;642
27;643
18;701
9;702
23;703
16;704
166;746
21;753
28;798
168;800
6;805
26;896
33;913
10;947
54;989
12;991
13;1040
20;1137
47;1182
44;1184
37;1185
34;1213
24;1279
3;1310
13;1311
8;1317
9;1332
19;1375
57;1376
25;1393
6;1417
1;1470
31;1472
17;1483
31;1490
21;1492
17;1519
24;1565
24;1566
183;1567
2;1568
3;1574
14;1587
2;1613
21;1662
6;1664
25;1683
7;1709
3;1757
20;1758
20;1760
2;1779
5;1780
2;1782
1;1786
17;1796
4;1844
5;1853
4;1854
1;1855
29;1856
26;1857
12;1859
10;1890
14;1908
5;1910
17;1913
9;1954
13;1984
10;2009
23;2010
9;2011
3;2045
19;2057
164;2059
3;2071
28;2141
17;2144
6;2161
3;2198
24;2218
37;2260
17;2286
17;2335
146;2384
7;2389
170;2430
21;2431
6;2452
9;2467
27;2483
3;2526
1;2532
158;2543
21;2562
8;2621
31;2623
36;2625
9;2626
13;2627
155;2635
3;2651
17;2655
12;2672
3;2677
17;2729
37;2739
7;2772
5;2815
1;2816
164;2833
161;2909
5;2912
15;2925
9;2931
30;2955
12;2977
12;3008
7;3011
8;3026
16;3050
15;3101
38;3103
24;3104
2;3121
14;3125
11;3202
24;3204
5;3234
30;3235
12;3236
25;3254
4;3258
2;3277
165;3293
1;3297
20;3298
10;3299
163;3300
157;3306
8;3342
18;3381
5;3392
29;3401
14;3439
11;3442
37;3444
9;3485
15;3487
32;3505
154;3521
13;3583
16;3599
5;3601
14;3603
29;3620
18;3634
42;3677
53;3678
14;3680
17;3697
33;3698
31;3700
175;3775
20;3796
8;3870
9;3872
23;3874
25;3875
9;3876
27;3901
10;3958
1;3967
3;3970
28;3998
34;4000
18;4003
15;4022
27;4026
16;4061
24;4063
15;4084
22;4111
22;4158
20;4160
24;4177
24;4201
21;4204
3;4206
6;4216
69;4255
15;4275
11;4282
27;4335
16;4349
13;4350
1;4352
7;4381
24;4407
18;4445
27;4467
559;4485
9;4517
22;4541
3;4544
1;4546
174;4574
1;4576
7;4611
146;4639
149;4642
8;4643
2;4644
165;4674
34;4675
28;4733
55;4735
8;4736
30;4755
3;4756
34;4759
10;4792
14;4830
7;4832
14;4849
13;4867
28;4878
1;4893
6;4916
62;4926
151;4927
21;4928
9;4945
14;4946
4;4951
14;4970
2;4976
8;4980
1;5009
1;5022
28;5029
22;5042
39;5044
4;5054
19;5077
17;5083
6;5172
20;5215
10;5247
25;5248
15;5249
19;5266
161;5310
36;5316
9;5344
10;5346
11;5367
170;5408
1;5425
13;5464
22;5502
11;5503
26;5504
11;5523
15;5544
70;5597
164;5599
52;5600
3;5604
24;5641
27;5642
4;5656
13;5695
161;5748
22;5791
40;5792
19;5834
1;5839
4;5885
7;5888
6;5891
8;5901
1;5917
31;5924
169;5942
7;5988
20;6001
9;6014
3;6040
4;6077
55;6078
25;6080
10;6095
3;6097
157;6098
8;6128
29;6135
21;6173
54;6175
9;6176
2;6269
101;6270
4;6272
22;6316
15;6323
6;6325
2;6367
1;6387
32;6388
9;6411
12;6421
13;6462
25;6463
10;6481
5;6482
4;6484
2;6519
2;6557
30;6558
159;6581
13;6589
34;6591
7;6595
14;6596
5;6615
167;6654
23;6655
5;6656
10;6689
16;6691
20;6709
16;6749
566;6750
16;6751
15;6763
188;6770
156;6802
15;6845
18;6846
22;6847
10;6848
54;6867
162;6868
168;6904
14;6941
44;6942
8;6943
25;6944
12;6961
3;6962
20;7038
16;7084
8;7134
9;7135
10;7160
8;7178
10;7182
18;7192
6;7231
5;7261
33;7288
560;7289
6;7325
39;7328
40;7330
1;7360
26;7361
25;7362
31;7363
28;7384
48;7421
12;7422
1;7424
12;7455
25;7465
45;7517
9;7529
28;7565
6;7615
31;7633
3;7635
170;7654
12;7709
19;7710
58;7712
20;7732
15;7807
30;7808
8;7901
8;7902
157;7903
13;7904
173;7905
18;7908
31;7954
24;7955
23;7980
19;7997
26;7999
4;8001
2;8004
5;8062
23;8094
25;8095
18;8096
31;8116
28;8133
35;8134
27;8138
15;8189
31;8192
59;8288
24;8306
31;8329
14;8336
30;8338
1;8381
32;8382
156;8384
18;8388
28;8401
20;8415
27;8434
25;8477
25;8480
1;8565
5;8574
7;8576
27;8580
1;8610
14;8619
35;8652
62;8668
30;8672
10;8678
5;8703
19;8725
8;8727
2;8763
169;8780
7;8858
162;8859
20;8877
10;8880
2;8884
51;8953
3;8973
172;8974
10;9010
8;9050
15;9051
11;9105
6;9165
34;9166
18;9202
32;9243
6;9247
12;9274
11;9324
18;9338
17;9340
15;9374
3;9382
24;9397
15;9434
65;9436
7;9454
4;9455
14;9462
17;9486
184;9529
25;9530
4;9531
8;9540
19;9550
29;9584
23;9586
31;9625
21;9626
4;9627
6;9647
11;9648
163;9723
9;9775
18;9780
26;9836
53;9838
166;9914
1;9917
9;9918
14;9919
10;9935
7;9945
10;9952
1;9973
3;10010
36;10012
12;10013
152;10014
12;10105
179;10106
44;10108
28;10128
6;10133
33;10204
3;10223
5;10253
15;10257
24;10297
12;10298
6;10318
34;10396
21;10429
48;10440
31;10444
22;10490
22;10491
5;10492
13;10515
34;10575
10;10576
28;10585
13;10586
33;10619
13;10621
33;10622
32;10673
15;10681
13;10686
8;10687
21;10688
32;10736
16;10777
5;10779
10;10797
11;10802
1;10835
10;10852
24;10873
5;10874
29;10881
5;10910
50;10969
8;10971
27;10972
17;10990
9;11025
165;11028
20;11065
25;11066
3;11085
7;11117
25;11162
3;11206
6;11217
22;11219
2;11260
200;11261
6;11262
7;11264
2;11282
1;11293
32;11296
5;11302
30;11354
25;11359
180;11387
8;11400
6;11410
6;11411
167;11449
1;11452
13;11472
33;11547
2;11593
31;11643
27;11687
30;11689
560;11737
12;11738
4;11759
3;11796
24;11835
32;11863
7;11932
19;11933
171;11934
11;11965
1;12019
33;12025
4;12045
18;12057
22;12060
15;12061
27;12064
2;12067
7;12077
14;12079
12;12122
16;12143
15;12167
9;12218
9;12235
4;12258
26;12262
2;12275
17;12313
7;12315
28;12334
46;12409
3;12411
38;12412
157;12418
13;12428
21;12430
47;12431
11;12505
5;12506
209;12508
10;12523
19;12604
8;12606
9;12607
5;12608
21;12640
33;12655
7;12656
159;12735
4;12754
3;12795
20;12837
27;12846
6;12890
37;12892
2;12987
11;12996
14;13006
10;13023
4;13039
3;13042
17;13081
47;13083
13;13084
30;13104
19;13178
12;13189
2;13199
38;13226
1;13265
8;13275
51;13278
8;13310
21;13338
3;13363
153;13369
4;13373
5;13380
37;13418
1;13430
7;13465
9;13466
32;13467
7;13486
29;13487
21;13509
13;13517
32;13564
10;13572
15;13582
109;13583
5;13659
57;13660
4;13701
27;13714
166;13756
6;13774
24;13775
1;13804
1;13805
10;13849
47;13850
1;13872
29;13897
18;13902
158;13945
7;13946
15;13950
161;13951
9;13983
8;13984
20;14045
167;14048
2;14076
22;14078
2;14103
65;14139
25;14158
26;14159
25;14160
154;14183
10;14185
13;14278
25;14289
574;14330
21;14331
22;14350
16;14381
26;14388
53;14426
20;14428
26;14437
2;14447
14;14470
15;14473
6;14484
23;14521
1;14523
23;14539
32;14542
18;14555
7;14572
1;14593
22;14620
352;14624
6;14651
21;14698
1;14713
40;14714
1;14732
49;14750
24;14752
12;14765
31;14775
14;14776
39;14811
6;14819
11;14863
14;14905
39;14928
9;14949
9;14954
24;14955
1;15002
9;15003
14;15021
4;15022
6;15027
27;15054
30;15097
60;15100
32;15114
15;15119
49;15195
23;15196
10;15289
12;15290
1;15296
12;15319
19;15323
22;15325
22;15348
19;15386
6;15420
17;15424
19;15437
29;15440
3;15442
37;15481
24;15484
15;15498
155;15528
155;15538
163;15598
2;15600
36;15661
38;15673
4;15674
21;15675
184;15676
25;15686
3;15710
26;15712
8;15770
165;15771
6;15772
25;15791
160;15802
164;15813
25;15865
5;15887
21;15964
2;15966
11;15968
23;15999
5;16058
10;16060
23;16064
23;16071
34;16093
24;16114
29;16153
10;16156
1;16157
175;16171
4;16251
17;16252
9;16270
16;16272
25;16296
11;16301
17;16345
6;16364
163;16366
14;16377
3;16383
16;16394
8;16403
61;16444
5;16487
11;16500
13;16537
38;16539
32;16594
11;16618
22;16633
9;16667
13;16669
14;16730
27;16731
4;16733
11;16737
165;16741
7;16762
3;16778
12;16783
25;16788
25;16845
150;16846
12;16848
32;16877
7;16880
7;16922
34;16923
28;16924
39;16944
18;16953
29;16966
28;16968
8;16976
20;17019
6;17025
28;17066
11;17113
158;17134
24;17230
23;17231
22;17258
2;17267
6;17307
9;17312
5;17323
9;17337
27;17365
9;17372
15;17374
5;17401
44;17404
3;17406
3;17407
15;17417
4;17446
13;17455
39;17457
156;17463
16;17497
32;17500
23;17518
10;17545
27;17552
11;17594
31;17596
2;17646
16;17689
17;17690
162;17696
16;17711
3;17712
152;17716
11;17729
11;17730
14;17738
38;17745
4;17831
11;17834
10;17881
19;17882
24;17883
5;17890
2;17938
2;17980
10;17981
2;17983
17;18011
26;18029
5;18075
8;18076
38;18078
10;18106
27;18172
17;18192
52;18265
6;18267
28;18269
5;18287
560;18315
6;18362
34;18363
8;18364
10;18383
27;18409
5;18457
5;18458
187;18459
23;18555
16;18574
4;18575
9;18636
1;18649
26;18650
3;18652
4;18655
20;18703
7;18710
150;18711
19;18748
25;18749
18;18778
6;18780
28;18794
25;18861
6;18862
7;18864
11;18894
12;18937
11;18938
145;18939
17;18940
17;18957
24;18962
148;18995
13;19033
11;19055
160;19056
16;19129
67;19130
23;19131
7;19226
19;19310
5;19336
8;19368
170;19381
13;19420
668;19423
153;19454
10;19469
10;19478
5;19513
14;19515
19;19533
14;19611
154;19612
4;19653
14;19705
2;19825
7;19847
7;19850
18;19933
40;19947
5;19996
4;19997
15;20032
1;20089
56;20094
21;20125
19;20142
23;20144
3;20206
2;20211
4;20221
3;20231
4;20272
52;20282
20;20284
34;20321
20;20379
1;20380
2;20399
9;20404
5;20428
34;20473
16;20475
9;20476
165;20482
10;20496
160;20531
25;20621
19;20622
5;20668
80;20672
12;20698
24;20767
9;20798
35;20799
6;20800
22;20816
27;20822
2;20857
6;20858
24;20860
7;20873
47;20878
4;20880
7;20913
25;20953
25;20956
24;20965
13;20999
7;21007
27;21049
28;21052
18;21070
11;21072
27;21104
13;21145
35;21148
29;21155
26;21201
12;21244
171;21263
16;21264
6;21338
6;21339
11;21340
8;21343
195;21344
23;21365
34;21368
23;21369
20;21373
15;21392
162;21433
19;21434
34;21437
12;21440
2;21471
20;21529
26;21531
23;21565
30;21573
560;21582
50;21627
170;21723
27;21744
11;21766
22;21774
20;21817
6;21818
160;21819
20;21820
23;21837
47;21840
24;21841
29;21860
15;21867
158;21870
31;21872
24;21913
13;21914
7;21915
28;21916
29;21964
12;22011
13;22016
36;22045
20;22068
10;22102
13;22106
18;22107
5;22138
8;22140
5;22141
58;22142
159;22153
15;22201
37;22204
18;22232
11;22297
6;22299
32;22300
171;22318
31;22319
16;22343
59;22393
48;22394
1;22395
155;22414
15;22415
6;22446
8;22492
14;22509
6;22512
8;22516
21;22522
4;22536
2;22541
40;22588
38;22608
8;22617
19;22681
15;22685
3;22686
12;22714
207;22720
27;22725
33;22777
4;22780
27;22810
34;22814
158;22816
35;22829
16;22874
18;22918
14;22922
11;22932
30;22969
6;22971
28;22991
5;23065
3;23066
7;23067
4;23086
4;23087
11;23162
3;23183
22;23190
32;23212
36;23258
40;23259
13;23302
155;23359
7;23360
34;23388
1;23449
207;23456
12;23475
1;23487
28;23488
12;23503
14;23548
1;23568
29;23590
12;23592
3;23601
37;23618
14;23641
5;23644
27;23662
31;23695
1;23737
5;23738
154;23740
157;23758
4;23762
16;23768
3;23781
23;23836
29;23848
7;23889
32;23929
18;23931
15;23932
4;23980
43;24026
14;24031
33;24061
2;24073
10;24082
3;24122
13;24135
16;24156
161;24159
22;24178
4;24219
34;24220
16;24239
20;24242
26;24264
20;24270
3;24313
40;24315
13;24316
27;24353
16;24409
20;24410
28;24412
23;24443
13;24506
3;24507
18;24508
15;24520
25;24528
21;24551
9;24555
23;24558
6;24601
13;24602
21;24626
30;24653
60;24698
11;24702
14;24730
149;24735
25;24757
154;24798
17;24804
7;24809
164;24837
23;24854
4;24855
20;24856
13;24889
8;24890
4;24891
31;24986
24;24987
1;25041
12;25083
32;25109
22;25138
12;25140
19;25177
25;25178
21;25180
2;25199
24;25205
9;25274
162;25275
27;25374
6;25375
17;25404
7;25420
9;25425
167;25466
10;25467
12;25470
33;25497
148;25498
4;25519
11;25525
15;25528
157;25563
23;25569
15;25672
20;25678
11;25698
8;25716
13;25753
11;25754
40;25756
5;25774
31;25800
23;25850
18;25851
29;25859
1;25869
23;25870
4;25900
46;25945
29;25946
8;25947
29;26041
14;26079
4;26094
1;26115
21;26140
22;26151
19;26170
31;26174
28;26233
42;26234
8;26235
7;26236
9;26246
191;26253
8;26277
10;26329
10;26330
33;26331
56;26332
47;26350
9;26426
173;26427
20;26445
18;26448
16;26471
217;26522
16;26523
8;26541
26;26576
2;26578
18;26580
9;26620
6;26636
31;26672
19;26684
29;26715
10;26716
35;26719
8;26747
16;26769
8;26776
10;26859
30;26868
32;26869
20;26870
4;26889
20;26906
15;26907
23;26908
23;26925
33;26927
14;26931
14;26954
5;27001
13;27002
37;27003
34;27018
37;27051
10;27056
8;27057
12;27117
2;27119
31;27121
152;27141
2;27193
7;27245
21;27290
6;27335
20;27383
7;27389
32;27392
4;27442
9;27444
40;27484
177;27486
37;27487
22;27488
160;27519
16;27577
57;27578
36;27580
24;27585
4;27598
2;27649
4;27674
10;27676
9;27791
1;27865
26;27866
18;27867
4;27887
29;27919
14;27962
18;27963
1;27971
17;28007
21;28020
31;28037
8;28058
30;28059
1;28062
8;28064
11;28090
7;28100
11;28111
7;28112
17;28144
157;28153
187;28157
30;28187
1;28207
4;28209
15;28221
22;28224
156;28228
5;28253
17;28270
14;28301
8;28346
28;28347
12;28389
24;28397
15;28402
20;28443
17;28444
12;28460
24;28461
23;28485
12;28537
12;28538
29;28539
19;28557
147;28559
21;28634
318;28636
2;28648
10;28683
7;28685
30;28731
16;28734
8;28766
18;28784
15;28813
23;28827
1;28829
6;28855
30;28921
9;28922
22;28923
10;28975
28;29018
194;29020
17;29035
20;29067
30;29114
8;29133
30;29213
8;29214
19;29215
14;29216
24;29264
9;29309
717;29312
31;29350
29;29397
31;29410
19;29442
21;29444
7;29451
12;29465
30;29507
35;29535
11;29554
7;29597
42;29598
16;29599
24;29600
19;29619
7;29695
41;29696
39;29789
5;29841
13;29886
16;29887
19;29891
24;29893
6;29896
26;29981
4;29982
12;29984
24;30003
4;30004
34;30078
19;30079
18;30080
30;30082
22;30083
37;30084
25;30107
12;30171
159;30176
8;30178
9;30179
22;30180
37;30198
16;30209
18;30232
8;30269
25;30270
14;30271
2;30290
8;30319
30;30324
34;30365
2;30366
30;30367
36;30368
19;30409
9;30422
176;30463
64;30464
17;30482
32;30557
4;30558
346;30578
3;30605
24;30609
42;30653
20;30674
20;30692
9;30720
152;30761
2;30782
9;30784
27;30805
23;30849
11;30879
25;30897
4;30942
18;30944
9;30964
5;30986
23;30987
15;30993
33;31038
28;31039
5;31040
15;31057
171;31058
8;31060
3;31068
3;31071
23;31133
172;31134
21;31155
7;31191
9;31232
45;31252
46;31328
29;31346
158;31354
29;31384
18;31424
17;31425
2;31468
8;31481
4;31484
13;31518
15;31519
26;31520
9;31522
42;31523
179;31613
28;31615
15;31616
8;31636
4;31672
32;31711
18;31729
2;31768
31;31807
19;31808
1;31849
14;31902
26;31904
161;31921
1;31924
26;31936
11;31998
11;31999
15;32000
5;32018
15;32067
3;32096
18;32129
11;32150
18;32188
14;32193
29;32194
27;32196
21;32221
6;32226
5;32242
9;32252
11;32286
18;32287
17;32288
35;32291
13;32308
5;32318
20;32330
11;32337
28;32339
25;32381
7;32384
16;32399
10;32403
163;32477
15;32478
22;32479
21;32480
33;32535
5;32573
4;32574
151;32611
4;32622
26;32631
18;32670
9;32671
3;32713
10;32766
25;32768
20;32769
5;32792
21;32802
17;32817
26;32825
36;32826
4;32839
11;32861
7;32863
5;32883
3;32902
16;32957
10;32959
22;32960
3;33002
26;33044
45;33055
55;33056
20;33100
8;33107
19;33149
27;33152
24;33172
3;33197
24;33203
28;33245
171;33247
27;33292
151;33343
27;33345
13;33383
16;33385
33;33439
21;33442
17;33445
40;33457
7;33471
562;33473
29;33493
4;33498
32;33502
19;33526
2;33533
22;33536
37;33540
17;33596
25;33629
154;33640
11;33651
30;33652
9;33683
12;33684
26;33726
38;33728
4;33769
9;33781
13;33783
14;33821
19;33865
30;33874
27;33880
14;33917
27;33920
8;33937
2;33938
4;33965
14;34013
31;34014
18;34015
21;34016
9;34036
1;34138
34;34144
18;34167
45;34207
7;34209
24;34210
165;34301
172;34302
3;34304
30;34324
167;34348
36;34349
9;34354
19;34357
28;34400
11;34417
27;34447
8;34451
49;34493
20;34504
40;34515
35;34532
322;34589
39;34615
36;34640
20;34687
13;34688
15;34711
18;34742
8;34797
17;34830
16;34841
2;34879
33;34881
44;34882
56;34883
26;34909
169;34912
13;34922
7;34973
18;34974
31;34975
29;34976
12;34993
26;35020
4;35028
