sums of daily draw-off volumes
132.2
26
71
56.5
120.5
62
98.2
236.5
98
92.5
195.8
43.2
248
140
109
102.2
55.8
103.2
106.5
70.2
122
122
161.5
125.2
62.2
85.8
136.8
108.2
42.2
87.5
103
208.2
57.8
112.5
156.8
54.2
194
190.5
157.8
77.2
154.8
102.2
109
131.2
105.8
50.5
153.5
162.8
213
217.5
76
83.2
170.5
196.5
209
238.5
89.8
202.5
76.2
137
43.5
148.5
109.2
100.2
160
92.2
184.8
107
248.5
111.8
388.2
227
219.8
88
92.2
83.8
186.2
116.8
40
253.2
75.2
79.2
164.5
222
101.2
222.8
155
61
40.2
187.8
133.8
58
142.2
76.2
137
217.2
178.8
97.2
175.2
48.8
119.8
89
54
148
225.5
117
49.8
90
88.8
236.8
294
205.5
109
87.5
67.2
96.8
88.8
161.2
96
92
71.5
164.2
139.8
95.2
116
235
246.5
36
112.2
103.2
200.2
60.5
86.8
31.8
82
55.5
58.8
114.2
380.2
86.5
133.5
39.2
51.2
54.8
56.8
143
315.5
63.8
171.8
108.2
142.8
127.5
91.5
89
61
148
151.2
122.2
87.5
168
97.2
113
161.2
147.5
144
100.2
242
178
100.8
43.8
101.5
106.8
245.5
58
91.5
74.2
99
37.5
38.5
123
162.8
162.2
235.5
83.8
97.8
73.5
151.8
124
167.5
82.8
59
132
60.2
260.5
44.2
155.8
81.2
89.2
76.5
42.2
236.2
192.8
81
121
87
30.8
168.5
33.8
69.5
139
64.8
135.2
42.8
95.8
28.5
60.5
40.8
77
68.2
178.2
121.5
221.5
137
233.5
142
87.8
45.5
67.5
82.5
108.8
145
256.2
120.2
60.5
96.2
24.5
178.2
60.2
90.5
127.8
192.5
62.2
42
129.2
90.5
67
130.5
58
83.8
66.5
149.5
71.8
189.8
178.2
46.2
151.2
260.5
95.5
99.5
199
53.5
61.2
78.8
92.2
117.2
171.8
49.5
56.5
17.8
97.2
47.5
185.5
211.2
106.8
50.8
39.2
149.2
226.5
118.2
150.8
70.2
51.8
143.8
67.8
55
134.8
73.8
89.5
231
157.8
73.5
119.8
277.8
43.2
122.8
62.2
67.5
33.2
151.8
58.8
182
71.5
90
101.2
147.8
242.5
202.5
211.8
97
96.8
158.2
41.8
200.2
45
166.5
32.2
70.2
244.2
71.5
229.5
141.2
108.8
101.8
110
33
245
166.5
256.2
123.2
93.8
65.8
66.5
121.2
103
83.2
164.2
88
105.2
171
117.2
134.8
87
75.2
115
64
134
109.8
162
104.5
101.5
129.8
54
78.5
57.5
108.8
113.8
89.5
100.2
68.8
96.2
162
88.2
100.8
194.5
42.2
sums of draw-off volumes of each hour of the day
81.5
109.2
138.9
122.4
265.1
58.1
8305.9
10251
3616.9
817.7
551.6
2114.3
2701.3
913
1141.3
2281.2
1900.2
892.6
1257.3
1832.9
2065.2
1366.2
566
226.9
sums of draw-off volumes of each hour of weekdays
51
84.1
24.9
45.9
225.3
23
6680.5
6812.9
1735.7
414.7
477.5
1939.7
2504.9
695.8
308.3
399.3
686.1
615.5
1012.3
1442.4
1573.8
820.2
161.6
68.5
sums of draw-off volumes of each hour of weekend-days
30.5
25.1
114
76.5
39.8
35.1
1625.4
3438.1
1881.2
403
74.1
174.6
196.4
217.2
833
1881.9
1214.1
277.1
245
390.5
491.4
546
404.4
158.4
holidays of household(s), numbers correspond to day of year
