60;29
245;30
40;31
163;49
8;50
6;51
21;52
1;68
9;70
31;74
12;75
13;82
8;83
19;85
22;88
87;125
63;126
87;127
89;128
13;135
36;146
15;147
8;159
5;167
30;209
80;221
48;222
215;223
617;224
26;240
159;241
24;242
6;243
25;244
20;246
30;260
12;266
5;270
8;271
17;274
9;276
25;277
50;317
27;318
115;319
58;320
45;338
25;339
18;341
33;363
15;365
4;367
9;369
12;372
2;387
12;392
66;413
78;414
26;415
92;416
2;418
5;422
22;432
25;434
3;435
3;437
28;459
12;469
31;496
20;501
1;509
158;510
18;511
60;512
15;513
55;514
18;515
55;516
19;531
19;536
30;541
10;544
15;545
49;547
17;562
21;564
32;565
26;568
9;569
2;571
14;572
25;589
171;598
228;605
8;606
61;607
76;610
15;611
17;612
28;620
212;637
3;638
26;641
33;642
23;644
28;648
28;651
7;658
11;663
10;664
41;701
7;702
68;703
15;704
17;706
15;714
25;716
14;719
46;721
21;722
168;730
31;742
5;744
29;749
21;754
4;758
213;797
34;799
202;800
1;814
3;817
149;819
176;820
154;821
2;833
1;847
8;851
567;852
26;854
152;855
5;862
135;893
57;894
29;895
206;896
4;904
15;906
47;913
2;914
12;916
2;937
28;939
7;941
30;943
2;947
12;951
26;989
25;990
62;991
12;992
9;998
9;1009
1;1010
182;1011
42;1012
8;1034
4;1035
4;1039
28;1042
25;1043
7;1044
16;1045
247;1085
220;1086
93;1087
80;1088
154;1093
4;1097
1;1099
75;1105
190;1107
11;1111
2;1118
7;1120
9;1139
582;1141
31;1172
29;1181
35;1183
8;1184
11;1185
65;1186
149;1187
43;1188
9;1192
1;1213
12;1215
31;1219
22;1220
38;1230
17;1231
11;1234
16;1239
1;1251
160;1265
14;1270
45;1277
6;1278
75;1279
28;1280
334;1281
226;1282
60;1283
39;1284
33;1290
25;1299
5;1304
8;1309
34;1311
36;1312
191;1316
11;1318
27;1320
2;1321
8;1333
9;1338
184;1373
39;1374
29;1375
70;1376
155;1381
4;1386
21;1394
16;1395
1;1400
18;1403
40;1417
7;1419
5;1421
8;1423
12;1426
31;1447
6;1468
124;1469
52;1470
20;1471
198;1472
23;1484
155;1487
15;1489
6;1490
7;1493
6;1494
12;1497
27;1502
13;1504
14;1513
571;1522
10;1558
68;1565
22;1566
26;1568
11;1571
11;1579
5;1585
26;1586
157;1587
75;1588
21;1591
28;1604
23;1616
18;1622
24;1624
18;1634
89;1661
39;1662
52;1663
369;1664
24;1667
152;1670
2;1676
7;1678
34;1681
48;1682
49;1684
34;1708
16;1709
2;1710
27;1711
20;1715
1;1720
36;1757
63;1758
68;1759
92;1760
24;1761
12;1765
32;1777
34;1778
23;1779
562;1797
8;1799
16;1807
10;1809
12;1810
31;1812
20;1815
22;1816
26;1822
182;1832
34;1836
66;1853
30;1854
23;1855
38;1856
1;1857
13;1858
49;1859
22;1860
1;1872
30;1874
28;1882
5;1887
25;1888
22;1890
189;1891
16;1892
27;1893
151;1900
17;1905
11;1909
35;1911
22;1916
16;1924
36;1949
30;1950
169;1951
200;1952
3;1953
102;1954
198;1955
13;1956
9;1957
7;1958
33;1964
12;1981
29;1982
69;1984
9;1985
10;1986
178;1987
18;1994
14;2002
3;2004
8;2006
17;2010
27;2011
40;2045
52;2046
8;2047
91;2048
28;2060
22;2062
76;2065
23;2066
20;2067
19;2089
7;2093
43;2094
9;2096
8;2098
182;2141
62;2142
158;2144
2;2157
19;2158
1;2160
45;2167
5;2181
13;2182
5;2183
1;2186
162;2187
8;2190
25;2193
10;2198
9;2229
247;2237
171;2238
202;2239
19;2241
12;2245
17;2254
31;2257
7;2260
7;2284
1;2286
8;2289
3;2290
20;2291
10;2295
24;2312
49;2333
28;2334
189;2335
213;2336
10;2350
34;2353
65;2354
2;2355
17;2356
12;2360
28;2365
25;2380
14;2384
5;2385
31;2389
4;2391
73;2429
48;2430
69;2431
145;2432
3;2438
10;2448
5;2450
561;2451
9;2452
3;2463
33;2476
38;2478
26;2479
11;2480
172;2484
157;2486
23;2488
9;2499
13;2516
39;2525
6;2526
30;2527
13;2528
71;2529
200;2530
60;2531
88;2532
27;2536
16;2549
13;2552
4;2555
70;2557
54;2558
6;2560
36;2561
10;2563
27;2564
2;2575
13;2576
16;2580
32;2584
160;2587
17;2621
23;2622
168;2623
44;2624
109;2625
36;2626
9;2627
45;2628
28;2637
5;2647
26;2653
2;2655
20;2656
1;2657
239;2658
22;2664
23;2670
55;2674
3;2677
184;2680
27;2708
61;2717
81;2718
96;2719
739;2720
4;2722
11;2725
49;2738
2;2740
10;2743
18;2753
20;2756
16;2769
24;2772
2;2775
182;2813
205;2814
92;2815
69;2816
18;2833
5;2834
26;2835
30;2836
15;2857
18;2862
6;2867
38;2869
28;2870
70;2909
54;2910
228;2912
9;2917
21;2922
35;2929
68;2930
42;2931
2;2932
18;2934
156;2954
11;2957
1;2958
18;2959
23;2962
7;2964
107;3005
24;3007
61;3008
17;3025
112;3026
3;3027
3;3028
9;3045
8;3053
2;3055
5;3056
13;3061
14;3062
25;3063
13;3072
80;3101
28;3102
204;3103
47;3104
10;3110
573;3115
191;3121
21;3123
34;3124
35;3140
27;3148
3;3149
2;3157
24;3160
6;3187
19;3197
54;3199
34;3200
6;3201
31;3202
3;3203
53;3204
19;3219
9;3222
180;3229
23;3231
18;3232
10;3233
23;3234
27;3238
28;3254
5;3256
12;3257
15;3282
10;3283
23;3288
66;3294
66;3295
53;3296
36;3297
24;3298
37;3299
7;3300
11;3308
153;3320
4;3326
11;3327
30;3328
151;3329
1;3330
181;3331
40;3332
6;3335
22;3341
12;3347
18;3350
8;3351
45;3352
1;3353
146;3384
123;3389
24;3390
7;3391
15;3398
14;3400
1;3410
5;3411
22;3420
6;3423
15;3433
31;3434
14;3435
39;3437
41;3438
10;3440
7;3441
22;3442
4;3443
10;3444
6;3479
46;3485
50;3486
58;3487
86;3488
32;3505
184;3506
36;3507
34;3508
13;3523
25;3529
11;3531
15;3534
21;3536
15;3537
12;3540
6;3544
83;3581
79;3582
13;3583
2;3584
7;3602
34;3603
36;3604
149;3617
14;3626
8;3630
17;3633
26;3634
171;3635
24;3636
17;3639
23;3655
5;3677
169;3678
29;3680
187;3697
50;3698
70;3699
32;3700
31;3711
23;3725
5;3730
26;3732
41;3736
151;3773
41;3774
31;3775
189;3776
8;3792
190;3793
10;3795
4;3815
26;3820
2;3822
6;3824
37;3826
9;3829
3;3833
1;3870
36;3871
21;3872
68;3873
8;3874
2;3875
34;3876
28;3884
9;3895
20;3901
14;3902
21;3903
12;3904
174;3908
3;3913
5;3921
38;3923
26;3924
30;3925
9;3929
19;3966
108;3967
346;3968
3;3969
45;3971
4;3972
32;3992
167;3995
5;3997
5;4000
23;4002
33;4003
15;4008
5;4022
144;4025
6;4028
6;4040
47;4061
84;4062
46;4063
32;4064
3;4081
36;4082
4;4083
7;4084
151;4098
192;4105
8;4106
11;4108
27;4109
30;4110
29;4111
13;4112
3;4113
10;4117
30;4119
10;4135
24;4146
61;4157
39;4158
46;4159
37;4160
25;4168
33;4172
12;4173
35;4177
3;4179
20;4180
23;4192
22;4193
2;4202
18;4203
12;4205
26;4211
4;4243
5;4250
204;4253
230;4254
66;4255
55;4256
1;4269
146;4274
4;4275
40;4276
30;4278
38;4287
7;4301
18;4302
32;4303
17;4340
23;4345
177;4349
64;4350
10;4351
48;4352
21;4359
77;4369
81;4370
29;4371
14;4372
5;4379
34;4395
24;4400
8;4403
2;4404
28;4405
26;4422
96;4445
159;4446
55;4447
9;4448
23;4455
5;4458
22;4465
165;4468
26;4472
4;4479
35;4497
3;4499
162;4500
30;4501
11;4507
10;4514
23;4530
26;4541
204;4542
14;4543
16;4544
52;4545
34;4546
166;4547
12;4548
17;4549
160;4573
11;4574
17;4577
5;4580
18;4582
28;4593
35;4598
27;4599
9;4603
19;4604
18;4612
4;4623
168;4628
8;4637
25;4638
15;4639
38;4640
22;4641
37;4642
22;4643
195;4644
34;4650
21;4667
598;4669
46;4670
10;4672
20;4673
14;4675
153;4676
20;4677
6;4679
147;4682
25;4694
182;4698
197;4699
4;4700
17;4733
57;4734
101;4735
257;4736
26;4749
7;4753
21;4754
52;4755
32;4757
39;4760
16;4765
7;4781
8;4782
191;4786
27;4787
1;4788
27;4792
35;4803
14;4809
13;4811
26;4829
197;4830
75;4831
34;4832
44;4849
166;4850
35;4851
28;4856
28;4857
4;4858
2;4871
168;4874
20;4881
81;4925
54;4926
54;4927
21;4938
23;4945
17;4947
10;4959
6;4971
13;4973
15;4976
18;4978
12;4979
37;5021
65;5022
60;5023
87;5024
7;5041
51;5043
33;5069
2;5072
218;5073
26;5077
38;5078
100;5117
126;5118
68;5119
208;5120
16;5121
17;5128
28;5137
59;5138
2;5140
15;5143
1;5145
21;5151
22;5152
30;5167
5;5169
4;5173
78;5213
206;5214
45;5216
27;5217
68;5218
48;5220
5;5223
9;5230
20;5238
56;5245
155;5246
1;5247
30;5248
10;5250
20;5251
12;5252
8;5266
21;5271
9;5275
18;5276
11;5293
20;5299
22;5309
30;5310
81;5311
84;5313
81;5314
34;5315
13;5316
21;5341
16;5343
9;5344
48;5345
26;5363
29;5365
152;5369
13;5370
39;5405
111;5406
73;5407
45;5408
20;5425
55;5427
7;5428
3;5440
38;5453
32;5455
19;5458
27;5464
40;5501
14;5502
24;5503
226;5504
25;5521
10;5522
12;5523
22;5524
16;5533
4;5551
31;5597
25;5598
21;5599
236;5600
4;5615
20;5617
161;5618
40;5620
555;5639
26;5650
45;5654
24;5655
9;5656
10;5688
66;5693
269;5694
68;5695
75;5696
22;5698
56;5715
47;5716
3;5741
1;5746
14;5752
49;5790
173;5791
397;5792
32;5809
2;5810
38;5812
8;5832
14;5833
8;5842
8;5844
13;5876
60;5885
53;5886
14;5888
35;5889
36;5891
47;5892
18;5917
36;5918
32;5919
42;5920
32;5921
191;5922
48;5923
11;5924
6;5938
12;5958
16;5974
192;5981
8;5982
15;5984
25;5985
23;5987
9;5988
42;6013
3;6016
21;6017
52;6020
25;6029
25;6030
35;6032
6;6033
5;6035
24;6041
233;6077
75;6078
37;6079
257;6080
26;6086
175;6097
14;6098
181;6100
24;6103
11;6113
1;6115
5;6117
62;6123
10;6125
8;6126
557;6143
36;6173
158;6174
107;6175
17;6176
1;6186
200;6193
11;6194
13;6195
26;6196
16;6217
5;6220
1;6266
41;6269
226;6270
85;6271
229;6272
24;6273
159;6283
9;6284
16;6289
37;6291
5;6314
11;6315
34;6317
587;6324
17;6328
22;6341
74;6365
432;6366
85;6367
92;6368
1;6378
1;6382
13;6385
3;6386
29;6387
6;6388
12;6390
23;6404
24;6407
7;6411
21;6416
5;6418
34;6422
4;6425
9;6461
261;6462
176;6463
54;6464
14;6475
15;6478
4;6482
35;6483
10;6489
2;6500
22;6505
9;6510
579;6516
12;6520
41;6557
11;6558
161;6559
204;6560
14;6561
47;6562
59;6564
28;6571
14;6576
9;6581
3;6583
14;6589
21;6590
39;6592
7;6593
11;6594
2;6595
19;6596
10;6615
8;6616
22;6617
12;6620
191;6653
62;6654
15;6655
35;6656
8;6657
15;6658
194;6659
49;6660
15;6669
31;6681
12;6684
15;6688
9;6689
49;6690
3;6700
16;6707
1;6708
8;6709
5;6713
25;6714
5;6716
191;6749
99;6750
36;6751
89;6752
1;6758
35;6769
40;6772
11;6779
10;6783
21;6786
4;6790
20;6796
36;6797
156;6798
28;6804
71;6845
160;6846
11;6847
30;6848
43;6865
157;6866
20;6871
37;6874
32;6876
1;6882
5;6883
3;6894
8;6896
20;6904
1;6921
15;6938
60;6941
57;6942
39;6943
156;6944
30;6954
6;6956
8;6961
34;6963
27;6964
13;6985
2;6986
19;6989
13;6997
5;7037
44;7038
70;7039
13;7040
7;7058
27;7060
5;7086
10;7089
15;7090
32;7095
11;7120
26;7127
111;7133
218;7134
86;7135
69;7136
24;7137
36;7153
22;7155
2;7162
17;7166
8;7181
5;7183
24;7192
14;7216
6;7218
38;7229
51;7230
7;7231
4;7234
70;7235
48;7236
8;7249
11;7252
25;7259
30;7260
20;7261
65;7263
181;7264
187;7265
12;7266
21;7267
32;7268
31;7279
19;7281
25;7285
3;7286
12;7287
8;7325
10;7326
49;7328
602;7329
333;7330
43;7331
170;7332
11;7357
23;7361
31;7363
54;7364
20;7367
2;7370
8;7371
29;7374
1;7377
4;7380
6;7383
14;7384
22;7388
40;7421
35;7422
4;7423
22;7424
40;7425
6;7431
9;7441
42;7444
1;7446
5;7450
25;7453
18;7455
10;7458
29;7466
9;7468
9;7475
1;7476
34;7477
159;7497
8;7510
18;7517
230;7518
75;7519
7;7520
17;7537
10;7561
176;7563
23;7566
1;7570
13;7573
166;7575
87;7613
54;7615
240;7616
22;7624
55;7633
43;7634
6;7645
21;7658
12;7660
4;7665
29;7668
49;7672
5;7702
49;7709
54;7710
188;7711
169;7712
6;7729
21;7731
39;7732
32;7739
11;7744
1;7746
1;7751
9;7753
26;7760
168;7763
46;7805
95;7806
208;7807
108;7808
32;7816
25;7825
8;7826
2;7827
18;7828
25;7850
34;7855
32;7856
5;7859
2;7864
4;7892
34;7901
154;7902
9;7903
60;7904
156;7905
32;7906
72;7907
13;7908
34;7909
19;7915
6;7916
14;7923
11;7926
25;7927
11;7929
16;7933
47;7934
47;7937
201;7938
53;7940
18;7954
8;7956
6;7986
148;7997
21;7998
77;7999
22;8000
320;8001
45;8002
59;8003
49;8004
4;8005
9;8018
28;8029
9;8033
2;8034
49;8035
27;8036
9;8037
11;8041
26;8048
14;8049
17;8051
22;8052
5;8054
15;8057
21;8059
1;8062
366;8093
763;8094
47;8095
108;8096
37;8098
3;8099
5;8113
21;8115
4;8124
8;8127
6;8139
32;8146
10;8150
62;8189
114;8190
69;8191
24;8192
3;8196
30;8201
4;8205
7;8206
14;8210
187;8211
20;8212
22;8237
4;8239
27;8240
13;8242
6;8245
2;8246
20;8247
152;8278
47;8285
193;8286
35;8287
261;8288
25;8293
15;8295
169;8297
6;8305
19;8306
18;8308
25;8319
7;8327
17;8329
19;8331
21;8333
13;8334
4;8338
195;8342
16;8344
5;8363
8;8364
60;8381
237;8382
217;8383
68;8384
22;8397
57;8403
7;8404
12;8429
176;8430
19;8432
30;8433
8;8434
28;8438
183;8477
57;8478
40;8479
42;8480
23;8482
13;8498
46;8499
6;8510
44;8523
8;8526
3;8530
23;8533
5;8535
9;8555
7;8556
23;8561
22;8569
13;8573
190;8575
185;8576
28;8577
42;8578
192;8579
67;8580
154;8586
14;8588
34;8606
12;8607
26;8608
44;8609
28;8611
9;8612
7;8625
37;8627
39;8630
46;8633
4;8635
9;8665
26;8666
77;8667
32;8669
17;8670
26;8671
12;8676
14;8680
27;8687
24;8692
12;8697
16;8699
37;8700
23;8701
8;8703
16;8717
179;8719
37;8720
24;8724
15;8727
36;8762
27;8763
40;8764
10;8772
53;8781
54;8782
22;8783
55;8784
22;8788
17;8806
11;8807
16;8812
31;8814
16;8815
10;8818
19;8819
2;8857
7;8858
241;8859
27;8860
3;8861
8;8862
67;8877
89;8879
32;8897
6;8901
22;8904
5;8906
5;8909
6;8910
121;8953
99;8954
137;8955
88;8956
34;8973
13;8974
25;8976
23;8984
5;8990
159;8999
5;9000
12;9001
17;9011
2;9012
5;9014
5;9049
73;9050
27;9051
26;9052
24;9058
23;9059
14;9064
11;9066
10;9069
49;9071
28;9072
20;9075
22;9084
13;9087
19;9093
11;9098
1;9102
9;9103
21;9106
160;9115
16;9145
98;9146
8;9147
220;9148
16;9158
5;9165
17;9167
26;9168
23;9174
8;9188
18;9189
18;9191
5;9192
2;9193
8;9196
8;9197
155;9198
7;9200
161;9201
1;9203
22;9204
18;9210
158;9213
26;9215
5;9238
97;9241
35;9242
39;9243
34;9244
4;9245
99;9247
154;9254
12;9256
161;9258
58;9274
23;9279
3;9291
36;9295
12;9299
6;9310
65;9337
184;9338
11;9339
33;9341
34;9342
220;9343
4;9344
3;9349
2;9352
11;9357
19;9358
21;9369
22;9371
17;9373
16;9376
6;9378
8;9387
17;9389
12;9391
21;9392
18;9394
7;9397
10;9405
25;9433
44;9434
44;9435
81;9436
10;9445
7;9446
25;9454
26;9455
4;9457
8;9475
17;9479
4;9482
27;9489
5;9490
5;9491
40;9529
45;9530
201;9531
30;9532
3;9538
5;9549
21;9550
22;9551
165;9552
5;9572
10;9576
50;9577
158;9580
23;9584
24;9586
94;9625
15;9626
384;9627
12;9628
8;9637
10;9639
9;9644
24;9645
9;9646
19;9651
34;9670
170;9674
19;9677
159;9679
17;9681
9;9683
97;9721
65;9722
210;9723
3;9724
10;9742
9;9743
5;9765
3;9769
33;9770
2;9777
21;9778
5;9807
25;9808
49;9817
105;9818
45;9819
39;9820
15;9826
30;9828
5;9829
13;9833
8;9837
14;9838
68;9839
55;9840
17;9854
7;9859
15;9861
30;9868
26;9870
45;9871
54;9873
20;9876
1;9878
7;9881
6;9895
339;9913
29;9914
34;9915
37;9916
225;9917
107;9919
64;9920
163;9939
32;9945
27;9946
7;9947
29;9948
5;9950
19;9951
36;9952
23;9954
11;9958
15;9966
11;10001
5;10009
37;10010
22;10011
7;10012
4;10015
94;10016
21;10024
22;10038
3;10043
3;10044
23;10045
158;10046
190;10047
21;10048
14;10055
12;10061
28;10065
2;10067
156;10068
4;10069
58;10070
3;10083
69;10105
43;10106
192;10107
28;10108
30;10120
23;10125
24;10126
2;10127
2;10128
170;10133
3;10137
18;10144
163;10153
160;10156
28;10159
10;10160
200;10201
8;10202
106;10203
231;10204
17;10208
2;10217
10;10219
151;10222
81;10224
9;10234
12;10250
44;10297
60;10298
223;10299
49;10300
51;10308
9;10317
24;10319
1;10320
4;10323
159;10328
8;10332
10;10342
13;10343
2;10353
8;10393
27;10394
80;10395
157;10396
18;10397
35;10402
2;10406
15;10408
7;10413
31;10414
23;10422
6;10424
4;10434
164;10440
28;10444
5;10452
3;10459
75;10489
194;10490
188;10491
32;10492
29;10493
7;10503
29;10509
218;10512
16;10519
3;10526
16;10535
19;10536
16;10537
148;10542
18;10543
37;10546
194;10585
20;10586
4;10588
2;10590
237;10591
19;10592
14;10617
7;10618
1;10620
6;10623
113;10624
16;10629
32;10637
11;10640
25;10641
25;10643
18;10668
23;10681
24;10682
45;10683
64;10686
30;10687
137;10688
34;10691
29;10712
31;10714
11;10715
9;10716
191;10717
31;10719
6;10734
33;10735
28;10742
3;10767
1;10777
39;10778
240;10779
42;10780
32;10792
64;10797
22;10798
35;10799
9;10801
16;10811
8;10822
26;10830
9;10833
12;10869
191;10873
6;10874
41;10875
19;10876
21;10891
190;10893
65;10894
42;10896
20;10905
28;10911
17;10917
28;10918
199;10921
3;10922
16;10925
4;10927
21;10928
26;10929
5;10931
195;10932
15;10969
416;10970
1;10971
79;10972
4;10981
51;10989
59;10990
13;10991
29;10992
25;11009
6;11014
32;11015
2;11017
4;11018
17;11020
51;11021
9;11022
27;11065
230;11066
55;11067
44;11068
32;11085
160;11087
14;11088
13;11089
3;11109
13;11111
10;11112
7;11113
30;11123
6;11124
109;11161
62;11162
369;11163
40;11164
9;11172
30;11181
26;11183
49;11184
2;11210
28;11215
9;11228
22;11234
162;11238
38;11257
43;11258
48;11259
41;11260
61;11261
47;11262
245;11263
10;11266
7;11276
16;11283
24;11288
58;11289
4;11290
12;11292
63;11293
25;11295
36;11296
28;11309
34;11310
18;11313
162;11330
15;11353
221;11354
566;11356
27;11357
8;11358
21;11360
48;11386
150;11389
17;11390
18;11391
20;11396
1;11406
10;11409
102;11411
24;11412
5;11415
40;11416
31;11418
187;11449
42;11450
8;11451
152;11452
5;11459
159;11466
33;11470
13;11471
18;11477
3;11486
26;11495
1;11497
25;11499
6;11501
30;11508
43;11545
166;11546
178;11547
29;11548
6;11552
8;11567
2;11572
25;11581
3;11589
13;11594
20;11595
6;11599
25;11600
33;11603
103;11641
38;11642
374;11643
205;11644
10;11653
33;11654
27;11661
41;11663
30;11685
3;11687
20;11688
34;11689
10;11695
7;11697
72;11737
37;11738
584;11739
21;11740
3;11744
9;11745
166;11754
1;11757
178;11759
159;11760
16;11769
4;11778
168;11780
6;11781
20;11783
9;11788
37;11789
9;11790
17;11791
38;11796
6;11802
32;11805
188;11833
264;11834
103;11835
23;11836
25;11853
4;11877
1;11878
12;11881
16;11882
17;11887
6;11918
33;11926
19;11930
49;11932
1;11933
21;11934
14;11935
13;11936
58;11963
5;11964
17;11966
27;11984
15;11987
23;12018
12;12021
1;12025
28;12026
58;12027
80;12028
56;12029
108;12030
196;12031
200;12032
21;12045
11;12057
36;12058
81;12059
26;12060
38;12061
25;12062
42;12064
3;12071
19;12075
23;12079
4;12081
35;12083
151;12085
202;12121
15;12122
80;12123
77;12124
21;12129
18;12133
174;12142
159;12144
21;12163
9;12168
8;12177
11;12179
33;12180
31;12190
87;12217
240;12218
223;12220
29;12224
27;12237
64;12238
155;12239
43;12240
11;12245
2;12266
26;12268
27;12271
12;12272
6;12303
18;12313
32;12314
101;12315
10;12316
25;12322
10;12333
15;12334
337;12336
168;12349
10;12358
9;12361
15;12364
23;12366
16;12370
22;12372
5;12408
71;12409
65;12410
46;12411
29;12412
159;12429
223;12430
21;12445
5;12460
12;12464
40;12466
7;12467
53;12468
4;12504
169;12505
80;12506
209;12507
42;12508
9;12514
18;12526
34;12527
12;12550
8;12561
13;12562
8;12564
8;12579
18;12601
48;12602
21;12603
5;12604
31;12605
10;12606
66;12607
45;12608
31;12626
13;12633
13;12634
5;12635
21;12637
4;12638
23;12639
31;12640
15;12643
30;12654
56;12698
193;12700
34;12701
9;12702
23;12703
37;12704
24;12709
11;12725
106;12729
15;12730
158;12732
52;12733
5;12734
3;12735
10;12738
4;12749
10;12751
4;12756
1;12757
22;12759
38;12793
19;12794
173;12795
283;12796
154;12807
11;12813
24;12815
11;12831
47;12839
25;12841
22;12843
153;12845
30;12847
8;12849
13;12850
25;12852
31;12889
231;12890
66;12891
42;12892
2;12909
14;12910
45;12911
174;12912
38;12918
11;12939
20;12942
14;12945
18;12946
4;12948
61;12985
22;12986
241;12987
213;12988
168;12993
34;12998
65;13005
2;13006
2;13007
11;13008
156;13014
11;13016
35;13028
33;13038
28;13039
170;13040
4;13042
16;13044
744;13081
18;13082
81;13083
226;13084
11;13091
27;13098
28;13101
16;13102
23;13103
10;13104
24;13129
4;13131
18;13132
4;13139
14;13140
14;13177
115;13178
16;13180
15;13185
23;13186
11;13198
63;13199
13;13200
9;13207
2;13212
169;13229
19;13231
1;13233
25;13234
1;13236
49;13273
213;13274
29;13275
40;13276
8;13277
2;13278
64;13279
34;13280
4;13284
3;13299
24;13307
64;13308
19;13309
37;13310
23;13311
150;13312
18;13313
6;13318
23;13327
153;13330
20;13331
171;13332
166;13336
15;13353
15;13369
7;13370
48;13371
24;13372
40;13373
69;13374
6;13375
40;13376
157;13397
7;13402
13;13403
16;13404
162;13405
3;13406
22;13407
26;13408
17;13416
22;13417
16;13422
16;13424
1;13425
15;13427
17;13428
94;13465
206;13466
21;13467
845;13468
10;13485
17;13487
14;13488
23;13497
9;13501
8;13517
21;13519
144;13523
80;13561
28;13562
218;13563
12;13564
18;13567
1;13570
22;13574
90;13581
25;13583
8;13584
3;13610
8;13614
15;13616
20;13627
13;13630
33;13642
40;13658
11;13659
192;13660
64;13677
179;13678
38;13679
18;13680
12;13684
15;13702
5;13705
13;13707
7;13708
18;13712
126;13753
22;13755
57;13756
2;13759
19;13767
2;13773
27;13774
17;13775
25;13786
11;13794
166;13798
155;13800
9;13804
6;13807
163;13808
5;13811
175;13812
3;13843
36;13849
112;13850
50;13851
85;13852
17;13856
18;13858
34;13869
14;13870
24;13872
6;13877
31;13878
6;13887
2;13891
12;13905
18;13945
41;13946
400;13947
55;13948
20;13950
45;13951
182;13952
124;13957
40;13967
33;13977
39;13978
39;13979
1;13981
6;13983
28;13984
169;13997
159;13998
27;14000
27;14002
3;14006
14;14007
9;14010
9;14012
11;14040
9;14042
46;14043
361;14044
33;14045
7;14046
11;14047
34;14048
11;14070
11;14073
40;14075
6;14076
2;14078
44;14079
1;14080
8;14099
6;14100
27;14111
72;14137
119;14138
127;14139
158;14140
18;14143
13;14157
19;14159
156;14160
4;14161
21;14178
25;14182
27;14186
7;14190
30;14194
9;14196
32;14233
82;14234
6;14235
157;14236
5;14247
185;14254
20;14261
9;14262
6;14279
35;14280
11;14282
35;14287
13;14289
32;14329
25;14330
188;14331
182;14332
27;14337
18;14349
23;14351
9;14352
12;14356
6;14374
42;14375
146;14381
1;14382
3;14385
22;14388
57;14425
320;14426
72;14427
199;14428
1;14443
151;14445
11;14446
19;14447
61;14448
24;14452
6;14473
5;14475
24;14476
10;14495
27;14514
18;14521
602;14522
7;14523
27;14524
150;14533
38;14543
8;14544
17;14565
2;14569
7;14571
14;14579
2;14589
19;14590
35;14591
29;14617
17;14618
31;14619
198;14620
4;14621
35;14622
181;14623
65;14624
19;14625
5;14627
12;14628
4;14632
1;14646
77;14649
14;14650
28;14652
49;14654
196;14656
24;14669
11;14673
10;14674
20;14675
34;14676
42;14677
37;14713
65;14714
11;14716
31;14717
40;14718
20;14719
8;14720
12;14725
161;14746
4;14749
22;14750
1;14751
18;14756
12;14762
162;14767
49;14770
6;14773
40;14775
245;14809
204;14810
57;14811
14;14812
58;14815
22;14821
29;14822
41;14830
15;14836
40;14853
5;14855
31;14868
37;14877
216;14905
42;14906
25;14907
38;14908
1;14926
13;14927
16;14929
3;14949
22;14952
164;14953
22;14954
25;14958
26;14960
6;14962
28;15001
348;15002
232;15003
155;15004
51;15005
165;15021
34;15022
22;15023
38;15024
30;15046
30;15047
29;15097
9;15098
96;15099
208;15100
17;15109
24;15117
35;15118
14;15120
11;15131
16;15146
8;15151
3;15154
6;15155
12;15156
61;15193
104;15194
22;15195
40;15196
17;15197
8;15203
19;15213
25;15214
24;15223
11;15246
167;15260
20;15289
43;15292
11;15293
16;15294
184;15295
59;15296
5;15300
37;15321
38;15322
28;15323
12;15324
10;15326
19;15328
29;15333
2;15334
29;15335
24;15336
23;15337
156;15342
11;15343
5;15344
16;15348
34;15349
19;15352
3;15365
152;15385
11;15387
614;15388
7;15389
7;15390
29;15392
27;15398
6;15414
11;15417
12;15420
8;15424
47;15442
38;15444
226;15481
48;15483
40;15484
9;15493
8;15498
9;15504
31;15517
13;15524
30;15529
12;15532
16;15566
1;15577
586;15578
180;15579
47;15580
34;15595
2;15597
31;15599
39;15600
13;15627
166;15673
43;15674
86;15675
67;15676
27;15696
22;15707
19;15728
12;15732
14;15740
14;15769
26;15770
42;15771
58;15772
31;15778
7;15779
12;15786
14;15790
17;15804
160;15812
14;15813
155;15815
15;15822
15;15825
25;15827
42;15865
17;15866
174;15867
79;15868
32;15884
5;15885
16;15887
5;15888
10;15907
165;15908
166;15910
9;15911
44;15915
22;15916
31;15922
15;15924
23;15945
31;15961
59;15962
37;15963
6;15964
103;15965
45;15966
21;15967
5;15970
20;15975
2;15991
6;15993
49;15994
20;15995
20;15996
41;15997
2;15999
10;16000
20;16015
38;16057
9;16058
49;16061
20;16062
152;16063
17;16064
18;16073
29;16083
6;16088
27;16089
6;16090
18;16092
173;16093
24;16094
27;16096
1;16102
1;16108
29;16117
3;16118
11;16153
65;16154
19;16155
36;16156
15;16158
28;16159
164;16169
14;16173
4;16175
32;16176
1;16197
25;16198
9;16202
21;16207
77;16208
1;16209
40;16249
29;16250
167;16251
118;16252
4;16266
17;16269
8;16270
15;16271
172;16272
157;16292
10;16294
27;16295
1;16299
20;16301
4;16307
32;16345
38;16346
49;16347
169;16348
15;16355
18;16357
14;16365
13;16366
9;16367
13;16368
21;16371
19;16377
8;16389
21;16390
10;16391
41;16393
13;16401
16;16442
182;16443
218;16444
11;16447
20;16457
19;16462
14;16464
19;16479
3;16484
11;16485
3;16488
9;16493
20;16495
198;16537
18;16538
190;16539
45;16540
9;16557
176;16558
19;16559
11;16573
14;16582
16;16591
216;16634
83;16635
187;16636
28;16637
190;16638
9;16639
105;16640
12;16643
15;16655
28;16664
17;16666
11;16668
230;16669
11;16672
3;16676
16;16678
5;16679
22;16682
15;16684
8;16688
13;16690
24;16693
5;16720
6;16727
320;16729
37;16730
178;16731
15;16732
23;16733
58;16734
53;16735
15;16736
19;16739
3;16740
7;16757
68;16761
6;16762
5;16766
146;16767
5;16769
38;16782
27;16783
5;16788
21;16792
10;16823
74;16825
70;16826
36;16827
77;16828
10;16833
37;16842
10;16873
9;16876
6;16877
23;16882
21;16884
60;16921
66;16922
37;16923
55;16924
27;16941
10;16942
26;16943
30;16944
8;16954
9;16967
1;16970
1;16971
6;16977
168;16978
13;16995
96;17017
13;17018
60;17019
51;17020
30;17025
17;17039
24;17051
8;17062
25;17063
38;17065
6;17074
3;17076
24;17113
56;17114
175;17115
17;17116
41;17134
29;17136
7;17159
7;17161
34;17166
30;17167
7;17170
9;17172
30;17208
51;17209
4;17210
231;17211
64;17212
20;17215
10;17219
7;17230
18;17231
9;17235
35;17237
31;17245
2;17255
4;17257
8;17259
3;17264
167;17267
28;17305
27;17306
20;17307
36;17308
20;17309
39;17311
246;17312
25;17314
29;17318
20;17323
156;17337
11;17339
6;17340
25;17341
3;17342
32;17343
12;17357
21;17359
11;17362
564;17363
10;17365
209;17368
3;17402
8;17403
35;17404
197;17406
10;17407
169;17435
3;17437
11;17438
30;17440
21;17441
34;17456
3;17459
3;17460
24;17463
173;17488
12;17497
97;17498
40;17499
27;17500
22;17513
173;17517
18;17519
6;17520
5;17541
15;17550
31;17566
24;17586
51;17593
240;17594
179;17595
1;17596
157;17608
33;17612
2;17613
22;17614
18;17615
15;17616
7;17637
28;17641
6;17642
7;17646
35;17650
11;17682
25;17689
30;17690
17;17691
72;17692
7;17698
3;17700
15;17709
93;17711
31;17715
16;17724
170;17733
10;17735
20;17742
102;17785
22;17786
108;17787
90;17788
23;17793
30;17805
10;17806
52;17807
35;17808
167;17825
16;17834
10;17840
25;17842
26;17844
64;17881
13;17882
42;17883
25;17884
15;17887
14;17895
23;17902
34;17904
13;17908
25;17925
25;17931
13;17934
14;17936
1;17949
65;17977
10;17978
26;17979
170;17980
55;17981
79;17982
158;17983
7;17984
27;17991
28;17996
163;18009
18;18010
15;18011
158;18012
3;18013
1;18014
10;18016
26;18017
9;18027
12;18029
38;18034
3;18037
36;18049
13;18057
26;18073
25;18074
5;18075
9;18076
13;18077
30;18078
39;18079
2;18080
35;18088
32;18094
37;18095
8;18096
5;18099
47;18105
20;18106
28;18107
48;18110
16;18112
23;18126
40;18127
32;18130
218;18169
33;18170
228;18171
24;18172
3;18188
58;18189
12;18190
5;18197
5;18199
22;18265
15;18266
126;18267
20;18285
34;18286
68;18287
22;18288
17;18289
31;18311
14;18314
35;18318
12;18319
11;18323
54;18362
294;18363
54;18364
17;18370
19;18376
26;18381
6;18383
8;18384
34;18390
28;18392
22;18411
10;18414
47;18417
85;18457
217;18458
39;18459
105;18460
11;18462
8;18463
7;18477
61;18478
20;18479
23;18480
20;18482
16;18484
19;18502
3;18503
18;18505
30;18506
20;18507
11;18516
229;18553
32;18554
43;18555
20;18556
38;18573
9;18574
166;18575
167;18589
9;18593
2;18595
3;18602
2;18606
10;18608
1;18609
17;18642
40;18651
50;18655
12;18656
167;18658
35;18681
35;18684
10;18686
50;18687
71;18688
12;18694
10;18701
3;18702
12;18708
4;18710
2;18711
8;18725
14;18740
232;18745
25;18746
64;18747
54;18748
78;18750
32;18752
22;18756
29;18758
164;18776
63;18777
11;18778
10;18779
3;18780
36;18781
31;18782
8;18792
53;18799
162;18801
1;18806
15;18814
17;18829
11;18841
72;18842
26;18843
73;18844
25;18861
38;18863
161;18886
170;18937
60;18938
36;18939
2;18940
29;18952
10;18954
9;18957
15;18959
13;18976
4;18984
167;18985
16;18986
20;18989
49;19034
94;19035
70;19036
16;19055
26;19056
4;19068
29;19085
2;19100
202;19129
50;19130
64;19132
3;19149
5;19151
8;19173
4;19174
13;19179
19;19180
20;19182
22;19183
10;19187
12;19221
83;19225
789;19226
11;19227
208;19228
28;19240
24;19243
21;19247
132;19248
12;19273
147;19276
6;19283
20;19290
547;19321
4;19322
115;19324
13;19325
41;19326
13;19327
80;19328
9;19335
31;19344
28;19353
8;19354
11;19355
47;19357
20;19358
167;19360
171;19361
3;19367
27;19368
9;19373
9;19382
30;19383
19;19417
192;19418
169;19421
15;19422
2;19423
56;19424
6;19433
163;19450
163;19451
12;19452
151;19453
14;19455
28;19456
30;19459
20;19461
8;19469
24;19472
10;19473
20;19476
33;19478
27;19488
4;19513
25;19514
169;19515
51;19516
15;19533
163;19536
36;19546
153;19559
153;19560
15;19565
2;19597
67;19609
8;19610
33;19611
4;19612
1;19618
7;19623
29;19629
37;19630
3;19631
23;19632
10;19643
21;19650
6;19654
6;19655
31;19656
5;19659
29;19660
13;19661
10;19689
20;19705
193;19706
28;19707
198;19708
21;19726
16;19727
29;19728
15;19739
3;19743
20;19748
14;19753
35;19756
15;19764
20;19801
56;19803
251;19804
3;19807
14;19810
13;19818
29;19822
9;19824
53;19838
9;19846
11;19852
2;19854
25;19855
16;19856
24;19857
149;19858
150;19897
24;19898
38;19899
85;19900
43;19918
222;19919
28;19936
12;19941
59;19943
13;19945
4;19953
53;19993
581;19994
28;19995
34;19997
11;19998
57;20000
12;20011
3;20023
8;20025
40;20026
12;20028
9;20029
9;20031
1;20033
25;20051
4;20091
39;20092
7;20093
26;20094
25;20095
37;20099
32;20102
20;20108
56;20121
151;20123
27;20125
579;20127
5;20128
15;20146
38;20147
29;20149
6;20150
162;20151
6;20153
27;20158
37;20185
265;20186
87;20187
37;20188
38;20206
161;20207
13;20208
9;20220
12;20222
26;20226
722;20230
18;20232
20;20233
17;20239
18;20282
104;20283
41;20284
5;20293
43;20301
26;20302
164;20377
41;20378
773;20379
194;20380
23;20382
5;20385
27;20399
28;20400
11;20421
20;20424
162;20429
11;20432
22;20473
25;20474
247;20475
33;20476
1;20485
15;20486
5;20493
37;20494
34;20495
34;20496
27;20519
28;20520
28;20521
6;20522
42;20524
8;20525
20;20531
12;20569
67;20570
26;20571
46;20572
1;20578
16;20587
14;20589
18;20590
10;20591
14;20594
14;20598
8;20608
14;20617
7;20619
26;20620
6;20622
26;20628
16;20665
33;20666
45;20667
68;20669
215;20671
373;20672
30;20697
32;20698
163;20699
31;20700
44;20701
29;20702
25;20704
8;20706
23;20714
41;20723
29;20725
34;20726
11;20735
3;20739
195;20761
21;20762
26;20764
35;20765
21;20766
9;20767
47;20768
151;20770
16;20782
31;20793
26;20794
26;20796
15;20798
4;20802
11;20815
153;20817
21;20819
1;20822
23;20823
32;20824
20;20858
74;20859
34;20860
19;20867
29;20875
27;20877
47;20880
16;20883
52;20888
31;20889
30;20910
1;20912
31;20913
27;20914
27;20916
4;20945
45;20953
327;20954
65;20955
35;20956
31;20965
9;20970
8;20973
151;20974
22;20976
4;20983
12;20999
32;21001
9;21004
27;21011
19;21049
23;21050
37;21051
239;21052
3;21059
31;21070
48;21071
42;21072
13;21073
22;21097
15;21098
18;21100
14;21102
175;21103
8;21104
182;21145
52;21146
26;21147
54;21148
5;21161
713;21165
194;21166
345;21168
9;21175
8;21189
12;21190
2;21191
8;21195
25;21197
23;21201
12;21204
6;21241
45;21244
35;21246
30;21260
11;21261
65;21262
19;21263
152;21264
19;21269
5;21285
165;21286
45;21288
165;21290
19;21310
23;21337
18;21338
21;21340
66;21341
57;21342
20;21343
25;21344
16;21360
186;21369
23;21371
19;21372
4;21373
1;21375
170;21376
12;21380
4;21395
207;21396
18;21399
26;21405
24;21433
2;21435
9;21436
182;21438
16;21439
7;21440
19;21455
22;21465
179;21466
32;21467
28;21468
29;21471
25;21475
24;21485
162;21529
56;21530
249;21531
40;21532
19;21533
26;21549
9;21550
10;21551
7;21552
26;21576
36;21579
15;21582
24;21585
769;21625
177;21626
56;21627
47;21628
25;21631
3;21643
30;21645
11;21646
45;21647
19;21654
11;21670
28;21671
2;21676
18;21679
1;21681
158;21684
335;21721
166;21722
78;21724
12;21725
19;21728
6;21735
20;21742
11;21744
14;21752
47;21817
318;21818
86;21819
22;21820
30;21839
552;21864
30;21867
27;21869
11;21870
13;21874
53;21913
60;21914
48;21915
57;21916
173;21924
8;21928
24;21933
63;21934
25;21935
36;21951
9;21953
15;21969
3;21970
32;21972
32;22006
18;22009
69;22010
36;22012
32;22013
18;22015
1;22016
33;22036
50;22042
40;22043
35;22044
5;22045
70;22046
29;22047
702;22062
6;22063
17;22064
157;22065
30;22066
30;22067
201;22068
38;22069
11;22070
33;22071
9;22089
44;22106
3;22107
39;22108
51;22110
20;22111
1;22112
7;22114
19;22122
18;22135
48;22140
7;22141
183;22143
6;22144
10;22157
13;22161
197;22201
4;22202
26;22203
190;22204
23;22214
17;22221
33;22222
21;22223
20;22224
21;22230
9;22242
37;22250
6;22257
7;22297
81;22298
42;22299
29;22300
6;22315
29;22317
3;22320
20;22334
28;22341
5;22343
10;22346
15;22350
1;22351
34;22353
18;22356
5;22361
25;22364
37;22393
4;22394
336;22395
27;22396
12;22402
16;22410
31;22414
32;22415
13;22416
32;22431
5;22432
2;22441
4;22443
34;22444
2;22445
9;22446
25;22455
75;22489
9;22490
39;22491
46;22492
26;22504
17;22509
12;22510
11;22513
41;22585
14;22586
95;22587
4;22588
17;22606
159;22608
20;22619
9;22630
29;22631
6;22632
9;22634
29;22640
16;22642
35;22659
14;22681
7;22682
32;22683
175;22684
35;22687
67;22688
15;22692
5;22695
8;22714
162;22715
3;22716
18;22718
26;22720
9;22733
6;22737
163;22743
154;22744
19;22750
2;22775
20;22778
170;22780
174;22782
12;22783
18;22784
24;22810
17;22811
55;22813
193;22815
33;22816
11;22818
4;22834
20;22835
23;22839
35;22873
20;22874
51;22875
38;22876
3;22885
32;22892
12;22893
4;22905
30;22909
32;22929
4;22931
19;22969
229;22970
261;22971
563;22972
10;22980
7;22982
31;22990
9;22991
8;22993
13;23008
6;23016
2;23019
18;23022
160;23025
27;23065
68;23066
62;23067
19;23068
168;23079
1;23083
11;23084
16;23085
29;23086
18;23087
25;23088
19;23096
21;23111
29;23112
11;23113
10;23115
3;23123
21;23124
10;23161
43;23162
51;23163
28;23164
16;23181
2;23184
1;23185
161;23197
22;23204
50;23206
15;23209
16;23212
22;23220
239;23257
24;23258
70;23259
100;23260
12;23261
177;23277
21;23278
29;23279
34;23288
26;23297
3;23301
22;23303
14;23307
25;23309
23;23353
31;23355
26;23356
42;23357
19;23359
20;23360
4;23361
1;23378
30;23387
585;23389
29;23390
20;23392
18;23440
20;23449
31;23450
217;23451
11;23452
12;23453
12;23454
28;23455
32;23456
33;23461
12;23474
16;23477
15;23482
10;23484
5;23487
17;23497
40;23507
29;23509
30;23511
53;23512
102;23545
86;23546
50;23547
185;23548
10;23554
19;23557
6;23563
24;23565
91;23566
22;23567
25;23568
12;23572
19;23580
1;23582
9;23584
26;23594
47;23595
33;23597
3;23601
64;23641
6;23642
198;23643
202;23644
165;23646
42;23661
175;23663
11;23687
16;23691
15;23693
162;23697
6;23700
16;23720
4;23734
50;23737
53;23738
27;23739
31;23740
36;23752
33;23755
24;23757
11;23758
88;23760
19;23771
17;23779
173;23782
12;23789
23;23790
8;23791
23;23793
32;23794
14;23795
8;23821
36;23833
27;23834
252;23835
157;23836
21;23847
153;23855
2;23859
7;23865
27;23877
11;23879
22;23887
2;23904
1;23905
43;23929
22;23930
575;23931
197;23932
22;23933
34;23937
32;23941
20;23949
52;23950
17;23952
10;23953
12;23961
1;23971
8;23972
19;23981
45;24025
29;24026
11;24027
193;24029
70;24030
8;24031
171;24032
14;24033
49;24057
5;24058
10;24061
7;24062
42;24070
7;24080
32;24085
2;24087
145;24121
55;24122
37;24123
19;24124
105;24127
36;24153
55;24156
3;24158
19;24163
19;24165
7;24171
13;24172
13;24182
12;24183
8;24184
21;24211
20;24217
4;24218
17;24219
63;24220
12;24237
23;24238
5;24239
13;24240
11;24266
46;24267
15;24268
17;24271
32;24273
4;24276
72;24313
16;24314
84;24315
150;24316
12;24331
33;24334
40;24349
35;24357
39;24358
23;24364
224;24409
8;24410
31;24411
39;24412
10;24427
13;24452
27;24460
2;24462
7;24463
5;24466
7;24478
60;24505
163;24506
10;24507
57;24508
23;24520
18;24523
9;24525
4;24526
36;24527
1;24537
16;24554
15;24601
10;24602
76;24603
31;24604
343;24621
16;24622
152;24624
17;24628
8;24631
11;24632
160;24639
6;24646
27;24651
4;24655
37;24657
25;24697
32;24698
22;24699
42;24700
54;24701
10;24702
155;24703
227;24704
3;24713
19;24722
31;24729
24;24730
25;24732
21;24734
39;24735
37;24750
8;24789
52;24793
6;24795
78;24796
40;24797
83;24798
48;24799
11;24800
28;24802
3;24814
14;24818
18;24822
166;24827
12;24828
41;24830
4;24846
21;24848
153;24850
16;24852
20;24853
162;24854
186;24889
35;24890
78;24891
69;24892
29;24895
4;24907
7;24911
34;24912
21;24914
17;24927
21;24929
157;24933
10;24936
30;24937
6;24940
19;24943
15;24944
36;24948
13;24970
45;24985
67;24986
89;24987
382;24988
32;24994
54;25005
1;25007
318;25008
40;25009
6;25014
8;25018
42;25030
11;25035
2;25036
3;25038
16;25043
9;25044
15;25049
776;25081
42;25082
202;25083
31;25084
22;25096
4;25101
12;25102
43;25103
9;25104
16;25106
5;25109
161;25125
17;25132
9;25134
38;25137
2;25146
202;25177
42;25178
396;25179
16;25180
11;25198
19;25199
184;25200
26;25205
26;25230
6;25263
204;25273
205;25274
158;25275
19;25276
26;25279
19;25286
36;25293
6;25294
32;25302
166;25306
51;25327
7;25331
32;25332
21;25367
19;25370
14;25371
567;25372
218;25373
22;25374
25;25376
12;25383
28;25387
19;25390
6;25403
7;25408
11;25409
48;25421
8;25424
12;25425
16;25429
17;25431
35;25432
7;25465
1;25466
51;25467
41;25468
264;25469
5;25470
5;25471
92;25472
11;25475
2;25485
19;25486
9;25497
10;25499
15;25501
24;25502
157;25504
151;25511
151;25512
158;25513
12;25520
9;25521
30;25527
18;25561
157;25562
356;25563
10;25564
18;25578
4;25583
567;25584
146;25595
18;25599
313;25607
19;25608
2;25610
7;25617
29;25620
221;25657
82;25658
6;25659
34;25660
19;25677
26;25678
46;25679
13;25689
23;25703
24;25706
11;25708
357;25753
40;25754
35;25755
55;25756
163;25757
164;25759
1;25761
7;25764
26;25767
10;25773
14;25775
6;25779
22;25783
7;25787
8;25809
13;25810
4;25811
32;25849
28;25850
51;25851
44;25852
22;25854
16;25862
9;25864
15;25869
94;25870
154;25871
34;25872
386;25887
26;25898
2;25900
156;25904
35;25945
70;25946
29;25947
37;25967
63;25968
12;25970
17;25974
5;25980
12;25984
7;25989
13;25992
15;25993
35;25997
37;25999
32;26003
35;26004
3;26015
221;26042
43;26043
615;26045
6;26046
19;26047
20;26050
2;26062
24;26074
164;26076
175;26077
21;26080
23;26095
161;26097
11;26100
17;26123
14;26130
22;26137
203;26138
14;26139
62;26141
30;26142
71;26143
53;26144
30;26146
21;26158
24;26163
34;26165
195;26169
29;26170
186;26171
5;26174
22;26175
21;26183
14;26189
10;26191
1;26192
33;26196
13;26200
28;26205
14;26228
18;26233
42;26234
52;26236
157;26243
17;26251
21;26252
48;26253
9;26254
19;26256
14;26258
3;26265
22;26275
24;26279
34;26282
16;26283
1;26285
558;26288
184;26290
14;26291
48;26329
62;26330
41;26331
192;26332
20;26339
4;26346
33;26349
2;26351
8;26355
28;26368
31;26372
25;26373
16;26375
161;26377
174;26379
30;26382
264;26425
168;26427
81;26428
14;26435
7;26443
22;26445
6;26446
35;26447
39;26448
10;26460
155;26467
13;26469
4;26471
17;26477
1;26484
96;26521
26;26523
214;26524
2;26532
164;26534
23;26536
8;26541
24;26542
159;26543
30;26556
29;26559
13;26565
25;26569
11;26570
1;26572
29;26574
24;26575
32;26577
7;26579
10;26596
18;26617
4;26618
69;26619
179;26620
20;26637
10;26638
167;26640
5;26643
12;26664
9;26665
31;26667
197;26713
28;26714
311;26715
46;26716
10;26717
65;26718
3;26719
15;26720
12;26745
90;26748
48;26749
44;26750
7;26752
14;26760
45;26766
19;26770
18;26771
29;26784
11;26789
10;26795
178;26809
68;26811
58;26812
76;26816
9;26828
3;26840
196;26841
22;26842
2;26844
22;26845
150;26847
45;26848
31;26861
9;26863
17;26885
24;26889
118;26905
30;26907
186;26908
2;26914
11;26925
203;26926
11;26927
28;26928
11;26946
55;26955
27;26962
35;27001
5;27002
67;27003
18;27004
165;27016
5;27020
50;27021
42;27022
13;27023
3;27033
13;27049
11;27055
6;27056
28;27057
156;27059
22;27060
77;27097
238;27098
95;27099
85;27100
18;27118
25;27119
150;27124
32;27135
1;27155
8;27167
40;27190
44;27193
69;27194
2;27195
37;27196
9;27199
15;27213
53;27214
179;27215
23;27232
29;27245
15;27246
30;27290
20;27291
23;27292
18;27295
6;27301
20;27309
3;27311
43;27312
2;27329
14;27334
9;27336
32;27338
6;27341
35;27345
46;27385
2;27386
15;27387
166;27388
21;27389
14;27390
10;27391
7;27418
14;27419
177;27420
21;27424
157;27434
24;27437
25;27440
5;27442
189;27443
21;27447
20;27452
29;27471
47;27481
16;27482
81;27484
8;27485
35;27486
19;27487
10;27489
21;27490
7;27496
3;27516
12;27517
8;27519
17;27525
6;27537
32;27577
169;27578
22;27579
70;27580
11;27597
4;27598
33;27599
14;27600
30;27615
162;27620
8;27626
8;27627
3;27630
33;27636
18;27673
208;27674
39;27675
26;27676
23;27680
32;27693
34;27695
43;27696
24;27705
23;27708
9;27723
5;27724
7;27731
41;27769
36;27770
33;27771
9;27772
29;27781
31;27786
8;27790
2;27791
30;27792
35;27813
15;27815
4;27817
10;27818
8;27821
150;27822
32;27826
2;27827
2;27832
22;27865
185;27866
28;27867
105;27868
18;27872
1;27880
30;27885
164;27886
32;27887
14;27889
21;27907
16;27909
25;27912
56;27914
33;27916
10;27919
38;27961
60;27962
230;27963
34;27964
4;27972
32;27984
17;28009
194;28011
167;28014
12;28017
2;28020
1;28039
9;28057
16;28058
29;28059
248;28061
24;28062
47;28063
29;28076
12;28079
37;28090
76;28092
33;28094
3;28095
1;28096
17;28102
19;28110
24;28112
23;28114
621;28153
27;28154
19;28155
25;28156
577;28159
34;28160
37;28163
3;28167
19;28172
2;28185
29;28187
19;28189
33;28190
10;28191
37;28192
3;28199
10;28210
20;28214
34;28215
37;28216
58;28249
44;28250
54;28251
11;28252
6;28256
16;28267
15;28268
160;28270
80;28271
13;28272
29;28293
17;28295
159;28298
28;28300
35;28304
1;28308
86;28345
46;28346
77;28347
247;28348
7;28365
5;28366
31;28367
7;28368
29;28370
25;28388
15;28394
5;28397
24;28402
7;28404
12;28441
64;28442
232;28443
18;28444
4;28461
23;28463
45;28464
11;28467
26;28470
20;28476
3;28487
7;28490
39;28492
31;28493
19;28498
9;28499
47;28537
31;28540
23;28549
16;28551
9;28554
12;28557
30;28558
19;28560
23;28581
40;28582
19;28583
12;28584
3;28587
14;28624
636;28634
190;28635
16;28636
12;28645
175;28652
165;28653
15;28654
34;28655
6;28684
155;28686
29;28692
2;28713
37;28729
82;28730
39;28731
24;28733
13;28734
37;28735
2;28753
19;28761
26;28762
20;28764
17;28765
26;28766
26;28773
21;28776
7;28783
166;28785
11;28788
39;28791
9;28819
10;28825
170;28826
46;28827
40;28828
52;28829
81;28830
52;28831
30;28832
13;28839
13;28845
25;28857
27;28858
25;28859
28;28875
12;28877
5;28884
17;28885
6;28886
10;28913
31;28921
16;28922
72;28923
168;28924
11;28941
2;28943
63;28944
30;28966
27;28975
33;28978
48;29017
24;29019
124;29020
11;29038
49;29039
21;29043
15;29044
5;29055
16;29056
10;29062
15;29063
14;29064
11;29068
24;29070
20;29071
40;29072
33;29073
39;29113
13;29114
26;29115
26;29116
35;29122
173;29129
4;29131
31;29133
160;29134
16;29136
20;29148
9;29157
17;29163
28;29164
21;29166
30;29168
13;29170
27;29171
47;29213
189;29214
20;29215
111;29216
27;29233
32;29234
37;29236
19;29263
7;29267
22;29271
55;29272
65;29309
68;29310
70;29311
63;29312
25;29319
10;29327
29;29330
27;29332
166;29348
9;29355
2;29360
17;29361
20;29405
40;29406
149;29407
173;29408
29;29411
31;29412
9;29421
3;29424
8;29428
3;29433
21;29437
171;29439
10;29441
27;29442
44;29443
11;29447
9;29462
20;29464
32;29466
32;29478
3;29497
9;29501
77;29502
8;29503
199;29505
2;29506
173;29507
20;29512
3;29514
24;29529
6;29530
24;29532
23;29534
8;29535
164;29536
25;29555
19;29556
25;29557
15;29559
13;29564
25;29570
13;29597
409;29599
51;29600
31;29603
7;29618
14;29619
25;29620
31;29626
14;29633
26;29637
59;29642
19;29644
15;29645
27;29649
20;29650
31;29651
5;29668
8;29693
29;29694
80;29695
17;29696
10;29712
16;29713
27;29714
41;29716
2;29731
16;29738
12;29740
150;29742
10;29745
3;29747
44;29789
32;29790
75;29791
85;29810
68;29811
48;29812
1;29813
5;29814
26;29819
9;29830
6;29834
6;29836
17;29838
36;29841
24;29842
2;29845
10;29859
169;29872
32;29876
20;29885
109;29886
57;29887
64;29888
16;29889
32;29894
37;29905
26;29906
161;29907
12;29908
19;29918
179;29930
25;29935
155;29937
8;29938
20;29981
15;29982
32;29983
13;29984
15;29992
2;30001
27;30002
161;30003
162;30011
6;30031
25;30034
38;30036
24;30045
11;30070
81;30078
38;30079
35;30080
40;30081
24;30082
49;30083
12;30084
13;30091
4;30101
11;30104
33;30109
16;30110
54;30111
41;30112
23;30115
14;30116
6;30124
29;30127
20;30133
23;30137
24;30139
2;30140
15;30145
57;30173
16;30174
34;30175
171;30176
165;30177
20;30178
4;30180
13;30185
6;30205
167;30207
24;30208
31;30210
20;30218
19;30223
25;30225
2;30226
1;30232
11;30233
19;30235
5;30269
12;30270
79;30271
212;30272
22;30283
6;30289
26;30291
154;30314
15;30315
27;30319
32;30324
5;30327
21;30328
87;30365
23;30366
44;30367
40;30368
9;30378
6;30387
4;30389
8;30409
8;30417
17;30418
2;30419
35;30424
246;30461
73;30462
65;30463
58;30464
21;30470
2;30475
19;30481
9;30483
14;30484
3;30490
62;30511
17;30516
27;30518
11;30520
48;30557
59;30558
91;30559
75;30560
22;30563
4;30576
5;30577
24;30578
17;30579
64;30580
27;30585
36;30606
9;30609
27;30611
193;30612
29;30616
209;30653
93;30654
71;30655
61;30656
24;30673
10;30674
162;30675
64;30676
12;30679
28;30697
36;30702
6;30706
42;30710
158;30736
15;30745
53;30750
51;30751
190;30752
42;30754
86;30755
29;30756
58;30781
15;30782
159;30784
8;30785
3;30787
154;30788
4;30790
15;30797
7;30801
12;30802
27;30804
4;30808
28;30845
39;30846
723;30847
23;30848
46;30849
6;30850
49;30851
62;30852
3;30865
18;30878
24;30880
1;30881
36;30882
8;30883
34;30894
21;30897
26;30900
5;30906
184;30941
10;30944
16;30948
3;30955
15;30960
41;30962
21;30963
53;30964
2;30985
1;30986
20;30988
197;30991
152;30993
16;31003
28;31033
45;31037
36;31038
59;31039
12;31042
31;31043
560;31044
23;31057
24;31060
162;31083
162;31090
35;31092
34;31107
27;31119
276;31133
95;31134
95;31135
14;31136
386;31147
66;31153
18;31155
17;31156
3;31169
3;31173
25;31182
7;31184
5;31185
14;31186
34;31187
747;31229
43;31230
57;31231
198;31232
12;31248
145;31250
23;31251
56;31252
175;31274
28;31277
42;31282
7;31286
120;31325
166;31326
211;31327
42;31328
31;31345
24;31348
24;31363
2;31365
2;31371
29;31372
15;31378
12;31379
16;31382
6;31388
3;31404
321;31421
44;31422
3;31423
31;31424
47;31425
67;31426
17;31427
69;31428
35;31447
32;31451
29;31454
18;31455
181;31456
37;31457
16;31458
5;31460
21;31461
1;31475
2;31478
40;31479
173;31480
32;31486
3;31489
11;31495
12;31518
36;31520
229;31522
57;31523
41;31524
30;31534
48;31543
48;31549
3;31550
41;31551
18;31552
21;31553
13;31555
1;31556
160;31561
13;31563
7;31566
19;31569
27;31573
4;31578
6;31580
198;31614
84;31615
247;31616
27;31622
14;31633
33;31634
2;31636
18;31662
151;31663
31;31666
6;31670
29;31709
245;31710
33;31711
65;31712
8;31727
28;31729
33;31731
20;31732
21;31738
32;31753
30;31760
45;31766
36;31767
26;31799
177;31805
70;31806
32;31807
55;31808
24;31824
192;31825
1;31826
29;31857
2;31859
30;31860
26;31862
2;31876
4;31901
57;31902
50;31903
63;31904
165;31905
26;31908
27;31915
28;31921
30;31922
27;31924
29;31927
37;31941
20;31949
11;31954
13;31955
33;31957
17;31959
22;31997
372;31998
97;31999
72;32000
25;32003
28;32008
3;32013
29;32017
44;32018
1;32019
17;32020
10;32030
25;32031
28;32033
9;32038
11;32043
34;32044
13;32045
3;32047
8;32050
30;32054
28;32055
9;32056
38;32093
196;32094
58;32095
34;32097
49;32098
17;32099
36;32100
33;32108
160;32114
19;32126
36;32128
13;32129
17;32130
4;32132
27;32138
22;32139
14;32145
23;32147
195;32148
42;32152
36;32154
20;32156
12;32168
21;32189
47;32190
49;32191
8;32192
48;32193
48;32195
22;32196
8;32208
158;32210
11;32212
8;32217
21;32222
8;32224
47;32225
21;32226
12;32227
18;32234
33;32239
35;32241
19;32244
31;32247
13;32250
14;32252
69;32285
64;32286
116;32287
224;32288
2;32289
159;32291
11;32295
17;32305
25;32306
3;32307
55;32308
11;32325
19;32326
4;32330
32;32333
19;32337
36;32338
185;32381
134;32382
197;32383
195;32384
29;32388
65;32401
2;32402
2;32414
32;32418
35;32425
21;32428
13;32434
16;32437
14;32444
116;32477
67;32478
30;32479
37;32480
24;32497
1;32506
36;32521
16;32523
1;32524
12;32526
29;32535
178;32536
102;32573
19;32574
44;32593
20;32594
67;32595
62;32596
30;32617
11;32626
25;32669
70;32670
91;32671
239;32672
17;32677
24;32689
176;32690
58;32691
10;32692
23;32694
32;32700
5;32716
25;32722
2;32727
19;32746
1;32755
338;32765
49;32766
26;32767
24;32768
15;32769
27;32770
36;32771
36;32772
22;32788
34;32797
13;32798
41;32800
1;32802
29;32803
11;32804
16;32814
9;32815
8;32817
12;32819
19;32822
18;32823
6;32825
9;32828
14;32850
17;32861
26;32862
14;32863
38;32864
16;32865
82;32866
81;32867
3;32868
4;32870
162;32873
30;32876
8;32884
35;32886
1;32890
17;32893
30;32894
12;32895
26;32898
5;32899
20;32902
11;32911
26;32916
10;32920
172;32921
33;32924
3;32930
199;32957
55;32958
51;32959
40;32960
29;32965
2;32977
19;32978
12;32979
173;32980
6;32987
16;32996
173;33003
5;33014
39;33015
20;33053
27;33054
26;33055
337;33056
40;33064
6;33069
15;33073
148;33074
29;33075
9;33076
164;33086
8;33105
168;33106
10;33107
13;33108
13;33110
13;33111
16;33149
40;33150
55;33151
6;33155
45;33169
27;33170
161;33171
69;33172
7;33175
15;33185
4;33193
1;33200
7;33201
4;33203
16;33204
2;33205
34;33206
252;33245
192;33246
42;33247
40;33248
26;33249
14;33252
18;33259
19;33262
35;33265
11;33266
52;33267
20;33268
25;33279
15;33283
3;33290
5;33291
29;33292
20;33293
6;33296
14;33301
8;33328
31;33341
81;33343
107;33344
1;33346
16;33348
1;33352
31;33361
1;33364
27;33367
11;33370
26;33374
10;33381
2;33385
2;33386
18;33388
12;33391
23;33394
2;33397
160;33399
8;33418
158;33421
226;33437
40;33438
82;33439
178;33440
5;33441
45;33442
28;33443
272;33444
8;33455
35;33469
60;33470
1;33471
61;33472
12;33473
64;33475
163;33476
12;33482
26;33489
29;33490
16;33494
32;33496
15;33514
21;33533
9;33534
62;33535
19;33536
158;33537
35;33538
188;33539
17;33540
38;33550
25;33561
35;33566
31;33568
163;33569
1;33571
10;33587
9;33591
18;33594
9;33595
2;33614
103;33629
36;33630
71;33631
27;33632
7;33637
5;33643
19;33649
9;33650
5;33651
34;33652
12;33653
27;33657
17;33659
21;33672
37;33673
2;33675
5;33680
11;33683
18;33685
26;33686
93;33725
431;33726
73;33727
12;33728
30;33735
37;33745
49;33746
44;33748
33;33751
18;33775
170;33777
28;33778
30;33779
12;33782
30;33821
20;33822
37;33823
158;33824
9;33832
35;33841
42;33842
7;33843
17;33844
15;33869
9;33871
199;33872
145;33873
19;33879
12;33880
70;33917
12;33918
190;33919
567;33920
22;33921
3;33924
24;33953
26;33961
4;33962
31;33971
11;33976
37;34013
68;34014
19;34015
35;34016
16;34030
30;34033
157;34034
15;34035
7;34043
17;34048
31;34062
15;34065
15;34066
32;34071
1;34081
21;34096
11;34109
40;34110
16;34112
33;34113
44;34116
5;34138
14;34141
11;34143
5;34144
21;34145
35;34146
20;34147
1;34148
59;34163
4;34170
22;34172
4;34205
38;34206
44;34208
89;34209
49;34210
36;34211
8;34212
20;34213
12;34239
13;34240
11;34243
16;34244
33;34247
1;34251
23;34257
21;34259
23;34262
5;34266
55;34301
24;34302
240;34303
56;34304
29;34306
4;34309
32;34310
163;34323
20;34324
11;34348
22;34352
26;34353
33;34356
1;34362
1;34373
88;34397
43;34398
50;34399
194;34400
4;34405
26;34408
17;34417
26;34418
38;34419
39;34420
31;34423
44;34447
8;34448
64;34493
83;34494
37;34495
169;34496
180;34513
39;34514
12;34516
4;34530
30;34537
14;34539
1;34540
154;34541
153;34543
25;34545
559;34546
40;34548
69;34589
16;34590
24;34591
19;34592
23;34606
21;34609
172;34610
200;34611
5;34614
10;34622
26;34627
17;34634
40;34638
26;34639
2;34644
168;34645
8;34647
4;34648
15;34661
19;34685
92;34686
27;34687
353;34688
218;34706
24;34708
23;34715
5;34727
6;34731
11;34732
5;34733
1;34753
52;34781
25;34782
229;34784
55;34785
557;34787
28;34794
3;34801
12;34809
9;34813
19;34816
45;34817
7;34820
13;34827
6;34831
30;34835
5;34839
15;34840
18;34854
15;34868
14;34871
15;34877
18;34878
597;34879
34;34880
6;34882
28;34883
330;34884
40;34888
26;34889
7;34891
13;34892
149;34909
24;34910
51;34912
18;34914
55;34915
1;34916
20;34920
6;34934
16;34935
158;34939
21;34973
613;34974
305;34975
237;34976
32;34980
9;34990
75;34995
216;34996
2;35007
33;35019
14;35021
3;35023
11;35026
20;35028
