sums of daily draw-off volumes
164.5
100.8
339
102.8
94
173.5
252.5
131.8
423.2
147
115
418.8
132
344.2
152.2
320
131.2
245.8
272.8
259.2
302.5
111.5
174.5
191
187.5
346.5
253.8
264.8
290
183
190.8
104
319.8
140
257.8
139
162.5
170
172.8
176.8
139.8
240
192.2
112
220
165.5
207.8
225.8
507.2
221.5
222.2
81
156
180.5
211.5
172.5
117.2
98.2
299.2
157.8
182.2
168.5
134.5
419
147.5
370.2
222
300.5
189
190.8
194.2
149.5
120
57
164.8
230
360
84.8
225.8
155.5
194.8
160
261
254
352.5
157
314.2
238.5
123.2
308
157.8
109.8
130
186.2
141.5
261
194.5
190.2
83
200.5
248
114.5
174.5
302
223.8
242
206.8
164.2
153.2
261.2
181.5
186
136.5
287.2
203.2
161
183.2
260.5
371.5
177
139.2
233.8
398
163.2
69.5
319.2
214.8
236.5
204.2
184
151.5
109.5
194.2
259
177.5
318
312
124
330
193.5
353
140.2
161.2
246.8
112.5
372
167
201.2
149
184
240
243.2
276.5
174.8
199.5
154.8
283.2
122
124.5
207.5
243
106.5
237.2
114
151.2
208
130
161.8
130.5
197.2
125.8
136.2
174
312
265
95.8
126
96
109
173.5
387.5
137.8
154.8
206.2
130
179
80.2
270.2
142.2
146.5
106.8
154.8
178.2
182.8
132.5
278.8
105.8
137.8
72.5
105
373.2
345.8
290.5
196
83.8
154.2
171
169.5
220.8
322.8
365.5
59.2
364.8
153
81.2
312.5
216.8
116.2
195.2
176.8
417.5
195.2
229
149.5
169.8
350
165.2
284
151.5
423.2
119.5
151
89.5
155.2
58.8
112
238.2
194
65.2
334
139.5
109.2
199
207.5
160.2
192.5
265.5
173.5
181.2
266.2
173.8
136.5
75.8
126
93.2
99.2
228.2
191.5
246
193.5
288.2
347.2
230.5
241.8
276.2
306
416
126.2
233
267.2
114.2
376.2
288
316.8
218.8
209
229.2
133.5
250.2
222.5
180.8
159.8
182.2
128.8
65.2
233.5
79.8
149.8
122.8
119.2
190
197.5
162
399
181.5
152.8
140.8
71
361.8
153.5
165.2
115.8
120
172
141.5
137.8
202.5
218
204.2
106.5
121
282.8
135
150.8
205
154
70.8
156.8
182.5
204.5
272.5
288
182.8
294.2
279.8
383.2
175
306
212
202.8
156.2
166
159.8
229.5
272.2
178
216.5
235
136.8
88.8
199.2
204.8
223.2
205.5
261.5
127.2
209.5
142.5
390.2
215.8
123.5
265
188.5
240
123.5
90.8
111.5
179
152.2
391
212.5
199.5
277.8
414.8
397.8
sums of draw-off volumes of each hour of the day
130.2
115.1
165.8
98.8
290.8
258.1
13541.3
16455.7
7308.9
1532.3
1149.1
3696.6
4633.1
1323.6
1977.1
3239
2094.4
2376.9
2394
2856.6
3480.2
2766.4
1035.5
438.3
sums of draw-off volumes of each hour of weekdays
46.5
40.5
82.3
25
139.5
102.4
10978.2
10972.9
3621.1
796.6
904.5
3503.3
4420.9
1160.5
470.4
633.7
380.8
1865.3
2047
2079.2
2470.5
1806.8
259.6
320.3
sums of draw-off volumes of each hour of weekend-days
83.7
74.6
83.5
73.8
151.3
155.7
2563.1
5482.8
3687.8
735.7
244.6
193.3
212.2
163.1
1506.7
2605.3
1713.6
511.6
347
777.4
1009.7
959.6
775.9
118
holidays of household(s), numbers correspond to day of year
