sums of daily draw-off volumes
106.5
31.5
232.8
109.8
97.2
166.5
88.5
231
163.5
67.8
36.5
140
150
164.2
311
170.5
39.2
54.2
180.2
221.2
203.8
102
57.5
90.5
96.2
75.5
178
211.2
49
118.5
159
235
172
84.2
96.5
45.8
135.5
57.2
59.5
127.5
205.5
69.8
190.8
88
241.2
84.2
101.8
71.2
160.8
80
181.8
77
177
55.8
108.8
120.2
135.5
174
118.8
50
165.2
72.8
58
54.8
68.8
101.2
69.5
183.8
192
137.5
77.8
32.8
131.2
53.2
99.5
313
152
213.5
120.5
80.2
28.2
118
194.2
147.2
167.5
113.8
212
46.8
156.5
101.8
56.5
90.8
165.5
38
156
121
104
64
89.8
193.2
115
123.8
183.5
79.5
156
84.2
32.5
80.2
54
140.2
147.2
245.2
116
157.5
140.8
61.5
193.2
273.2
224
267
102.2
228.5
88.8
119
63.2
190.8
183.8
84.2
141.5
67.8
82.2
157.5
143.8
46.8
273.5
55.8
47.2
49
190.8
272.2
141.2
170
140.2
42
103.8
102.2
151
62.8
188.5
76.5
44.2
23.5
272
70
188.5
221.2
127.2
102
40.5
50
62.5
45
33.2
90.2
141
88.8
134.8
105
112
131.5
253.8
105.2
160
238.5
55.8
101.5
105.5
82
240
56.2
98
27.2
42
44.8
210.2
97.8
236.8
139.8
77
45
78.5
63.5
46
35.8
46.2
93.8
84.2
110.8
136
134.5
198.2
44.8
224.5
83.2
114.2
137.8
114
53
74
160.8
321.5
198.2
220.2
143.8
55.5
90.2
195.8
84.8
113.2
104.5
23.5
94.8
94.5
105.8
103.8
204
64.8
90.5
58
51.8
87
98.8
78.5
76.8
48
119.5
200.8
152.8
163
29
118.5
33.8
114
255.5
95
52.5
113
135.5
105
56.5
164.5
150.2
81
50.2
50.5
101
47.5
194
64.2
209.8
183
44.8
22
48.8
231
132.2
97.8
313.5
321.8
56.5
67.2
149.8
96
44.2
73.2
91
30.8
105.8
49.2
115.5
162.2
58.2
71.8
125.2
207.2
81
161.5
102
208.8
138.8
83.5
73.5
62
149
102.5
115
56.5
168
166.2
188.5
247.8
104.2
58.2
107.2
153
99.8
234.8
93.5
31.2
148.5
109.8
81
107.2
245.2
199
129.5
121.2
251.5
119.2
227.8
82.2
93
99.5
171
121.5
117
49
168
172.8
278.2
99
169.2
152.2
73
82.5
135.5
225.5
68
58
90.2
51.2
137.2
156.2
139
100
59.8
159.5
63.2
130.5
116.2
130.5
67
113.8
90.5
102.8
92.8
131.2
105.2
131.2
46.5
71.2
112.2
122
154.5
112.2
sums of draw-off volumes of each hour of the day
138.8
139
163.1
172
98.7
100
8026.6
9746.0000000
3738
649.8
764.7
2135.7
2510.9
785.1
1266.5
1814.7
1560.2
1054.8
2389.6
2083.1
2212
1747.6
550
168.8
sums of draw-off volumes of each hour of weekdays
60.3
60.4
38.9
85.5
47.6
72.3
6853.4
6734.1999999
1942.1
285.7
544.9
2015.9
2330.2
555.7
320.6
239.3
527.1
780.9
2036.3
1292
1599.8
1123.7
101.5
22.7
sums of draw-off volumes of each hour of weekend-days
78.5
78.6
124.2
86.5
51.1
27.7
1173.2
3011.8
1795.9
364.1
219.8
119.8
180.7
229.4
945.9
1575.4
1033.1
273.9
353.3
791.1
612.2
623.9
448.5
146.1
holidays of household(s), numbers correspond to day of year
