23;19
353;29
47;30
58;31
29;32
26;40
38;49
8;50
1;61
153;63
158;74
15;75
25;79
33;81
37;82
12;86
38;125
54;126
29;127
53;128
18;132
20;138
555;143
26;147
26;148
24;157
20;158
35;163
10;172
30;177
158;178
353;179
11;182
3;184
1;219
19;221
256;222
63;223
105;224
4;230
33;241
5;243
11;244
16;249
36;265
15;266
18;269
25;270
16;271
33;276
41;277
8;317
97;318
47;319
22;320
2;333
179;338
4;339
4;340
23;342
6;352
160;357
27;362
31;365
32;369
29;371
5;375
3;376
43;413
121;414
31;415
47;416
18;425
8;433
23;434
12;437
8;441
10;459
4;463
6;465
23;466
3;468
3;469
164;471
29;476
4;485
96;509
75;510
79;512
23;513
573;514
40;515
13;516
144;520
10;522
35;524
11;537
15;541
191;542
24;544
29;545
14;546
6;548
2;553
35;561
31;562
52;565
38;567
4;601
1;606
20;607
43;608
47;609
41;610
40;611
200;612
8;622
1;626
12;635
7;637
45;638
3;639
15;640
9;642
4;658
18;659
1;664
10;666
23;667
11;670
39;701
132;702
69;703
55;704
11;720
13;722
6;723
23;734
18;745
10;749
25;750
10;751
31;752
23;754
17;755
7;760
16;797
249;798
37;799
36;806
12;813
12;814
168;815
15;816
18;818
11;819
27;820
34;825
8;841
184;842
38;844
27;847
30;848
25;849
13;852
18;854
18;855
3;875
30;893
203;894
47;895
640;896
21;897
8;899
155;902
23;913
63;914
16;915
9;916
10;917
157;923
24;937
11;940
33;943
14;944
5;945
5;946
4;950
29;952
164;989
64;990
53;991
35;992
26;995
14;998
19;1009
34;1011
37;1012
30;1013
2;1024
15;1034
4;1035
1;1037
39;1040
8;1043
9;1044
204;1085
167;1086
84;1087
2;1092
7;1101
159;1106
2;1109
156;1115
15;1131
19;1135
33;1138
14;1141
36;1143
160;1144
27;1181
22;1182
2;1183
27;1184
19;1186
65;1187
28;1188
7;1192
30;1193
16;1197
5;1209
46;1214
11;1218
5;1231
5;1233
153;1235
7;1242
6;1243
1;1250
339;1277
158;1278
20;1279
16;1280
197;1282
181;1283
29;1284
5;1296
1;1298
15;1309
27;1310
9;1312
14;1313
44;1314
20;1315
2;1316
21;1329
25;1333
14;1334
38;1336
20;1348
49;1373
11;1374
65;1375
73;1376
33;1377
3;1383
50;1393
49;1395
30;1396
12;1407
1;1415
14;1417
23;1422
16;1427
23;1429
15;1430
33;1432
27;1434
6;1443
88;1469
61;1470
53;1471
46;1472
16;1473
15;1481
3;1487
33;1489
63;1490
14;1498
161;1515
16;1519
5;1520
33;1522
32;1524
41;1528
5;1550
214;1566
281;1567
86;1568
4;1574
27;1582
35;1586
64;1587
4;1588
2;1615
37;1616
27;1620
21;1621
2;1623
39;1624
26;1661
95;1662
94;1663
72;1664
14;1678
29;1681
168;1682
205;1684
165;1686
13;1688
15;1689
4;1691
4;1701
30;1705
26;1706
557;1708
6;1709
23;1710
20;1711
19;1712
28;1716
1;1718
13;1720
6;1752
45;1757
33;1758
20;1759
351;1760
23;1770
5;1775
10;1776
36;1777
5;1779
18;1780
8;1783
29;1805
8;1806
9;1808
11;1848
53;1854
593;1855
8;1856
189;1858
26;1859
5;1869
17;1874
166;1876
31;1879
19;1885
33;1887
11;1889
50;1890
52;1892
5;1905
561;1906
25;1907
16;1908
6;1911
12;1932
7;1941
67;1949
49;1950
8;1951
2;1952
22;1953
22;1954
748;1955
25;1956
168;1961
16;1965
6;1968
149;1975
12;1981
3;1983
5;1984
7;1988
10;1999
17;2001
163;2004
12;2006
26;2010
12;2012
24;2015
7;2045
20;2046
32;2048
3;2050
10;2061
56;2065
7;2074
25;2080
14;2090
55;2098
17;2113
15;2141
249;2142
79;2143
194;2144
20;2147
23;2161
212;2162
164;2163
16;2164
14;2168
21;2186
28;2187
8;2190
1;2194
12;2196
20;2197
56;2198
39;2199
9;2227
172;2237
220;2238
86;2239
45;2240
13;2269
6;2274
34;2284
21;2289
14;2290
61;2333
13;2334
157;2335
40;2336
13;2344
160;2354
38;2361
17;2362
3;2379
10;2381
16;2385
30;2387
7;2389
10;2391
3;2405
63;2429
73;2430
534;2431
73;2432
19;2439
29;2449
14;2450
45;2451
31;2452
8;2453
4;2473
8;2475
1;2476
76;2525
5;2526
384;2527
99;2528
28;2530
22;2531
8;2532
24;2545
7;2546
31;2548
38;2558
12;2559
9;2561
50;2562
16;2563
22;2564
12;2580
154;2581
28;2584
14;2585
21;2586
16;2587
25;2588
2;2622
13;2623
67;2624
49;2625
81;2626
51;2627
199;2628
19;2641
10;2647
13;2654
9;2655
47;2656
21;2659
565;2660
16;2668
146;2673
8;2676
8;2681
23;2686
171;2717
177;2718
80;2719
157;2725
6;2734
19;2735
26;2737
29;2738
15;2748
3;2749
21;2752
18;2762
7;2764
3;2775
26;2810
24;2813
39;2814
163;2815
44;2816
6;2827
147;2833
13;2834
13;2860
22;2863
20;2864
6;2867
34;2868
28;2909
33;2911
96;2912
31;2920
9;2925
13;2929
6;2930
185;2931
10;2932
7;2944
10;2955
21;2957
7;2962
11;2966
59;3005
77;3006
100;3007
42;3008
8;3011
43;3025
40;3026
35;3027
14;3028
162;3043
19;3048
1;3052
2;3058
16;3060
7;3064
6;3093
56;3101
62;3102
238;3103
156;3104
1;3109
27;3114
37;3122
20;3123
5;3124
2;3138
15;3142
18;3145
22;3150
29;3152
16;3157
32;3197
13;3198
26;3199
23;3200
94;3201
3;3202
166;3203
15;3221
12;3224
13;3229
15;3231
38;3232
45;3233
28;3234
12;3235
1;3236
29;3252
161;3253
30;3254
39;3256
32;3259
36;3260
157;3288
28;3293
38;3294
77;3295
23;3296
21;3297
60;3298
200;3299
20;3300
19;3304
16;3317
31;3323
14;3328
58;3329
25;3332
29;3342
43;3349
19;3351
14;3352
8;3356
16;3363
336;3389
39;3390
157;3391
182;3392
159;3404
3;3408
47;3409
46;3410
1;3411
8;3412
32;3419
16;3427
9;3437
23;3438
24;3441
25;3443
6;3444
29;3446
52;3448
3;3463
684;3485
23;3486
18;3487
375;3488
165;3492
23;3505
39;3506
34;3507
31;3508
40;3509
29;3510
157;3526
28;3528
10;3532
4;3535
12;3537
34;3543
9;3574
190;3581
264;3582
382;3583
20;3584
32;3589
10;3596
7;3597
29;3601
90;3603
25;3615
32;3632
63;3634
20;3635
67;3677
21;3678
66;3679
589;3680
27;3687
10;3691
1;3695
69;3697
41;3698
35;3699
16;3716
27;3724
189;3729
155;3736
49;3774
393;3775
634;3776
10;3793
18;3794
33;3795
30;3796
22;3805
13;3808
5;3819
3;3822
6;3827
8;3829
11;3831
159;3866
6;3869
193;3870
4;3871
217;3874
206;3875
53;3876
15;3877
11;3887
11;3902
28;3905
22;3906
107;3907
2;3914
30;3917
16;3923
9;3925
22;3927
567;3928
27;3933
57;3965
35;3966
22;3967
45;3968
31;3969
35;3970
11;3971
7;3972
30;3973
20;3975
11;3977
27;3997
36;3999
159;4000
1;4004
35;4020
6;4021
10;4022
16;4057
24;4061
63;4062
593;4063
21;4064
15;4071
14;4079
2;4081
26;4082
5;4083
29;4084
26;4087
27;4097
33;4104
28;4111
9;4112
6;4114
25;4115
24;4137
84;4157
20;4158
104;4159
275;4160
25;4177
20;4178
12;4179
190;4180
163;4181
3;4202
7;4206
37;4207
20;4211
13;4216
41;4253
200;4254
50;4255
40;4256
32;4259
5;4272
63;4273
14;4274
19;4276
30;4279
2;4302
3;4303
16;4312
13;4349
100;4350
105;4351
124;4352
26;4369
34;4370
2;4371
17;4372
24;4384
168;4385
5;4391
17;4394
2;4399
26;4404
1;4405
21;4406
9;4408
163;4410
181;4445
167;4446
14;4447
148;4448
27;4449
6;4453
9;4461
41;4465
19;4466
2;4467
7;4468
19;4479
7;4487
5;4497
164;4499
7;4501
55;4502
174;4513
20;4515
6;4537
57;4541
187;4543
24;4544
35;4545
184;4546
4;4547
10;4548
42;4573
73;4578
20;4589
2;4595
34;4596
19;4598
18;4600
18;4611
4;4615
28;4637
92;4639
10;4640
61;4641
44;4642
15;4643
228;4644
19;4646
17;4658
18;4665
6;4669
7;4672
10;4673
10;4676
26;4682
6;4690
28;4691
188;4693
8;4698
19;4716
59;4733
91;4734
37;4735
224;4736
151;4753
32;4754
27;4755
16;4768
24;4777
5;4781
12;4783
36;4788
178;4829
256;4830
13;4831
208;4832
70;4850
64;4851
3;4870
148;4876
8;4877
32;4880
9;4883
95;4885
118;4925
265;4926
12;4927
51;4928
18;4937
24;4940
32;4946
3;4947
21;4948
9;4962
43;4970
37;4975
35;4979
1;4980
56;5021
10;5022
599;5023
177;5024
15;5026
3;5041
23;5042
5;5043
51;5044
16;5047
14;5057
9;5063
8;5071
15;5073
24;5075
164;5080
6;5090
13;5117
36;5118
85;5119
28;5120
14;5123
33;5124
6;5132
12;5135
32;5137
28;5138
3;5139
14;5140
10;5147
2;5168
23;5170
17;5174
45;5175
10;5176
21;5198
8;5213
20;5214
33;5215
27;5216
175;5217
56;5219
55;5220
5;5224
24;5246
19;5248
182;5249
40;5250
13;5251
38;5252
15;5266
31;5270
31;5273
11;5276
24;5279
150;5309
175;5310
34;5311
3;5312
66;5313
571;5314
6;5315
29;5318
4;5321
16;5342
6;5343
52;5344
29;5345
1;5346
24;5347
37;5348
155;5365
175;5372
31;5378
202;5405
65;5406
86;5407
88;5408
19;5425
42;5426
13;5427
18;5430
10;5434
153;5435
28;5439
154;5446
12;5449
9;5453
40;5454
26;5457
6;5458
15;5459
169;5460
385;5501
220;5502
49;5503
227;5504
169;5518
4;5522
34;5524
5;5525
30;5526
3;5537
7;5543
16;5547
14;5548
21;5551
8;5555
13;5557
27;5595
41;5597
61;5598
226;5599
18;5600
14;5610
7;5617
164;5618
206;5619
24;5620
23;5625
6;5628
21;5631
5;5639
23;5643
29;5644
20;5647
20;5648
15;5669
7;5693
72;5694
44;5695
151;5696
32;5705
31;5709
10;5713
173;5716
10;5719
9;5739
11;5741
12;5743
32;5744
19;5745
162;5750
8;5752
68;5789
54;5790
8;5791
112;5792
36;5794
13;5809
24;5810
27;5811
171;5812
562;5824
10;5828
9;5829
19;5833
41;5835
2;5837
4;5840
12;5842
21;5843
25;5871
27;5886
18;5887
27;5888
57;5889
64;5890
57;5891
9;5892
30;5897
13;5900
11;5910
159;5916
18;5917
63;5918
17;5919
23;5920
12;5922
16;5924
8;5926
21;5938
44;5940
39;5943
49;5946
165;5955
22;5981
8;5982
5;5983
66;5984
23;5985
54;5986
37;5987
38;5988
25;6001
163;6011
18;6014
25;6015
16;6016
57;6017
9;6018
206;6024
25;6027
2;6033
562;6035
171;6036
20;6037
25;6054
30;6077
56;6078
10;6079
26;6080
3;6092
39;6097
79;6098
14;6099
19;6100
4;6109
2;6112
18;6113
7;6114
197;6123
25;6124
25;6126
17;6134
51;6135
30;6173
69;6174
50;6175
7;6176
10;6195
1;6210
34;6213
18;6217
4;6223
6;6225
16;6226
4;6228
6;6232
15;6239
3;6256
94;6269
68;6270
88;6271
45;6272
28;6273
4;6285
3;6287
38;6289
22;6290
165;6291
4;6292
12;6312
168;6316
3;6326
240;6365
48;6366
33;6367
322;6368
19;6371
14;6381
46;6385
12;6386
38;6387
17;6388
28;6390
4;6400
7;6411
20;6412
150;6413
74;6414
164;6415
16;6457
222;6461
90;6462
207;6463
38;6464
32;6466
163;6470
25;6472
3;6476
5;6480
13;6481
26;6482
18;6483
210;6484
25;6485
154;6486
19;6496
16;6509
8;6515
9;6518
26;6545
46;6557
613;6558
29;6559
43;6561
40;6562
17;6563
15;6564
6;6566
162;6573
31;6587
15;6590
21;6591
4;6593
157;6594
10;6596
11;6604
14;6607
8;6613
10;6653
20;6654
36;6655
165;6656
42;6657
7;6658
45;6659
30;6660
16;6665
15;6671
20;6672
1;6675
6;6680
13;6681
14;6685
21;6687
35;6688
176;6690
172;6691
15;6702
16;6704
152;6706
23;6708
4;6709
6;6713
14;6716
24;6736
59;6749
366;6750
159;6751
17;6752
39;6767
12;6769
33;6770
63;6771
29;6775
5;6782
31;6791
26;6794
11;6795
10;6798
166;6806
10;6807
24;6819
68;6845
80;6846
372;6847
49;6848
5;6857
170;6862
24;6865
180;6866
34;6867
5;6868
14;6877
26;6878
9;6885
5;6887
8;6890
23;6892
59;6895
7;6897
2;6899
12;6901
28;6902
23;6914
39;6941
212;6942
204;6944
24;6956
13;6962
13;6964
22;6986
6;6991
170;6992
30;6997
30;6998
31;7000
85;7037
82;7038
62;7039
187;7040
8;7047
8;7057
21;7058
15;7079
17;7085
24;7087
30;7091
9;7093
51;7094
11;7097
555;7125
348;7133
78;7134
87;7135
17;7136
6;7143
20;7146
39;7154
31;7155
20;7156
9;7173
13;7180
22;7181
32;7182
17;7191
3;7213
100;7229
32;7230
2;7231
62;7232
160;7233
28;7235
78;7236
37;7238
6;7239
5;7250
10;7257
29;7264
18;7267
180;7268
31;7273
20;7287
10;7289
24;7295
39;7314
44;7325
21;7327
43;7328
30;7329
166;7330
182;7332
18;7338
21;7357
11;7358
2;7361
50;7362
18;7363
19;7364
147;7372
177;7373
4;7379
180;7380
8;7384
25;7386
43;7387
440;7421
58;7422
26;7423
55;7424
10;7431
8;7434
25;7441
6;7450
4;7471
18;7472
12;7473
6;7476
33;7477
24;7482
18;7499
36;7517
55;7518
63;7519
51;7520
5;7522
17;7531
1;7534
43;7537
45;7538
56;7539
169;7562
11;7564
29;7565
5;7566
15;7568
228;7613
30;7615
196;7616
160;7627
39;7631
167;7633
1;7634
39;7636
5;7640
20;7647
5;7648
30;7651
34;7668
21;7669
27;7670
156;7672
31;7709
45;7710
2;7711
231;7712
51;7730
2;7739
15;7756
2;7760
8;7761
31;7764
29;7766
18;7781
65;7805
47;7806
36;7807
59;7808
26;7825
47;7827
2;7828
17;7849
12;7850
17;7864
53;7903
41;7904
199;7906
66;7907
35;7908
1;7927
10;7933
5;7934
102;7935
19;7936
17;7938
11;7939
31;7940
16;7941
25;7957
553;7958
9;7960
2;7961
33;7975
166;7997
17;7998
214;7999
179;8000
27;8001
1;8002
33;8004
3;8008
6;8013
32;8017
14;8021
15;8029
55;8030
6;8031
9;8032
10;8033
22;8034
318;8035
196;8036
158;8039
3;8049
40;8050
6;8052
57;8056
161;8057
25;8060
15;8061
64;8093
345;8094
39;8095
32;8096
29;8100
18;8104
31;8113
30;8114
21;8116
3;8119
21;8122
45;8125
29;8137
8;8138
23;8144
8;8150
16;8152
39;8189
17;8190
227;8191
44;8192
11;8196
167;8197
160;8200
27;8209
4;8210
157;8211
4;8212
21;8214
11;8215
9;8219
180;8234
8;8235
6;8237
19;8241
13;8246
66;8285
70;8286
29;8287
73;8288
578;8305
12;8306
20;8307
8;8332
26;8335
16;8337
40;8381
31;8382
94;8383
121;8384
22;8390
164;8391
9;8396
2;8401
11;8430
5;8434
6;8437
3;8449
11;8471
56;8477
17;8478
81;8479
17;8480
24;8498
54;8499
27;8512
3;8513
150;8518
27;8522
2;8527
21;8529
2;8533
1;8562
11;8573
26;8574
57;8575
31;8576
167;8577
205;8578
570;8579
50;8580
26;8585
25;8586
26;8587
10;8590
19;8603
45;8605
28;8607
62;8608
40;8609
23;8610
13;8611
160;8612
16;8617
11;8624
5;8625
11;8627
179;8633
7;8636
37;8665
165;8667
19;8668
29;8669
11;8670
20;8671
210;8672
26;8680
7;8697
324;8699
20;8701
26;8703
19;8704
23;8709
9;8713
26;8717
19;8720
2;8723
6;8752
32;8761
43;8762
54;8763
209;8764
46;8782
39;8790
164;8797
27;8805
162;8807
174;8808
25;8815
159;8818
4;8819
53;8857
50;8858
227;8859
208;8860
32;8877
7;8878
31;8879
15;8880
6;8900
12;8902
12;8904
6;8907
39;8912
36;8914
12;8942
186;8953
35;8954
37;8955
166;8956
7;8971
18;8974
20;8975
32;8976
6;8983
15;8995
164;9004
23;9006
6;9007
187;9008
167;9010
29;9011
14;9025
28;9035
22;9046
220;9049
277;9050
68;9051
70;9052
15;9055
24;9071
27;9089
19;9090
33;9101
21;9105
40;9145
59;9146
91;9147
54;9148
19;9152
17;9157
28;9161
25;9162
10;9165
18;9166
33;9168
1;9170
1;9174
14;9178
14;9187
36;9189
35;9192
30;9193
1;9196
169;9199
27;9200
13;9214
10;9237
7;9241
3;9242
60;9243
47;9244
170;9245
63;9246
19;9247
39;9248
13;9263
27;9275
81;9277
41;9279
7;9280
22;9293
20;9298
2;9303
4;9310
165;9337
176;9338
1;9339
12;9340
22;9341
47;9342
20;9344
37;9345
169;9363
22;9368
13;9370
30;9373
43;9375
26;9386
17;9389
161;9390
22;9392
12;9393
35;9394
29;9395
30;9398
28;9399
95;9433
98;9434
14;9435
38;9436
39;9451
3;9453
50;9455
15;9461
22;9484
3;9485
22;9487
27;9489
2;9490
1;9492
18;9511
389;9529
8;9530
10;9531
14;9537
81;9550
54;9551
3;9552
14;9555
5;9574
24;9576
22;9577
14;9581
19;9583
3;9597
5;9617
214;9625
50;9626
70;9627
253;9628
12;9641
4;9642
14;9645
170;9646
25;9647
64;9648
25;9663
15;9669
2;9675
30;9676
6;9677
15;9693
75;9721
252;9722
19;9723
93;9724
31;9732
176;9738
13;9742
4;9743
13;9744
44;9745
20;9753
24;9766
24;9768
5;9770
1;9772
162;9774
40;9775
32;9776
12;9779
28;9780
31;9817
17;9818
51;9819
19;9820
26;9838
13;9839
7;9840
28;9847
5;9848
162;9855
147;9863
156;9864
26;9866
33;9868
9;9871
20;9874
33;9875
17;9891
16;9913
34;9914
16;9915
3;9916
219;9917
371;9918
15;9919
33;9920
14;9927
35;9942
6;9943
16;9945
34;9946
32;9948
35;9949
23;9950
33;9951
93;9952
39;9955
33;9960
6;9965
19;9966
34;9967
10;9970
1;9972
190;9974
330;9975
11;9978
6;9999
45;10009
26;10010
14;10011
25;10012
8;10013
148;10014
73;10015
33;10016
22;10024
12;10029
26;10036
32;10038
17;10044
13;10045
18;10046
47;10047
38;10060
161;10061
11;10064
37;10066
171;10069
7;10075
285;10105
52;10106
53;10107
326;10108
58;10125
40;10126
43;10128
10;10143
17;10152
27;10154
11;10155
22;10158
27;10161
15;10201
270;10202
251;10203
12;10204
6;10221
78;10223
1;10233
35;10245
10;10248
35;10250
4;10254
6;10257
3;10260
175;10297
66;10298
274;10299
1;10300
26;10317
64;10318
13;10319
4;10329
12;10341
33;10342
16;10345
2;10349
29;10350
38;10354
57;10393
230;10394
197;10395
282;10396
7;10407
27;10413
20;10414
43;10415
20;10416
11;10418
22;10419
27;10425
18;10436
1;10440
150;10445
1;10448
36;10489
53;10490
209;10491
96;10492
3;10496
20;10505
21;10510
164;10512
12;10529
32;10535
178;10536
31;10538
10;10539
40;10542
33;10544
28;10546
3;10547
34;10585
43;10586
29;10587
41;10588
39;10590
196;10591
42;10592
7;10601
30;10602
31;10614
565;10617
24;10618
64;10620
163;10621
6;10622
9;10623
171;10624
12;10630
5;10636
15;10637
7;10638
28;10640
40;10641
9;10645
11;10648
9;10667
33;10680
48;10681
20;10683
13;10685
181;10686
164;10687
4;10688
26;10695
36;10703
10;10715
60;10717
31;10718
60;10720
12;10721
4;10723
17;10740
26;10741
28;10742
25;10744
75;10777
42;10778
56;10779
27;10780
24;10787
40;10792
12;10793
26;10799
14;10800
12;10808
28;10810
36;10821
34;10830
12;10835
41;10873
201;10874
243;10875
67;10876
9;10893
27;10895
15;10899
36;10900
21;10918
23;10920
37;10921
8;10924
25;10926
20;10927
16;10930
20;10932
81;10969
387;10970
19;10971
10;10972
15;10975
35;10980
33;10986
33;10989
5;10990
4;10991
15;10992
18;10993
159;11012
13;11018
5;11023
2;11024
10;11026
8;11027
9;11028
4;11054
152;11065
168;11066
1;11067
57;11068
1;11071
6;11078
14;11080
20;11086
65;11087
4;11088
27;11090
13;11104
16;11110
16;11112
4;11114
33;11117
13;11119
14;11124
27;11141
6;11157
201;11161
119;11162
53;11163
195;11164
13;11171
3;11179
23;11184
35;11209
35;11211
23;11212
38;11213
33;11218
18;11237
23;11257
14;11258
33;11259
23;11261
22;11262
48;11263
16;11264
8;11267
29;11279
28;11285
27;11290
200;11291
13;11293
38;11294
30;11295
27;11296
9;11298
22;11311
20;11313
31;11330
18;11353
64;11354
30;11355
35;11356
44;11357
14;11358
10;11359
45;11360
9;11371
57;11380
10;11385
12;11387
155;11391
34;11392
6;11393
561;11394
28;11407
8;11408
18;11411
169;11413
4;11414
10;11416
21;11448
56;11449
157;11450
205;11451
51;11452
13;11456
16;11458
8;11461
20;11469
1;11472
18;11473
1;11476
8;11482
26;11493
163;11496
50;11503
18;11504
16;11508
22;11517
39;11545
62;11546
38;11547
40;11548
1;11549
170;11565
24;11566
3;11572
17;11577
18;11593
7;11596
9;11597
19;11600
37;11641
236;11642
66;11643
77;11644
3;11651
7;11653
243;11661
33;11662
40;11664
16;11668
568;11675
10;11687
33;11688
9;11689
24;11698
194;11737
57;11738
732;11739
52;11740
18;11755
26;11757
22;11758
6;11760
27;11771
7;11781
1;11782
23;11783
6;11784
2;11788
27;11792
7;11793
10;11794
13;11816
435;11833
82;11834
37;11835
63;11836
12;11849
163;11856
17;11868
5;11876
33;11877
4;11886
14;11887
4;11891
50;11930
46;11932
224;11933
45;11934
48;11935
44;11936
3;11939
12;11962
29;11963
22;11967
4;11982
17;11986
29;11987
20;12017
9;12025
24;12026
21;12027
36;12028
73;12030
32;12031
31;12032
21;12040
160;12049
12;12057
22;12059
43;12060
4;12062
13;12067
27;12068
13;12080
14;12081
18;12082
11;12085
42;12088
5;12091
49;12121
52;12122
31;12123
52;12124
5;12127
27;12140
169;12142
27;12143
6;12146
3;12167
29;12172
3;12174
183;12175
27;12217
192;12218
391;12219
1;12220
29;12233
9;12237
7;12238
1;12239
27;12240
53;12254
2;12263
16;12264
3;12270
4;12271
30;12272
19;12273
3;12283
10;12313
71;12314
61;12315
144;12316
8;12332
7;12333
42;12334
26;12337
9;12346
31;12347
22;12357
5;12358
13;12364
2;12409
206;12411
90;12412
12;12424
1;12427
10;12429
39;12432
5;12435
6;12438
30;12442
162;12453
14;12456
7;12457
7;12460
156;12465
8;12467
28;12505
11;12506
46;12507
60;12508
46;12526
8;12527
5;12534
31;12535
22;12549
23;12551
38;12555
11;12560
3;12591
37;12601
2;12602
2;12604
19;12605
13;12607
67;12608
16;12610
556;12627
29;12633
1;12634
22;12636
1;12637
2;12638
14;12640
9;12655
36;12672
15;12677
31;12678
27;12697
57;12698
22;12699
204;12700
10;12701
60;12702
51;12703
33;12704
30;12729
151;12730
25;12732
2;12733
34;12734
185;12736
20;12738
26;12748
27;12753
174;12756
38;12758
12;12759
33;12793
233;12794
11;12795
203;12796
13;12812
6;12813
16;12816
46;12843
7;12844
30;12848
3;12851
222;12889
114;12890
15;12891
40;12892
28;12896
6;12905
5;12906
29;12909
153;12910
27;12911
27;12918
1;12930
172;12948
18;12973
47;12985
73;12986
25;12987
104;12988
88;13006
27;13008
19;13035
15;13041
23;13043
3;13044
61;13081
38;13082
26;13083
20;13084
3;13092
21;13103
23;13104
5;13131
11;13133
8;13134
43;13177
9;13178
1;13179
58;13180
9;13183
7;13196
29;13197
6;13199
6;13200
7;13222
11;13224
14;13227
152;13229
18;13231
32;13233
11;13237
10;13256
1;13267
3;13269
163;13274
189;13275
1;13276
19;13277
14;13278
18;13279
169;13280
20;13283
2;13295
3;13304
17;13306
44;13307
26;13309
53;13310
6;13311
17;13312
32;13328
16;13329
2;13334
12;13335
22;13369
38;13371
22;13372
17;13373
43;13375
196;13376
6;13377
14;13381
47;13401
68;13402
12;13403
2;13404
10;13405
21;13406
11;13412
2;13420
21;13421
38;13423
4;13425
10;13426
4;13427
12;13429
15;13431
9;13432
31;13465
205;13466
85;13467
89;13468
8;13480
32;13481
54;13485
17;13486
26;13487
1;13488
25;13492
29;13504
4;13512
1;13513
38;13516
4;13518
2;13521
4;13523
364;13561
78;13562
27;13563
29;13564
4;13565
14;13574
170;13581
15;13584
21;13602
57;13605
29;13608
4;13610
18;13613
11;13616
16;13618
9;13619
35;13657
59;13658
23;13659
69;13660
7;13675
19;13676
180;13679
9;13680
2;13687
14;13691
9;13708
17;13709
49;13711
3;13712
7;13713
5;13714
117;13753
29;13754
4;13755
17;13763
19;13765
16;13773
35;13776
155;13780
1;13781
15;13783
2;13791
18;13797
9;13799
34;13802
2;13807
6;13810
23;13812
18;13821
20;13839
18;13849
215;13850
20;13851
160;13852
28;13869
14;13870
155;13872
7;13875
20;13895
37;13898
30;13904
12;13912
3;13945
199;13946
25;13947
218;13948
94;13949
15;13951
63;13952
16;13968
34;13975
22;13978
12;13981
2;13983
43;13984
27;13987
6;13990
23;14000
22;14007
1;14040
49;14041
13;14043
152;14044
22;14045
179;14046
23;14047
30;14057
161;14063
190;14076
8;14077
171;14079
18;14089
150;14094
20;14095
27;14097
39;14098
24;14100
110;14137
38;14139
214;14140
31;14153
4;14160
5;14168
26;14185
11;14186
174;14187
28;14188
15;14191
161;14195
5;14233
98;14234
75;14235
16;14236
9;14238
19;14249
13;14253
37;14255
1;14256
8;14267
9;14270
4;14281
33;14283
30;14284
23;14285
8;14286
37;14287
6;14288
15;14289
24;14292
4;14318
8;14320
79;14329
53;14330
128;14331
41;14332
11;14339
8;14348
12;14350
18;14361
3;14366
160;14380
35;14381
12;14382
23;14384
15;14386
34;14388
59;14425
241;14426
62;14427
10;14445
28;14446
11;14447
8;14448
21;14454
16;14456
16;14466
37;14468
19;14473
155;14474
15;14475
9;14479
37;14480
3;14506
25;14507
332;14521
102;14523
9;14524
24;14528
28;14529
35;14540
15;14541
28;14542
17;14543
195;14550
21;14565
35;14568
170;14571
11;14577
15;14578
22;14588
14;14615
180;14617
1;14618
20;14620
13;14621
10;14623
19;14624
22;14641
24;14650
31;14652
53;14653
12;14654
9;14656
31;14659
22;14669
24;14672
7;14673
27;14678
3;14713
35;14714
160;14715
16;14716
23;14717
3;14718
16;14719
23;14720
16;14738
9;14746
28;14747
19;14749
13;14751
13;14752
157;14753
29;14772
4;14773
26;14809
40;14810
96;14811
6;14812
4;14830
47;14854
35;14855
36;14858
25;14860
3;14861
13;14862
31;14863
5;14871
12;14905
57;14906
16;14907
15;14908
23;14910
14;14918
12;14923
10;14925
4;14928
19;14934
14;14950
25;14956
3;14957
16;14960
22;14961
10;14963
90;15001
221;15002
28;15003
104;15004
17;15022
57;15023
35;15024
13;15029
11;15039
15;15049
43;15050
29;15052
15;15058
40;15097
38;15098
25;15099
146;15100
18;15101
6;15117
6;15119
17;15120
6;15123
25;15128
14;15139
20;15140
3;15141
27;15143
13;15147
15;15154
159;15156
28;15193
67;15194
23;15195
161;15213
28;15237
8;15238
29;15239
4;15240
3;15245
33;15250
8;15260
39;15290
796;15291
21;15292
192;15293
25;15294
65;15295
7;15296
16;15307
27;15321
16;15324
59;15325
10;15331
170;15341
28;15342
31;15344
16;15345
11;15350
6;15355
3;15366
5;15377
8;15385
166;15386
25;15387
15;15388
30;15389
3;15391
28;15417
5;15419
179;15420
75;15421
11;15423
96;15424
28;15427
19;15431
16;15437
26;15439
166;15442
1;15445
24;15446
6;15447
189;15481
56;15482
15;15483
86;15484
34;15501
7;15504
1;15508
9;15510
11;15535
18;15536
9;15558
42;15577
206;15578
187;15579
196;15580
35;15590
13;15597
159;15598
82;15599
34;15602
22;15607
189;15608
1;15615
3;15625
18;15630
28;15652
22;15666
199;15673
552;15674
2;15676
23;15677
13;15694
6;15695
58;15696
4;15698
24;15715
30;15716
35;15721
6;15722
2;15731
75;15769
185;15770
70;15771
386;15772
16;15782
4;15785
15;15789
3;15790
8;15792
6;15806
34;15807
22;15808
11;15810
28;15811
153;15817
15;15818
38;15821
5;15826
37;15840
77;15865
5;15866
117;15867
243;15868
16;15872
3;15874
12;15886
50;15887
2;15888
23;15913
22;15922
21;15961
32;15964
1;15965
19;15966
201;15967
31;15970
2;15978
31;15993
19;15995
195;15996
81;15997
15;15999
19;16000
23;16002
48;16010
23;16016
18;16017
1;16018
27;16040
22;16057
20;16058
7;16059
13;16062
38;16064
37;16074
73;16089
26;16090
12;16092
30;16093
19;16094
31;16100
3;16103
12;16118
11;16137
1;16143
75;16153
250;16154
73;16155
20;16156
14;16174
115;16175
26;16178
5;16197
2;16199
18;16200
33;16205
19;16206
29;16210
192;16246
178;16249
359;16250
7;16251
36;16252
20;16258
5;16263
3;16264
5;16266
3;16270
166;16290
28;16304
17;16305
30;16308
51;16345
5;16346
24;16347
89;16348
14;16357
175;16365
28;16366
5;16368
154;16370
163;16379
9;16394
11;16395
10;16401
92;16441
87;16442
81;16443
69;16444
8;16461
28;16462
1;16464
12;16471
163;16481
27;16487
30;16489
15;16537
48;16538
32;16539
39;16540
9;16541
12;16543
17;16555
223;16560
6;16564
31;16589
162;16592
3;16615
27;16618
60;16633
15;16636
36;16637
6;16638
2;16639
19;16640
17;16648
31;16663
18;16665
16;16668
2;16669
16;16670
183;16672
18;16679
14;16683
9;16685
13;16689
1;16707
28;16717
7;16729
13;16730
64;16731
51;16732
54;16735
178;16736
8;16744
28;16747
11;16758
48;16761
28;16762
19;16765
10;16767
150;16768
1;16769
5;16779
25;16781
4;16785
159;16788
9;16791
17;16825
229;16826
103;16827
95;16828
22;16831
12;16844
2;16846
17;16847
17;16848
28;16858
60;16871
28;16877
5;16882
6;16884
1;16907
13;16921
22;16922
13;16924
5;16928
6;16929
31;16932
17;16941
49;16942
40;16943
1;16944
10;16945
7;16968
16;16976
30;16979
27;16980
17;16998
13;17015
56;17017
323;17018
24;17019
48;17020
26;17038
15;17064
15;17072
18;17073
4;17074
38;17113
67;17114
119;17115
148;17116
11;17120
10;17133
2;17134
33;17158
9;17161
29;17163
5;17165
1;17169
32;17172
18;17192
19;17193
16;17209
179;17210
16;17211
40;17212
9;17230
44;17231
22;17257
2;17261
7;17262
6;17263
14;17264
4;17304
191;17305
60;17307
3;17308
26;17309
14;17310
2;17311
13;17312
8;17339
28;17340
33;17341
10;17342
160;17344
13;17345
1;17358
3;17360
51;17361
13;17362
11;17364
7;17365
3;17368
25;17384
177;17401
30;17402
5;17403
77;17404
11;17405
24;17406
43;17407
6;17408
13;17413
6;17416
12;17429
38;17433
42;17434
150;17435
188;17437
172;17438
22;17439
27;17442
22;17457
7;17460
27;17463
21;17485
229;17497
70;17498
67;17499
28;17500
2;17501
9;17515
5;17517
58;17518
27;17519
34;17520
26;17527
5;17533
3;17534
7;17537
7;17549
30;17553
67;17593
69;17594
48;17595
25;17596
166;17608
5;17613
39;17614
46;17616
36;17627
21;17639
27;17640
192;17647
9;17648
30;17651
119;17689
203;17690
34;17691
177;17692
5;17709
13;17711
14;17712
25;17721
8;17742
3;17746
37;17761
73;17785
91;17786
61;17787
75;17788
53;17805
33;17806
13;17807
180;17808
14;17824
20;17829
10;17838
6;17839
32;17844
244;17881
177;17882
41;17883
48;17884
8;17901
20;17902
10;17903
20;17905
26;17913
12;17917
7;17928
39;17931
23;17933
84;17936
23;17939
35;17977
10;17978
168;17980
119;17981
36;17982
9;17983
9;17995
35;18009
11;18011
164;18014
21;18015
12;18020
30;18030
32;18036
30;18038
29;18039
7;18062
47;18073
52;18074
204;18076
172;18077
23;18078
23;18079
8;18090
35;18091
14;18105
29;18109
63;18110
11;18111
1;18112
29;18127
27;18128
3;18131
18;18132
53;18169
35;18170
202;18171
73;18172
2;18189
41;18191
18;18193
16;18215
27;18223
3;18225
148;18227
80;18265
5;18266
214;18267
52;18268
12;18271
12;18285
25;18286
12;18304
165;18317
20;18319
4;18326
1;18343
38;18361
18;18362
57;18363
29;18364
25;18374
9;18376
10;18377
9;18381
44;18382
5;18383
174;18394
19;18397
6;18399
10;18410
10;18414
12;18415
4;18420
16;18457
35;18458
224;18459
186;18460
11;18478
2;18480
20;18489
169;18494
2;18496
9;18502
4;18506
26;18507
20;18514
75;18553
19;18554
49;18555
47;18556
37;18566
17;18573
32;18574
8;18575
13;18576
24;18589
554;18592
29;18595
18;18600
32;18602
21;18610
19;18623
12;18645
15;18649
1;18650
162;18651
29;18652
584;18653
37;18654
3;18655
208;18656
18;18661
10;18681
169;18683
2;18684
26;18685
23;18686
15;18700
167;18707
3;18709
17;18710
5;18720
27;18722
7;18735
27;18745
57;18746
18;18747
189;18748
23;18749
19;18752
9;18755
12;18759
33;18777
37;18778
2;18780
25;18782
46;18783
4;18784
16;18790
34;18802
25;18803
5;18807
27;18841
8;18842
6;18843
23;18844
15;18861
2;18862
36;18864
24;18869
13;18888
13;18889
11;18891
27;18893
13;18898
6;18900
1;18938
578;18939
204;18940
25;18958
7;18963
27;18973
40;18985
12;18986
10;18994
162;18996
176;19033
146;19034
203;19035
41;19036
6;19037
3;19050
5;19053
11;19056
1;19078
6;19091
227;19129
384;19130
79;19131
222;19132
3;19133
28;19147
175;19149
35;19150
7;19170
7;19179
1;19186
25;19187
25;19188
14;19225
48;19226
62;19227
5;19228
6;19231
33;19241
38;19245
37;19248
160;19252
2;19271
9;19272
6;19278
6;19280
2;19282
36;19312
28;19322
28;19323
11;19324
51;19325
24;19326
1;19328
35;19349
25;19355
18;19357
25;19358
38;19360
4;19384
27;19409
44;19417
31;19418
67;19419
20;19420
36;19421
56;19422
28;19423
49;19424
4;19432
6;19433
11;19436
7;19438
17;19450
18;19452
21;19453
47;19454
26;19456
2;19458
21;19469
35;19474
15;19513
102;19514
169;19515
14;19516
4;19521
3;19525
26;19526
15;19534
92;19535
3;19538
16;19557
1;19559
3;19561
17;19565
13;19568
5;19569
10;19572
203;19609
18;19610
39;19611
71;19612
5;19620
1;19627
32;19629
25;19630
190;19631
31;19632
26;19634
8;19657
29;19705
14;19706
57;19708
23;19732
33;19735
36;19738
2;19754
34;19756
18;19757
14;19760
21;19761
50;19763
27;19764
245;19801
26;19802
173;19803
25;19804
187;19823
17;19824
4;19828
8;19830
2;19840
7;19842
3;19849
17;19852
45;19857
45;19897
25;19898
24;19899
64;19900
22;19910
60;19917
45;19918
20;19919
7;19920
26;19921
12;19935
26;19941
5;19942
15;19953
16;19954
4;19980
10;19981
73;19993
27;19994
16;19995
168;19996
32;19998
223;19999
19;20000
3;20002
25;20005
6;20021
3;20025
31;20026
15;20028
15;20030
36;20031
34;20032
10;20052
4;20089
28;20091
3;20092
187;20093
3;20094
13;20095
13;20096
8;20114
7;20121
11;20122
15;20126
10;20128
27;20137
8;20139
5;20141
8;20145
173;20146
193;20148
31;20149
16;20185
1;20186
183;20187
29;20188
29;20200
19;20203
10;20205
31;20206
11;20207
22;20208
17;20229
21;20231
16;20232
4;20233
12;20234
23;20236
44;20281
227;20282
183;20283
69;20284
24;20293
16;20302
45;20303
20;20310
7;20326
159;20328
26;20331
4;20335
5;20336
4;20340
33;20377
21;20378
73;20379
74;20380
8;20396
5;20397
44;20399
194;20400
14;20418
1;20425
15;20427
206;20436
3;20440
27;20461
22;20473
81;20475
40;20476
1;20486
180;20493
45;20495
1;20496
10;20499
15;20500
6;20504
11;20505
28;20510
15;20516
29;20518
15;20525
10;20526
39;20527
13;20528
147;20529
33;20568
68;20569
26;20570
41;20571
222;20572
25;20619
9;20622
2;20624
17;20628
21;20639
17;20640
37;20666
47;20669
217;20670
51;20671
202;20672
6;20686
24;20701
10;20702
3;20703
22;20715
5;20717
11;20722
9;20724
2;20726
23;20727
578;20761
33;20762
20;20763
162;20764
7;20765
9;20767
219;20768
11;20770
43;20793
16;20794
1;20795
20;20813
7;20816
11;20824
104;20857
66;20858
43;20859
118;20860
19;20863
21;20872
13;20877
44;20878
16;20879
25;20902
13;20905
21;20906
179;20915
114;20953
27;20954
67;20955
24;20956
7;20957
5;20966
1;20973
11;20974
181;20975
571;20976
8;20999
32;21000
30;21005
2;21006
22;21014
152;21049
579;21050
86;21051
47;21052
2;21053
5;21061
5;21069
17;21070
3;21071
47;21072
22;21074
2;21079
26;21080
2;21092
32;21098
20;21101
2;21104
32;21145
25;21146
30;21147
198;21148
27;21151
158;21163
28;21165
4;21166
12;21167
159;21172
573;21196
7;21198
10;21200
29;21202
12;21232
181;21241
212;21242
35;21243
364;21244
15;21250
10;21255
4;21256
6;21257
1;21263
27;21272
1;21283
8;21287
30;21289
24;21291
5;21293
40;21294
21;21295
19;21297
20;21300
31;21306
23;21318
185;21337
160;21338
23;21339
161;21340
167;21341
62;21342
8;21343
26;21344
4;21353
5;21355
10;21371
26;21372
11;21375
11;21376
1;21389
6;21395
23;21399
49;21433
21;21434
67;21436
41;21437
46;21438
6;21439
32;21440
29;21448
17;21450
33;21460
46;21466
8;21468
9;21470
29;21471
29;21472
11;21483
13;21488
12;21496
169;21529
33;21530
51;21531
100;21532
9;21537
161;21539
23;21546
31;21549
159;21550
203;21551
6;21552
3;21569
16;21578
19;21582
84;21625
67;21626
10;21627
60;21628
17;21644
19;21646
44;21647
26;21648
5;21671
9;21676
31;21678
19;21679
6;21680
21;21681
20;21683
39;21721
54;21722
19;21723
75;21724
7;21725
3;21726
30;21737
26;21741
3;21742
2;21743
165;21763
27;21766
9;21769
2;21772
62;21774
148;21775
17;21776
159;21777
26;21778
192;21817
11;21818
180;21819
62;21820
18;21839
5;21840
3;21842
12;21844
3;21846
160;21858
20;21866
6;21868
21;21913
191;21914
37;21915
76;21916
29;21919
14;21933
51;21934
29;21935
5;21936
55;21963
19;21999
6;22009
53;22010
20;22011
83;22012
26;22013
75;22014
159;22015
34;22042
69;22044
21;22045
18;22047
26;22055
19;22060
25;22061
149;22062
7;22063
34;22065
17;22067
48;22069
37;22070
66;22105
27;22107
218;22109
37;22110
110;22111
2;22121
60;22140
4;22141
153;22142
41;22143
1;22145
11;22150
14;22155
35;22158
4;22164
1;22165
8;22166
200;22168
31;22201
16;22202
14;22203
21;22204
2;22215
28;22217
34;22221
24;22223
25;22249
36;22251
28;22256
162;22257
27;22297
3;22298
21;22299
295;22300
9;22308
22;22317
28;22319
35;22342
28;22348
10;22350
9;22354
21;22356
156;22393
224;22394
16;22395
22;22396
4;22400
12;22415
167;22416
151;22424
10;22425
16;22426
11;22431
9;22438
170;22443
34;22445
20;22447
9;22471
24;22489
79;22490
2;22491
23;22492
1;22497
23;22509
54;22510
9;22511
24;22530
8;22533
37;22536
1;22537
20;22539
26;22541
21;22545
19;22547
60;22585
58;22586
15;22587
65;22605
13;22606
26;22607
6;22629
19;22631
24;22638
34;22641
13;22643
3;22662
6;22676
14;22681
68;22683
9;22684
12;22685
32;22686
54;22687
9;22688
29;22693
14;22716
7;22720
39;22727
17;22731
15;22733
166;22737
147;22743
10;22744
3;22777
24;22778
18;22779
206;22780
20;22781
58;22782
23;22783
8;22784
27;22795
33;22803
24;22809
4;22811
14;22812
31;22813
167;22814
5;22815
40;22825
162;22829
8;22831
13;22833
26;22839
24;22840
42;22873
63;22874
30;22875
48;22876
33;22879
15;22883
1;22893
58;22894
24;22904
28;22906
22;22910
19;22924
31;22969
58;22970
73;22971
29;22972
32;22978
7;23012
4;23016
195;23065
8;23066
15;23067
35;23068
6;23074
7;23081
24;23086
10;23087
29;23097
19;23111
16;23115
32;23123
21;23161
27;23162
47;23163
10;23177
9;23182
4;23183
12;23184
5;23185
15;23193
3;23205
5;23206
8;23215
43;23219
29;23220
25;23246
41;23257
55;23258
92;23259
1;23260
27;23263
20;23275
182;23277
27;23279
7;23282
16;23300
159;23306
13;23307
176;23308
25;23309
155;23313
8;23314
45;23353
35;23355
30;23356
47;23357
178;23358
32;23359
80;23360
23;23365
39;23367
147;23375
9;23378
13;23380
1;23385
10;23386
171;23387
2;23390
14;23391
36;23392
30;23405
180;23406
26;23413
9;23443
5;23449
39;23450
14;23451
33;23452
58;23453
579;23454
16;23456
27;23467
201;23481
24;23483
20;23484
3;23485
27;23486
17;23487
3;23488
12;23510
21;23511
170;23512
184;23545
73;23546
188;23547
10;23548
12;23559
20;23561
13;23565
50;23566
149;23568
157;23577
21;23578
2;23582
31;23589
27;23593
40;23596
35;23597
11;23600
11;23604
415;23641
70;23642
51;23643
191;23644
19;23652
14;23653
39;23655
156;23657
5;23662
28;23664
10;23675
153;23677
4;23688
159;23689
16;23691
19;23694
23;23699
35;23700
199;23737
376;23738
192;23739
47;23740
32;23757
21;23782
33;23784
12;23785
18;23788
8;23789
4;23796
58;23833
73;23834
62;23835
13;23845
18;23850
5;23854
9;23856
26;23877
37;23878
26;23880
25;23882
24;23885
18;23887
160;23892
354;23930
5;23931
677;23932
28;23937
23;23943
28;23950
2;23951
4;23952
17;23973
8;23977
154;23981
153;23985
6;24019
11;24025
13;24026
27;24027
10;24028
5;24029
24;24030
20;24031
4;24032
4;24043
5;24057
47;24059
45;24060
40;24061
42;24063
5;24064
11;24065
4;24082
14;24084
29;24086
24;24097
9;24118
61;24122
39;24123
30;24124
13;24125
23;24126
24;24127
23;24128
9;24137
11;24143
15;24145
9;24156
177;24159
3;24160
17;24167
12;24174
19;24175
9;24176
32;24177
3;24184
25;24217
83;24218
33;24219
28;24220
27;24237
564;24238
25;24239
11;24244
36;24261
159;24262
27;24264
2;24266
5;24268
13;24269
167;24272
169;24313
80;24314
50;24315
32;24316
28;24333
24;24334
17;24335
37;24336
15;24341
7;24349
23;24351
12;24353
2;24356
2;24358
25;24360
14;24365
14;24367
8;24371
7;24409
11;24410
43;24411
49;24412
1;24414
4;24418
5;24424
77;24430
48;24431
54;24432
12;24456
29;24459
33;24466
20;24489
28;24505
194;24506
34;24507
201;24508
5;24519
2;24525
4;24526
11;24550
18;24551
154;24557
30;24560
17;24563
31;24564
69;24601
31;24602
17;24603
334;24604
33;24612
32;24616
35;24621
5;24622
10;24624
10;24625
22;24626
15;24630
182;24648
28;24649
166;24650
26;24651
566;24652
4;24653
30;24659
12;24660
23;24692
8;24697
3;24698
21;24699
244;24700
49;24702
32;24703
35;24704
33;24707
40;24731
50;24735
16;24750
25;24753
6;24757
171;24759
216;24793
13;24794
63;24795
31;24797
65;24798
249;24799
2;24802
24;24809
22;24825
2;24826
8;24827
343;24828
166;24829
19;24830
5;24832
38;24837
24;24845
28;24850
29;24851
24;24852
576;24853
27;24855
172;24889
188;24890
249;24891
4;24892
23;24909
36;24910
216;24912
34;24915
7;24919
150;24931
9;24947
17;24979
44;24985
72;24986
55;24987
5;24988
15;24995
52;25005
155;25007
15;25008
8;25009
8;25017
182;25029
9;25031
12;25032
29;25036
32;25040
26;25041
7;25043
17;25048
5;25058
11;25077
37;25081
83;25082
30;25083
105;25084
26;25101
14;25102
66;25103
57;25104
19;25112
13;25117
11;25121
7;25126
6;25133
30;25156
29;25164
37;25177
283;25178
26;25179
18;25180
4;25185
12;25189
23;25200
18;25221
37;25227
26;25228
8;25229
4;25234
5;25266
255;25273
122;25274
18;25275
124;25276
1;25296
4;25298
27;25302
18;25315
168;25317
32;25319
23;25320
18;25322
2;25324
4;25329
20;25369
15;25370
23;25371
2;25373
28;25374
27;25375
37;25376
1;25404
7;25406
15;25407
20;25422
4;25424
26;25432
21;25443
21;25446
4;25449
60;25465
40;25467
86;25468
27;25470
24;25471
192;25472
164;25481
24;25495
35;25500
34;25501
16;25502
3;25507
13;25517
11;25519
5;25524
6;25529
29;25556
40;25561
601;25563
42;25564
11;25581
11;25582
19;25583
15;25607
27;25617
23;25619
46;25657
167;25658
100;25659
25;25660
8;25661
35;25666
18;25680
37;25703
15;25706
2;25712
59;25753
13;25754
11;25755
53;25756
26;25759
154;25768
12;25774
21;25806
1;25838
67;25849
49;25850
45;25851
19;25852
51;25870
32;25871
21;25872
7;25875
36;25878
31;25883
6;25900
8;25906
12;25908
62;25945
74;25946
288;25947
32;25948
13;25956
7;25962
4;25965
24;25968
28;25969
23;25970
10;25972
11;25984
5;25994
25;25995
31;25996
10;25999
1;26002
50;26041
38;26043
17;26044
186;26045
61;26047
40;26073
44;26074
14;26079
36;26093
17;26097
4;26100
12;26103
7;26104
26;26119
31;26121
18;26122
157;26137
6;26138
5;26139
251;26140
51;26141
25;26142
52;26143
21;26150
9;26158
19;26160
1;26162
7;26171
13;26176
2;26180
31;26190
9;26196
26;26198
13;26210
16;26224
36;26233
45;26234
6;26235
167;26247
34;26255
30;26256
21;26277
39;26278
8;26284
43;26291
25;26329
51;26330
40;26331
42;26332
3;26349
25;26350
37;26352
18;26357
7;26359
162;26365
37;26375
29;26376
33;26378
155;26380
32;26382
173;26383
17;26384
9;26393
11;26422
68;26425
115;26426
83;26427
25;26428
10;26434
33;26435
43;26447
20;26455
9;26459
17;26468
21;26474
11;26476
16;26480
30;26481
27;26483
6;26512
107;26521
36;26522
22;26523
76;26524
17;26534
11;26541
20;26543
31;26544
13;26561
1;26567
19;26568
50;26575
11;26617
78;26618
124;26619
36;26620
6;26624
14;26628
28;26633
12;26637
20;26639
14;26666
35;26668
21;26669
30;26670
10;26671
21;26676
3;26713
40;26714
34;26715
87;26717
18;26718
35;26719
11;26720
31;26732
16;26746
20;26747
15;26748
61;26751
4;26754
4;26766
16;26768
25;26773
4;26774
22;26775
10;26793
33;26809
2;26810
20;26811
6;26812
58;26813
65;26814
9;26815
7;26816
20;26820
17;26832
43;26841
6;26845
14;26848
10;26864
3;26870
20;26872
20;26902
14;26905
58;26906
38;26907
89;26908
27;26926
33;26927
166;26929
15;26952
7;26953
30;26964
22;26990
34;27001
76;27002
173;27003
23;27004
14;27020
2;27022
158;27024
9;27046
30;27049
8;27050
26;27051
12;27055
19;27056
39;27058
98;27097
52;27098
17;27099
13;27100
5;27103
9;27115
27;27117
34;27118
4;27130
13;27141
161;27145
5;27150
28;27151
4;27153
22;27156
232;27194
190;27195
71;27196
16;27203
7;27215
9;27216
31;27236
9;27237
6;27241
13;27244
6;27245
36;27246
1;27250
27;27251
16;27286
42;27289
30;27290
20;27291
73;27292
24;27297
27;27303
1;27310
1;27311
24;27328
9;27334
5;27341
9;27342
30;27348
237;27385
169;27386
20;27388
15;27389
49;27391
2;27392
21;27397
28;27400
17;27406
24;27417
6;27418
22;27419
7;27420
3;27422
20;27423
30;27424
5;27430
22;27437
10;27441
10;27442
9;27443
20;27444
20;27445
15;27448
19;27471
56;27481
28;27482
67;27483
4;27485
5;27486
11;27487
177;27488
3;27497
172;27508
3;27509
38;27514
12;27515
163;27516
9;27517
35;27519
17;27520
19;27530
31;27533
8;27535
160;27540
11;27543
13;27546
203;27577
42;27578
42;27579
9;27580
31;27597
29;27598
16;27599
31;27600
7;27609
7;27611
17;27620
6;27621
56;27626
92;27630
33;27673
329;27674
12;27675
52;27676
12;27677
39;27693
89;27694
201;27695
5;27696
27;27715
31;27717
170;27718
29;27722
29;27730
2;27769
106;27770
15;27771
39;27772
2;27773
18;27775
21;27789
10;27790
11;27791
164;27792
20;27814
26;27817
24;27835
13;27865
27;27866
43;27867
48;27868
21;27869
23;27878
14;27879
23;27888
4;27909
8;27913
5;27923
17;27924
40;27961
31;27962
42;27963
58;27964
3;27972
6;27975
21;27976
14;27982
65;27984
2;28006
11;28007
4;28012
2;28016
170;28029
15;28047
40;28057
3;28058
14;28060
158;28061
3;28062
20;28063
68;28064
9;28089
25;28090
12;28091
3;28092
12;28094
161;28095
5;28096
14;28107
31;28109
34;28120
21;28130
11;28136
6;28153
77;28154
13;28156
44;28157
4;28158
27;28160
12;28182
2;28187
22;28188
164;28189
16;28192
22;28194
28;28209
9;28214
6;28249
51;28251
42;28252
38;28254
8;28258
30;28269
13;28271
16;28273
16;28274
1;28297
27;28305
14;28307
2;28343
234;28345
402;28346
192;28347
14;28348
15;28354
8;28365
28;28366
24;28369
11;28388
34;28389
11;28394
164;28397
7;28399
46;28401
15;28402
6;28403
23;28404
17;28441
36;28442
405;28443
52;28444
6;28450
11;28455
10;28457
22;28461
25;28463
36;28472
6;28479
10;28482
7;28486
38;28490
26;28492
9;28494
16;28534
236;28537
227;28538
33;28539
130;28540
8;28550
40;28557
7;28559
21;28560
4;28561
36;28592
16;28631
17;28633
48;28634
36;28635
21;28636
3;28639
9;28653
4;28654
6;28655
27;28662
26;28665
8;28679
10;28682
7;28683
2;28687
26;28692
18;28701
151;28729
59;28730
28;28731
25;28732
27;28733
28;28734
16;28735
62;28736
25;28751
37;28760
16;28761
20;28762
30;28765
219;28767
48;28768
1;28782
172;28785
39;28806
15;28817
9;28825
14;28826
13;28827
43;28828
171;28830
9;28831
174;28832
1;28857
16;28858
174;28861
182;28862
61;28864
145;28878
3;28879
24;28882
4;28883
4;28887
50;28921
24;28922
62;28923
33;28924
16;28927
7;28937
21;28943
31;28944
3;28969
18;28971
6;28973
38;28975
25;28978
56;29017
75;29018
4;29019
151;29020
6;29037
81;29038
6;29039
11;29040
164;29042
35;29048
10;29055
14;29065
9;29071
31;29073
25;29099
25;29113
29;29114
60;29115
38;29116
20;29121
30;29133
158;29135
19;29136
28;29137
15;29141
7;29151
8;29159
25;29160
4;29161
63;29162
160;29165
35;29166
9;29169
5;29172
227;29213
268;29214
74;29215
225;29216
11;29227
8;29232
12;29233
12;29235
4;29243
22;29251
24;29262
154;29268
32;29269
12;29270
157;29279
28;29300
77;29309
26;29310
89;29311
126;29312
34;29318
23;29322
27;29330
1;29331
15;29332
158;29353
18;29355
15;29357
30;29359
4;29361
13;29363
32;29364
7;29365
10;29368
43;29406
26;29407
36;29408
5;29409
58;29410
19;29411
50;29412
22;29433
9;29437
29;29438
30;29441
15;29443
7;29450
25;29452
8;29454
8;29458
2;29460
14;29463
2;29467
18;29468
17;29484
84;29501
33;29503
18;29504
29;29505
9;29506
10;29507
184;29508
2;29516
33;29523
75;29533
5;29534
59;29535
13;29536
1;29537
26;29538
11;29539
32;29549
12;29555
8;29557
28;29558
12;29559
13;29562
95;29597
217;29598
251;29599
17;29600
12;29615
12;29620
11;29638
27;29652
10;29655
226;29693
61;29694
30;29695
8;29696
5;29708
11;29713
35;29714
36;29715
19;29716
2;29738
28;29740
31;29743
20;29744
23;29745
24;29746
262;29789
223;29790
73;29791
52;29792
2;29805
24;29809
36;29810
16;29822
26;29823
32;29835
2;29837
5;29845
42;29847
162;29885
36;29886
13;29887
90;29888
11;29891
13;29905
32;29906
36;29907
50;29908
33;29911
28;29929
34;29931
157;29934
15;29939
10;29940
16;29941
25;29942
7;29944
23;29981
270;29982
80;29983
19;29984
33;29989
9;29990
30;29992
2;30001
1;30002
10;30003
6;30004
170;30029
3;30030
19;30034
8;30035
23;30040
4;30048
34;30062
15;30073
91;30077
11;30078
10;30079
30;30080
31;30081
34;30082
7;30083
35;30084
3;30104
24;30109
26;30111
32;30112
18;30113
17;30114
156;30115
323;30116
3;30117
38;30119
29;30122
3;30130
12;30133
162;30134
35;30135
38;30174
64;30175
155;30176
15;30177
69;30178
174;30179
82;30180
21;30193
7;30195
61;30205
182;30207
31;30208
30;30209
30;30210
2;30211
169;30212
13;30223
26;30227
6;30229
8;30231
10;30256
3;30266
739;30269
59;30270
13;30271
57;30272
34;30279
63;30290
559;30296
25;30305
32;30308
9;30315
10;30316
176;30318
11;30324
10;30325
96;30365
34;30366
604;30367
31;30368
5;30380
42;30385
22;30386
40;30387
21;30388
12;30396
28;30405
6;30411
18;30414
152;30437
40;30461
173;30462
59;30463
60;30464
22;30466
4;30476
26;30481
15;30482
21;30483
17;30484
32;30492
36;30505
35;30509
14;30511
1;30513
17;30519
19;30533
55;30557
62;30558
15;30560
14;30577
4;30578
17;30584
1;30594
19;30597
5;30599
12;30604
14;30612
48;30653
101;30654
664;30655
64;30656
4;30666
9;30673
155;30674
1;30676
1;30689
574;30691
163;30695
49;30708
90;30711
160;30721
16;30730
32;30749
37;30750
8;30752
152;30753
589;30754
24;30755
2;30756
23;30757
10;30768
1;30770
11;30780
9;30782
7;30783
26;30786
195;30788
44;30806
10;30810
7;30834
22;30843
24;30845
25;30846
7;30847
178;30848
7;30849
198;30850
26;30851
16;30865
23;30879
9;30882
13;30884
16;30892
21;30893
1;30900
15;30902
57;30904
226;30941
173;30942
10;30943
66;30944
7;30952
20;30957
16;30959
161;30961
1;30962
26;30963
13;30964
9;30987
30;30999
4;31000
25;31013
38;31037
25;31038
53;31039
48;31040
29;31041
5;31044
21;31046
158;31051
14;31057
8;31059
14;31072
17;31085
25;31090
169;31091
2;31092
23;31095
8;31096
153;31110
14;31133
184;31134
202;31135
8;31136
25;31137
30;31153
23;31184
28;31187
32;31190
27;31227
372;31229
218;31230
28;31231
35;31232
146;31249
26;31250
8;31264
4;31274
21;31279
29;31282
6;31288
13;31290
4;31308
27;31325
576;31326
30;31327
177;31328
19;31334
36;31345
37;31346
37;31347
64;31348
19;31371
9;31378
11;31379
12;31381
16;31389
20;31393
196;31421
5;31422
63;31423
572;31424
17;31425
40;31427
33;31428
10;31437
26;31448
58;31453
64;31456
29;31457
17;31458
1;31460
23;31465
18;31474
17;31479
14;31481
21;31486
3;31506
46;31517
38;31520
67;31521
154;31522
18;31524
14;31533
32;31545
15;31548
41;31549
33;31551
41;31552
12;31555
25;31556
6;31567
186;31572
24;31575
8;31576
14;31577
5;31578
2;31583
352;31613
29;31614
69;31615
94;31616
17;31626
16;31634
55;31635
1;31636
8;31637
1;31640
27;31642
1;31644
23;31662
16;31671
19;31672
29;31709
104;31710
76;31711
39;31712
4;31726
41;31729
1;31730
155;31733
174;31754
27;31756
10;31757
63;31760
26;31761
35;31805
55;31806
40;31807
50;31808
6;31813
20;31825
7;31839
28;31854
29;31886
13;31898
195;31901
10;31902
20;31903
55;31904
152;31915
15;31921
18;31922
39;31924
154;31925
155;31932
13;31934
19;31937
2;31938
10;31939
14;31946
9;31948
21;31949
30;31959
42;31960
66;31997
89;31998
45;31999
64;32000
7;32003
8;32009
15;32017
204;32018
37;32020
13;32035
17;32047
36;32048
10;32056
28;32093
69;32095
49;32096
11;32097
54;32098
19;32099
23;32100
3;32102
39;32104
9;32115
26;32126
26;32127
48;32128
27;32129
63;32132
13;32133
3;32140
8;32144
29;32145
21;32152
10;32154
23;32155
32;32187
94;32189
37;32190
70;32191
7;32192
54;32193
181;32194
99;32195
34;32196
15;32213
12;32225
20;32226
165;32227
184;32228
12;32237
8;32238
24;32246
17;32248
14;32251
51;32285
11;32286
226;32287
24;32288
27;32302
4;32306
24;32308
10;32313
4;32323
7;32324
22;32325
3;32338
4;32341
6;32344
56;32381
152;32382
404;32383
250;32384
11;32385
23;32395
17;32396
1;32400
19;32402
42;32403
5;32404
3;32405
5;32420
8;32425
1;32428
16;32429
2;32434
2;32435
7;32436
9;32437
8;32454
19;32477
22;32479
89;32480
13;32490
162;32494
34;32499
34;32522
1;32524
16;32526
17;32529
40;32532
11;32573
9;32574
45;32575
31;32576
9;32588
33;32593
50;32594
58;32595
22;32596
13;32608
19;32627
14;32629
55;32669
6;32670
30;32671
27;32672
10;32689
20;32690
32;32692
5;32694
168;32699
55;32715
2;32726
60;32727
34;32765
43;32766
18;32767
46;32768
234;32769
4;32770
33;32772
15;32778
21;32786
26;32789
208;32798
45;32800
27;32801
7;32804
16;32805
25;32810
29;32819
1;32821
24;32824
158;32831
66;32861
62;32863
40;32864
45;32865
39;32866
6;32868
18;32870
4;32876
6;32886
7;32895
34;32896
11;32897
19;32898
45;32900
16;32902
9;32909
49;32918
2;32919
156;32920
22;32924
50;32957
31;32958
65;32959
35;32960
1;32961
7;32964
4;32965
3;32972
2;32978
27;32979
44;32980
10;32987
35;32999
29;33007
25;33008
3;33014
28;33053
59;33054
36;33055
18;33056
7;33073
9;33075
174;33076
2;33096
25;33097
34;33100
34;33102
156;33109
149;33111
52;33149
240;33150
8;33151
185;33152
20;33167
27;33171
18;33172
22;33178
173;33184
161;33198
1;33205
4;33206
117;33245
39;33246
14;33247
205;33248
17;33250
8;33254
34;33265
63;33266
24;33267
2;33269
18;33276
3;33280
29;33284
4;33289
32;33290
18;33296
8;33302
9;33303
15;33304
37;33341
45;33342
55;33343
240;33344
39;33352
25;33356
24;33363
24;33364
20;33379
164;33384
23;33387
21;33395
59;33399
2;33429
172;33437
402;33438
64;33440
20;33441
32;33442
15;33443
165;33444
18;33461
21;33469
30;33471
12;33472
16;33474
157;33475
45;33476
24;33478
29;33483
10;33485
26;33493
30;33494
17;33499
8;33508
189;33534
11;33535
13;33536
23;33537
17;33538
3;33539
17;33540
11;33543
38;33547
157;33560
158;33565
26;33567
16;33568
1;33569
177;33570
12;33572
31;33579
10;33587
16;33592
187;33629
345;33630
217;33631
37;33632
59;33650
38;33652
12;33671
15;33678
9;33679
32;33681
11;33685
28;33710
19;33725
63;33726
26;33727
206;33728
28;33745
5;33746
14;33747
1;33748
10;33755
25;33760
13;33763
31;33772
23;33773
31;33782
10;33799
83;33821
314;33822
35;33823
291;33824
7;33841
20;33843
28;33844
17;33846
13;33849
9;33852
31;33855
11;33856
35;33866
84;33917
73;33918
66;33919
9;33920
12;33921
147;33937
5;33938
23;33939
40;33940
35;33942
8;33951
145;33956
29;33967
25;33992
9;34012
1;34013
110;34014
77;34015
19;34016
26;34028
21;34033
18;34034
25;34035
40;34043
28;34051
144;34060
15;34068
2;34071
6;34087
32;34091
59;34109
29;34110
30;34111
27;34112
19;34113
14;34114
15;34115
63;34116
150;34127
175;34134
21;34141
170;34142
11;34148
11;34158
27;34159
31;34160
3;34163
13;34164
154;34166
15;34168
6;34174
32;34184
156;34205
20;34206
30;34207
2;34208
38;34209
97;34210
237;34212
25;34224
21;34229
20;34232
13;34237
20;34238
48;34239
7;34240
165;34241
17;34242
6;34243
12;34244
40;34253
36;34257
23;34258
16;34259
15;34260
27;34263
108;34301
167;34302
19;34303
14;34304
19;34321
196;34322
29;34323
17;34324
4;34332
31;34350
189;34353
45;34356
1;34392
19;34397
53;34398
126;34399
211;34400
39;34418
24;34441
55;34451
25;34452
118;34493
30;34494
62;34495
108;34496
12;34504
53;34513
19;34515
34;34516
2;34528
10;34540
29;34544
23;34545
8;34548
11;34552
154;34553
28;34589
196;34590
648;34591
67;34592
6;34601
28;34609
30;34610
8;34612
1;34633
28;34639
20;34640
6;34643
3;34646
10;34652
31;34663
107;34685
58;34686
7;34687
115;34688
63;34705
4;34706
36;34707
9;34722
26;34733
10;34736
164;34737
8;34739
5;34741
547;34743
12;34746
7;34767
41;34781
49;34783
180;34784
41;34785
53;34786
41;34787
5;34788
4;34792
9;34797
7;34808
2;34813
156;34814
27;34815
3;34816
1;34818
4;34820
26;34834
27;34841
4;34843
11;34844
13;34877
34;34878
31;34879
39;34880
7;34883
47;34884
9;34888
40;34909
8;34910
39;34913
1;34914
25;34915
9;34919
161;34929
2;34938
9;34963
15;34973
4;34974
35;34975
80;34976
19;34985
19;34986
34;34991
1;34993
58;34994
16;34995
9;34996
1;35003
30;35007
23;35010
26;35014
25;35016
11;35017
17;35021
13;35026
