sums of daily draw-off volumes
254
365.8
174.2
169.8
138.2
385
140.8
122.2
249
377.5
138.5
264.5
120.2
294
136.8
171.5
212
406.8
151.5
469.2
398
57.2
297
155
143.8
226.2
275.2
336.8
183
139.2
116.8
156.2
177.5
215.8
225
302.5
427.2
293.2
328.2
308.8
426.2
144.5
240.5
249.2
128.8
214.2
219.5
227.2
210.8
183.2
271
167.2
297.2
104.2
207
383.2
296.5
301.2
233.8
199.5
298.2
201.8
429.2
161.8
67.5
186.2
309
324.8
317
268.5
265
301
204.2
152.5
323.5
208.8
312
181.2
154.8
289.5
111.8
86.5
298.8
455.2
190.5
281
224.5
126.2
123.8
456
248
286
183.5
277.5
209.5
183.8
158.8
279.2
107.2
169.5
243.5
267
195.8
429.5
247.5
242.8
181.5
188.2
278.2
242.2
405.2
201.8
109.5
202.2
215.2
157
201
162
343
217.5
111.8
350.5
304.2
220.5
143.2
162.8
159
203.5
112.2
188.8
82.2
207.2
308.5
150.2
209.8
110.5
54
103.2
209.2
161
163.8
216.5
126.8
130
184
206
319.2
204.2
117.5
161
186
271.8
129.8
141.8
91.8
68
169.5
144.5
98
383.8
233.8
106.5
299
251
277.8
142.5
195
92.5
172.8
262.2
184.5
149.5
148.5
126.2
225.2
160.2
72
139.8
126
98
163.5
281
157
195
150.2
174.5
195.5
187.5
191.5
154.5
150.2
120
181
248.5
376.5
153.8
56
266.5
149.5
304.5
107
81
143.2
127
162.2
89.5
189.8
103
187.5
186.8
111
208.2
172.8
183.8
120.2
167.2
284.2
170.5
275.5
262.2
323
266.5
228
124.5
245.8
109.5
218.2
168
127
236.2
248
105.2
127
255.5
95
83.2
162.8
234.5
95.8
58.5
99
59.5
257.2
287
319.5
258.5
351.8
235.5
138.5
363.2
91.5
140.5
301.2
139.8
93.2
187.2
406.8
189
493.5
272
190
122.5
138.8
205.2
56.2
196.5
204.5
113.2
87.2
96.2
162
131.5
190
114.5
223.8
134.8
102.2
115
111.5
85.8
124.2
161.2
123
163.5
77.8
195.2
265.2
147
264.5
114.5
61.5
117.2
156.8
119.5
65.5
309
179
189.5
71
241
275.2
83.5
163.2
190.8
310.5
183.2
106.5
178.5
163
139.8
198.8
192
177.5
294.8
295.8
452.5
239.8
181
59.2
480.8
339
166.2
190.5
170.5
174.8
233.2
268.5
311
196
182
187.2
60.2
253.8
152.8
150.2
269.8
105.8
258.2
113.8
78.5
117.5
253.5
164
92.8
182.8
227.8
164.8
194
326.8
233.5
240.5
130.8
226
169
140
270.2
280.8
209.5
138.2
168.2
269.8
300.5
174.5
116.2
111.2
sums of draw-off volumes of each hour of the day
248.1
214.7
121.3
126.5
92.4
262.4
12903.5
17132.6
7076.5
1307.7
1058.3
3424.2
4128.7
1613.8
2113.6
2962
2799.6
1971.1
2312.8
3564
3359.6
3151.5
1065.7
315
sums of draw-off volumes of each hour of weekdays
57.9
155.2
58.2
67
43.6
240.8
10679.9
11963.9
3176.1
590.2
730.6
3173.5
3788.4
1287
985.5
519.6
1029.8
1195.1
2118.6
2807.8
2234.7
1427.4
413.4
139
sums of draw-off volumes of each hour of weekend-days
190.2
59.5
63.1
59.5
48.8
21.6
2223.6
5168.7
3900.4
717.5
327.7
250.7
340.3
326.8
1128.1
2442.4
1769.8
776
194.2
756.2
1124.9
1724.1
652.3
176
holidays of household(s), numbers correspond to day of year
