sums of daily draw-off volumes
21.5
30.5
7.5
15
6
198.8
24
20
19
12
62.8
1.5
33.2
32
149.2
52.2
71
23
74.5
77.5
47.5
22
26.2
16.5
67.2
49.8
31.8
103.2
62.5
55.8
110
6
19.2
16.5
35.2
9
20.5
179.5
47
6.5
23.8
51
10.5
19.2
15.5
15.5
60.2
21.5
206.5
14.5
17.8
44.8
60.8
20.5
68.5
58.5
17.8
17.8
12.5
27.2
91
24.5
10.5
15.2
24.2
41
18.5
11.2
18
108.5
56
56.8
54.8
123.2
22.5
54.2
54.8
8.8
4.2
156.5
11
65
209.2
15.2
49
13.8
19
90.2
69.2
191.8
61
15.8
8
20.2
24.2
38.8
67.5
29.2
10.2
70.2
40.5
70.2
56.5
14
76
59.2
23.8
20
35.8
60
112.2
29.5
8.5
47.2
22.2
22.8
28.8
28.8
14.2
8.5
18.2
97.5
2.2
16
33
44
8.5
5.2
38.8
30
14.8
13.2
33.2
103.8
26.8
26
84
55.5
104.5
8
15
32
24
25.2
126.2
9.2
179.5
6.2
59
31.8
61
15
60.5
27.5
60.8
25.2
109.8
15.8
15.5
8.5
5.8
16
32.5
53
84.2
17.8
60.5
48
7.5
15.8
30.8
54.5
21
19.8
22
87.5
35.8
23.5
15
14.2
41.8
12.2
54.5
40.8
21.8
17.5
15
15
63
34.5
52.2
4
7.8
51.8
22
53.5
37.8
1
18.2
15.8
17.8
34.5
83
59
29.2
32.2
3.5
12.5
14.5
16.2
52.5
96.5
19.5
6.5
31.5
53.2
10.5
23
19.8
38
39.2
15.5
96.8
62
58.5
14
13.8
59.5
16.2
75.2
31
56.5
7.8
18.5
42
165.2
24
47.5
7.8
68.8
79.5
157.5
10.5
30.5
14
92.8
13
34.2
6.2
16.8
22.8
21.5
37.5
22.8
44.8
47.2
72.5
13.5
16.5
12.2
17.8
28.5
59.8
15.2
71.5
34.2
49.5
7.2
14.8
27.5
142.2
61.2
47.8
11.5
21.5
7.2
66
24.5
23.2
99.8
26
20
115.5
21.5
66.5
9.8
33.5
13.2
63
60.8
33.8
11.2
44
17.2
102.8
24.8
9.5
31
17.5
28.5
0
68
57.2
76
21.5
18.8
25.8
25
165.2
57.5
9.5
54
30
28
11.5
62.5
18.2
5.5
28.2
92.8
20.5
3.5
8.5
17.2
13.5
166.2
21.2
54
7
37.5
16.8
8.2
8
15
48
67.8
65.8
15.5
8.5
6.5
55.5
44
11.2
55
52
25.8
12
13.2
25.2
37.8
12
44.2
13.2
29.2
10
32.2
22.2
102.5
21
93
10.2
17.8
13.8
33.2
8.8
sums of draw-off volumes of each hour of the day
20.8
150.4
25.8
56.5
27
22.4
2347.9
3453.5
1433.3
315.3
226.4
783
1052.5
352.3
289.8
591.2
575.3
309.9
315.3
725
843
475.7
147.5
14
sums of draw-off volumes of each hour of weekdays
8.8
71
17.8
50.7
12.2
9.2
1963.8
2485.8
644.8
73.5
166.4
713.9
1024.8
242.7
68.7
72.6
145.9
201.9
239.1
649.8
643.9
276.3
81
7
sums of draw-off volumes of each hour of weekend-days
12
79.4
8
5.8
14.8
13.2
384.1
967.7
788.5
241.8
60
69.1
27.7
109.6
221.1
518.6
429.4
108
76.2
75.2
199.1
199.4
66.5
7
holidays of household(s), numbers correspond to day of year
