sums of daily draw-off volumes
215
435.5
119
78.5
274.8
163.2
329
162.8
116.8
91.2
60.8
224.5
244.5
182.2
159.8
180
300.2
158
168.5
217.5
228
136.8
242.5
195
165.2
413
302.5
214
216.2
106
115
163.2
146.5
198.8
222
230
67.2
131
153
242
193.2
310
71.2
178.2
188.5
121
132.2
175.5
221.5
223.2
208.8
245.8
175.2
376.5
293.5
198.2
294
252.2
168.2
213.2
123.2
210
180.5
221
215
121.5
190.2
209.2
206
429
123.5
195.5
414.2
310.2
119.8
240
266.8
391.8
151.5
315.2
203.2
106.5
173.2
195.5
179
389.2
236.8
256
171.8
284.5
102.5
152
231.8
128.5
306.5
249.2
259.5
235
206.5
152.8
220.2
146.8
118.5
188
261
147.8
197.5
231
256.5
174.2
126.2
108.5
158.5
197.8
268.2
121.8
323
141.2
303.2
180
225.2
257.2
192.8
215.5
214
253.2
272.8
141.2
81.8
152.8
109.8
116.5
180.8
124.8
127
187.2
343.5
190.8
203.2
276.8
92.8
183.8
234.8
124.2
187
332
291.2
201
144.5
335.2
167.5
203.2
384.5
208.8
213.5
288.8
164.8
78.2
106.8
330.5
420.5
124.5
375.5
183
234.2
268.5
169
308.5
53.8
200.8
135.8
429.8
348
157.5
148.8
242.2
132.2
149
159.8
119.5
261.5
144
216.8
226
255.8
79
104.8
260
298.2
135.8
102.2
191.8
273.2
87.2
218.2
322.2
171.5
278.5
150.8
110.5
344
130.5
71.5
116.5
171.5
116.2
263
145.2
212.2
108.8
185.5
218
130.2
282.8
197.2
157.8
87.2
418.8
130
204.8
228.8
162.2
310.8
156.5
115.8
82.2
212
214
138.2
327
175.5
173.8
255.5
232.5
130.8
180.5
116.8
152.5
83.2
152.5
173
174.2
159.8
41
219.5
172.5
152.8
108.5
149
202.2
340.5
375.5
169.8
139.8
341.2
110.2
132.5
148.8
94.8
244
266.8
129
164.5
183.8
330.8
198.5
192.5
174.5
137.5
155.2
106.8
110.8
156.5
144.2
73.5
73.2
50.2
66.2
84
307.2
90.5
141
270.5
138.8
135.5
135.8
299.2
146.5
303.5
122
211.2
137.5
176
201
174.2
156.5
310.2
288
155.2
244.5
107.2
169
318
142
273.8
61
230.8
200.5
139.2
219.2
120.2
199
236.8
227.8
256
54.8
225.2
281.5
87.2
86
301
357.5
162.5
230
240.2
72.2
248.2
183.5
333.8
365.8
143
246
155.5
171.5
241
209.5
151.2
142.8
245.8
178
148.5
250.5
210.5
171.8
269.2
139.5
138.2
116.8
172.8
178.2
462.8
223
173
192
165.2
296.5
153
163
219
252
237
533.5
292.2
370.8
484.2
sums of draw-off volumes of each hour of the day
151.4
257.1
106.6
402.9
161.9
259.8
12734.8
16460.9
6773.1
1400.7
943.2
4679
4145.4
1687.3
2256
3106.1
2610.4
1844.1
2755.6
2557
3939.5
2472.5
1024.3
302.6
sums of draw-off volumes of each hour of weekdays
136.7
129
31.5
149.9
74.1
83.4
10281.7
11672
3593.8
702.5
765.3
4311.7
4070.1
1320.8
723.1
617.8
770.8
1442.4
2375.4
2065.5
2710.5
1549.4
261.6
43.9
sums of draw-off volumes of each hour of weekend-days
14.7
128.1
75.1
253
87.8
176.4
2453.1
4788.9
3179.3
698.2
177.9
367.3
75.3
366.5
1532.9
2488.3
1839.6
401.7
380.2
491.5
1229
923.1
762.7
258.7
holidays of household(s), numbers correspond to day of year
