11;26
213;29
83;30
46;31
81;32
14;39
10;47
9;51
39;52
28;73
2;77
29;80
38;81
20;82
198;85
39;87
7;125
241;126
22;127
279;128
10;136
18;138
21;146
218;147
10;148
163;151
23;167
17;169
23;170
7;172
36;174
17;176
36;177
594;181
28;221
70;222
84;223
29;224
27;237
11;241
6;244
20;266
8;268
171;272
22;279
64;317
83;318
36;319
27;320
11;323
23;325
13;338
16;349
22;364
8;365
11;366
13;399
32;413
188;414
528;415
47;416
175;433
38;435
15;437
19;440
20;458
2;462
4;468
18;471
35;509
11;510
96;511
10;512
70;514
36;516
25;527
11;533
48;542
163;543
22;544
8;545
41;547
8;552
17;559
5;561
16;567
31;568
165;605
9;607
101;608
130;609
31;611
27;615
11;617
26;638
161;639
1;640
27;641
28;642
13;643
2;653
564;657
17;658
3;659
32;701
13;703
107;704
12;713
3;715
49;722
22;723
10;724
150;727
25;740
6;747
9;749
30;750
145;757
23;758
15;760
26;797
71;798
210;799
17;800
39;817
26;818
32;841
5;842
5;852
36;854
2;874
43;893
101;894
78;895
97;896
22;914
22;938
2;965
22;978
24;989
18;990
68;992
4;995
21;1006
4;1011
13;1012
32;1018
5;1032
22;1035
7;1041
1;1043
57;1085
80;1086
41;1087
253;1088
150;1091
8;1105
28;1106
22;1109
1;1115
1;1127
17;1133
27;1134
162;1135
5;1136
9;1138
36;1139
1;1151
16;1159
5;1170
182;1181
40;1182
8;1183
46;1185
62;1186
159;1187
25;1188
33;1190
6;1205
33;1214
161;1215
19;1216
9;1219
3;1220
25;1225
18;1228
10;1238
13;1239
4;1241
101;1244
8;1255
167;1277
58;1278
178;1280
13;1281
6;1282
36;1284
29;1294
17;1309
12;1310
183;1315
22;1316
10;1373
42;1374
30;1375
92;1376
185;1394
167;1395
14;1396
4;1411
17;1415
32;1428
20;1431
26;1433
51;1469
240;1470
34;1471
90;1472
19;1491
38;1492
12;1500
6;1509
4;1514
172;1517
35;1520
19;1528
27;1549
225;1565
341;1566
16;1567
72;1568
16;1570
8;1586
12;1587
3;1588
33;1591
5;1610
29;1613
12;1616
170;1617
31;1618
28;1620
169;1622
4;1629
75;1661
79;1662
80;1663
48;1664
6;1665
160;1682
35;1683
26;1684
5;1699
28;1706
46;1714
9;1717
35;1718
35;1757
50;1758
173;1759
262;1760
20;1762
14;1775
17;1777
16;1780
37;1782
21;1798
4;1810
8;1812
17;1813
149;1846
20;1853
68;1854
12;1855
22;1856
36;1857
17;1858
41;1859
33;1860
16;1879
5;1885
2;1887
186;1888
24;1889
44;1890
55;1892
33;1897
19;1906
44;1907
38;1912
6;1916
145;1926
29;1949
164;1950
160;1951
45;1952
25;1953
49;1954
17;1955
166;1964
24;1982
2;1983
24;1986
23;1987
6;1995
22;1996
8;2010
3;2012
29;2029
23;2045
5;2046
31;2047
82;2048
4;2054
33;2077
11;2085
161;2089
11;2090
20;2092
7;2093
9;2095
8;2096
32;2097
22;2099
59;2101
67;2141
55;2142
94;2143
361;2144
13;2153
38;2156
8;2158
2;2161
1;2163
22;2164
160;2170
29;2182
26;2186
7;2190
15;2194
21;2195
29;2200
22;2204
69;2237
127;2238
71;2239
29;2240
7;2247
27;2256
20;2257
27;2258
5;2259
62;2260
11;2262
38;2283
65;2284
12;2285
28;2287
2;2289
180;2294
6;2333
223;2334
48;2335
38;2336
26;2353
31;2354
8;2356
49;2358
2;2366
181;2370
36;2377
3;2390
3;2391
7;2392
598;2429
587;2430
51;2431
43;2432
26;2449
81;2452
1;2474
11;2476
25;2478
5;2479
21;2482
2;2484
164;2486
35;2488
2;2489
30;2503
21;2524
14;2526
11;2527
9;2528
41;2529
64;2530
85;2531
21;2532
159;2540
42;2549
30;2551
8;2558
42;2560
550;2562
23;2563
3;2564
10;2577
3;2581
6;2584
24;2585
14;2587
6;2609
29;2610
12;2612
10;2621
48;2622
62;2623
9;2624
24;2625
87;2627
11;2628
22;2642
4;2648
12;2654
26;2655
199;2656
176;2657
4;2660
22;2672
3;2674
27;2675
5;2676
42;2677
5;2679
11;2680
15;2690
17;2696
50;2717
28;2718
78;2719
160;2720
27;2726
22;2737
170;2738
30;2740
18;2748
18;2750
25;2755
15;2761
20;2762
3;2764
4;2771
153;2774
12;2784
49;2813
20;2814
89;2815
103;2816
41;2834
1;2835
40;2836
16;2842
23;2844
21;2862
10;2866
11;2870
9;2895
20;2909
243;2910
54;2911
38;2912
5;2914
5;2918
8;2930
26;2931
2;2933
11;2939
8;2940
10;2959
21;2965
40;3005
179;3007
111;3008
7;3025
42;3027
7;3042
27;3044
18;3052
154;3053
21;3054
9;3056
37;3062
1;3070
96;3101
52;3102
126;3103
47;3104
29;3123
170;3124
1;3129
10;3135
16;3146
2;3153
37;3154
17;3191
33;3196
96;3198
25;3199
4;3200
23;3201
83;3202
39;3203
34;3204
31;3225
58;3229
20;3232
4;3233
40;3235
41;3236
154;3237
46;3249
36;3253
11;3256
35;3291
75;3293
30;3294
38;3295
3;3296
22;3297
25;3298
2;3299
29;3300
16;3303
37;3325
14;3326
54;3328
25;3329
16;3331
52;3332
20;3338
11;3339
7;3347
1;3350
168;3352
176;3353
32;3354
69;3389
85;3390
227;3391
51;3392
28;3401
1;3403
11;3405
30;3408
244;3409
9;3410
62;3411
39;3412
19;3432
44;3436
1;3443
19;3485
28;3486
78;3487
6;3500
31;3505
29;3506
1;3507
16;3508
24;3530
5;3533
14;3534
16;3537
2;3541
3;3571
27;3574
111;3581
20;3582
45;3583
41;3584
3;3600
36;3604
21;3613
12;3622
162;3627
6;3630
24;3631
5;3639
8;3640
95;3677
72;3678
262;3679
27;3680
20;3697
7;3699
33;3700
9;3709
4;3711
26;3716
13;3721
23;3723
21;3728
53;3773
39;3774
83;3775
629;3776
1;3793
52;3795
34;3796
28;3819
47;3822
2;3826
9;3847
20;3869
230;3870
35;3871
29;3873
12;3874
40;3875
52;3876
13;3877
33;3888
6;3901
1;3903
31;3904
41;3905
4;3906
7;3907
15;3922
169;3923
5;3924
21;3931
156;3957
33;3965
4;3966
34;3967
248;3968
10;3969
47;3971
41;3972
7;3989
8;3994
6;3995
43;3998
39;3999
16;4000
190;4001
28;4002
29;4004
31;4007
19;4008
18;4010
5;4014
21;4017
4;4018
1;4020
164;4022
38;4025
71;4061
57;4063
60;4064
24;4067
15;4079
19;4081
9;4087
1;4106
12;4109
3;4115
14;4120
6;4136
21;4157
97;4158
76;4159
196;4160
24;4174
2;4179
5;4190
187;4206
23;4207
47;4208
8;4209
21;4211
191;4253
26;4254
38;4255
7;4256
29;4261
38;4273
184;4275
33;4303
15;4304
173;4305
7;4310
13;4312
40;4349
5;4350
21;4351
238;4352
9;4355
5;4359
9;4369
60;4371
27;4372
9;4398
12;4400
27;4401
7;4407
15;4414
225;4445
51;4446
36;4447
16;4448
15;4454
10;4455
33;4465
40;4466
30;4468
13;4491
20;4496
40;4510
22;4524
21;4541
192;4542
23;4544
6;4545
37;4547
175;4548
8;4555
1;4563
8;4565
20;4569
6;4571
12;4573
12;4574
10;4575
44;4578
8;4586
15;4588
20;4594
6;4596
17;4598
23;4601
16;4604
25;4618
11;4622
13;4638
25;4639
208;4640
20;4641
41;4642
5;4644
26;4647
1;4660
7;4665
37;4669
8;4671
33;4672
7;4673
187;4674
40;4679
20;4684
28;4691
8;4693
10;4694
64;4696
13;4697
23;4700
26;4703
26;4706
16;4733
207;4734
533;4735
10;4736
33;4749
33;4756
5;4759
8;4779
6;4785
16;4788
95;4829
71;4830
34;4831
190;4832
11;4846
13;4848
19;4849
38;4852
22;4853
31;4857
20;4865
5;4867
12;4874
14;4875
7;4876
18;4878
15;4883
22;4887
198;4888
35;4925
47;4926
56;4927
405;4928
24;4929
3;4930
5;4941
9;4942
21;4945
33;4946
13;4947
17;4949
14;4960
173;4970
2;4971
6;4972
4;4975
29;4976
25;4979
35;4980
27;4984
23;5009
3;5012
73;5021
230;5022
35;5023
197;5024
25;5035
19;5041
42;5043
14;5044
9;5065
31;5073
5;5101
247;5117
51;5118
208;5119
213;5120
4;5123
35;5135
160;5137
17;5138
167;5143
13;5160
15;5161
42;5163
18;5165
57;5166
8;5170
193;5171
34;5174
14;5175
5;5176
9;5213
29;5214
41;5215
29;5216
55;5217
36;5218
1;5219
51;5220
6;5221
150;5245
351;5246
330;5248
16;5258
12;5259
2;5262
30;5269
20;5271
6;5275
6;5300
72;5309
12;5310
2;5311
30;5312
72;5313
47;5315
47;5316
25;5321
11;5330
37;5332
12;5339
169;5341
38;5342
2;5343
86;5344
8;5346
2;5347
36;5348
4;5357
4;5358
11;5366
2;5367
22;5369
36;5372
64;5405
3;5406
224;5407
202;5408
18;5409
34;5414
156;5419
49;5426
150;5427
41;5428
10;5437
16;5439
2;5445
25;5453
153;5456
5;5460
24;5462
59;5501
54;5502
139;5503
15;5504
4;5523
19;5524
4;5529
34;5539
3;5546
28;5550
5;5553
590;5554
31;5556
9;5557
15;5560
255;5597
39;5599
36;5600
23;5603
50;5617
12;5618
43;5619
27;5620
10;5631
2;5643
15;5646
11;5648
29;5650
27;5651
16;5652
12;5653
33;5655
33;5659
78;5693
43;5694
95;5695
74;5696
17;5700
172;5703
29;5713
58;5714
17;5730
24;5737
16;5742
34;5744
29;5749
22;5750
145;5751
20;5786
4;5789
21;5790
5;5791
22;5792
23;5804
14;5809
172;5810
44;5811
103;5812
5;5822
32;5836
5;5843
12;5847
11;5852
6;5880
10;5882
7;5885
6;5886
40;5887
32;5888
178;5889
15;5890
8;5891
40;5892
9;5900
2;5906
1;5917
15;5918
38;5921
32;5922
26;5923
161;5924
8;5941
40;5946
166;5948
19;5962
4;5963
54;5981
234;5982
3;5984
15;5985
50;5986
10;5987
56;5988
55;6010
5;6011
24;6013
13;6014
47;6016
19;6018
21;6019
26;6031
27;6038
10;6041
30;6045
10;6075
23;6077
63;6078
259;6079
93;6080
34;6084
154;6087
3;6094
24;6098
36;6099
15;6100
27;6103
18;6107
4;6121
20;6127
25;6128
19;6133
10;6134
32;6135
15;6136
65;6173
28;6174
21;6175
23;6176
52;6185
36;6193
189;6195
340;6196
20;6210
24;6218
28;6221
27;6222
2;6223
5;6228
48;6269
50;6270
205;6271
28;6275
4;6276
10;6291
46;6292
10;6296
30;6303
19;6305
15;6311
6;6321
15;6325
200;6365
4;6366
63;6367
110;6368
24;6378
45;6385
174;6386
13;6387
2;6400
23;6402
19;6404
33;6412
6;6413
23;6414
14;6415
8;6418
33;6461
221;6462
174;6463
198;6464
28;6468
24;6469
37;6481
52;6482
52;6483
5;6490
13;6515
18;6545
19;6549
28;6557
79;6558
43;6560
201;6561
10;6562
73;6563
6;6564
18;6568
30;6589
11;6590
36;6591
24;6596
23;6607
2;6610
4;6613
33;6616
166;6618
7;6626
19;6653
33;6654
43;6655
186;6656
17;6657
10;6659
30;6661
38;6685
164;6687
167;6689
18;6690
42;6692
159;6707
20;6709
16;6711
16;6712
18;6714
562;6715
151;6716
89;6749
99;6750
46;6751
76;6752
16;6770
2;6772
6;6774
16;6779
37;6792
31;6795
12;6801
36;6803
15;6805
13;6807
204;6845
107;6846
65;6847
63;6848
166;6864
39;6867
35;6868
30;6871
38;6874
35;6886
217;6941
2;6942
69;6943
682;6944
9;6946
14;6961
36;6963
8;6966
23;6991
564;6993
10;6995
15;6998
8;6999
397;7037
508;7038
22;7039
47;7040
25;7057
161;7058
18;7065
23;7082
26;7083
11;7089
3;7101
231;7133
41;7134
51;7135
27;7136
7;7138
17;7147
11;7153
4;7154
26;7156
28;7172
9;7188
25;7191
2;7192
12;7215
221;7229
2;7230
37;7231
52;7232
9;7233
2;7234
2;7244
31;7259
31;7260
150;7262
22;7263
185;7265
58;7266
5;7267
8;7268
35;7271
33;7283
17;7284
21;7286
27;7289
27;7320
22;7325
38;7326
56;7327
76;7328
61;7329
29;7330
33;7331
63;7332
11;7348
171;7357
30;7358
153;7359
24;7360
49;7361
9;7362
113;7363
9;7368
22;7376
3;7378
1;7379
19;7380
4;7382
30;7383
14;7385
583;7421
32;7422
13;7423
405;7424
23;7426
2;7430
12;7432
8;7440
34;7441
172;7442
19;7443
24;7453
11;7459
177;7465
1;7469
14;7475
17;7478
20;7480
93;7517
82;7518
228;7519
72;7520
9;7524
30;7529
13;7532
8;7538
8;7542
32;7554
3;7565
11;7568
6;7572
11;7573
7;7603
27;7607
564;7613
124;7614
93;7615
62;7616
12;7619
14;7625
46;7634
20;7635
38;7637
9;7642
146;7643
6;7657
45;7658
19;7660
2;7661
6;7671
3;7672
18;7673
25;7692
132;7709
75;7710
257;7711
28;7712
163;7722
25;7724
15;7734
9;7747
4;7748
10;7755
15;7756
28;7757
5;7763
1;7765
7;7767
14;7776
94;7805
25;7806
44;7807
163;7808
3;7819
24;7825
13;7827
10;7828
25;7838
14;7855
11;7863
83;7901
30;7902
40;7903
36;7904
45;7906
174;7907
2;7908
18;7909
4;7913
40;7933
10;7934
41;7935
43;7938
14;7940
13;7947
21;7954
30;7956
16;7958
33;7964
18;7977
15;7988
38;7997
3;7998
22;7999
17;8001
9;8002
37;8003
58;8004
152;8011
14;8012
33;8016
30;8029
20;8030
2;8031
1;8032
21;8033
2;8034
14;8035
40;8036
155;8042
31;8052
15;8057
21;8059
14;8060
8;8087
30;8094
146;8095
11;8096
178;8113
33;8114
32;8115
7;8116
4;8120
3;8122
26;8133
154;8135
27;8137
13;8143
12;8145
2;8150
30;8152
11;8189
44;8190
188;8191
636;8192
10;8209
580;8210
15;8211
1;8215
31;8219
21;8237
9;8239
2;8243
9;8247
24;8259
244;8285
259;8286
34;8287
210;8288
25;8289
12;8305
3;8306
12;8307
8;8323
18;8328
4;8329
3;8332
34;8333
3;8340
39;8342
15;8343
3;8379
47;8381
70;8382
29;8383
203;8384
166;8401
370;8402
33;8403
37;8404
11;8405
12;8426
34;8435
9;8440
29;8477
164;8478
48;8479
74;8480
29;8497
37;8498
10;8499
49;8500
13;8502
16;8514
3;8521
11;8522
158;8525
26;8530
20;8535
168;8551
1;8566
35;8573
82;8575
70;8576
222;8577
69;8578
191;8579
201;8580
5;8590
29;8608
22;8609
4;8611
1;8627
11;8628
18;8629
7;8632
2;8635
25;8666
9;8667
13;8668
112;8669
14;8670
39;8671
22;8672
16;8693
36;8698
21;8699
37;8700
7;8701
8;8702
30;8707
21;8719
5;8747
184;8761
49;8763
48;8764
4;8770
23;8772
14;8781
15;8782
13;8783
157;8805
27;8806
34;8809
7;8815
24;8816
4;8820
96;8857
169;8858
248;8859
101;8860
10;8871
7;8876
2;8879
38;8880
5;8903
164;8907
26;8908
35;8910
9;8915
17;8916
80;8953
74;8954
61;8955
34;8956
11;8974
24;8976
30;8988
37;9000
162;9009
1;9011
173;9049
569;9050
69;9051
37;9052
9;9067
6;9068
12;9069
168;9070
4;9071
6;9072
30;9075
4;9077
5;9093
2;9095
28;9097
11;9098
14;9099
56;9102
23;9104
362;9145
351;9146
48;9147
58;9148
36;9150
16;9151
14;9161
15;9165
68;9166
4;9175
13;9191
6;9201
6;9203
17;9236
4;9237
50;9242
185;9243
181;9244
67;9245
32;9246
7;9247
9;9248
148;9261
11;9269
10;9273
48;9274
30;9275
10;9276
5;9278
38;9279
3;9284
17;9295
166;9302
13;9323
83;9337
31;9338
83;9339
31;9340
58;9341
31;9342
45;9343
34;9344
29;9351
150;9370
6;9371
47;9372
12;9373
25;9374
169;9392
43;9393
6;9397
44;9398
10;9430
49;9433
26;9434
237;9435
88;9436
151;9437
29;9443
16;9453
28;9454
5;9486
163;9489
24;9491
42;9529
31;9530
175;9531
64;9532
4;9549
44;9552
22;9563
3;9574
161;9575
18;9580
35;9581
12;9596
114;9625
73;9626
41;9627
27;9628
23;9637
14;9645
9;9646
20;9647
20;9648
18;9651
187;9653
11;9665
27;9673
25;9675
43;9677
40;9679
153;9683
36;9684
67;9721
30;9722
55;9723
10;9724
178;9741
29;9744
10;9747
3;9765
8;9767
76;9769
17;9772
29;9773
6;9776
29;9778
4;9779
36;9780
76;9817
17;9818
42;9819
22;9820
12;9840
163;9854
8;9861
22;9863
25;9864
32;9865
19;9867
27;9873
9;9878
12;9891
21;9913
41;9914
3;9915
186;9916
41;9917
24;9918
97;9919
27;9920
1;9921
10;9934
16;9946
42;9947
1;9948
19;9949
24;9950
17;9952
20;9956
30;9958
15;9961
24;9965
16;9970
25;9973
11;9975
29;9980
38;10009
21;10010
19;10011
1;10012
60;10013
48;10014
17;10015
34;10016
17;10038
6;10041
190;10042
20;10043
173;10045
10;10046
11;10048
33;10055
3;10056
174;10069
169;10072
212;10105
75;10106
37;10107
116;10108
10;10109
23;10126
9;10127
24;10128
12;10135
5;10146
26;10150
7;10151
17;10158
7;10164
11;10169
65;10201
55;10202
74;10203
5;10211
155;10217
173;10221
163;10222
1;10223
7;10224
2;10240
3;10246
35;10252
19;10256
9;10257
24;10267
225;10297
192;10298
274;10299
46;10300
7;10303
1;10314
48;10317
38;10320
8;10329
18;10344
25;10346
14;10352
28;10354
10;10385
179;10393
94;10394
223;10395
177;10396
175;10414
6;10415
4;10427
26;10430
4;10437
10;10438
16;10442
30;10446
12;10448
53;10450
7;10451
10;10482
13;10489
127;10490
207;10491
1;10492
19;10500
158;10501
19;10505
70;10509
4;10512
17;10534
31;10541
7;10543
8;10544
6;10548
42;10585
26;10589
52;10590
1;10591
6;10593
1;10599
1;10612
164;10617
41;10619
51;10620
31;10622
12;10623
21;10624
5;10638
31;10639
9;10640
11;10643
44;10681
8;10682
30;10683
3;10684
43;10685
28;10686
52;10687
8;10688
14;10694
7;10701
9;10714
29;10715
15;10716
2;10717
22;10718
57;10719
3;10730
12;10737
28;10738
13;10739
3;10742
4;10744
215;10777
35;10778
1;10779
45;10780
173;10797
28;10798
28;10799
14;10808
5;10821
33;10822
26;10826
25;10831
6;10837
177;10873
47;10874
81;10875
61;10876
19;10882
10;10893
4;10894
1;10896
168;10907
10;10913
20;10917
33;10920
3;10928
157;10932
202;10969
100;10971
324;10972
48;10973
32;10976
8;10977
51;10989
5;10990
148;10991
22;10992
17;11007
19;11011
20;11016
4;11020
14;11021
22;11023
37;11028
12;11064
16;11065
86;11066
8;11067
93;11068
47;11086
21;11087
8;11088
18;11092
15;11093
20;11102
28;11105
11;11109
19;11110
32;11112
16;11116
2;11117
34;11121
1;11122
13;11138
35;11161
78;11162
29;11163
44;11164
16;11166
160;11178
28;11181
10;11182
80;11183
43;11184
16;11186
2;11187
17;11189
13;11205
167;11206
320;11210
1;11212
11;11213
179;11214
10;11216
20;11217
29;11257
11;11258
112;11259
4;11261
1;11262
34;11263
137;11264
5;11286
13;11287
42;11290
23;11291
13;11292
12;11293
3;11294
9;11295
14;11296
11;11298
20;11309
9;11310
5;11312
10;11317
35;11318
13;11320
30;11344
2;11345
4;11353
74;11354
35;11355
30;11356
29;11357
7;11358
61;11359
5;11360
39;11378
52;11385
15;11386
175;11387
25;11388
189;11389
32;11390
32;11392
5;11401
169;11407
156;11409
32;11411
7;11412
8;11416
39;11437
12;11449
85;11450
222;11451
15;11452
27;11453
19;11469
186;11470
8;11471
13;11475
6;11476
2;11494
8;11496
10;11497
27;11501
10;11505
31;11507
2;11539
228;11545
18;11546
193;11547
76;11548
22;11553
18;11554
9;11555
55;11566
28;11568
18;11595
17;11596
66;11599
147;11601
4;11602
24;11617
58;11641
70;11642
49;11643
154;11644
38;11661
77;11662
197;11663
9;11673
19;11674
155;11685
19;11687
14;11691
144;11692
2;11700
68;11737
22;11738
190;11739
36;11740
3;11743
27;11744
53;11757
198;11758
9;11759
56;11760
30;11765
5;11780
7;11782
20;11792
11;11793
22;11795
14;11799
31;11815
61;11833
34;11834
155;11835
30;11836
26;11839
9;11849
21;11853
59;11854
36;11863
159;11874
13;11880
11;11882
173;11885
14;11890
30;11892
14;11929
175;11930
18;11931
284;11932
89;11933
4;11934
15;11935
29;11936
5;11947
11;11949
4;11950
20;11962
30;11970
24;11972
6;11981
1;11982
23;11983
44;11984
16;11985
21;11986
23;11987
40;12014
184;12026
47;12027
4;12028
26;12029
24;12030
55;12032
22;12042
31;12057
46;12059
203;12061
45;12062
34;12063
163;12064
9;12071
22;12077
29;12082
21;12085
8;12087
407;12121
111;12122
10;12123
84;12124
15;12141
38;12142
17;12143
166;12146
6;12152
11;12153
30;12155
19;12170
168;12175
9;12184
8;12198
86;12217
89;12218
20;12219
188;12220
35;12237
10;12240
30;12242
28;12247
20;12248
11;12262
6;12268
27;12272
7;12274
48;12313
17;12314
103;12316
12;12318
11;12324
31;12325
16;12335
2;12336
6;12362
22;12364
58;12366
1;12367
96;12409
53;12410
233;12411
41;12412
13;12421
2;12427
14;12429
15;12430
1;12432
25;12434
36;12455
13;12457
14;12458
7;12462
48;12468
39;12505
33;12506
14;12507
222;12508
9;12520
15;12525
7;12526
33;12527
6;12529
17;12537
13;12549
3;12552
12;12563
16;12573
30;12601
31;12602
57;12603
57;12604
53;12605
7;12606
3;12607
38;12608
32;12613
7;12634
17;12635
54;12637
2;12638
26;12639
7;12640
16;12649
3;12656
13;12659
4;12661
9;12662
5;12676
30;12682
87;12697
18;12698
60;12702
164;12704
18;12708
6;12725
2;12728
15;12729
15;12731
52;12732
22;12733
2;12735
165;12746
15;12749
19;12751
19;12756
9;12758
9;12781
42;12793
234;12794
56;12795
22;12796
38;12813
11;12814
31;12815
28;12816
5;12829
3;12836
20;12840
121;12889
10;12890
55;12891
142;12892
37;12911
22;12914
22;12925
4;12926
16;12927
33;12935
21;12939
16;12944
9;12948
162;12981
218;12985
30;12986
10;12987
123;12988
4;13005
39;13006
16;13007
20;13008
27;13019
4;13022
26;13032
14;13035
56;13039
21;13079
51;13081
9;13082
117;13083
66;13084
9;13085
5;13088
34;13094
21;13097
33;13101
9;13102
31;13103
161;13104
14;13107
6;13121
25;13122
34;13126
561;13129
10;13134
3;13135
154;13138
112;13177
30;13178
84;13179
216;13180
38;13190
14;13193
9;13197
31;13198
11;13199
17;13205
24;13216
17;13221
1;13227
159;13235
12;13260
50;13273
52;13274
156;13275
35;13276
33;13277
30;13278
224;13280
7;13297
1;13301
19;13303
35;13305
9;13306
27;13307
7;13310
19;13328
29;13329
27;13333
13;13334
28;13335
206;13369
24;13370
34;13371
201;13372
20;13374
40;13376
36;13397
225;13401
17;13402
176;13405
6;13406
10;13407
7;13408
4;13417
53;13425
24;13429
24;13431
98;13465
100;13466
7;13467
14;13468
18;13472
87;13486
5;13509
24;13511
2;13516
14;13518
2;13520
40;13561
170;13562
193;13563
67;13564
9;13582
19;13583
153;13605
25;13606
14;13608
17;13611
16;13616
12;13621
277;13657
8;13658
31;13659
238;13660
20;13665
13;13672
15;13677
44;13678
21;13679
7;13680
34;13695
1;13699
32;13705
7;13706
21;13711
2;13712
9;13713
159;13714
37;13753
184;13754
43;13755
30;13756
8;13761
26;13766
7;13773
1;13785
26;13787
29;13792
6;13795
6;13798
11;13799
24;13802
12;13804
34;13806
13;13824
72;13849
245;13850
38;13851
164;13852
12;13863
12;13869
2;13870
38;13871
9;13872
11;13885
5;13887
35;13889
7;13893
25;13901
38;13907
7;13908
28;13911
10;13926
159;13934
14;13945
46;13946
193;13947
22;13948
258;13949
193;13950
42;13951
35;13952
6;13954
1;13971
18;13975
32;13977
13;13978
59;13981
156;13982
12;13983
6;13984
9;13990
24;13999
7;14001
9;14003
4;14007
101;14027
47;14041
7;14043
15;14044
15;14045
1;14046
198;14047
7;14048
596;14073
60;14075
12;14076
8;14077
31;14079
27;14080
12;14091
15;14094
13;14098
13;14130
43;14137
226;14138
227;14139
77;14140
1;14154
33;14157
28;14160
18;14163
11;14165
28;14168
31;14183
1;14187
1;14188
10;14191
30;14193
6;14195
14;14196
6;14197
36;14233
242;14234
17;14235
3;14236
11;14245
22;14253
9;14254
19;14262
38;14273
173;14279
8;14288
5;14317
774;14329
74;14330
46;14331
203;14332
24;14348
41;14349
21;14350
13;14352
10;14373
44;14376
7;14384
25;14385
23;14386
31;14388
18;14425
148;14426
74;14427
181;14428
8;14440
57;14445
48;14446
3;14448
10;14454
28;14459
13;14462
7;14464
22;14469
13;14472
1;14474
4;14478
16;14480
19;14481
4;14512
173;14521
6;14522
77;14524
4;14528
36;14531
23;14533
7;14542
77;14543
174;14544
169;14553
44;14569
19;14576
30;14617
21;14618
568;14619
30;14620
86;14621
338;14622
42;14623
71;14624
32;14650
16;14651
36;14652
14;14653
36;14655
16;14663
168;14664
16;14669
14;14671
4;14674
6;14713
37;14714
79;14715
50;14716
17;14717
202;14718
37;14719
38;14720
12;14721
4;14724
13;14745
6;14746
16;14747
23;14748
53;14749
15;14750
1;14754
19;14760
16;14767
6;14768
164;14772
21;14775
249;14809
54;14811
40;14812
7;14822
7;14825
15;14829
26;14830
26;14834
163;14836
4;14839
8;14843
15;14844
4;14855
37;14857
17;14863
164;14864
18;14867
6;14886
17;14905
38;14906
48;14907
32;14908
29;14910
167;14922
15;14925
583;14927
13;14928
22;14950
167;14953
18;14959
224;15001
91;15002
4;15003
183;15004
1;15019
28;15021
13;15022
15;15023
25;15047
20;15052
11;15058
10;15059
34;15072
47;15097
100;15098
16;15099
24;15100
4;15119
9;15132
35;15144
13;15147
20;15148
12;15149
33;15156
71;15193
35;15194
23;15195
3;15196
13;15208
43;15213
2;15214
54;15215
25;15216
17;15220
27;15233
19;15236
33;15237
12;15238
9;15243
20;15244
21;15248
189;15289
27;15290
167;15291
4;15292
55;15293
244;15294
192;15295
6;15296
7;15304
15;15321
49;15322
62;15323
29;15326
22;15327
19;15328
152;15331
6;15341
14;15342
11;15344
25;15346
27;15359
55;15385
99;15386
102;15387
15;15388
171;15390
166;15391
16;15392
26;15400
5;15413
171;15417
9;15418
595;15420
10;15422
163;15423
1;15424
21;15430
7;15436
46;15438
4;15445
86;15481
81;15482
205;15483
11;15484
10;15491
9;15501
16;15502
17;15503
35;15504
4;15536
7;15538
17;15539
44;15577
335;15579
35;15580
180;15598
185;15600
32;15610
30;15623
14;15624
567;15625
25;15629
28;15631
1;15632
26;15633
19;15667
126;15673
29;15674
95;15675
64;15676
31;15693
30;15696
31;15699
154;15710
37;15722
48;15725
20;15729
29;15731
19;15732
382;15769
217;15770
27;15771
49;15772
20;15777
9;15786
38;15789
42;15791
20;15793
29;15801
25;15809
27;15819
32;15822
2;15823
18;15824
253;15865
197;15866
71;15867
195;15868
9;15877
27;15882
6;15885
4;15886
20;15887
24;15888
9;15911
11;15912
3;15913
21;15914
8;15917
13;15918
156;15919
1;15920
17;15921
19;15924
10;15927
29;15950
197;15961
56;15962
5;15964
91;15965
28;15966
56;15967
20;15974
18;15983
16;15993
38;15994
38;15995
4;15999
5;16000
15;16008
28;16013
32;16015
3;16050
12;16052
91;16057
16;16058
19;16059
37;16060
28;16061
18;16062
22;16063
612;16064
28;16069
10;16070
39;16071
5;16073
5;16082
11;16086
69;16091
39;16092
2;16094
57;16096
2;16098
26;16102
41;16110
4;16114
10;16115
4;16116
24;16119
52;16153
8;16154
49;16155
31;16156
6;16163
5;16174
5;16198
31;16206
28;16211
45;16249
48;16250
254;16251
228;16252
29;16257
10;16269
19;16270
9;16272
18;16274
29;16282
25;16289
27;16294
36;16299
25;16303
1;16310
30;16345
16;16346
54;16347
29;16348
34;16354
13;16363
27;16365
23;16366
1;16367
28;16368
170;16390
34;16391
39;16397
24;16398
21;16403
103;16441
38;16442
4;16443
23;16444
6;16458
727;16461
563;16464
26;16476
13;16485
174;16492
9;16496
19;16497
14;16499
89;16537
42;16538
22;16539
82;16540
35;16546
7;16555
8;16558
184;16559
69;16560
24;16563
12;16581
6;16583
155;16584
57;16590
29;16595
558;16596
13;16606
5;16633
77;16634
48;16635
24;16637
197;16638
27;16639
11;16640
26;16646
2;16654
24;16667
84;16668
18;16669
20;16670
1;16671
22;16672
18;16677
21;16692
5;16693
29;16729
16;16732
200;16733
13;16734
10;16735
56;16736
2;16751
5;16754
28;16762
25;16763
24;16764
33;16767
27;16768
39;16778
27;16781
30;16784
9;16786
22;16789
174;16805
162;16815
34;16825
381;16826
98;16827
27;16828
9;16839
26;16845
10;16847
11;16848
5;16874
8;16882
24;16883
193;16921
23;16922
31;16923
180;16924
4;16943
11;16944
33;16953
19;16959
9;16965
14;16968
2;16969
4;16970
6;16977
26;17017
89;17018
46;17019
238;17020
9;17024
10;17031
6;17038
39;17039
8;17040
6;17047
30;17051
11;17053
4;17061
28;17062
26;17064
7;17072
13;17074
36;17113
26;17114
200;17115
99;17116
22;17128
12;17133
165;17136
23;17157
7;17168
28;17169
21;17171
54;17209
25;17210
28;17211
105;17212
5;17213
1;17229
19;17232
161;17244
21;17248
16;17258
6;17260
37;17265
35;17305
61;17306
57;17307
18;17308
201;17309
31;17310
194;17311
32;17312
18;17320
154;17337
19;17341
10;17342
6;17343
18;17344
26;17356
22;17357
67;17361
10;17363
28;17364
39;17368
1;17385
47;17402
17;17403
58;17404
30;17405
47;17406
27;17410
36;17428
17;17429
26;17434
8;17435
21;17437
22;17438
147;17449
20;17450
4;17454
31;17456
5;17457
2;17459
8;17460
2;17462
142;17497
90;17498
47;17499
194;17500
31;17503
26;17514
31;17517
58;17519
29;17535
2;17551
165;17553
23;17554
29;17556
8;17572
207;17594
201;17595
23;17596
7;17605
28;17607
10;17613
20;17614
19;17615
23;17616
16;17629
13;17646
152;17649
177;17651
65;17689
19;17690
57;17691
106;17692
26;17709
8;17711
5;17712
560;17731
13;17734
6;17739
3;17740
155;17742
3;17785
55;17788
8;17803
2;17806
167;17807
5;17810
29;17814
28;17831
1;17832
18;17833
217;17881
32;17882
8;17883
26;17884
14;17891
7;17903
57;17904
2;17927
26;17936
30;17939
21;17977
32;17978
15;17980
7;17981
36;17983
192;17984
1;17985
9;17988
563;17989
24;17998
10;18010
8;18012
11;18016
16;18020
30;18031
23;18032
29;18035
2;18037
11;18038
12;18073
129;18074
2;18075
150;18076
26;18077
22;18078
11;18079
22;18080
8;18099
2;18105
572;18109
15;18110
2;18112
6;18126
14;18127
12;18131
168;18132
20;18133
35;18169
215;18170
50;18171
57;18172
22;18179
27;18183
18;18189
11;18190
2;18191
22;18192
9;18216
29;18217
33;18221
10;18224
3;18238
31;18256
18;18265
232;18266
18;18267
51;18268
10;18286
6;18294
31;18298
12;18318
3;18343
59;18361
26;18362
195;18363
58;18364
33;18367
4;18368
13;18376
169;18381
16;18382
7;18383
10;18384
23;18387
35;18391
7;18407
11;18409
7;18414
35;18417
30;18418
26;18419
224;18457
10;18458
54;18459
187;18460
8;18476
32;18479
169;18480
17;18489
28;18497
22;18501
5;18502
9;18503
148;18504
167;18509
1;18510
12;18513
13;18553
45;18554
14;18555
156;18556
6;18573
32;18574
9;18580
9;18587
30;18606
20;18608
4;18610
11;18612
37;18645
78;18649
18;18650
20;18652
5;18653
47;18654
27;18655
74;18656
3;18659
11;18682
3;18683
4;18684
6;18685
50;18686
161;18687
1;18690
8;18691
16;18700
149;18704
155;18711
2;18722
38;18745
19;18746
173;18747
156;18748
165;18749
162;18750
83;18751
220;18752
25;18754
35;18777
9;18778
14;18779
9;18782
13;18783
42;18784
27;18794
11;18798
20;18799
12;18801
11;18802
25;18807
18;18808
14;18819
90;18841
34;18842
21;18843
183;18844
4;18858
29;18861
17;18863
13;18864
29;18881
13;18887
9;18888
11;18889
15;18891
23;18892
5;18893
3;18894
173;18896
61;18937
24;18938
77;18939
599;18940
31;18953
28;18957
12;18958
15;18959
20;18960
3;18964
4;18965
10;18973
34;18976
1;18985
16;18986
9;18990
161;18991
9;18996
26;19018
22;19022
110;19033
83;19034
9;19035
21;19036
26;19047
3;19054
186;19055
30;19056
8;19066
13;19078
18;19080
48;19091
20;19120
1;19129
10;19130
41;19131
78;19132
1;19161
37;19163
150;19174
30;19176
51;19177
23;19188
275;19225
59;19226
19;19227
178;19228
38;19245
25;19246
4;19247
14;19248
8;19252
562;19265
34;19271
153;19275
7;19284
38;19321
23;19323
20;19324
3;19325
21;19326
15;19327
169;19328
34;19338
17;19346
38;19355
18;19357
23;19358
9;19359
7;19360
14;19368
4;19371
30;19372
15;19384
5;19385
19;19387
26;19397
1;19417
5;19418
16;19419
24;19420
19;19421
48;19422
1;19424
11;19440
5;19450
17;19452
7;19456
15;19460
4;19467
26;19469
1;19472
26;19475
14;19476
9;19477
11;19479
26;19489
11;19502
7;19513
55;19514
29;19515
84;19516
54;19533
16;19534
8;19535
75;19536
28;19546
22;19559
51;19568
39;19609
79;19610
7;19611
380;19612
18;19619
7;19623
53;19630
10;19632
8;19641
18;19642
3;19649
32;19652
1;19653
13;19661
18;19670
195;19705
13;19706
45;19707
22;19708
17;19709
5;19716
46;19725
8;19727
17;19728
12;19732
41;19749
22;19753
19;19756
2;19761
1;19766
161;19800
33;19801
6;19802
7;19803
23;19804
4;19805
229;19822
154;19823
33;19827
29;19845
7;19851
10;19852
156;19853
168;19857
8;19859
24;19860
33;19897
33;19898
34;19899
182;19900
25;19901
15;19915
16;19916
24;19917
67;19919
23;19938
21;19940
12;19941
18;19944
14;19945
10;19946
29;19954
7;19955
18;19956
23;19990
18;19993
162;19994
2;19995
187;19997
71;20000
33;20002
34;20016
2;20021
36;20025
34;20026
25;20027
7;20028
32;20029
3;20030
42;20031
9;20046
35;20047
82;20048
12;20056
28;20076
11;20089
74;20091
31;20092
15;20094
49;20096
2;20098
14;20122
22;20123
67;20124
63;20125
13;20128
15;20142
5;20143
6;20149
20;20150
25;20185
37;20186
174;20187
28;20188
9;20198
3;20205
19;20206
31;20207
6;20225
157;20226
24;20228
168;20229
9;20232
2;20235
22;20240
28;20244
283;20281
69;20282
202;20283
23;20284
11;20287
16;20300
3;20301
3;20302
25;20303
153;20304
8;20325
26;20326
25;20335
25;20338
32;20377
172;20378
36;20379
26;20380
39;20399
157;20427
29;20429
30;20430
65;20473
717;20474
29;20475
31;20476
21;20482
168;20496
11;20497
16;20506
31;20518
14;20527
20;20529
8;20531
15;20569
77;20570
62;20571
33;20572
12;20573
27;20577
170;20581
38;20591
191;20592
11;20593
10;20597
19;20599
28;20600
8;20607
17;20613
25;20614
38;20627
8;20628
16;20650
35;20666
24;20667
211;20668
31;20669
12;20670
64;20671
69;20672
11;20685
10;20697
38;20698
37;20700
36;20704
22;20717
3;20719
12;20724
35;20761
67;20762
24;20763
4;20764
2;20765
56;20766
46;20767
34;20768
23;20779
27;20793
5;20795
12;20797
7;20798
7;20800
383;20857
33;20858
61;20859
102;20860
3;20862
170;20878
30;20884
553;20891
19;20898
29;20901
4;20902
17;20905
28;20907
61;20909
22;20910
160;20915
55;20953
15;20954
186;20955
14;20956
19;20968
6;20973
78;20976
4;20982
23;20999
30;21001
21;21003
14;21005
35;21007
20;21009
177;21049
336;21050
41;21051
83;21052
30;21069
29;21070
8;21071
2;21084
55;21099
29;21102
7;21103
19;21105
3;21106
97;21145
521;21146
25;21147
96;21148
15;21151
37;21167
24;21168
15;21170
26;21174
6;21180
6;21192
17;21193
27;21199
3;21203
151;21241
238;21242
41;21243
26;21244
20;21248
6;21259
13;21261
20;21262
3;21279
53;21287
16;21288
18;21291
6;21293
25;21297
10;21300
3;21311
28;21318
46;21337
22;21338
33;21339
216;21340
17;21342
88;21343
26;21344
34;21359
175;21365
26;21371
25;21373
8;21374
27;21375
220;21376
12;21380
8;21390
23;21391
10;21398
26;21399
173;21400
8;21426
33;21433
33;21434
12;21435
208;21436
4;21437
31;21438
25;21439
93;21440
11;21452
26;21465
28;21466
27;21470
3;21472
5;21480
4;21487
50;21492
16;21493
9;21496
12;21513
197;21529
12;21530
42;21532
19;21537
26;21540
2;21549
20;21550
3;21551
36;21572
20;21575
7;21578
21;21580
11;21586
35;21588
16;21625
41;21626
27;21627
49;21628
23;21635
14;21645
18;21646
29;21659
35;21667
5;21672
6;21676
15;21680
25;21681
26;21688
43;21721
171;21722
78;21723
75;21724
158;21737
35;21742
19;21743
12;21744
5;21755
156;21758
8;21759
26;21766
29;21768
14;21776
19;21778
66;21817
192;21818
100;21819
17;21820
28;21834
170;21837
4;21838
21;21839
24;21841
18;21847
175;21871
41;21876
59;21913
99;21914
9;21915
62;21916
149;21920
19;21933
32;21934
3;21935
15;21949
4;21953
5;21955
4;21958
24;21960
21;21967
4;21970
7;21971
37;21972
13;21988
40;21998
6;22000
25;22005
33;22009
12;22010
24;22011
179;22012
17;22013
29;22014
170;22015
16;22016
3;22020
32;22024
13;22030
30;22041
158;22042
17;22043
15;22044
29;22048
27;22050
18;22057
169;22059
193;22066
12;22068
28;22069
7;22090
38;22105
20;22106
28;22107
23;22108
4;22109
187;22110
188;22111
51;22112
28;22115
62;22137
16;22138
9;22139
16;22140
7;22141
18;22156
33;22177
18;22197
13;22201
28;22202
39;22203
223;22204
8;22205
4;22210
54;22221
190;22223
3;22227
24;22246
4;22247
1;22248
1;22249
13;22253
8;22255
31;22259
9;22281
2;22287
20;22297
528;22300
201;22303
33;22310
22;22313
22;22317
7;22318
19;22319
38;22320
11;22325
27;22337
18;22344
3;22345
34;22350
2;22352
26;22356
178;22393
201;22394
37;22395
37;22396
37;22402
15;22407
6;22409
12;22411
155;22414
174;22415
5;22426
2;22433
38;22435
19;22449
14;22455
115;22489
76;22490
234;22491
14;22492
3;22493
12;22509
1;22511
21;22512
20;22533
19;22537
8;22548
7;22585
172;22586
14;22587
190;22588
12;22596
27;22606
17;22607
58;22608
5;22609
169;22617
23;22627
28;22639
13;22665
32;22681
29;22682
26;22683
34;22685
4;22686
158;22688
5;22689
4;22693
34;22701
30;22711
21;22713
8;22715
9;22717
29;22718
30;22719
1;22741
9;22756
12;22777
58;22778
3;22779
26;22780
5;22782
30;22783
2;22784
7;22785
32;22796
5;22798
2;22809
40;22811
14;22812
162;22814
6;22816
22;22820
10;22828
31;22829
34;22832
14;22833
25;22839
20;22840
25;22844
16;22848
44;22873
46;22874
59;22875
14;22876
34;22894
18;22895
18;22901
50;22912
23;22924
17;22925
4;22926
6;22930
65;22969
76;22970
63;22971
41;22972
39;22989
19;22990
8;22991
176;22992
19;22999
9;23009
28;23010
28;23023
23;23026
16;23028
14;23065
104;23066
25;23067
8;23068
9;23087
100;23088
24;23090
21;23097
175;23111
157;23113
23;23119
32;23123
79;23161
12;23162
69;23163
61;23164
34;23181
166;23183
38;23184
8;23201
164;23205
12;23206
28;23210
26;23214
58;23257
72;23258
44;23259
71;23260
166;23262
31;23269
14;23277
102;23278
3;23279
8;23280
7;23301
35;23302
10;23304
4;23310
5;23312
7;23314
1;23316
1;23325
10;23330
81;23353
9;23355
4;23358
1;23359
5;23387
12;23388
7;23389
16;23406
19;23411
8;23431
23;23437
166;23446
161;23449
28;23450
29;23451
29;23452
3;23453
7;23454
32;23455
16;23456
31;23465
146;23470
40;23481
22;23483
2;23484
18;23488
9;23497
10;23500
35;23503
26;23505
18;23507
19;23510
18;23545
68;23546
155;23547
225;23548
13;23564
7;23567
6;23568
163;23594
35;23596
59;23641
37;23642
57;23643
32;23644
30;23647
13;23655
10;23662
4;23663
194;23664
10;23678
5;23686
151;23689
9;23700
36;23737
31;23738
111;23739
81;23740
8;23741
11;23745
10;23751
12;23752
15;23758
7;23778
28;23780
25;23783
9;23792
20;23794
30;23795
38;23832
9;23833
27;23834
32;23835
20;23836
16;23846
14;23853
151;23855
38;23856
10;23872
162;23879
26;23884
25;23886
21;23887
7;23903
3;23913
75;23929
38;23930
164;23931
79;23932
19;23937
10;23945
34;23948
10;23951
34;23953
34;23957
30;23959
6;23968
219;23973
13;23976
19;23982
3;23983
7;23987
12;23994
1;24001
5;24005
39;24025
31;24026
174;24027
39;24028
2;24029
17;24030
10;24032
8;24035
23;24045
20;24048
21;24053
565;24058
18;24059
15;24060
36;24064
157;24076
155;24082
26;24085
5;24120
26;24121
42;24122
611;24123
31;24125
7;24126
54;24127
14;24128
7;24130
29;24136
12;24148
12;24154
46;24155
18;24156
211;24157
24;24158
5;24159
33;24160
6;24164
4;24167
33;24173
27;24176
10;24178
25;24179
23;24180
15;24181
161;24183
11;24184
14;24217
61;24218
192;24219
153;24220
27;24237
27;24238
56;24240
3;24242
24;24261
3;24264
30;24266
6;24267
2;24268
19;24270
7;24273
16;24275
39;24276
65;24313
34;24314
36;24315
60;24316
15;24320
3;24321
31;24331
33;24333
24;24334
157;24335
16;24336
9;24347
39;24357
30;24360
7;24361
27;24409
31;24410
38;24411
99;24412
30;24414
29;24429
556;24430
176;24431
41;24432
40;24454
18;24457
10;24459
63;24460
27;24461
20;24477
160;24480
15;24488
12;24505
25;24506
83;24507
94;24508
14;24525
9;24530
20;24536
4;24551
1;24558
15;24561
149;24563
76;24601
70;24602
54;24603
37;24604
37;24610
11;24621
37;24622
5;24625
15;24633
16;24647
172;24650
70;24697
19;24698
25;24699
78;24700
24;24702
45;24703
10;24718
4;24721
18;24730
9;24731
2;24736
37;24750
5;24752
164;24753
37;24756
16;24757
32;24758
5;24777
5;24795
48;24796
11;24797
26;24798
1;24799
34;24800
5;24809
1;24813
10;24822
31;24825
38;24827
7;24828
34;24829
23;24830
8;24831
20;24832
9;24844
12;24845
7;24848
25;24853
19;24855
3;24880
368;24889
275;24890
11;24891
30;24892
1;24909
20;24910
25;24911
1;24912
23;24916
3;24928
1;24931
5;24935
205;24946
5;24947
32;24985
581;24986
181;24987
53;24988
2;24992
30;25001
46;25005
32;25007
7;25008
9;25012
29;25014
2;25030
28;25037
22;25041
13;25043
180;25081
41;25082
62;25083
8;25084
25;25101
5;25102
14;25104
3;25112
165;25126
4;25132
9;25135
32;25168
37;25177
43;25178
56;25179
48;25180
5;25186
151;25199
175;25200
30;25208
21;25212
24;25223
30;25227
6;25228
160;25273
2;25274
33;25275
53;25276
156;25289
27;25292
16;25295
167;25296
21;25308
30;25310
1;25315
14;25317
3;25321
32;25323
19;25324
1;25327
13;25360
15;25369
158;25370
335;25371
31;25372
345;25373
55;25374
11;25375
10;25390
1;25392
29;25396
188;25401
2;25405
46;25406
36;25407
7;25424
3;25425
29;25427
9;25432
7;25465
40;25466
30;25467
6;25468
42;25470
26;25471
16;25472
10;25474
21;25476
24;25478
28;25492
25;25497
168;25498
21;25499
6;25501
18;25502
31;25503
16;25504
34;25511
16;25520
13;25522
33;25525
163;25526
28;25556
12;25561
378;25562
26;25563
19;25564
164;25565
23;25570
38;25580
20;25581
31;25584
6;25591
5;25601
8;25605
9;25608
3;25611
3;25646
18;25657
25;25658
268;25659
66;25660
169;25665
63;25678
8;25680
8;25707
20;25708
13;25710
16;25713
21;25716
78;25753
196;25754
53;25755
6;25756
23;25773
1;25775
147;25789
30;25799
16;25809
48;25849
181;25850
197;25851
11;25852
21;25869
37;25871
20;25874
14;25885
1;25894
35;25897
28;25899
28;25900
187;25946
81;25947
18;25948
36;25967
2;25968
15;25972
5;25992
39;25993
21;25994
15;25999
8;26001
9;26041
3;26042
18;26043
37;26044
37;26045
23;26046
15;26047
7;26048
6;26069
3;26074
1;26075
42;26076
167;26078
2;26085
10;26090
5;26099
33;26100
1;26102
24;26103
232;26138
75;26139
42;26140
49;26141
21;26142
59;26143
79;26144
3;26145
32;26169
13;26172
13;26173
1;26175
7;26192
181;26233
185;26234
60;26235
22;26236
23;26244
21;26253
42;26254
25;26287
5;26291
10;26292
3;26298
27;26329
19;26330
98;26331
19;26332
28;26341
12;26351
13;26362
4;26368
15;26372
9;26378
36;26379
14;26388
37;26425
42;26426
45;26427
27;26428
3;26435
21;26439
30;26446
12;26447
2;26470
17;26475
31;26482
26;26484
9;26522
2;26523
11;26524
13;26530
13;26541
51;26543
7;26544
1;26550
9;26565
9;26570
36;26574
30;26577
10;26579
6;26617
27;26618
30;26619
36;26620
1;26637
59;26638
7;26640
12;26653
22;26663
14;26667
19;26669
32;26683
1;26713
4;26714
46;26715
32;26716
30;26717
44;26718
5;26719
2;26721
3;26746
5;26747
36;26748
16;26750
7;26752
39;26756
11;26758
15;26764
3;26774
8;26775
29;26783
21;26798
19;26810
16;26811
207;26812
15;26813
69;26814
20;26815
69;26816
5;26829
553;26838
25;26841
55;26842
14;26843
12;26847
48;26848
4;26864
12;26867
34;26869
17;26870
14;26871
50;26905
21;26906
73;26907
32;26908
11;26918
10;26925
31;26926
17;26927
29;26939
10;26949
27;26950
4;26952
5;26953
11;26954
6;26955
25;26963
32;26983
59;27002
100;27003
15;27004
61;27021
160;27022
65;27023
1;27024
17;27047
9;27054
27;27055
18;27057
62;27097
231;27098
61;27099
46;27112
3;27117
566;27118
12;27119
16;27120
34;27137
19;27145
24;27151
8;27153
8;27185
28;27193
186;27194
34;27195
8;27212
18;27213
26;27214
33;27215
70;27216
33;27224
12;27237
14;27241
32;27243
30;27244
7;27245
16;27248
32;27265
16;27288
17;27289
51;27290
37;27291
57;27292
7;27306
32;27310
48;27312
26;27319
3;27333
149;27335
31;27343
29;27344
7;27346
6;27372
99;27385
3;27386
18;27387
39;27388
28;27389
62;27390
24;27391
84;27392
3;27394
5;27398
31;27418
23;27419
2;27420
6;27421
33;27422
6;27423
17;27436
21;27440
30;27442
3;27448
28;27479
17;27481
64;27482
70;27483
10;27484
24;27485
3;27486
30;27487
208;27488
12;27501
8;27502
165;27503
12;27517
172;27519
170;27520
10;27521
20;27525
10;27533
157;27535
4;27540
3;27543
3;27576
120;27577
39;27578
29;27579
30;27580
30;27591
83;27597
5;27599
22;27600
5;27606
150;27615
1;27626
4;27628
29;27629
20;27634
16;27635
49;27673
318;27674
57;27675
225;27676
31;27679
144;27694
10;27696
13;27720
34;27721
158;27723
160;27727
15;27730
40;27746
30;27769
55;27770
22;27771
17;27772
12;27782
32;27789
58;27790
2;27794
16;27801
1;27813
157;27815
33;27822
8;27826
5;27828
18;27865
30;27866
11;27867
25;27868
9;27886
31;27887
41;27888
159;27900
4;27910
146;27913
161;27914
30;27916
161;27921
19;27923
46;27961
8;27962
195;27963
69;27964
39;27965
29;27967
14;27983
23;27984
8;27985
12;27994
29;28004
17;28005
12;28011
49;28020
172;28057
22;28058
31;28059
68;28060
15;28061
72;28064
8;28090
7;28091
177;28094
8;28095
37;28096
23;28108
17;28112
23;28114
24;28118
1;28132
10;28139
13;28140
26;28153
169;28154
14;28155
71;28156
20;28157
164;28158
4;28160
22;28161
3;28184
11;28185
162;28186
70;28188
9;28189
12;28192
8;28210
14;28215
1;28216
105;28249
39;28250
32;28251
60;28252
2;28264
92;28269
169;28272
13;28293
15;28296
155;28300
15;28306
2;28346
55;28347
50;28348
12;28349
21;28358
167;28367
53;28368
27;28389
174;28391
8;28392
22;28394
35;28402
82;28441
24;28442
24;28443
104;28444
17;28445
2;28448
8;28461
558;28462
27;28477
182;28480
178;28488
21;28493
14;28496
1;28531
72;28537
7;28538
20;28539
9;28544
163;28557
193;28558
556;28559
11;28562
9;28572
46;28581
10;28583
9;28588
33;28590
13;28596
31;28611
75;28633
27;28634
12;28635
344;28636
15;28644
23;28646
24;28653
6;28656
21;28683
8;28686
31;28688
4;28690
12;28714
165;28728
204;28729
3;28731
199;28732
19;28733
34;28734
162;28736
8;28757
3;28760
7;28764
23;28767
44;28768
12;28776
36;28782
6;28783
11;28784
3;28788
21;28789
6;28792
27;28809
20;28817
18;28818
23;28825
50;28826
11;28827
22;28829
4;28830
33;28831
11;28832
19;28852
46;28857
8;28858
14;28860
21;28861
27;28864
18;28868
1;28877
2;28878
39;28885
15;28886
8;28908
23;28916
18;28921
6;28922
50;28923
65;28924
8;28944
163;28955
21;28958
68;28968
168;28969
30;28974
33;28979
15;28980
7;29009
184;29017
163;29018
377;29019
29;29020
26;29035
23;29037
1;29040
176;29045
28;29054
159;29065
30;29067
7;29070
26;29073
36;29075
78;29113
4;29114
27;29116
14;29118
3;29126
4;29134
186;29135
21;29143
4;29166
37;29167
162;29169
28;29171
199;29213
203;29214
231;29215
197;29216
18;29218
8;29223
67;29233
14;29234
14;29235
55;29236
3;29238
24;29245
10;29247
15;29258
31;29259
6;29267
16;29310
22;29311
46;29312
32;29323
5;29329
6;29330
23;29332
19;29343
8;29349
25;29353
28;29359
5;29363
9;29368
11;29405
33;29406
13;29407
44;29408
187;29409
25;29410
11;29411
10;29412
7;29413
19;29417
24;29423
12;29427
155;29435
23;29436
4;29437
11;29441
183;29443
10;29446
16;29450
7;29451
30;29459
30;29461
10;29467
48;29468
8;29501
65;29502
16;29504
184;29505
9;29506
8;29533
1;29534
32;29535
1;29536
15;29537
19;29538
19;29539
162;29540
12;29542
197;29555
7;29556
30;29557
11;29558
6;29562
30;29585
80;29597
217;29598
44;29599
27;29600
9;29603
17;29617
43;29619
11;29639
33;29641
11;29643
3;29645
4;29651
3;29653
25;29655
119;29693
36;29694
36;29695
212;29696
56;29697
212;29713
21;29714
11;29723
10;29744
161;29750
3;29759
134;29789
1;29790
48;29791
49;29792
170;29802
25;29804
1;29809
3;29815
17;29826
27;29845
6;29847
29;29885
44;29886
78;29887
64;29888
1;29896
180;29905
17;29906
9;29915
159;29933
162;29934
28;29941
18;29942
7;29943
120;29981
41;29982
15;29983
205;29984
9;29999
178;30001
42;30002
29;30003
176;30004
32;30009
17;30023
30;30031
1;30032
16;30037
19;30039
17;30041
71;30077
31;30078
33;30079
49;30080
47;30083
2;30084
74;30092
155;30112
25;30113
25;30115
20;30116
1;30117
187;30129
21;30132
11;30133
159;30137
104;30173
19;30174
207;30175
11;30176
25;30177
4;30178
47;30179
48;30180
2;30184
28;30194
192;30204
34;30208
10;30210
28;30211
20;30219
9;30223
20;30225
162;30226
33;30227
21;30235
46;30270
9;30271
54;30272
1;30290
9;30292
29;30313
28;30314
9;30316
7;30319
6;30320
4;30321
17;30322
69;30366
90;30367
250;30368
11;30384
49;30386
31;30388
152;30396
27;30411
24;30416
32;30420
8;30423
158;30424
202;30461
60;30462
216;30463
281;30464
23;30482
171;30483
42;30484
13;30505
14;30510
28;30511
23;30512
2;30515
29;30516
22;30517
71;30557
23;30558
49;30559
44;30560
55;30566
28;30580
12;30595
9;30602
13;30608
16;30610
29;30614
5;30649
27;30653
62;30654
42;30655
19;30656
2;30660
7;30662
7;30673
12;30674
16;30675
30;30688
22;30696
16;30700
25;30705
26;30707
26;30710
388;30749
55;30750
51;30751
2;30752
187;30753
63;30754
26;30755
161;30756
10;30767
3;30769
5;30770
17;30774
8;30777
7;30778
2;30781
4;30784
171;30786
4;30793
17;30803
8;30806
12;30808
3;30810
20;30845
40;30846
382;30847
34;30848
29;30850
239;30851
12;30852
172;30858
14;30862
18;30873
19;30876
18;30877
59;30879
21;30880
11;30881
18;30882
171;30883
14;30885
20;30895
47;30899
33;30902
4;30904
26;30907
9;30908
17;30917
27;30931
153;30940
39;30941
167;30942
18;30943
1;30954
153;30961
1;30963
11;30964
16;30980
24;30986
8;30991
5;30998
10;31001
19;31015
93;31037
76;31038
31;31039
142;31040
27;31046
6;31056
159;31057
39;31058
53;31059
1;31075
14;31081
29;31082
9;31083
8;31086
40;31089
1;31093
173;31095
11;31129
50;31133
69;31134
43;31135
78;31136
1;31140
14;31144
560;31151
1;31153
13;31154
40;31155
44;31156
5;31158
16;31182
12;31184
4;31191
36;31229
52;31230
54;31231
28;31232
35;31249
22;31252
8;31257
24;31263
14;31265
16;31280
155;31309
154;31325
272;31326
57;31327
43;31328
8;31348
21;31350
1;31353
154;31356
3;31359
31;31364
4;31365
7;31369
35;31376
27;31379
10;31381
11;31382
9;31405
51;31421
45;31422
18;31423
18;31424
210;31425
70;31426
50;31427
31;31428
20;31447
31;31448
39;31454
5;31455
18;31457
11;31458
10;31459
14;31469
4;31473
6;31474
23;31475
19;31477
17;31482
15;31484
547;31502
176;31517
43;31518
17;31519
29;31520
29;31521
30;31522
4;31524
18;31547
9;31549
11;31550
5;31552
51;31553
28;31554
40;31555
7;31556
7;31558
30;31567
12;31570
20;31571
12;31572
173;31577
5;31579
32;31580
627;31613
97;31614
192;31615
82;31616
163;31633
196;31634
19;31635
29;31641
34;31645
12;31657
3;31664
5;31665
4;31667
4;31700
40;31709
72;31710
17;31711
212;31712
27;31721
4;31726
22;31728
22;31731
7;31754
42;31760
64;31761
11;31764
28;31767
190;31805
30;31806
265;31807
92;31808
13;31825
182;31827
21;31828
2;31830
164;31845
6;31846
13;31852
6;31854
29;31886
49;31901
234;31902
33;31903
49;31904
20;31919
50;31921
63;31922
8;31924
12;31936
23;31945
19;31946
7;31949
26;31960
19;31983
16;31984
155;31994
101;31997
101;31998
90;31999
110;32000
19;32011
7;32020
36;32044
3;32048
13;32050
16;32055
19;32084
42;32094
179;32095
42;32097
174;32098
46;32099
16;32100
20;32102
17;32126
19;32129
55;32130
10;32132
14;32138
31;32147
36;32149
8;32150
45;32151
152;32152
9;32153
28;32155
2;32156
33;32191
175;32192
59;32193
37;32194
1;32195
16;32196
38;32223
26;32226
26;32227
33;32228
14;32235
190;32241
2;32242
148;32243
11;32245
29;32251
28;32285
40;32286
23;32287
10;32288
1;32289
161;32298
163;32305
27;32306
49;32308
30;32320
1;32331
34;32334
9;32336
19;32338
10;32343
5;32359
66;32381
106;32382
25;32383
29;32385
5;32389
16;32390
8;32393
12;32398
55;32401
23;32404
35;32405
21;32418
28;32425
12;32426
2;32433
12;32434
13;32435
27;32437
45;32439
26;32440
69;32477
190;32478
6;32479
191;32480
2;32482
21;32490
171;32493
172;32500
1;32501
22;32509
4;32521
10;32523
37;32524
49;32527
11;32529
24;32534
3;32535
31;32552
51;32573
194;32574
44;32575
74;32576
15;32580
18;32593
17;32594
8;32617
164;32627
35;32629
24;32631
37;32635
32;32669
93;32670
63;32671
14;32672
184;32691
10;32696
159;32718
7;32722
32;32724
19;32751
29;32755
24;32762
22;32765
20;32766
33;32767
369;32768
42;32769
15;32770
59;32771
15;32772
175;32793
30;32797
15;32798
26;32799
20;32800
5;32801
5;32802
22;32806
13;32815
30;32822
14;32825
20;32862
39;32863
170;32864
53;32865
31;32867
191;32868
13;32869
5;32873
156;32885
35;32893
25;32894
16;32896
18;32898
6;32900
35;32910
27;32911
2;32918
53;32957
10;32958
82;32959
89;32960
14;32975
14;32977
164;32979
190;32980
7;33010
5;33012
27;33013
32;33014
25;33028
408;33053
213;33054
202;33055
24;33056
1;33059
8;33071
53;33073
10;33074
18;33075
3;33076
36;33083
32;33102
8;33103
25;33104
1;33105
3;33107
7;33111
28;33132
18;33149
142;33150
70;33151
175;33152
12;33155
13;33164
9;33170
43;33172
7;33193
28;33200
11;33201
2;33208
8;33245
55;33246
19;33247
5;33255
2;33258
21;33268
15;33273
5;33274
7;33276
23;33289
163;33291
17;33292
10;33294
166;33296
26;33298
3;33299
8;33304
20;33341
21;33342
215;33343
151;33350
1;33362
22;33363
24;33385
13;33392
159;33437
34;33438
9;33439
26;33440
58;33441
15;33442
36;33443
7;33444
16;33468
7;33469
10;33470
20;33471
36;33472
112;33473
40;33476
30;33481
3;33492
33;33495
14;33496
21;33497
5;33504
27;33533
42;33534
40;33535
50;33536
193;33538
22;33539
17;33540
37;33545
19;33566
49;33567
24;33568
40;33569
1;33571
31;33572
10;33581
25;33585
29;33588
32;33589
24;33590
1;33592
33;33628
104;33629
46;33630
36;33631
609;33632
14;33634
7;33637
13;33638
3;33649
91;33652
20;33660
2;33673
35;33677
591;33682
167;33683
29;33684
14;33685
37;33687
20;33699
183;33725
105;33726
170;33727
224;33728
10;33742
20;33746
35;33747
28;33751
18;33754
12;33756
1;33765
5;33772
18;33775
28;33777
15;33780
180;33821
33;33822
183;33823
60;33824
39;33834
4;33841
32;33843
36;33844
26;33858
27;33859
11;33871
6;33875
28;33878
27;33880
39;33917
96;33918
39;33919
65;33920
52;33926
173;33937
184;33938
28;33964
3;33965
4;33970
32;33971
17;33975
36;33976
35;34013
60;34014
189;34015
28;34016
168;34022
15;34033
47;34034
5;34036
11;34050
12;34057
9;34060
9;34064
40;34068
19;34069
2;34070
12;34072
33;34084
11;34105
23;34109
60;34110
214;34111
34;34112
16;34113
14;34114
265;34115
52;34116
9;34120
3;34123
17;34126
159;34141
45;34142
9;34144
32;34146
49;34147
21;34161
16;34162
71;34168
11;34170
22;34172
21;34190
50;34205
31;34207
16;34208
30;34210
24;34211
25;34212
40;34215
24;34238
35;34239
14;34240
22;34241
46;34242
8;34244
11;34246
18;34258
6;34262
24;34264
7;34267
160;34268
79;34301
236;34302
50;34303
87;34304
38;34312
45;34321
8;34323
34;34324
9;34336
28;34346
28;34349
10;34355
71;34397
185;34398
30;34399
84;34400
6;34404
163;34417
53;34418
185;34420
16;34433
27;34437
38;34441
10;34446
8;34452
2;34487
83;34493
598;34494
26;34495
68;34496
13;34508
19;34510
27;34511
32;34515
32;34516
31;34521
7;34536
25;34538
29;34545
16;34547
166;34566
44;34589
45;34590
71;34591
34;34592
6;34603
16;34605
52;34610
18;34611
23;34617
339;34634
10;34636
18;34637
19;34638
12;34640
52;34644
17;34645
6;34646
79;34685
216;34686
33;34687
184;34688
564;34695
558;34698
6;34703
18;34705
10;34706
4;34707
40;34708
10;34716
2;34717
26;34724
1;34725
152;34737
8;34739
165;34740
24;34742
12;34744
22;34752
31;34781
183;34782
23;34783
149;34784
13;34785
59;34786
31;34787
3;34790
8;34797
158;34798
14;34813
44;34814
7;34817
32;34818
6;34819
159;34824
18;34831
152;34833
31;34835
16;34841
32;34843
165;34866
70;34878
237;34879
34;34880
9;34881
71;34882
101;34883
16;34884
21;34885
14;34886
12;34887
10;34891
10;34895
170;34911
192;34912
40;34913
25;34914
55;34915
10;34918
24;34929
154;34932
11;34937
27;34940
5;34942
20;34950
7;34962
208;34973
563;34974
6;34975
36;34976
4;34977
9;34984
566;34989
24;34993
1;34994
28;34995
13;34996
18;34999
13;35007
2;35018
154;35019
7;35020
17;35022
17;35025
27;35026
12;35029
179;35031
6;35032
