sums of daily draw-off volumes
100.5
48.8
153
108.5
209
71.5
71.2
144.8
139.8
281.5
136.8
99
212.2
58.8
169
77.8
95.5
113.8
136.8
127.2
118.5
201
74.5
123.2
37
185.5
79
60
187.2
130.5
123.2
202
116.8
86.2
331
95.8
176.2
124.2
127.2
138
145
77
97.5
41.5
89.5
146
37.5
108.8
86.8
92.5
72.2
97
48
348
168
143.2
110.2
57
234.8
190.5
57.2
333.5
250.5
102.8
106.5
112.5
63.2
103.2
118.5
236.8
179.2
37.5
49.8
127.2
169.8
89.2
90.5
152.5
98.5
100.8
129
87.2
144.5
286.5
67.8
86
60.2
103.5
63.5
124.2
186.5
142.2
92
131.8
50.5
95.2
58
165.8
251
157.8
178.8
45.2
68.5
143
54.2
130
85.8
57.5
210.8
91
92
170.5
151
235.2
79.2
79
111.5
75.2
158.5
78
143.2
120.5
41.2
137
211.5
126.2
43
83.2
121.2
73.5
106.5
218
358
96.2
64.5
136.2
76
101.8
142.2
285.5
87.2
59.2
59.2
182.5
177.8
191
82
140.8
88
50.2
95.5
123.2
165.2
190.5
236.8
122.8
119.8
108.8
80
81.8
137
91.2
35.5
19.8
56.8
57.2
54.5
174.5
137.8
163.5
48.5
117
111.2
89.5
116.5
115.5
188.5
119.2
59.2
97.2
122.5
120.2
175
83.2
73
43.2
94.8
164.5
119.8
101
133.2
69.5
127.8
52.2
264.2
123
125.8
119.5
27.5
69.2
78.5
100.2
195.5
41.5
41.8
69
99.5
119.2
177.8
61
65.2
80.5
130
33
141.5
92.8
136.8
120.2
180.2
60.5
101.2
99
250.5
115
25.5
115
108.2
135.2
132
95
169
140.5
88
94.2
43.8
77.8
45.8
86
136.2
74.8
71.2
92.8
57.8
124.8
123.2
41.8
114.8
101.2
266.5
86.5
158.5
111.8
220.2
72.2
202.2
151
106
48.5
193.5
93.5
209
108.5
244.8
141.5
185.2
188.5
83.8
65
38.5
80.2
97.8
101.2
163.2
127.2
130
123
186
57.2
78.5
58.5
127.8
268.8
87.5
98.5
105.5
64
245.5
46
130.8
124.5
65.2
90.2
84.2
31.8
268
84.8
202.2
105.8
76.8
53.8
108.8
55.2
98
45.5
186.8
115.2
182.5
81.2
86.5
57
46
220.2
125.2
129.5
177.8
84.2
56.5
66.5
145
127
141
155.2
59.5
45.2
79.5
372
117
91.8
173.5
24.8
231.2
89.8
163.2
52
152
269.2
122.8
46.5
151.8
114.2
138.8
110.5
51.5
33.8
195.2
24.8
85.8
98.2
213.8
139.2
42.8
156.2
130
101.8
218.8
68
250.2
205
65.2
88.2
96.5
97
72.8
126.5
113.5
sums of draw-off volumes of each hour of the day
62.4
72.9
53.8
66.1
86.2
85.2
7755.2
10407
3778.9
940.9
511.4
2382
2388.8
964.8
1089.8
2066.2
1723
1044.9
1557.6
1882.8
2326.1
1465.9
653.7
175.3
sums of draw-off volumes of each hour of weekdays
35.9
40
36.1
56.8
24
28.1
6312.3
7489.1
1885.6
322.4
328.9
2237.5
2222.7
764.2
276.5
348.6
311.4
835.2
1401.6
1428.3
1570.5
774.8
295
18.4
sums of draw-off volumes of each hour of weekend-days
26.5
32.9
17.7
9.3
62.2
57.1
1442.9
2917.9
1893.3
618.5
182.5
144.5
166.1
200.6
813.3
1717.6
1411.6
209.7
156
454.5
755.6
691.1
358.7
156.9
holidays of household(s), numbers correspond to day of year
