sums of daily draw-off volumes
73.2
21.5
143.2
12
20.5
26.2
23.8
76.2
21
117.2
13.8
101.2
50.5
31.8
21.5
18.2
108.2
33.2
8.5
182.2
72.8
98.8
23.5
13
71
154.2
31.5
14.2
35.2
23.8
37.5
64
22.2
51.8
51.8
131.2
12.5
18.2
20
5
108.5
25
8.5
21.2
6.5
19.8
51.2
48.8
23
8
57.2
8.2
8.5
60.2
17.5
69
12
17.5
15
30.5
13.5
16.2
16.8
57.5
33.2
32.8
37
62.2
31.2
29
155.8
26
94
11
144
190.2
15.5
59.5
50.8
21.2
54.8
20.8
111
61.5
62.8
65.5
72
22
111.2
26.8
116.8
52
16.8
16.8
20.8
86
7.5
23
56.5
22
47.2
0
52.5
23.2
61.2
11.8
61.2
11.8
30.8
34
61
22.5
161.2
23.5
11.5
50.5
78.2
75
20.8
16
67.2
23.8
17
54.2
18.2
20.5
7
33
101.2
5.5
58.2
27
92.5
64.5
56
101.5
8
2.2
22.5
100
20.5
33
9.2
14.2
176.8
28.8
56.5
14.2
50
13.5
17
40
58.2
17.2
27
27.2
72.2
15.5
15.8
6.8
31.5
79.2
10.8
31
0.2
36.5
13
21.5
33.8
16
0
18.5
34.2
20.5
5.2
13
6.2
14.5
85
15
24
20
20
50.8
21.8
23.5
27.2
11
47.5
21
23.5
17.8
4.5
56.8
19
19.8
42.8
19.5
18.5
97.8
54.2
35.2
17.8
10.8
7.8
17.8
239.5
23
157
42.8
14
11
25.5
9.5
4.5
25.2
31.8
11.2
19
113.5
4.2
90.2
22
58.5
12.8
51.5
36
30
30.8
50.2
18.5
17
12.8
36.5
46
10
22.5
55.5
14
10.8
13
18
74
17.5
23.8
17.2
7.8
20.2
15.2
70
75.8
58.2
61.8
56.8
37.5
158
8.8
7.8
40.8
70.5
23.5
60.8
10.8
55.2
4.8
23.2
15.8
8.8
70
65
66
87.5
68.2
43.2
11.5
54.5
21.5
48.2
11.8
17.2
19
30
44.2
14
49.8
35.5
43.2
9
16.5
21
24
15.8
91
59.5
9.5
22.5
6
53.2
4.8
25.8
88.8
95.5
4.2
4.2
5.8
11.2
101.2
21.8
72.8
21
91.8
6.2
27.8
25.8
29.2
39
16
6.8
3.5
49.8
27.5
5.2
15
69.2
9.8
9.8
14.8
19.2
63.5
68
25.5
0
20.8
13.2
105.5
8.2
33.2
28.8
21.5
65.5
19.2
10.8
18.5
78.5
30.8
63.8
20.2
22
26.2
206
10.8
57.2
32.2
15
110
21.8
14.5
20
11.8
100
9.5
32.2
16.5
61.2
23.2
sums of draw-off volumes of each hour of the day
69
29.2
69.3
54.3
94.2
54.8
2621.4
3457.1
1332.5
357.7
255.2
633.6
877.4
190.8
264.4
353.6
617.7
389.7
949.90000000
396.4
611.1
509.6
122.2
98.1
sums of draw-off volumes of each hour of weekdays
44
11.6
16.4
42.1
45
51.6
2182.8
2537.1
596.6
39.7
126.9
622.4
768.2
179.4
102.1
49.7
34.2
347
920.30000000
337.6
425.3
318.3
44.1
42.7
sums of draw-off volumes of each hour of weekend-days
25
17.6
52.9
12.2
49.2
3.2
438.6
920
735.9
318
128.3
11.2
109.2
11.4
162.3
303.9
583.5
42.7
29.6
58.8
185.8
191.3
78.1
55.4
holidays of household(s), numbers correspond to day of year
