sums of daily draw-off volumes
146.5
63
28.5
22.5
171
84.8
26.8
72.5
86.2
117
83.5
49.2
75.5
33
119.5
197
170.5
112
81.8
115.5
50
32.5
60.8
199
77.8
61.5
121
127.2
74.8
126.8
53
42.5
56.5
74
114
40.2
74
261
42.8
97
120.8
356
176.2
91.2
52.5
10
89
46.8
44.8
49.2
68.5
138
45.8
99
34
82.5
57.8
27.5
50.5
16.8
63
216.5
165.2
92.2
126.8
142
70
20
84.8
49.5
148.2
116
74.5
34.2
102.5
104.2
64.5
45
30.5
30.5
54.2
99.2
85.2
132.8
76.5
139.8
110.5
29
31.2
97
64.2
34.5
91.2
64.8
123
164.5
61.5
123
120.5
117
43
120
81.5
78
64
53.8
67
87.5
83.2
93.8
84.2
70.5
103.2
33.2
111
32
20.8
96.2
277.2
88.2
26.8
2.8
56.8
22.2
18
173.2
53.2
40.2
51
48.8
130.5
32
136.2
35.5
36.2
104.8
88.2
31.8
46.5
34.2
54.5
116.2
75
85.8
34.2
77.5
75.8
88.5
30.8
32.5
24.2
26.2
88.5
47.8
117.2
30.2
57.2
94.5
243.5
63
39.2
55.5
165.2
37
109.5
72.8
128.8
39.5
30.2
138
31.5
10.8
12.5
114.8
72.8
64.5
166.8
25.8
58.5
78.2
41.2
40.5
40.2
75.8
133
43.5
44.2
111.2
25
23.2
108.5
29
52.2
73
96.2
69.5
49
47.8
28
34.5
26.2
114.8
46
50.5
255.5
53
35.5
80.8
48.2
290.8
47.2
101.2
69.5
36.5
17.2
94.8
73
158.8
39.5
52
67.5
17.2
96
55.2
67.5
30.2
21.5
35.8
43.5
46
118
112
26.2
60
175.5
10
78.2
88.8
131.8
103.8
78.8
194.5
271.5
51.2
86.5
130
71.2
28
98.5
25.2
60.8
26
100.2
172
159.8
36
123.8
168
170.8
23.8
40.2
74.5
74
37.8
86
183.5
104
119.8
71.8
34.8
78.2
24.5
98
70
34.2
71
25.8
105.2
76.2
75.5
36.2
71
25.5
53.2
174
65.8
148.2
44.5
30.5
23.5
59.5
50.5
239.5
77
22.2
26.2
39.2
64.8
65.5
131
103.5
31.5
25
147.5
84
50.2
87.8
196
57
107.5
78.2
90.8
47.5
89.5
39.2
85.8
111.8
139.2
184
67.2
86.5
93
112.8
39.5
84.8
72.8
122
97
58.5
176.2
90
40.5
90
42.2
124.5
70.2
54.5
62.2
74
102.2
72.2
126.5
132.8
67
72
49.5
32.5
79.2
90.2
87.8
72.2
99
42.2
27
50.2
208
125
25.2
81
56
77
12.8
80.2
152
98
sums of draw-off volumes of each hour of the day
97.2
82.4
185.8
85.5
42.8
103
5200.9
7005.7999999
2856.7
525.4
478
1301.2
1584
747.2
583.9
1263.5
913
825.6
891.90000000
1111
1642.4
908.9
778.4
240.5
sums of draw-off volumes of each hour of weekdays
74.5
25
66
32.9
17.8
70.6
4389.5
4630.1
1593.4
337.5
403.3
1209.2
1445.8
449.8
139
213.2
241.8
577.1
852.5
886.3
928.4
506.3
341.9
65.7
sums of draw-off volumes of each hour of weekend-days
22.7
57.4
119.8
52.6
25
32.4
811.4
2375.7
1263.3
187.9
74.7
92
138.2
297.4
444.9
1050.3
671.2
248.5
39.4
224.7
714
402.6
436.5
174.8
holidays of household(s), numbers correspond to day of year
