sums of daily draw-off volumes
121
83
80.2
95.2
38.2
44
10
97.8
41.5
75.8
74.8
66.2
224.8
67.2
92.5
40.5
114.5
156
103.8
45.5
57.2
196.5
76.5
72
20.2
68
88.5
141.2
14.8
125
236.2
55
104
89
137.8
22
63.5
92.5
75.8
210
71.2
120
62.2
24.8
42.8
82
41.2
195.2
171.8
37.5
93.8
68.8
138.5
87.2
102.2
31.2
60.2
94.8
74
104.5
102.2
66
74.2
116.8
45.5
52.2
35.8
72.2
168
158.2
102.8
57
81.5
37.8
94.5
55.8
31.5
23.8
33.2
35.2
118.5
31.5
65.8
28.8
19.5
113.5
35.2
143
194.2
41
131.8
35.2
61
55.2
21.2
83.8
125
93.8
30.8
31.8
64.5
57.2
47.8
196
26.2
140.5
58.2
44.2
42.5
103.8
89
21.2
34.5
84.2
25
37
129.5
126.8
39.8
141.5
87.2
84.2
40.5
45
113.8
176
23.2
27.2
101.8
39.5
71
50
128.8
103.2
50.8
81.5
50.5
78.5
177.5
85.8
26
17
19.8
78.8
23.2
62
66
88.5
79.5
22.8
43.8
83.5
71.5
118.5
34
34.2
32
59.2
105.2
161.2
103
28
94
72
67
46.5
126
84
81
46.8
22
13.8
146
112.2
66.8
59.2
60.2
47.8
49.5
35.5
162
57.2
178
26.8
202.5
161
275
98.8
78.8
32.2
70.5
78
158
73.5
65.8
43.2
103.2
118.5
41
147.8
77
166.5
106.8
24.5
101
62.5
60.8
67
70.8
85.2
33.8
74.2
23.2
22
36.5
93.5
75.5
20.2
64.2
30.8
101
153
83
57.5
76.2
40.5
45.2
130.2
31
14.8
79.8
84.2
60.8
73.8
68.5
48.8
27.2
31
109.8
58.5
77.5
46.5
43.8
121.2
49.8
80.8
111.5
90
21.5
29
33.8
8
39.8
38.8
96.5
66.5
56
80.8
76.5
28.2
32.5
33
46.2
194.2
155
61
37.2
43.8
168.5
30.5
28
28.8
40.5
151.5
75.5
53.5
30.8
176
35
125.2
49.2
93
171.2
73.8
201
65.5
73.2
158
113.5
24.8
39
66.2
55.5
109.5
20.2
167.8
44.5
177
55
48.8
118.8
26.2
30.5
305.2
80.2
33.5
120
119
72.2
81.8
62.8
66
75
111.2
242.2
52.5
30.5
80.8
39.2
44.2
34.5
88.2
23.5
45
203
34.8
85
130
98
173
78.8
31.8
82.2
89.2
126.5
112.2
64.8
66.8
77
22.8
140.5
164
41.5
39
94
81
60.5
68.2
188
141.2
56.8
77.2
130.8
89.5
74.8
118
105.8
55.2
91.5
115.5
255.8
70.8
123.8
36.8
134
sums of draw-off volumes of each hour of the day
116
88.3
62.2
116.3
44
63.8
5110.2
6349.4
2977.2
680.5
359.6
1476.3
2157.1
688.7
514.7
1047
1106.4
659.4
907.7
1414.1
1589.1
1178.5
587.3
50.8
sums of draw-off volumes of each hour of weekdays
88.2
24.2
39.3
21.5
27.5
21.2
4455.4
4281.6
1151.4
262.5
320.7
1432.1
2113.1
596
163.5
224.6
179.5
498.6
809.5
987
1211.9
660.7
134.8
15.7
sums of draw-off volumes of each hour of weekend-days
27.8
64.1
22.9
94.8
16.5
42.6
654.8
2067.8
1825.8
418
38.9
44.2
44
92.7
351.2
822.4
926.9
160.8
98.2
427.1
377.2
517.8
452.5
35.1
holidays of household(s), numbers correspond to day of year
