sums of daily draw-off volumes
49.5
27.5
13
5.5
53.2
23.2
57.5
47
40.5
23
97.8
29.8
187
83.8
23
16.5
24
21.2
11
60.5
12.5
112.2
58.8
161.2
7.5
66.8
103.2
62.5
13.8
25.8
19.2
61.8
58
14.5
20
14
30.2
64
68.8
66
176.8
60.2
10
59.8
17.5
52
12.2
22.5
21
54.2
67.5
156
32
31.2
12.5
108
17
47.8
11.5
46.8
16.2
79
30.5
93
15.2
32.2
24.2
49
105.8
5
24.2
13
10.8
15.5
12.5
15.5
95.8
56.8
58.5
13.8
20.5
82
65.2
51.2
82.5
20.8
19.2
11.2
39.5
26.5
46.2
66.5
35
61.2
68.2
24.5
15
16.5
48
4.5
43.2
56.5
25.2
57.2
18
17.5
104.8
29.5
49
18.2
54.2
18
27
64.2
19.5
18.2
100.8
51
46.5
61.2
9
73.8
26.8
73.5
36.8
54.2
17
21.8
14.5
60
150
190.8
16
14.2
57.2
32.2
36.2
91.5
67
71.5
17.5
14.8
127.2
31.2
71.5
10
104.8
38.5
14.2
98.2
20.5
8
5
6.5
15.8
5.2
73.2
12.5
18
13
60.8
22.8
2.8
45.8
13.8
13.5
79.8
84.8
18.2
95.2
9.2
7
18.8
37
54.5
52.5
21.5
58
8
31
64.8
66.2
10.5
62.2
23
47.8
57.8
16.5
45.8
3.8
0.8
12.8
9
17.2
39
60.8
31.5
24
19
3.2
20
193
10.5
24.8
152
21.2
23.5
66
58.2
21.2
63
30
62.8
65
12.2
18.5
16.2
11
5.8
11.2
24.2
37.8
7.5
31.5
3.8
65.5
22.8
17.2
16.8
36.2
31.2
28.5
53.8
10.2
5.5
16.2
7.8
4.8
0
0
16.2
92.2
16.5
8.5
26.5
42.5
55
30.8
64
43.8
9.5
88.5
16
11
16
19.5
19
25.8
12
36.2
14.2
55.5
103
29.5
159.5
21.8
69
26.8
0
75.8
66.2
21
42
65.8
2.2
28
42.5
6
17.2
38.2
26.2
13.8
5.5
18.5
75.5
67.8
72.2
3.8
41.2
56.2
15
56.5
86.5
27
98.2
52.2
61.8
68
7.2
100.8
16.5
65
59
45.2
26.8
166
37.2
39.8
61
20
60.2
26.8
64
12
60.5
61.8
26.2
58.8
19
9.2
21.8
27.5
25.5
17
58.2
20.8
10
34.5
11.8
82.2
84.2
25.5
72.5
6
163.5
71
111.5
38.8
22.2
25.8
18.8
55
30.8
23
94.5
12
51.5
15.2
13.5
64.5
24.5
18.2
10.8
13
16
12
165.8
27.8
30
21
41.5
22.2
8.2
23.5
20.2
sums of draw-off volumes of each hour of the day
32.6
51.3
60.7
59.4
21.5
2.5
2527.5
3343.9
1793.2
192.9
129.4
620.3
703.6
514.5
384.2
938.1
285.8
452.8
478.2
576.9
931.3
786.5
141.8
35.8
sums of draw-off volumes of each hour of weekdays
21.7
49.1
12.1
49.9
15.3
2.5
2117.6
2268.4
939.2
47.3
109.6
609
643.2
444.4
124
195.7
64.7
256.2
429.6
473.7
589.3
387.2
64.1
13
sums of draw-off volumes of each hour of weekend-days
10.9
2.2
48.6
9.5
6.2
0
409.9
1075.5
854
145.6
19.8
11.3
60.4
70.1
260.2
742.4
221.1
196.6
48.6
103.2
342
399.3
77.7
22.8
holidays of household(s), numbers correspond to day of year
