155;14
12;29
24;32
2;50
5;52
31;125
20;126
17;134
7;146
11;148
12;166
11;172
1;181
16;222
2;224
29;231
3;242
2;257
7;289
15;319
4;414
148;416
7;423
10;433
11;434
9;464
24;472
35;509
6;510
5;512
23;513
10;515
14;534
33;608
9;637
20;641
168;659
8;701
34;703
37;721
28;722
27;723
26;747
16;750
12;765
26;799
22;800
34;817
19;825
22;846
30;848
9;851
37;894
21;895
34;896
26;989
25;991
179;992
1;1009
160;1036
14;1085
9;1086
96;1087
5;1171
34;1182
14;1184
9;1185
10;1186
30;1204
52;1208
12;1213
6;1215
10;1217
6;1234
560;1238
2;1279
20;1281
54;1282
31;1283
6;1309
164;1310
29;1311
11;1315
18;1316
30;1374
25;1393
10;1394
26;1410
1;1417
20;1472
9;1488
37;1526
17;1566
40;1568
27;1585
3;1614
9;1618
12;1662
20;1663
5;1664
38;1681
7;1710
3;1720
5;1760
1;1796
25;1811
13;1812
16;1854
170;1858
24;1859
19;1890
13;1913
21;1949
13;1955
8;1981
8;2010
10;2033
2;2045
27;2047
156;2048
174;2065
21;2067
23;2096
36;2102
188;2141
13;2142
34;2193
82;2237
563;2240
5;2333
22;2334
3;2382
8;2430
164;2431
19;2432
15;2444
38;2452
23;2485
29;2529
164;2530
7;2549
47;2557
6;2560
160;2583
4;2621
26;2622
1;2625
21;2628
1;2654
19;2657
18;2659
1;2660
159;2675
14;2717
17;2720
7;2754
17;2758
44;2814
16;2815
29;2816
4;2825
10;2844
16;2909
3;2910
39;2911
8;2912
11;2966
33;3001
169;3005
28;3006
10;3007
7;3064
25;3101
30;3102
150;3103
27;3155
2;3198
25;3202
3;3235
23;3252
5;3258
1;3295
7;3297
18;3299
28;3325
25;3353
1;3354
7;3389
15;3392
17;3417
15;3427
2;3438
11;3481
9;3486
32;3487
44;3488
7;3518
18;3532
40;3582
168;3585
6;3618
11;3630
31;3638
9;3677
69;3678
156;3680
40;3697
1;3726
58;3774
170;3796
8;3801
28;3822
5;3872
561;3873
14;3874
30;3875
17;3904
57;3908
12;3928
11;3930
35;3969
167;3988
3;3999
11;4003
25;4018
21;4062
4;4064
15;4109
161;4132
5;4158
15;4159
4;4160
22;4174
17;4179
8;4180
7;4206
2;4255
30;4256
26;4259
4;4268
8;4274
18;4399
32;4404
158;4406
13;4445
14;4447
22;4448
32;4541
8;4543
26;4546
22;4548
2;4596
20;4637
20;4642
34;4671
10;4695
19;4734
9;4736
12;4753
164;4766
13;4792
3;4806
162;4830
36;4831
8;4850
4;4851
29;4852
28;4854
35;4925
14;4927
566;4948
9;4972
17;5022
41;5023
26;5038
31;5044
13;5066
13;5097
33;5119
27;5139
17;5164
35;5176
13;5203
26;5214
11;5237
26;5294
19;5312
154;5313
19;5314
172;5316
21;5336
10;5366
11;5369
35;5407
11;5427
22;5454
185;5503
6;5548
26;5598
10;5599
10;5610
6;5694
11;5716
156;5737
12;5745
2;5749
28;5791
3;5792
34;5812
2;5857
1;5885
7;5887
4;5889
4;5890
32;5891
11;5917
21;5918
15;5920
31;5924
22;5928
155;5938
11;5943
30;5982
22;5983
37;5984
16;5985
4;5988
12;6017
1;6037
166;6078
9;6098
170;6099
5;6125
22;6127
25;6173
7;6176
29;6220
16;6270
70;6271
22;6290
19;6291
2;6315
15;6365
21;6367
9;6368
23;6385
3;6408
13;6414
11;6415
2;6424
26;6461
31;6462
14;6463
10;6464
16;6472
10;6484
11;6507
29;6518
19;6519
30;6520
159;6557
27;6559
2;6560
7;6561
161;6562
28;6564
32;6595
7;6596
2;6654
10;6703
8;6707
11;6747
18;6751
1;6752
26;6762
18;6780
3;6792
20;6802
29;6845
23;6866
15;6942
9;6991
19;6993
13;7037
16;7038
15;7040
18;7081
5;7135
31;7136
14;7186
20;7234
12;7262
5;7266
9;7267
12;7281
4;7282
27;7325
95;7328
32;7332
38;7359
159;7360
24;7363
8;7364
27;7421
159;7422
17;7423
10;7424
14;7479
25;7517
165;7518
18;7519
6;7538
20;7541
5;7615
9;7616
25;7627
16;7633
54;7709
8;7711
20;7725
72;7805
22;7806
12;7807
49;7808
173;7829
160;7904
20;7907
13;7908
11;7929
7;7935
29;7940
21;7955
19;7994
157;8003
5;8029
5;8045
3;8058
16;8060
3;8079
30;8093
34;8095
19;8099
194;8116
29;8118
21;8145
2;8191
21;8192
18;8209
1;8210
5;8226
9;8240
27;8242
16;8286
35;8287
6;8301
20;8320
11;8382
1;8384
18;8385
15;8395
46;8477
54;8480
19;8497
12;8499
26;8524
1;8527
6;8578
32;8579
26;8594
29;8606
13;8635
5;8665
1;8669
25;8713
154;8726
37;8761
22;8762
34;8763
58;8764
8;8778
20;8783
22;8784
38;8805
2;8809
25;8820
32;8857
38;8858
9;8859
8;8879
29;8892
24;8911
36;8954
2;8955
27;8956
4;8976
164;9010
12;9011
38;9049
163;9050
28;9090
14;9097
30;9100
48;9146
50;9191
4;9244
26;9273
27;9277
3;9295
30;9340
5;9376
5;9392
26;9396
13;9436
165;9464
14;9487
13;9552
2;9569
1;9578
2;9580
19;9625
31;9627
67;9628
24;9647
4;9659
28;9684
22;9702
7;9722
6;9723
5;9743
25;9772
161;9774
4;9817
7;9818
29;9819
1;9837
38;9840
20;9867
2;9875
147;9914
17;9916
1;9917
2;9920
26;9949
36;9950
3;10011
28;10014
10;10016
5;10041
6;10044
16;10046
4;10048
27;10105
17;10108
15;10121
11;10151
33;10202
6;10203
22;10204
166;10222
18;10257
159;10258
15;10259
31;10275
4;10300
38;10346
29;10350
16;10351
17;10396
17;10437
162;10446
36;10489
10;10491
5;10517
12;10537
10;10538
7;10586
1;10590
32;10591
14;10592
25;10618
2;10620
6;10622
9;10633
32;10637
33;10641
25;10644
31;10650
18;10685
2;10686
40;10687
11;10715
1;10716
48;10777
3;10778
17;10779
19;10799
7;10813
14;10821
34;10874
158;10920
60;10929
5;10931
8;10971
3;10979
34;10981
33;11015
15;11065
25;11067
31;11068
2;11116
32;11162
210;11163
161;11209
166;11260
13;11263
3;11289
22;11317
6;11359
153;11387
27;11400
5;11432
22;11449
38;11450
17;11452
161;11496
2;11506
15;11547
21;11548
45;11641
28;11642
171;11644
27;11663
12;11687
12;11695
25;11738
9;11758
18;11786
16;11791
22;11792
17;11794
42;11835
14;11836
27;11848
4;11855
24;11864
20;11885
163;11892
14;11929
17;11930
4;11932
25;11933
5;11941
8;11962
38;11967
36;11989
166;12031
3;12032
13;12057
13;12058
9;12078
8;12080
5;12085
12;12123
15;12174
34;12175
7;12188
10;12217
3;12218
26;12225
35;12234
13;12239
17;12316
4;12334
20;12335
6;12336
7;12350
1;12366
3;12372
35;12409
172;12412
29;12431
4;12466
16;12505
13;12507
11;12525
3;12547
557;12561
158;12603
57;12605
320;12606
174;12633
39;12639
15;12640
1;12699
32;12729
31;12730
26;12793
24;12815
7;12816
167;12889
20;12890
2;12891
14;12933
26;12944
27;12988
21;12993
8;12994
15;13003
3;13006
5;13029
1;13032
34;13035
15;13041
55;13081
69;13082
15;13084
6;13139
175;13179
33;13180
158;13236
4;13273
31;13275
28;13288
153;13328
21;13331
31;13342
7;13360
40;13374
3;13376
2;13396
34;13407
23;13414
14;13423
163;13424
13;13465
8;13466
14;13467
35;13531
28;13561
27;13605
4;13609
14;13658
466;13659
27;13692
2;13713
30;13753
16;13756
31;13768
10;13774
38;13790
70;13849
162;13851
7;13870
10;13872
3;13895
4;13902
30;13905
13;13945
9;13946
2;13947
5;13952
5;13983
6;14004
18;14041
9;14043
23;14047
154;14048
167;14077
20;14078
10;14083
10;14095
8;14097
30;14138
23;14139
58;14140
23;14168
20;14191
6;14233
8;14236
24;14253
19;14256
5;14329
171;14330
4;14331
21;14332
11;14359
162;14361
17;14377
2;14385
6;14426
23;14428
32;14447
21;14472
12;14522
15;14524
5;14575
2;14621
14;14624
1;14653
3;14654
22;14713
4;14766
12;14809
3;14812
20;14829
10;14832
18;14838
21;14905
37;15003
186;15004
38;15022
22;15023
10;15060
36;15098
12;15101
2;15138
21;15193
15;15198
1;15210
35;15248
37;15292
15;15306
27;15368
40;15385
12;15387
150;15389
14;15392
58;15484
14;15489
9;15503
10;15504
11;15578
25;15674
1;15676
157;15693
17;15770
33;15772
1;15790
4;15792
17;15865
9;15866
7;15887
21;15924
28;15965
37;15967
25;15990
25;15997
161;15999
10;16017
33;16021
152;16057
4;16058
156;16060
13;16063
4;16089
5;16091
5;16118
7;16141
16;16153
40;16154
10;16156
13;16251
7;16252
29;16266
165;16270
167;16297
21;16347
16;16348
17;16442
7;16443
4;16461
9;16537
26;16538
28;16539
12;16577
11;16633
9;16637
8;16639
10;16640
26;16678
25;16681
30;16686
12;16689
17;16694
157;16731
2;16733
23;16734
15;16766
21;16790
159;16827
4;16828
27;16846
20;16881
36;16921
26;16924
11;16956
13;16973
163;17017
22;17018
13;17020
24;17038
4;17055
6;17070
25;17116
7;17138
23;17209
10;17210
2;17224
19;17231
37;17232
6;17246
27;17268
30;17306
161;17319
13;17340
29;17360
26;17364
18;17402
22;17406
29;17408
5;17436
15;17437
8;17452
168;17460
11;17497
8;17498
23;17500
152;17594
8;17609
19;17613
29;17642
23;17651
18;17652
11;17689
35;17691
37;17692
9;17721
169;17787
13;17829
9;17838
8;17881
151;17883
24;17904
32;17911
7;17919
9;17926
45;17979
7;17980
5;17991
9;18031
10;18076
7;18079
12;18106
2;18121
152;18125
3;18172
4;18201
8;18210
3;18318
37;18361
14;18374
7;18457
1;18459
7;18480
9;18503
12;18512
2;18554
26;18573
35;18588
3;18604
2;18606
1;18610
18;18649
23;18652
17;18654
23;18656
12;18682
34;18708
29;18712
8;18748
7;18749
33;18750
10;18754
26;18765
152;18770
7;18779
34;18832
41;18841
15;18843
10;18861
18;18864
8;18894
80;18938
6;18940
10;18993
34;19033
8;19034
2;19035
27;19036
5;19043
2;19130
6;19132
5;19186
8;19229
6;19244
44;19246
22;19283
588;19324
7;19326
9;19327
39;19328
8;19352
16;19358
40;19371
31;19376
25;19378
9;19382
8;19418
15;19421
19;19473
30;19514
13;19515
23;19533
4;19536
29;19567
18;19609
30;19610
49;19611
481;19612
27;19631
3;19667
21;19706
9;19707
22;19750
33;19774
48;19801
16;19804
20;19811
10;19848
34;19897
27;19899
36;19900
161;19920
6;19934
10;19999
7;20000
10;20005
18;20030
162;20032
2;20050
19;20051
5;20054
37;20091
12;20092
24;20095
6;20096
6;20121
35;20185
163;20186
7;20188
12;20202
25;20205
10;20207
12;20281
8;20283
28;20284
9;20321
23;20326
2;20329
16;20332
22;20340
163;20377
30;20378
2;20379
13;20380
20;20387
3;20399
17;20427
3;20429
25;20473
22;20475
14;20476
13;20518
14;20528
172;20529
28;20570
21;20572
16;20666
14;20669
15;20671
3;20672
4;20701
22;20719
29;20760
28;20762
8;20794
9;20857
10;20858
8;20860
17;20875
1;20933
7;20954
15;20975
21;21051
24;21052
8;21133
3;21147
37;21148
31;21167
18;21190
150;21264
1;21291
7;21338
8;21341
15;21371
12;21433
37;21434
9;21437
43;21438
25;21459
15;21550
21;21626
170;21627
12;21628
6;21667
21;21674
32;21682
27;21721
18;21723
15;21724
3;21733
12;21774
16;21775
7;21818
21;21820
28;21863
12;21866
1;21874
15;21914
34;21916
18;21972
11;21998
47;22012
37;22016
3;22021
7;22041
33;22042
7;22064
23;22105
12;22141
26;22142
28;22143
4;22149
27;22157
5;22164
27;22201
28;22203
56;22204
3;22256
25;22298
16;22299
161;22300
13;22320
37;22393
4;22450
3;22490
19;22492
9;22586
15;22587
21;22605
11;22606
9;22630
2;22719
16;22725
6;22736
7;22739
3;22793
16;22811
10;23062
26;23065
4;23066
10;23087
15;23097
155;23161
7;23162
10;23163
39;23182
4;23184
154;23209
11;23257
14;23258
6;23260
2;23261
24;23280
5;23315
4;23319
10;23358
1;23360
2;23387
21;23407
5;23452
17;23453
49;23456
22;23457
13;23499
23;23546
37;23548
6;23565
23;23567
35;23601
11;23602
35;23608
30;23641
12;23642
3;23662
9;23664
166;23665
15;23714
25;23737
37;23740
2;23757
19;23777
25;23787
33;23834
42;23835
169;23890
12;23892
26;23929
149;23974
38;24062
3;24122
176;24128
158;24154
17;24157
21;24218
7;24232
17;24263
1;24267
14;24268
4;24270
11;24305
17;24314
16;24315
29;24409
22;24410
13;24466
30;24506
13;24508
4;24526
31;24559
6;24601
19;24622
34;24648
17;24651
4;24702
35;24703
18;24731
15;24732
3;24749
28;24753
2;24793
13;24794
33;24797
45;24889
53;24890
15;24892
4;24909
14;24911
14;24944
16;24986
14;25005
11;25013
16;25032
11;25082
16;25083
28;25100
8;25101
157;25103
2;25134
21;25178
171;25179
38;25180
162;25197
20;25200
7;25249
28;25273
29;25294
8;25298
11;25314
3;25318
32;25331
20;25345
28;25369
15;25372
4;25374
8;25375
3;25397
560;25404
9;25446
24;25466
12;25468
30;25499
12;25504
35;25561
24;25562
33;25563
20;25605
164;25615
26;25645
36;25679
27;25696
18;25710
162;25849
23;25850
46;25851
16;25862
11;25869
25;25870
20;25894
6;25945
28;25948
37;25949
164;25965
13;25968
10;25972
7;26002
24;26046
13;26048
21;26071
26;26075
25;26137
20;26138
12;26142
30;26171
29;26174
22;26191
30;26198
18;26234
26;26235
170;26236
20;26256
29;26291
3;26379
6;26392
9;26425
15;26426
21;26447
9;26448
30;26475
28;26477
35;26521
20;26522
14;26523
6;26524
19;26527
23;26533
30;26568
23;26574
14;26617
8;26620
2;26639
31;26715
14;26718
22;26747
2;26751
22;26808
31;26809
25;26811
51;26812
24;26814
17;26906
22;26907
19;26908
15;26928
32;26949
30;27002
5;27044
20;27057
13;27098
3;27100
6;27119
6;27194
5;27195
43;27196
20;27238
36;27289
30;27290
164;27291
18;27328
24;27338
8;27341
22;27346
157;27387
3;27388
24;27391
28;27392
13;27420
18;27422
10;27423
18;27443
25;27482
14;27483
149;27484
4;27485
27;27518
26;27519
30;27520
8;27537
6;27543
6;27580
9;27598
1;27653
40;27674
45;27676
48;27693
31;27702
29;27770
13;27771
16;27779
20;27789
147;27814
22;27865
13;27887
11;27914
14;27916
14;27962
18;27984
168;28014
9;28016
17;28017
176;28060
11;28092
158;28095
1;28120
1;28154
48;28155
19;28174
9;28185
31;28188
148;28250
165;28256
8;28284
35;28296
11;28298
26;28299
24;28346
6;28348
28;28398
151;28404
25;28441
171;28442
25;28444
3;28464
7;28493
16;28494
13;28523
31;28538
190;28540
16;28595
22;28596
8;28634
21;28635
167;28732
40;28735
150;28736
23;28762
6;28763
17;28767
9;28824
22;28831
35;28863
174;28921
46;28924
39;28959
1;28970
31;29019
162;29038
25;29039
18;29048
181;29114
13;29214
18;29215
25;29216
8;29236
3;29240
7;29260
33;29269
32;29309
560;29310
14;29312
32;29359
26;29363
18;29406
16;29408
37;29426
29;29441
35;29442
14;29459
29;29501
27;29504
3;29506
11;29508
6;29530
24;29533
6;29535
14;29537
34;29538
5;29547
32;29597
12;29598
33;29600
6;29620
161;29654
12;29693
4;29694
15;29696
34;29713
14;29741
1;29748
26;29761
22;29789
15;29791
3;29792
175;29822
13;29885
68;29886
25;29887
1;29938
20;29982
42;29984
4;30001
172;30003
12;30026
6;30035
1;30061
7;30077
7;30080
29;30089
4;30113
7;30173
148;30174
33;30177
6;30183
39;30205
9;30224
18;30269
5;30270
1;30271
157;30272
17;30282
28;30291
21;30315
10;30346
5;30366
47;30367
14;30368
5;30387
24;30388
19;30462
25;30475
162;30493
29;30513
32;30560
12;30570
8;30578
5;30579
19;30591
36;30655
1;30675
33;30750
24;30752
12;30756
18;30786
16;30845
32;30851
8;30883
15;30896
39;30907
37;30941
23;30943
42;30944
10;31033
29;31037
12;31039
8;31055
1;31057
8;31058
12;31133
1;31135
10;31154
170;31172
3;31186
31;31188
6;31191
31;31229
23;31230
29;31242
39;31325
1;31329
21;31394
9;31423
25;31424
53;31428
19;31458
11;31467
22;31520
19;31521
6;31524
10;31613
17;31614
44;31615
210;31616
19;31626
13;31635
16;31660
1;31709
3;31711
216;31712
11;31721
40;31730
37;31761
29;31765
8;31786
24;31823
29;31825
5;31833
4;31846
17;31850
15;31856
33;31901
5;31902
9;31903
159;31904
6;31915
20;31923
23;31945
35;31955
24;32000
26;32093
8;32096
8;32125
26;32126
580;32127
6;32129
3;32189
18;32190
52;32191
7;32193
22;32225
150;32241
32;32252
24;32285
18;32287
5;32288
22;32291
174;32307
30;32330
173;32342
4;32382
149;32384
2;32434
49;32477
24;32500
16;32536
6;32561
20;32574
31;32575
9;32576
8;32579
7;32581
15;32595
7;32600
9;32646
13;32670
35;32671
18;32676
167;32744
17;32765
10;32800
5;32801
21;32821
1;32833
5;32861
10;32864
14;32867
4;32874
25;32893
3;32895
6;32899
11;32922
32;32923
12;32924
14;32958
16;32960
11;32978
12;32993
24;33001
12;33009
3;33013
191;33053
24;33056
26;33058
6;33064
7;33070
28;33073
33;33075
23;33076
4;33091
24;33111
12;33112
20;33150
19;33152
7;33174
2;33200
36;33245
16;33248
154;33268
44;33341
17;33400
20;33437
16;33438
4;33444
12;33472
2;33498
34;33533
7;33535
3;33538
2;33553
32;33580
157;33588
7;33590
16;33595
20;33630
51;33631
27;33632
4;33725
19;33726
18;33727
1;33728
8;33746
23;33748
3;33821
16;33824
21;33828
3;33863
22;33919
5;33937
9;33940
11;33963
5;33964
11;34013
4;34014
2;34015
24;34033
23;34035
20;34111
11;34115
13;34141
4;34166
12;34205
3;34207
28;34211
25;34243
559;34244
16;34251
20;34264
24;34302
12;34322
13;34328
2;34334
38;34342
19;34351
3;34354
13;34397
50;34398
4;34399
2;34400
14;34418
16;34433
21;34456
21;34494
21;34495
3;34496
31;34515
8;34541
30;34590
64;34592
24;34612
48;34636
31;34687
18;34688
15;34706
25;34736
9;34786
12;34788
3;34790
9;34818
32;34877
15;34878
2;34911
7;34918
10;34931
28;34939
12;34974
42;34976
10;34985
17;35020
