sums of daily draw-off volumes
257.5
31.5
200
129.5
52.8
69.5
93
19
65.5
49
75
90.8
68.5
140
31.5
14.5
114
90
241
71
92
59.5
38.8
66.2
63.2
205.5
96.5
95.5
153
106.5
42.8
71.8
60.8
150.5
195.5
38
77.2
107.5
89.8
185.8
19.5
88.8
35
81
52.2
29
197.2
163.8
161
76.5
133.5
47
61.5
38.8
25
133.8
156.8
10.8
57.5
132.5
129.8
78
140.5
11.2
106.2
35.8
51.8
30.5
62
85.5
143
27.5
173.2
102.8
110.8
114.5
112
156.8
35.2
43.8
76.5
133.5
211.2
149
80.8
68.8
98
103.8
54.8
58
129.8
20.8
96
223.8
78
100.2
39.5
83.2
30
154
125.8
230.8
115.8
89.8
45.5
26.8
67.8
96
257.8
148.5
65.2
142.8
14.8
32.8
170
99
85.5
127
178.2
34.2
151.5
24.5
54.8
113.5
79.2
75
46
51.5
61.2
150.8
15.2
130
19.5
42.5
48.8
83
88.8
25
47.8
119.8
69
44
27.8
65
87
91
88.2
81
76.2
24
37
214.8
65.2
70.5
67
121
41.8
41.5
48.5
94.8
44.5
85.2
39.2
67.2
36.2
51.8
79.5
41.8
86.8
115
40.8
86
72.2
74
25.2
126.2
63.2
79.5
64.2
33.8
87
136.2
7.8
178.2
53
28
31.2
27.8
47.2
8.8
82.2
94
21
110
74
90.5
33
75.2
13
59.8
15.2
81.2
29.8
38
27
51.2
70.5
41.5
110
216.8
17.2
80.8
78.5
39
51.2
173.5
84.5
28
198.8
78
63.5
85.8
39.5
83.2
78.2
88
72.2
107.5
43.2
26
82.2
110.2
147.2
50.5
14.8
86.5
137
12.8
22.8
55.5
87.5
55
64.8
76.2
118.8
18.5
38.8
22.5
73.2
48.5
77
115.2
69.2
20
37.8
41.5
78
109.2
86.8
59.5
11.5
35
82.5
59.8
42.8
31.8
45
42.5
29.5
16.5
58
86.5
169.2
84.2
153
61
117.2
81.8
45
77.8
20
52.8
66.5
99.2
26.5
78.5
43.5
48.2
100
83
13
17.8
59.8
164
82.2
41.2
31
27.5
62
85.2
33
156.5
82
72.8
34.8
252
42.5
72
75
124.8
30.8
54.5
63
27.5
63.5
70.5
107.8
186.8
75.8
99.2
108.8
114.8
52.8
59.2
47.8
25.8
86.5
13
101.5
36.5
32
40.2
57.5
50.8
50.2
75.2
49.5
75.5
80.2
27.8
31.5
109.2
79.8
98.8
62.8
39
68.2
116.2
166.5
214.8
33.2
39
64.5
47
77
83
96
92.2
181
98.2
210.8
86.5
46.5
139.8
56.2
sums of draw-off volumes of each hour of the day
150.1
19.6
65.8
86.9
63.4
43.3
5063.6
7093.6
2358.2
452.7
406
1477.5
2044.2
679.5
592.3
1317.9
854
538.8
1324.4
1279.2
1494.1
755.4
692.8
86.5
sums of draw-off volumes of each hour of weekdays
57.9
10.8
57.7
60.6
38.1
35.5
4130.9
5152.5
1075.3
229.7
194.7
1246.5
1912
619.4
103.8
95.7
166.1
310.4
1210.4
988
1095.4
494.8
224
58.5
sums of draw-off volumes of each hour of weekend-days
92.2
8.8
8.1
26.3
25.3
7.8
932.7
1941.1
1282.9
223
211.3
231
132.2
60.1
488.5
1222.2
687.9
228.4
114
291.2
398.7
260.6
468.8
28
holidays of household(s), numbers correspond to day of year
