sums of daily draw-off volumes
275.2
245.5
100.2
192
213.8
242.2
155.8
206.8
159
110
249.5
233.8
202.8
99.5
110
160.8
176.2
58
157.5
133
319.5
262.2
279
148.2
198
202
136.5
163.8
124.8
132.2
106.2
126.5
23.8
273.5
220
81.2
142
102.8
188.2
111.8
281.2
220.8
64.8
109.2
251.5
287.2
124.5
274.5
142.5
135.5
182.5
162.8
182.5
101
160.5
83.8
48.8
137.2
145
373.2
247.2
171
138.2
159.2
43.2
84.2
158.8
173.2
291.8
235.2
229.2
103.8
218
219.8
189.2
175.8
287.2
140.5
290
222
193.5
155.8
179.2
195.2
130.8
269
182.2
168.5
100.8
158.5
278.8
181
97
134.5
138.5
111.5
183.8
354.8
84
122.5
120.2
210
48.8
213.5
275.8
444.5
333.5
266
109.5
28
328.2
101.5
112.5
72.2
294
141.8
85.5
202.5
215.8
139.5
140.2
219.5
166
225.2
195.5
217.5
127.5
152
167
260.8
134.5
277.2
267.5
66.8
108.5
195.5
268.2
180.8
138.2
202.8
154
161.8
223.2
205.2
100.8
228.2
364
174.2
32.5
165.8
135.2
142.5
127.2
178
106.5
39.5
117.2
140.8
65.2
169.5
312.2
128.2
125.8
165.8
79.5
167
264
273.5
164.8
180
169
230
113.5
170.8
188.2
67.8
81.2
73.2
107.5
106
192.8
310.5
153.8
185
144.2
122
146
165.5
243
131.8
120.2
181
140.8
91
189
85.5
104.8
175
68.8
207.5
191
113.8
139.8
57.8
33.2
86.8
85.5
150
157.8
58.2
104
61.8
162.8
181.5
176
250
81.8
116.5
278.5
93.5
110.2
174
249.8
244.8
80.8
129
255.5
155.2
96.5
151.2
242.2
67.2
60
100.2
236.2
71.5
74.2
282.8
112
153
271
112
85.8
165.2
64
48
69.2
121.8
60
206.8
127.5
101
146
157
44.8
99.8
213
93.8
130
94.5
151.5
301
71.5
91.5
248.8
170.8
165.5
238.8
142
87.8
229
142.5
131.2
96.8
121
187
68.5
113.5
196.5
209.8
99.8
167
104.2
149.8
55
123.8
148.8
232.5
105.5
114.2
122
84.2
203
95.5
132.5
100
124.8
91
188.8
119
103.8
155.5
63.2
189.2
210.8
237.5
126
123
206
76.5
151.5
155.8
201.5
134.5
143.5
104
257
198.8
80
125
91.2
83.5
95.2
154
116
72.5
149.8
123.8
192
147.8
118.2
308
97.8
91.8
325.8
406.8
90.8
194
60.5
191.2
107.2
118.8
194.5
335
57
200
124.8
175.2
91.2
294.2
102.2
188.2
170.8
48.8
80.8
91.2
294.2
236.2
149.5
111.8
115
155.5
128.5
239
115.5
sums of draw-off volumes of each hour of the day
348.8
143.5
139.5
114.7
149.5
99.4
9634.4
13656.4
5097.1
1035.9
751.5
3276.7
3740.8
1439.1
1842.3
2479.1
1603.4
1482.7
1882
2721.1
3049.3
2590.9
638.6
223.2
sums of draw-off volumes of each hour of weekdays
278.5
71.3
34.3
49.9
45.7
67.7
8066.2
9561.7
2590.7
457.4
293.2
3157
3487.7
993.5
392.3
536.5
470.1
1127.3
1793.7
1825.8
1735
1027.6
277.7
109.7
sums of draw-off volumes of each hour of weekend-days
70.3
72.2
105.2
64.8
103.8
31.7
1568.2
4094.7
2506.4
578.5
458.3
119.7
253.1
445.6
1450
1942.6
1133.3
355.4
88.3
895.3
1314.3
1563.3
360.9
113.5
holidays of household(s), numbers correspond to day of year
