29;29
604;30
37;31
81;32
67;49
189;51
2;52
13;61
24;64
18;72
3;73
8;74
23;85
3;87
93;125
244;126
212;127
44;148
4;149
14;151
159;162
3;170
15;175
23;178
1;182
170;183
14;205
6;221
197;222
32;223
57;224
29;227
25;241
4;244
2;248
12;251
6;271
17;275
39;317
185;318
216;319
12;320
37;337
35;339
7;355
152;361
35;364
30;370
20;371
12;396
65;413
71;414
221;416
21;420
15;433
175;436
10;442
14;455
14;458
163;461
2;462
25;468
22;471
25;472
2;494
2;496
67;509
177;511
148;512
40;513
41;515
189;516
4;520
5;528
19;541
19;542
1;543
5;547
43;556
29;561
157;563
12;566
9;571
7;592
21;605
182;606
24;608
29;609
85;610
27;611
27;612
10;618
46;638
32;639
20;642
21;643
15;644
13;650
5;655
23;656
30;659
6;668
32;701
39;702
100;703
79;704
29;719
192;721
9;722
28;728
13;730
5;737
40;738
28;744
33;745
25;746
3;749
172;765
120;797
46;798
165;799
9;800
13;817
26;819
7;820
29;832
184;843
8;849
17;850
12;853
39;893
32;894
70;895
51;896
32;901
5;903
8;904
44;913
6;915
30;916
16;922
3;935
30;937
29;940
6;943
34;948
5;951
165;989
29;990
59;991
216;992
1;1009
58;1010
169;1011
110;1012
149;1033
13;1036
23;1037
4;1038
2;1040
211;1086
212;1087
9;1088
12;1099
50;1106
175;1107
29;1108
11;1122
16;1129
23;1135
18;1140
19;1142
150;1143
1;1181
2;1182
177;1183
46;1184
23;1185
22;1186
2;1188
9;1194
27;1211
10;1214
175;1215
8;1216
31;1218
171;1219
25;1220
14;1234
50;1236
18;1243
13;1268
35;1277
32;1278
60;1279
16;1280
48;1281
53;1282
27;1283
12;1288
28;1304
4;1311
14;1312
17;1313
23;1314
1;1315
15;1326
181;1373
94;1374
5;1375
36;1376
8;1380
28;1383
4;1391
30;1393
11;1408
9;1418
13;1422
21;1431
193;1469
41;1470
6;1471
221;1472
22;1474
40;1481
5;1482
39;1489
8;1492
1;1506
2;1513
30;1514
35;1524
8;1548
35;1565
14;1566
9;1567
9;1575
7;1577
179;1585
1;1586
10;1587
11;1588
166;1602
23;1603
148;1610
21;1619
34;1620
30;1629
52;1662
48;1663
55;1664
37;1676
9;1681
2;1684
1;1701
4;1707
3;1712
5;1713
4;1718
12;1720
17;1752
98;1757
8;1758
376;1759
41;1760
40;1777
9;1780
37;1803
4;1813
4;1841
61;1853
17;1854
171;1855
5;1857
16;1858
24;1859
42;1860
17;1877
3;1883
30;1885
37;1889
13;1890
62;1891
13;1892
4;1894
13;1898
5;1941
12;1949
57;1951
73;1953
186;1954
19;1955
166;1971
9;1983
160;1985
12;1986
50;1988
1;1996
342;2003
8;2004
21;2005
154;2007
3;2009
565;2017
105;2045
6;2046
61;2047
173;2048
34;2049
19;2067
25;2068
27;2075
34;2091
7;2124
33;2141
10;2142
189;2143
8;2144
165;2146
27;2153
25;2155
1;2161
17;2162
318;2163
149;2173
31;2183
57;2186
25;2187
32;2190
9;2192
13;2196
145;2234
6;2237
181;2238
21;2239
26;2240
30;2244
20;2250
13;2257
32;2259
58;2260
24;2261
4;2285
33;2293
370;2333
33;2334
136;2335
62;2336
34;2353
6;2354
10;2356
30;2368
32;2377
3;2378
25;2380
5;2381
33;2384
11;2388
2;2389
41;2429
41;2430
40;2431
13;2432
14;2435
20;2436
28;2440
17;2443
38;2448
40;2449
25;2450
8;2451
51;2452
32;2471
156;2474
33;2477
158;2483
20;2484
33;2493
23;2503
148;2507
17;2519
16;2525
19;2526
32;2527
43;2528
31;2529
13;2530
33;2532
8;2540
20;2544
15;2557
16;2558
22;2559
24;2562
6;2563
2;2576
12;2579
28;2583
18;2588
27;2597
10;2608
16;2622
163;2623
73;2624
76;2625
7;2626
12;2628
19;2650
15;2654
52;2655
3;2657
18;2658
22;2659
10;2673
92;2677
20;2679
20;2683
113;2717
55;2718
25;2720
30;2738
11;2739
33;2740
14;2741
25;2754
9;2762
18;2763
161;2765
5;2773
58;2813
19;2814
59;2815
26;2816
159;2821
26;2833
24;2834
18;2835
20;2836
31;2838
5;2857
15;2863
3;2867
59;2868
3;2871
4;2876
80;2909
54;2910
82;2911
10;2932
37;2945
5;2946
32;2954
10;2955
30;2958
3;2959
18;2961
19;2964
10;2966
2;2967
33;2968
157;2980
4;3001
10;3005
41;3006
23;3007
71;3008
16;3027
34;3028
24;3037
3;3041
27;3049
16;3051
23;3054
17;3056
3;3058
37;3060
6;3101
14;3102
27;3104
11;3121
6;3123
31;3147
8;3186
71;3197
11;3198
2;3200
4;3201
36;3202
213;3203
7;3204
58;3230
1;3231
11;3232
28;3233
22;3235
6;3236
13;3240
7;3249
13;3251
555;3254
28;3255
25;3294
144;3295
8;3296
11;3297
57;3298
31;3299
21;3300
169;3307
17;3320
4;3325
26;3326
24;3327
40;3329
22;3330
33;3331
3;3332
49;3342
7;3345
173;3346
8;3350
7;3351
1;3352
72;3389
43;3390
50;3391
62;3392
17;3410
26;3420
1;3421
24;3434
30;3438
9;3485
23;3486
242;3487
28;3488
2;3499
71;3505
44;3507
39;3508
14;3531
23;3535
14;3536
30;3538
29;3542
22;3581
34;3582
179;3583
36;3584
29;3587
44;3601
9;3602
42;3603
4;3611
2;3618
10;3633
73;3677
57;3678
62;3679
52;3680
31;3688
34;3696
28;3697
160;3698
33;3700
6;3721
14;3724
9;3729
170;3732
22;3733
2;3734
21;3769
31;3773
37;3774
3;3775
39;3776
22;3793
160;3794
10;3795
24;3796
17;3817
3;3819
32;3825
28;3826
19;3829
1;3830
3;3866
29;3869
6;3870
21;3871
34;3872
192;3873
26;3874
41;3875
24;3876
20;3895
30;3899
4;3901
27;3902
3;3903
4;3904
14;3905
7;3907
313;3908
5;3926
9;3928
153;3930
160;3931
9;3945
25;3965
7;3966
32;3967
155;3968
11;3969
376;3970
14;3971
52;3972
19;3988
12;3998
4;3999
42;4000
27;4004
40;4018
20;4021
10;4023
2;4024
26;4028
62;4061
21;4062
8;4063
39;4064
27;4068
5;4082
14;4083
8;4084
25;4092
4;4107
14;4111
32;4114
34;4157
2;4158
92;4159
31;4160
31;4162
160;4177
27;4178
3;4182
7;4183
28;4187
22;4210
64;4253
355;4254
189;4255
72;4256
4;4261
26;4268
171;4269
43;4275
14;4276
21;4286
6;4305
32;4308
9;4311
194;4349
179;4350
215;4351
46;4352
33;4359
207;4369
7;4370
2;4371
12;4372
40;4385
29;4399
26;4401
159;4402
45;4445
35;4446
40;4447
39;4448
10;4458
15;4462
8;4465
21;4466
13;4467
5;4468
6;4484
3;4490
173;4492
24;4495
1;4496
25;4497
33;4504
2;4506
34;4531
33;4539
23;4543
195;4544
19;4545
30;4546
46;4547
26;4548
167;4555
4;4570
39;4575
8;4579
4;4580
12;4584
5;4590
33;4593
7;4595
12;4597
25;4598
167;4600
54;4604
155;4608
16;4636
24;4637
36;4638
18;4639
23;4641
16;4643
118;4644
1;4646
151;4650
5;4652
21;4670
1;4671
1;4675
18;4676
11;4682
28;4683
22;4691
25;4694
35;4695
54;4733
77;4734
65;4735
19;4736
32;4738
27;4748
16;4753
112;4755
17;4769
8;4777
11;4779
24;4781
27;4784
18;4785
3;4787
32;4788
54;4829
211;4832
5;4843
4;4848
16;4849
186;4851
168;4852
33;4861
25;4874
2;4876
7;4884
19;4886
27;4912
21;4925
16;4926
38;4927
237;4928
17;4947
11;4952
5;4957
36;4972
154;4973
20;4975
27;4980
42;4982
169;4994
417;5021
14;5022
16;5023
32;5024
19;5042
5;5043
35;5044
13;5045
7;5067
3;5078
67;5117
211;5118
18;5119
1;5121
10;5123
8;5137
57;5139
14;5140
18;5167
21;5213
34;5214
1;5215
28;5216
2;5217
31;5218
55;5220
159;5232
148;5235
31;5236
11;5247
31;5248
11;5250
5;5252
4;5263
28;5265
25;5269
17;5271
29;5299
55;5309
17;5310
31;5311
14;5312
45;5314
51;5315
24;5316
14;5326
23;5341
26;5344
6;5363
25;5405
30;5406
26;5407
18;5408
25;5425
9;5430
4;5446
22;5449
18;5461
18;5470
14;5501
290;5502
49;5503
55;5504
5;5505
18;5517
6;5521
18;5525
4;5545
28;5552
14;5553
15;5557
33;5560
231;5597
27;5598
33;5599
73;5600
25;5611
64;5620
31;5622
27;5647
40;5654
29;5655
3;5681
561;5693
9;5694
603;5696
3;5697
51;5713
40;5714
9;5716
20;5722
5;5739
14;5745
16;5749
159;5750
44;5789
4;5790
225;5791
37;5792
9;5800
5;5810
553;5811
10;5812
23;5821
9;5837
32;5840
3;5841
7;5843
28;5845
34;5868
34;5878
11;5883
36;5886
60;5887
19;5888
28;5889
103;5890
194;5891
12;5892
9;5896
17;5910
10;5914
27;5918
20;5921
22;5923
19;5924
29;5937
12;5981
174;5982
53;5984
181;5985
7;5987
38;5988
21;5994
15;6003
18;6010
7;6014
9;6015
4;6022
14;6043
53;6077
69;6078
35;6079
34;6080
7;6082
193;6097
47;6099
12;6100
170;6125
5;6130
12;6136
20;6173
55;6175
40;6176
8;6193
3;6194
14;6196
9;6223
5;6228
19;6230
8;6256
5;6263
36;6269
10;6270
13;6271
186;6272
25;6289
26;6290
7;6292
3;6318
18;6327
54;6365
26;6366
70;6367
18;6368
157;6386
194;6387
15;6388
28;6389
11;6412
52;6421
10;6424
86;6461
44;6462
260;6463
223;6464
7;6480
26;6483
3;6508
11;6513
33;6514
19;6543
166;6557
166;6558
31;6559
31;6560
243;6561
61;6562
42;6563
34;6564
10;6572
208;6589
23;6595
17;6596
25;6599
5;6606
13;6609
32;6610
23;6618
17;6620
1;6623
6;6627
32;6630
157;6639
54;6653
50;6654
168;6655
39;6656
11;6657
166;6658
41;6659
16;6660
25;6661
19;6663
18;6667
19;6673
23;6685
4;6686
39;6688
7;6690
27;6692
1;6708
19;6719
72;6749
285;6750
21;6751
30;6752
4;6770
57;6772
23;6780
7;6785
26;6787
173;6793
168;6795
2;6796
40;6798
8;6803
1;6806
8;6828
56;6845
27;6846
185;6847
43;6848
11;6865
24;6866
4;6867
31;6870
17;6882
9;6894
74;6941
68;6942
46;6943
211;6944
3;6961
68;6962
326;6964
2;6986
28;6989
23;6993
23;6997
15;7019
60;7037
168;7038
204;7039
28;7040
26;7057
161;7081
5;7082
24;7086
166;7087
22;7093
110;7133
21;7134
91;7135
334;7136
13;7137
8;7144
26;7146
30;7152
13;7153
11;7154
17;7155
21;7156
15;7161
15;7184
27;7185
4;7187
1;7192
7;7230
41;7231
17;7232
195;7233
68;7234
29;7235
8;7236
35;7249
22;7261
79;7262
13;7263
36;7267
31;7268
26;7275
2;7280
28;7283
24;7286
37;7292
5;7293
34;7325
188;7326
156;7327
35;7328
34;7329
36;7330
34;7331
5;7332
8;7339
47;7342
14;7348
16;7357
25;7358
347;7360
23;7361
56;7363
32;7364
3;7378
19;7384
12;7386
25;7390
15;7407
79;7421
37;7422
164;7423
27;7424
21;7432
2;7446
22;7449
13;7454
1;7463
163;7469
1;7474
17;7478
5;7512
32;7518
75;7519
56;7520
33;7525
22;7539
63;7540
145;7545
6;7561
569;7564
154;7573
371;7613
46;7614
183;7615
147;7616
34;7633
5;7634
38;7635
21;7636
36;7664
7;7666
25;7705
185;7709
151;7710
235;7711
79;7712
6;7713
34;7722
23;7730
14;7731
11;7755
11;7761
45;7805
50;7806
57;7807
162;7822
26;7825
30;7826
25;7839
17;7848
14;7850
30;7852
167;7856
86;7901
15;7902
27;7903
24;7904
60;7906
164;7907
54;7908
25;7910
21;7928
6;7935
17;7936
8;7937
12;7939
9;7953
189;7955
7;7972
10;7997
20;7998
35;7999
322;8000
9;8001
10;8002
65;8003
7;8004
29;8015
21;8017
37;8028
19;8031
2;8032
37;8034
35;8036
2;8040
5;8046
21;8048
32;8049
8;8050
2;8055
7;8056
39;8059
17;8093
155;8094
185;8095
44;8096
20;8111
18;8113
15;8115
8;8121
19;8144
29;8149
13;8151
180;8189
154;8190
273;8191
33;8192
6;8199
8;8209
28;8210
29;8212
13;8219
162;8236
155;8240
14;8245
21;8247
25;8262
67;8285
197;8286
31;8287
229;8288
25;8297
24;8299
29;8305
14;8306
1;8307
21;8308
14;8317
21;8329
31;8331
10;8356
7;8374
79;8381
212;8382
106;8383
81;8384
10;8391
7;8402
37;8403
49;8404
24;8412
12;8425
6;8429
6;8434
28;8436
49;8477
27;8478
32;8479
45;8480
7;8481
13;8485
1;8492
38;8497
77;8498
10;8500
1;8502
10;8512
27;8514
12;8517
12;8526
29;8528
9;8529
4;8535
177;8575
8;8576
31;8577
54;8578
11;8579
45;8580
21;8589
27;8601
10;8605
20;8607
3;8611
8;8612
175;8626
22;8628
12;8630
10;8638
5;8642
30;8665
40;8666
26;8667
17;8668
9;8669
582;8670
6;8671
41;8672
2;8676
13;8683
10;8689
11;8698
28;8699
33;8700
12;8701
14;8703
36;8717
1;8718
170;8719
1;8722
16;8725
12;8728
27;8753
75;8761
1;8762
220;8763
241;8764
58;8782
19;8789
9;8801
2;8806
22;8813
50;8816
3;8853
48;8857
11;8858
30;8859
36;8860
24;8866
19;8869
42;8879
19;8880
4;8885
30;8903
4;8907
11;8911
22;8913
19;8914
36;8916
30;8926
19;8953
45;8954
49;8955
3;8956
193;8973
23;8974
27;8975
16;8976
8;8986
155;9003
193;9049
70;9050
31;9051
21;9052
26;9070
36;9071
39;9085
13;9094
29;9095
10;9098
30;9104
2;9107
18;9108
36;9109
175;9145
68;9146
17;9147
18;9148
1;9163
36;9167
32;9177
18;9183
4;9189
23;9198
26;9199
28;9200
8;9227
146;9241
3;9242
1;9243
20;9244
18;9245
21;9246
57;9247
25;9248
151;9252
19;9259
9;9273
7;9274
150;9275
9;9276
10;9278
11;9282
27;9298
9;9299
34;9300
61;9339
26;9340
22;9341
160;9342
8;9344
169;9347
18;9351
170;9365
31;9369
144;9370
5;9387
9;9388
31;9394
558;9396
7;9397
58;9433
171;9434
12;9436
12;9438
13;9454
10;9457
27;9464
1;9481
16;9482
16;9491
60;9529
61;9530
31;9531
24;9532
12;9534
15;9546
14;9549
172;9550
13;9551
46;9557
11;9559
10;9563
3;9581
18;9583
29;9625
39;9626
58;9628
18;9638
32;9645
1;9646
32;9648
21;9661
175;9662
24;9671
14;9674
21;9678
17;9682
58;9721
212;9722
101;9723
67;9724
17;9728
8;9738
55;9742
31;9743
20;9744
11;9748
1;9750
29;9764
164;9767
26;9768
11;9772
13;9778
16;9779
14;9818
4;9820
5;9821
27;9824
1;9836
45;9838
29;9843
12;9849
11;9853
21;9861
16;9865
4;9867
6;9869
22;9913
28;9914
32;9915
37;9917
192;9918
2;9920
11;9928
183;9931
28;9937
38;9945
7;9948
22;9952
9;9965
183;9966
22;9967
7;9972
4;9974
27;9975
10;9986
30;10009
160;10011
57;10012
84;10013
341;10014
20;10015
11;10019
161;10027
23;10048
155;10050
5;10054
7;10056
1;10063
38;10070
31;10081
77;10105
582;10106
347;10107
67;10108
168;10109
3;10121
10;10122
10;10125
42;10126
12;10127
7;10128
22;10150
180;10152
8;10157
8;10159
170;10160
16;10161
18;10163
326;10201
297;10202
14;10203
70;10204
20;10222
14;10223
152;10234
2;10242
31;10245
164;10247
168;10249
28;10251
48;10254
64;10297
221;10298
18;10299
221;10300
166;10309
7;10311
39;10319
11;10320
4;10334
20;10341
186;10342
46;10344
20;10345
5;10346
30;10352
6;10356
40;10393
40;10395
188;10396
13;10413
98;10416
8;10434
23;10436
5;10439
20;10441
3;10447
2;10489
2;10490
5;10491
35;10499
19;10510
1;10512
28;10515
3;10541
15;10546
2;10551
28;10562
9;10572
9;10584
44;10585
68;10587
60;10588
31;10589
574;10590
37;10591
44;10592
59;10619
15;10621
10;10623
6;10641
157;10644
162;10646
3;10681
41;10682
9;10683
22;10684
31;10685
30;10686
12;10698
14;10709
27;10715
28;10717
25;10718
17;10721
29;10724
25;10733
70;10737
10;10739
13;10744
39;10777
16;10778
8;10779
27;10797
10;10798
30;10799
25;10800
11;10808
16;10810
9;10812
21;10818
45;10821
16;10822
7;10830
170;10832
27;10858
5;10873
98;10875
24;10876
9;10894
41;10895
30;10896
26;10901
2;10917
11;10920
4;10927
9;10929
3;10931
7;10969
52;10970
175;10971
36;10972
34;10982
3;10988
16;10989
594;10990
168;10991
21;10992
14;10995
11;11018
2;11019
16;11025
2;11027
9;11028
16;11037
62;11065
55;11066
58;11067
86;11068
22;11070
38;11087
13;11088
27;11101
12;11113
162;11118
13;11119
19;11120
39;11161
40;11162
48;11163
19;11164
3;11166
5;11168
17;11181
33;11182
28;11183
26;11184
15;11207
7;11211
9;11213
20;11214
33;11227
25;11257
156;11258
33;11259
15;11261
180;11262
2;11263
8;11284
11;11286
10;11291
174;11292
10;11293
58;11294
3;11295
4;11304
21;11305
17;11309
2;11310
10;11311
37;11312
34;11320
7;11330
8;11351
23;11355
72;11356
179;11357
34;11358
214;11359
23;11360
19;11367
29;11368
12;11379
25;11381
61;11385
6;11388
46;11389
22;11391
31;11392
13;11408
35;11412
4;11418
23;11427
57;11449
134;11451
14;11452
11;11467
16;11469
8;11470
30;11471
41;11472
31;11493
17;11504
26;11507
150;11508
165;11545
23;11546
36;11547
13;11548
22;11551
3;11555
19;11564
26;11565
28;11566
159;11567
39;11580
1;11587
27;11590
20;11641
734;11642
10;11643
20;11644
13;11668
27;11687
33;11691
3;11693
1;11695
17;11698
15;11737
80;11738
68;11739
155;11740
11;11742
3;11744
4;11757
3;11758
39;11759
169;11774
27;11786
12;11788
18;11792
33;11793
27;11806
36;11833
38;11834
13;11835
31;11836
24;11840
4;11849
26;11853
24;11856
39;11862
18;11867
41;11877
25;11880
4;11882
556;11887
22;11892
19;11929
13;11934
36;11935
38;11936
4;11938
22;11939
25;11942
24;11944
19;11960
170;11961
19;11962
21;11963
9;11964
1;11966
177;11968
4;11970
4;11982
162;11983
3;11985
12;11987
10;12016
21;12025
556;12028
33;12033
27;12037
8;12043
11;12050
17;12055
20;12057
12;12058
20;12059
8;12061
2;12062
28;12063
25;12065
22;12080
36;12086
14;12088
14;12103
36;12121
81;12122
54;12124
13;12128
8;12131
3;12132
185;12141
22;12143
12;12144
31;12154
11;12166
3;12169
20;12172
17;12175
22;12217
37;12218
49;12220
6;12228
165;12236
3;12237
14;12239
65;12240
25;12244
4;12259
158;12266
16;12267
8;12268
30;12272
6;12276
2;12313
20;12314
13;12315
8;12316
59;12333
3;12334
544;12335
7;12337
12;12362
71;12409
45;12410
39;12411
258;12412
5;12414
167;12421
161;12429
204;12432
11;12455
24;12456
8;12459
30;12461
2;12466
3;12467
15;12468
28;12484
47;12505
23;12506
219;12507
73;12508
4;12509
16;12522
30;12523
9;12525
2;12527
34;12528
21;12547
14;12550
18;12564
11;12577
5;12591
41;12601
5;12602
28;12604
10;12605
32;12606
109;12608
24;12615
25;12625
36;12629
3;12633
558;12634
18;12635
33;12636
155;12637
10;12644
6;12661
1;12675
10;12697
20;12698
48;12699
67;12701
43;12702
18;12704
20;12709
13;12716
4;12720
3;12722
19;12728
10;12730
161;12732
51;12733
3;12735
29;12736
169;12740
8;12741
173;12750
181;12757
19;12758
23;12793
45;12794
21;12795
37;12796
36;12798
20;12809
7;12814
31;12828
7;12835
3;12837
11;12839
26;12848
82;12889
8;12890
19;12891
48;12892
17;12901
157;12909
27;12921
7;12924
34;12937
10;12941
24;12943
1;12948
172;12983
227;12985
17;12986
42;12987
6;12988
9;12995
40;13006
21;13007
38;13008
2;13017
18;13022
7;13032
156;13033
12;13037
14;13039
1;13041
37;13057
4;13071
10;13081
79;13082
59;13083
57;13084
20;13101
27;13103
21;13104
159;13121
560;13128
2;13134
38;13140
43;13177
24;13178
15;13192
19;13197
422;13200
29;13202
18;13228
145;13235
8;13248
160;13273
20;13274
44;13275
7;13276
5;13277
40;13279
20;13280
12;13287
13;13298
20;13307
4;13308
22;13309
12;13310
165;13311
9;13328
35;13354
30;13370
16;13371
25;13372
1;13373
6;13374
15;13376
16;13383
158;13386
30;13401
19;13402
157;13403
6;13404
25;13405
24;13406
176;13407
4;13408
30;13411
29;13424
9;13426
26;13465
16;13466
90;13467
45;13468
12;13470
23;13486
31;13488
174;13489
164;13494
26;13513
9;13519
47;13561
47;13562
56;13563
186;13564
25;13568
6;13582
23;13583
30;13584
30;13592
5;13605
166;13617
8;13618
18;13619
7;13649
97;13657
9;13658
266;13659
75;13660
11;13668
9;13670
173;13677
158;13678
18;13679
28;13680
27;13695
15;13716
2;13729
204;13753
5;13754
96;13755
17;13756
17;13759
27;13763
25;13771
6;13773
23;13774
162;13789
149;13797
8;13798
23;13801
28;13803
10;13809
5;13811
14;13812
58;13849
198;13850
36;13852
8;13856
14;13859
21;13872
7;13887
30;13902
31;13906
1;13923
11;13943
3;13945
38;13946
2;13947
85;13948
85;13950
28;13951
30;13952
156;13978
16;13980
186;13982
4;13983
7;13988
35;13998
32;13999
175;14006
19;14007
3;14025
60;14041
38;14043
88;14044
34;14046
22;14047
30;14048
32;14051
20;14058
28;14060
576;14068
25;14074
176;14075
28;14077
30;14078
2;14080
16;14084
46;14093
23;14098
179;14103
28;14125
19;14138
69;14139
7;14140
13;14157
180;14158
11;14160
9;14162
55;14181
16;14183
15;14184
30;14189
19;14190
36;14192
163;14193
27;14207
28;14233
30;14234
1;14235
6;14236
2;14253
33;14255
2;14256
27;14290
1;14292
228;14329
78;14330
14;14331
18;14332
12;14348
73;14349
177;14350
13;14351
24;14352
11;14353
15;14377
5;14425
212;14427
163;14428
75;14446
27;14447
28;14448
21;14476
10;14480
11;14519
199;14521
200;14522
30;14523
72;14524
9;14541
9;14542
17;14543
4;14577
19;14579
2;14593
15;14617
32;14619
28;14620
28;14621
19;14622
41;14623
22;14624
6;14625
16;14644
4;14649
5;14650
26;14652
6;14655
23;14659
9;14662
10;14669
175;14670
2;14672
40;14677
2;14696
39;14713
57;14714
34;14717
35;14719
39;14721
12;14739
29;14747
2;14749
15;14750
23;14753
8;14755
187;14768
183;14769
9;14770
29;14771
9;14775
40;14809
32;14810
96;14811
165;14812
13;14829
12;14830
10;14831
28;14832
16;14860
14;14868
18;14887
9;14906
9;14907
46;14908
29;14920
8;14923
3;14928
6;14935
1;14936
3;14950
13;14952
7;14954
6;14961
1;14989
42;15001
6;15002
91;15003
27;15004
2;15009
15;15011
19;15022
5;15023
195;15024
10;15032
34;15051
6;15055
16;15059
15;15092
75;15097
213;15098
34;15100
10;15117
26;15118
59;15120
39;15141
35;15142
13;15145
32;15146
12;15153
31;15169
8;15193
59;15194
85;15195
43;15196
2;15216
9;15229
11;15241
13;15244
24;15286
4;15289
1;15291
9;15292
8;15293
169;15294
103;15295
165;15296
4;15298
6;15321
12;15322
6;15324
10;15326
10;15328
5;15329
10;15336
27;15337
68;15342
37;15350
17;15371
11;15384
41;15385
227;15386
57;15387
7;15388
2;15389
4;15391
13;15392
7;15407
63;15418
6;15420
17;15421
32;15423
166;15437
14;15445
565;15447
65;15481
56;15482
77;15483
9;15484
17;15497
32;15501
17;15502
40;15503
18;15519
156;15535
26;15538
45;15577
56;15579
180;15580
17;15586
59;15598
40;15600
7;15612
10;15613
9;15614
22;15624
30;15630
12;15631
16;15632
224;15673
45;15674
69;15675
217;15676
9;15686
10;15688
13;15690
3;15694
9;15695
2;15696
28;15704
8;15711
26;15719
30;15769
23;15770
40;15771
23;15772
22;15781
29;15786
14;15789
36;15790
21;15791
3;15801
48;15820
29;15831
49;15865
2;15866
15;15868
4;15888
549;15909
6;15914
31;15917
12;15924
12;15953
4;15961
2;15962
24;15963
18;15964
72;15965
131;15966
53;15968
34;15971
10;15973
563;15993
4;15996
36;15998
6;16004
18;16015
16;16019
3;16022
35;16023
15;16024
19;16036
156;16050
36;16057
38;16059
149;16060
36;16061
193;16062
192;16064
17;16079
1;16090
12;16091
20;16093
23;16094
13;16095
1;16098
161;16109
1;16113
26;16114
21;16144
45;16153
29;16154
48;16155
207;16156
2;16163
24;16173
1;16184
10;16200
31;16203
21;16204
15;16205
158;16208
27;16209
20;16212
24;16239
2;16249
36;16250
176;16251
87;16252
21;16271
163;16272
155;16285
3;16293
21;16297
20;16304
12;16319
62;16345
50;16346
20;16347
44;16348
6;16354
33;16362
15;16367
22;16368
22;16376
3;16390
31;16391
18;16394
187;16400
163;16402
6;16421
9;16441
185;16442
91;16443
63;16444
165;16461
47;16462
10;16463
197;16464
15;16466
31;16480
29;16485
3;16486
3;16487
11;16490
21;16493
26;16495
8;16500
35;16537
20;16538
1;16539
200;16540
4;16557
8;16558
65;16560
29;16572
18;16578
59;16590
15;16591
3;16634
54;16635
17;16636
41;16638
214;16639
24;16640
8;16662
21;16665
4;16666
40;16667
36;16669
43;16670
19;16693
159;16695
4;16707
25;16709
21;16730
13;16731
19;16732
59;16733
1;16734
184;16736
22;16743
34;16766
25;16768
162;16786
184;16789
32;16825
35;16826
35;16827
70;16828
12;16845
15;16846
10;16855
34;16870
28;16879
49;16921
43;16922
23;16923
87;16924
34;16941
22;16942
17;16943
10;16961
12;16974
4;16978
24;16980
37;17017
8;17018
45;17019
28;17020
6;17024
35;17034
25;17040
23;17049
3;17060
5;17064
16;17065
21;17067
11;17068
30;17073
96;17114
15;17116
33;17134
29;17135
195;17136
1;17140
20;17157
28;17163
13;17164
79;17209
62;17211
40;17212
28;17231
1;17248
161;17258
1;17260
29;17262
14;17263
9;17264
174;17305
4;17308
21;17309
60;17310
147;17312
3;17328
30;17337
79;17338
15;17339
41;17340
145;17343
17;17351
4;17355
22;17360
9;17367
14;17401
20;17402
202;17403
550;17405
74;17406
183;17407
62;17408
7;17411
39;17434
11;17438
30;17440
5;17453
13;17461
29;17463
3;17464
43;17497
5;17498
93;17499
37;17500
13;17508
163;17510
24;17518
22;17520
25;17542
14;17544
1;17546
9;17555
166;17568
12;17592
9;17593
38;17594
24;17595
356;17596
17;17600
17;17608
22;17613
14;17614
33;17628
6;17638
1;17641
26;17642
165;17646
14;17673
189;17689
24;17690
196;17691
55;17692
17;17710
18;17721
6;17733
10;17740
19;17741
26;17743
3;17748
66;17785
12;17786
13;17787
43;17788
34;17796
167;17799
52;17805
24;17806
19;17822
9;17832
14;17833
21;17836
10;17840
4;17844
52;17881
39;17882
26;17883
186;17884
165;17902
27;17903
30;17915
11;17925
12;17927
31;17936
5;17937
17;17978
23;17979
4;17980
20;17981
18;17982
53;17983
80;17984
8;18006
18;18009
16;18011
12;18013
12;18014
25;18015
29;18026
156;18035
167;18036
4;18039
32;18073
51;18074
35;18075
61;18076
50;18077
17;18078
24;18079
2;18081
28;18083
13;18094
37;18105
165;18107
166;18108
37;18110
22;18112
11;18121
20;18126
160;18129
11;18132
2;18133
28;18134
32;18147
51;18169
37;18170
12;18172
18;18189
42;18190
156;18191
10;18192
5;18213
159;18218
4;18223
1;18227
21;18249
172;18265
9;18266
162;18267
20;18268
14;18287
19;18300
5;18310
5;18311
22;18315
13;18316
19;18322
269;18361
21;18362
184;18363
31;18364
32;18383
17;18384
164;18406
6;18420
208;18457
14;18459
4;18460
15;18466
21;18468
25;18477
29;18478
13;18479
27;18480
20;18507
10;18508
23;18511
151;18514
3;18515
166;18553
12;18554
10;18555
46;18556
38;18568
6;18573
15;18582
11;18601
6;18604
17;18608
10;18611
27;18612
17;18635
12;18648
161;18649
29;18650
27;18651
20;18652
9;18653
17;18654
35;18655
195;18656
31;18666
14;18670
1;18672
21;18681
12;18682
41;18684
17;18685
32;18686
29;18699
12;18701
8;18709
16;18710
6;18745
3;18747
25;18749
26;18751
63;18777
27;18778
70;18781
24;18782
20;18784
22;18787
5;18798
30;18801
1;18803
1;18806
19;18808
56;18841
56;18842
3;18844
26;18862
47;18863
152;18864
9;18865
11;18871
15;18873
11;18891
27;18896
6;18899
15;18937
183;18938
158;18939
4;18960
161;18972
155;18981
6;18982
10;18993
8;18996
23;19028
23;19033
69;19034
3;19035
14;19047
16;19049
24;19053
15;19059
18;19061
1;19069
10;19072
9;19087
25;19088
25;19091
3;19123
51;19129
79;19130
195;19131
169;19132
24;19137
27;19149
30;19150
185;19151
8;19152
33;19155
15;19173
10;19176
1;19185
68;19226
16;19227
194;19228
4;19236
8;19245
327;19246
41;19247
10;19248
19;19258
3;19270
35;19275
2;19277
6;19282
31;19283
9;19321
27;19322
24;19324
13;19325
16;19327
18;19333
5;19345
24;19346
46;19353
25;19357
21;19359
30;19377
179;19378
5;19379
13;19381
171;19417
40;19420
30;19422
7;19424
48;19451
35;19452
9;19454
39;19455
25;19459
37;19472
29;19473
26;19475
28;19477
13;19479
22;19480
6;19513
51;19515
29;19516
23;19523
31;19533
7;19534
1;19535
23;19561
11;19563
25;19564
24;19565
9;19610
28;19612
11;19614
27;19623
9;19632
3;19655
4;19658
17;19662
25;19677
20;19699
167;19705
38;19707
64;19708
6;19725
41;19726
7;19762
4;19763
31;19802
168;19803
18;19804
48;19813
11;19821
15;19822
21;19824
6;19829
6;19830
18;19851
49;19897
76;19898
45;19899
31;19900
13;19916
57;19917
158;19941
15;19946
146;19949
8;19955
2;19956
25;19993
39;19994
34;19995
44;19997
35;19998
19;20000
17;20023
18;20025
161;20026
22;20027
19;20028
57;20029
37;20030
25;20031
27;20052
30;20053
22;20056
3;20071
8;20089
55;20090
20;20091
15;20092
44;20095
9;20096
2;20110
26;20122
1;20123
5;20127
25;20141
12;20144
8;20149
44;20185
32;20186
25;20187
3;20188
5;20192
13;20206
162;20208
35;20217
3;20219
7;20226
27;20229
16;20230
23;20235
15;20240
6;20243
19;20282
29;20283
44;20284
9;20301
35;20302
35;20307
12;20318
18;20328
6;20330
11;20334
24;20336
5;20337
105;20377
163;20378
3;20379
230;20380
14;20381
23;20382
10;20387
22;20398
27;20399
9;20400
21;20403
9;20428
15;20436
258;20473
68;20474
49;20475
68;20476
5;20477
21;20494
187;20495
11;20496
8;20517
5;20519
24;20525
22;20526
200;20569
33;20570
151;20571
60;20572
12;20581
20;20591
170;20592
10;20615
48;20624
159;20666
17;20667
25;20668
29;20670
70;20671
36;20672
13;20697
32;20698
27;20700
5;20705
18;20716
562;20719
7;20726
8;20760
43;20762
37;20763
59;20764
83;20766
3;20767
5;20768
17;20775
7;20779
5;20799
27;20813
8;20815
14;20817
9;20821
2;20823
26;20857
2;20858
61;20860
2;20871
188;20877
12;20880
3;20894
28;20897
33;20902
10;20906
27;20907
39;20915
35;20916
188;20953
204;20954
152;20955
8;20956
15;20965
25;20974
171;20975
156;20976
158;21006
27;21011
10;21014
54;21049
53;21050
38;21051
13;21052
34;21069
6;21071
157;21072
19;21106
44;21145
83;21146
29;21148
152;21155
7;21165
6;21166
7;21167
10;21168
26;21185
30;21195
16;21196
11;21198
20;21202
8;21221
19;21241
206;21242
212;21243
183;21244
13;21248
17;21262
3;21264
12;21286
23;21300
19;21316
21;21322
8;21338
41;21340
28;21341
33;21342
106;21343
158;21361
8;21363
30;21364
187;21366
17;21371
34;21372
153;21374
33;21376
14;21388
18;21390
83;21392
5;21395
3;21399
26;21413
13;21415
12;21416
19;21432
40;21433
27;21434
40;21435
72;21436
10;21437
1;21438
3;21439
59;21440
5;21448
11;21468
11;21472
32;21485
5;21487
5;21489
572;21494
16;21495
35;21517
58;21529
37;21530
48;21531
7;21532
19;21544
44;21550
3;21551
2;21552
8;21576
22;21578
24;21583
16;21587
3;21625
189;21626
35;21627
31;21628
21;21645
14;21646
8;21648
8;21655
14;21670
20;21672
10;21679
152;21680
11;21683
241;21721
11;21722
43;21723
29;21724
28;21731
17;21732
23;21742
582;21743
15;21770
20;21773
13;21779
121;21817
34;21818
59;21819
200;21820
26;21825
49;21839
22;21840
15;21842
6;21844
8;21856
13;21862
29;21866
30;21876
9;21885
176;21913
65;21915
12;21916
20;21926
13;21954
8;21957
27;21958
18;21959
8;21962
13;21967
5;21969
2;21972
19;21978
16;21989
24;22009
10;22010
146;22011
34;22012
9;22013
20;22014
29;22015
24;22023
12;22034
35;22038
28;22041
9;22043
13;22045
163;22046
8;22047
1;22054
9;22064
4;22065
1;22069
10;22071
46;22107
16;22108
34;22109
45;22111
23;22112
195;22139
12;22141
1;22143
13;22144
563;22159
21;22166
2;22181
61;22201
37;22202
43;22203
5;22213
31;22226
26;22245
19;22250
24;22251
14;22254
7;22257
1;22277
36;22297
1;22298
14;22299
105;22300
5;22303
15;22313
1;22314
42;22330
15;22337
5;22347
42;22393
163;22394
19;22395
37;22396
31;22410
23;22413
11;22416
12;22440
31;22443
7;22448
25;22451
9;22489
41;22490
3;22491
253;22492
13;22506
17;22511
563;22512
19;22523
2;22529
1;22531
4;22539
10;22541
10;22542
11;22585
211;22587
20;22606
17;22607
8;22632
3;22633
16;22643
21;22675
21;22681
41;22682
68;22683
16;22684
17;22685
67;22686
5;22688
2;22712
14;22713
3;22714
5;22717
3;22724
8;22734
1;22736
5;22744
17;22770
28;22778
195;22779
50;22781
5;22782
26;22783
7;22784
7;22797
15;22809
564;22810
2;22812
17;22814
18;22828
3;22833
168;22835
9;22837
25;22873
14;22875
68;22876
22;22893
18;22895
163;22918
12;22919
25;22923
9;22925
27;22926
26;22927
39;22929
11;22969
11;22970
15;22971
42;22972
19;22975
422;22979
12;22989
41;22991
18;23013
9;23014
12;23024
86;23065
198;23066
231;23067
10;23068
5;23094
554;23129
24;23161
34;23162
10;23163
2;23164
72;23181
34;23184
22;23203
25;23205
18;23206
166;23208
25;23210
16;23212
43;23257
39;23258
174;23260
20;23279
18;23301
2;23303
2;23306
34;23311
11;23316
27;23353
11;23355
28;23356
20;23357
36;23358
34;23360
28;23380
7;23387
157;23388
4;23389
209;23390
23;23392
37;23408
21;23409
3;23410
16;23412
10;23435
19;23439
24;23449
24;23450
17;23455
14;23456
24;23463
24;23477
24;23483
22;23487
6;23488
8;23494
20;23504
20;23506
42;23545
39;23546
86;23548
11;23589
9;23596
5;23597
32;23627
33;23641
20;23642
21;23643
35;23644
31;23652
46;23661
31;23687
8;23696
20;23697
20;23737
34;23739
51;23740
138;23758
19;23781
19;23787
23;23788
18;23790
165;23792
22;23833
48;23834
7;23835
58;23836
7;23842
16;23854
1;23877
13;23878
16;23879
17;23882
25;23888
10;23889
37;23929
21;23930
52;23931
32;23932
25;23940
7;23950
30;23951
9;23952
30;23973
5;23974
166;23975
173;23977
21;23980
18;23983
13;23984
188;23987
2;24025
17;24027
27;24028
38;24029
10;24030
10;24031
47;24032
163;24054
20;24057
21;24058
12;24061
90;24062
23;24068
30;24083
8;24103
63;24121
19;24122
160;24125
27;24127
11;24128
11;24132
29;24154
14;24156
33;24159
16;24160
13;24184
38;24218
7;24219
25;24220
8;24230
49;24237
27;24238
50;24239
153;24251
157;24258
19;24271
51;24272
231;24313
36;24314
180;24315
7;24316
5;24323
14;24352
155;24370
46;24409
9;24410
30;24412
7;24430
17;24432
25;24437
35;24455
6;24457
4;24466
16;24505
29;24506
78;24507
42;24508
8;24516
25;24517
33;24526
52;24528
37;24550
18;24551
4;24552
13;24553
5;24554
13;24557
26;24560
80;24601
605;24602
67;24604
31;24605
26;24614
36;24621
5;24623
2;24648
20;24697
5;24698
36;24699
7;24700
29;24701
30;24703
24;24704
34;24714
26;24729
22;24730
11;24732
35;24733
8;24735
11;24740
21;24749
1;24750
38;24753
17;24754
12;24793
15;24794
195;24795
38;24796
33;24797
20;24798
12;24799
18;24800
30;24814
9;24825
11;24829
32;24831
69;24832
16;24835
10;24851
32;24889
24;24890
16;24891
47;24892
25;24910
22;24911
7;24912
1;24915
2;24923
12;24926
170;24945
20;24948
60;24985
43;24986
31;24987
61;24988
18;24990
8;25006
188;25007
23;25036
8;25039
4;25040
162;25044
614;25081
15;25082
57;25083
15;25084
26;25086
28;25094
158;25101
34;25102
3;25103
36;25125
25;25132
8;25135
173;25136
12;25151
17;25177
59;25178
22;25179
80;25180
23;25197
40;25221
23;25225
8;25229
14;25234
37;25273
36;25275
202;25276
36;25293
10;25295
4;25296
22;25306
16;25317
3;25332
15;25370
35;25371
23;25372
196;25373
227;25374
5;25375
33;25380
160;25386
20;25391
10;25396
10;25402
28;25405
7;25423
30;25424
152;25425
18;25426
26;25436
18;25449
29;25464
19;25465
21;25466
12;25467
14;25468
27;25469
19;25470
22;25471
168;25481
9;25484
4;25486
3;25497
37;25498
12;25499
10;25501
1;25503
11;25504
6;25518
23;25519
168;25524
20;25525
30;25526
340;25561
44;25562
30;25563
47;25564
23;25569
33;25576
9;25581
22;25583
29;25584
4;25607
15;25615
36;25617
30;25618
59;25657
23;25658
28;25659
623;25660
33;25666
14;25677
7;25678
71;25679
40;25705
32;25707
25;25713
158;25753
205;25754
43;25755
35;25756
22;25761
14;25769
13;25772
6;25773
23;25775
8;25778
9;25797
7;25799
11;25800
14;25812
21;25849
240;25850
22;25851
34;25852
5;25869
8;25885
21;25899
86;25945
49;25946
622;25947
5;25949
23;25966
19;25967
3;25976
14;25989
4;25991
4;25993
31;25996
10;25998
17;26000
1;26003
28;26004
22;26023
18;26041
24;26042
15;26046
6;26047
26;26051
30;26052
161;26073
158;26074
24;26093
17;26096
5;26097
28;26101
36;26102
55;26121
9;26137
25;26139
61;26141
51;26142
5;26144
21;26169
26;26170
6;26172
12;26174
34;26192
159;26194
10;26195
9;26196
38;26199
4;26206
43;26233
165;26234
32;26235
42;26236
6;26253
30;26255
15;26282
27;26284
27;26292
40;26329
37;26330
78;26331
200;26332
27;26349
31;26352
1;26353
8;26372
11;26376
14;26378
10;26383
15;26385
12;26386
162;26425
70;26426
49;26427
24;26428
38;26430
10;26439
27;26445
154;26447
157;26448
27;26468
3;26477
2;26481
1;26482
24;26483
48;26521
36;26522
63;26523
39;26524
8;26530
4;26535
12;26541
7;26543
9;26561
14;26565
9;26571
21;26575
4;26579
19;26617
280;26618
4;26619
34;26620
18;26635
13;26638
21;26655
6;26661
8;26665
6;26669
2;26671
11;26672
32;26676
8;26713
167;26715
2;26716
187;26717
31;26718
45;26719
48;26720
1;26724
17;26731
6;26745
69;26746
20;26748
73;26752
26;26753
38;26767
31;26768
17;26782
1;26790
25;26792
23;26802
32;26811
17;26813
33;26815
9;26816
31;26841
33;26843
206;26844
32;26845
152;26847
22;26848
1;26857
14;26867
35;26870
169;26872
4;26876
1;26905
32;26906
89;26908
7;26918
164;26928
29;26941
9;26946
6;26951
23;26959
26;26960
13;26974
11;26991
229;27001
202;27002
4;27003
46;27004
6;27012
6;27021
29;27026
31;27040
2;27044
17;27050
12;27054
20;27055
28;27056
19;27057
6;27060
28;27097
61;27098
19;27099
30;27100
18;27105
37;27118
10;27119
10;27120
10;27139
154;27141
6;27149
15;27151
19;27152
221;27193
159;27194
17;27195
48;27196
12;27213
67;27214
32;27215
22;27237
4;27241
17;27252
42;27290
84;27291
23;27292
5;27306
21;27309
5;27311
6;27312
1;27314
16;27324
10;27336
7;27360
38;27371
12;27385
33;27386
4;27388
166;27389
63;27390
30;27391
15;27392
10;27396
8;27398
35;27420
23;27421
13;27439
21;27441
24;27447
99;27481
33;27482
7;27483
12;27484
9;27485
20;27486
40;27487
6;27488
16;27491
26;27496
27;27499
56;27514
2;27516
27;27519
10;27525
152;27540
27;27542
10;27543
16;27544
53;27577
8;27578
159;27579
244;27580
197;27597
28;27600
22;27602
152;27618
17;27621
11;27625
3;27626
11;27629
25;27636
27;27673
19;27674
43;27675
11;27676
16;27685
2;27687
17;27689
164;27693
41;27694
11;27695
13;27696
51;27721
7;27728
38;27769
161;27770
73;27771
51;27772
54;27790
35;27791
27;27792
5;27801
8;27816
5;27821
9;27865
226;27867
64;27868
6;27886
41;27888
22;27891
27;27910
41;27914
52;27923
161;27961
24;27962
7;27963
4;27964
9;27966
34;27982
19;27984
30;28009
28;28010
21;28019
11;28045
240;28057
24;28058
16;28059
182;28060
25;28061
27;28062
50;28063
33;28064
14;28082
3;28088
25;28089
2;28090
11;28094
50;28095
1;28104
21;28113
33;28115
18;28118
26;28120
3;28153
41;28154
20;28155
15;28156
52;28157
30;28158
71;28160
26;28178
48;28187
5;28188
8;28191
32;28205
23;28206
8;28210
37;28249
58;28250
182;28251
70;28252
36;28254
20;28262
27;28268
9;28271
33;28272
8;28298
3;28300
33;28304
14;28305
5;28335
71;28345
192;28346
27;28347
22;28348
6;28362
5;28367
20;28387
13;28391
10;28393
7;28402
22;28404
5;28440
23;28441
4;28442
234;28443
51;28444
19;28451
2;28457
20;28461
4;28463
29;28464
32;28472
35;28473
12;28484
9;28485
20;28491
24;28515
20;28537
121;28539
73;28540
10;28547
6;28548
33;28556
4;28557
13;28560
19;28567
3;28583
24;28584
14;28587
20;28633
210;28634
187;28635
1;28638
5;28653
2;28654
183;28655
23;28656
22;28659
6;28662
34;28668
19;28669
43;28684
17;28711
38;28729
20;28730
213;28731
28;28734
13;28735
14;28757
24;28761
8;28763
31;28765
1;28766
33;28781
2;28782
29;28785
5;28790
39;28824
3;28825
42;28826
7;28827
39;28829
23;28831
5;28832
29;28843
24;28854
2;28857
37;28862
24;28863
18;28869
1;28872
36;28876
21;28877
29;28880
36;28882
7;28921
15;28922
22;28924
30;28937
16;28941
46;28942
158;28943
1;28955
16;28957
171;28963
33;28964
6;28969
26;28972
1;28973
23;28975
20;28976
31;28977
4;29006
53;29017
83;29018
11;29019
34;29020
26;29025
3;29038
24;29063
14;29069
1;29075
350;29113
48;29114
68;29115
3;29118
24;29127
23;29134
24;29136
21;29150
160;29160
9;29162
11;29166
16;29168
116;29213
26;29214
383;29215
32;29216
19;29233
31;29234
18;29236
16;29258
165;29261
32;29262
5;29264
27;29309
6;29310
6;29311
30;29312
10;29316
6;29326
177;29330
37;29331
560;29335
10;29355
26;29358
14;29367
5;29368
36;29376
31;29395
60;29406
44;29408
2;29410
10;29411
153;29412
66;29440
6;29441
8;29442
27;29443
9;29454
42;29455
46;29468
27;29488
53;29501
27;29502
37;29504
24;29505
24;29506
61;29507
12;29508
9;29533
43;29534
6;29535
14;29536
49;29537
31;29543
8;29556
31;29560
26;29561
1;29564
9;29565
29;29586
197;29597
49;29598
38;29599
57;29600
23;29609
31;29617
5;29618
160;29622
33;29645
165;29646
30;29647
7;29649
88;29693
51;29694
19;29695
11;29696
5;29703
2;29704
8;29712
6;29713
24;29715
25;29719
12;29739
14;29744
6;29745
19;29746
15;29747
1;29752
42;29789
40;29790
29;29791
187;29792
11;29804
29;29810
22;29816
26;29822
169;29831
19;29833
9;29836
23;29848
40;29885
2;29886
70;29887
2;29891
40;29898
39;29905
177;29906
18;29910
19;29929
31;29936
158;29939
27;29940
184;29981
171;29982
187;29983
208;29984
23;30002
12;30004
3;30010
2;30030
1;30034
15;30037
11;30052
29;30078
30;30079
1;30080
6;30081
17;30082
26;30083
14;30084
26;30109
23;30111
37;30114
47;30115
30;30116
7;30119
26;30128
172;30129
36;30137
164;30173
11;30174
12;30175
31;30177
20;30178
163;30196
30;30202
9;30205
26;30208
27;30209
40;30210
8;30217
12;30220
4;30221
17;30226
23;30269
192;30270
39;30271
29;30272
27;30289
59;30291
9;30292
8;30306
30;30319
60;30365
57;30366
22;30367
625;30368
6;30374
1;30377
8;30379
4;30383
3;30385
11;30386
18;30391
25;30409
188;30414
18;30461
71;30462
35;30463
199;30464
22;30467
5;30478
13;30482
23;30483
45;30484
8;30487
21;30490
20;30494
1;30504
26;30505
6;30506
16;30507
13;30509
13;30511
27;30516
175;30517
38;30518
24;30557
21;30558
67;30559
24;30560
26;30573
33;30577
3;30578
1;30579
1;30580
7;30587
31;30603
28;30605
3;30606
6;30607
17;30610
28;30616
23;30632
167;30653
44;30654
22;30655
56;30656
13;30673
5;30689
148;30698
2;30702
9;30703
11;30711
17;30738
34;30749
17;30750
17;30751
19;30754
77;30755
1;30780
8;30785
17;30786
17;30787
27;30790
22;30799
40;30807
5;30808
28;30809
19;30814
19;30845
26;30847
150;30848
3;30850
20;30851
6;30852
17;30856
17;30858
5;30872
14;30879
16;30881
7;30882
8;30884
15;30901
11;30903
16;30941
26;30942
36;30943
243;30944
4;30954
11;30963
10;30964
12;30974
5;30996
18;31008
83;31037
18;31038
3;31039
36;31040
5;31057
225;31058
26;31060
9;31067
8;31074
5;31083
8;31086
1;31089
14;31093
175;31095
16;31131
29;31133
26;31134
22;31135
25;31136
8;31137
62;31153
12;31154
18;31156
7;31179
11;31180
5;31183
37;31184
11;31188
165;31190
10;31191
21;31229
17;31230
43;31231
34;31232
30;31234
6;31237
19;31244
18;31245
3;31247
19;31251
29;31252
23;31262
10;31270
15;31277
3;31281
224;31325
161;31326
61;31328
1;31339
17;31347
16;31354
33;31371
36;31372
13;31375
13;31377
1;31380
23;31383
61;31421
4;31422
37;31425
29;31426
67;31427
151;31428
32;31430
1;31455
8;31456
9;31458
24;31459
5;31464
16;31465
22;31478
29;31481
2;31516
37;31517
2;31520
12;31521
52;31522
16;31523
6;31546
160;31549
27;31550
4;31551
192;31554
177;31556
2;31569
3;31570
13;31571
4;31573
13;31574
7;31575
39;31582
219;31613
39;31614
54;31615
75;31616
25;31632
10;31633
32;31634
35;31636
19;31637
5;31641
25;31651
45;31663
1;31666
7;31672
77;31709
17;31710
15;31711
46;31712
25;31717
14;31718
23;31726
11;31732
7;31747
7;31756
36;31764
195;31768
594;31806
337;31807
25;31808
14;31825
217;31827
2;31851
3;31854
32;31856
8;31859
23;31885
26;31901
15;31902
87;31903
168;31904
5;31922
30;31923
11;31924
16;31953
10;31954
36;31996
83;31997
46;31998
44;31999
10;32000
11;32017
35;32018
48;32019
2;32020
9;32042
3;32043
28;32044
8;32045
3;32048
1;32053
19;32068
7;32081
26;32089
3;32092
48;32093
17;32094
26;32095
31;32096
23;32097
339;32098
6;32099
9;32100
2;32127
38;32128
2;32129
10;32132
21;32134
15;32139
6;32142
33;32146
571;32147
12;32148
20;32154
17;32156
2;32159
15;32181
4;32189
26;32191
173;32192
16;32193
182;32194
92;32196
157;32206
1;32213
36;32221
47;32223
726;32224
24;32226
26;32236
21;32248
26;32249
24;32250
31;32252
13;32261
43;32285
30;32286
14;32287
47;32288
44;32305
26;32306
12;32307
5;32308
13;32328
30;32334
37;32337
29;32338
19;32343
1;32352
206;32381
72;32382
23;32383
5;32384
209;32401
7;32402
10;32403
31;32404
13;32415
166;32420
21;32425
13;32429
1;32477
12;32478
27;32479
34;32480
3;32486
22;32488
8;32490
35;32497
1;32498
42;32499
16;32513
7;32518
8;32523
15;32525
11;32541
268;32573
28;32574
61;32575
77;32576
38;32584
19;32591
8;32593
19;32595
13;32601
17;32618
156;32622
21;32625
3;32627
6;32628
14;32629
17;32631
125;32669
32;32670
58;32671
68;32672
26;32685
22;32689
12;32690
6;32691
6;32699
11;32704
20;32706
12;32719
31;32722
5;32765
32;32766
154;32767
9;32768
7;32769
37;32771
47;32772
18;32793
32;32794
64;32799
5;32800
36;32803
4;32808
15;32819
4;32820
4;32823
2;32828
179;32861
15;32863
3;32864
19;32865
15;32866
29;32867
3;32871
17;32876
8;32877
20;32884
16;32885
189;32894
32;32895
5;32896
1;32897
18;32899
146;32908
15;32913
29;32918
19;32921
557;32953
66;32957
56;32958
224;32959
55;32960
36;32977
27;32978
11;32979
24;33001
31;33006
43;33011
185;33013
25;33014
50;33053
60;33055
4;33062
1;33074
1;33075
31;33076
30;33097
34;33098
17;33100
22;33137
33;33149
606;33150
5;33151
46;33152
1;33165
21;33169
17;33170
1;33171
4;33185
10;33196
34;33207
76;33245
56;33246
96;33247
32;33248
1;33249
158;33267
5;33268
5;33278
25;33289
26;33290
19;33291
83;33341
193;33342
184;33343
99;33344
28;33361
20;33362
32;33368
15;33375
11;33397
6;33399
30;33400
24;33438
50;33439
27;33440
13;33441
51;33443
8;33444
27;33463
13;33466
21;33472
19;33473
21;33476
25;33489
2;33491
17;33492
24;33493
18;33497
5;33498
3;33517
149;33533
19;33534
210;33535
9;33536
37;33537
54;33539
58;33540
30;33546
26;33562
402;33566
10;33567
47;33569
15;33576
4;33586
52;33587
12;33588
17;33589
18;33591
5;33595
15;33617
107;33629
71;33630
30;33631
82;33632
3;33636
1;33647
30;33650
6;33652
18;33665
16;33680
30;33688
78;33726
343;33727
43;33728
50;33748
150;33755
11;33757
10;33765
7;33773
11;33775
33;33776
6;33781
11;33783
188;33821
30;33822
5;33823
186;33824
7;33826
8;33832
6;33840
166;33842
39;33843
13;33856
6;33860
7;33864
12;33866
10;33873
15;33889
94;33917
35;33919
24;33920
1;33929
10;33934
16;33936
71;34013
50;34014
21;34015
18;34016
19;34033
13;34035
62;34036
9;34054
20;34055
19;34062
21;34065
3;34090
12;34109
11;34110
21;34111
53;34112
25;34113
18;34114
36;34115
8;34116
27;34131
42;34145
19;34146
18;34157
33;34167
31;34168
8;34171
10;34200
23;34205
167;34206
11;34207
40;34208
35;34209
44;34210
8;34212
28;34225
31;34234
26;34238
611;34239
50;34241
23;34242
3;34252
3;34257
31;34258
7;34261
22;34267
4;34268
37;34301
351;34302
217;34303
47;34304
12;34305
27;34321
1;34324
3;34336
28;34345
2;34351
7;34354
177;34355
27;34359
9;34360
5;34376
10;34397
15;34398
47;34399
57;34400
170;34417
17;34418
3;34419
27;34420
12;34425
157;34429
24;34432
24;34442
25;34443
5;34444
39;34493
6;34494
58;34495
289;34496
3;34505
9;34516
13;34526
13;34541
17;34553
4;34565
34;34580
213;34589
29;34590
6;34591
54;34592
40;34612
22;34630
41;34634
11;34640
6;34643
61;34685
122;34686
87;34687
64;34688
15;34692
12;34700
7;34706
166;34708
34;34729
34;34730
8;34736
12;34742
26;34781
29;34783
30;34784
28;34787
29;34788
159;34791
20;34792
30;34793
27;34813
21;34815
44;34816
28;34817
23;34825
9;34829
8;34832
1;34840
2;34842
5;34877
173;34878
50;34879
7;34880
24;34881
3;34882
55;34884
27;34886
16;34902
2;34908
57;34910
19;34912
26;34913
7;34915
53;34916
6;34918
25;34931
160;34932
21;34933
160;34934
44;34937
16;34942
20;34968
60;34974
24;34975
33;34976
5;34983
159;34991
7;34992
5;34993
23;34994
29;34995
24;34996
28;35018
16;35024
29;35028
