27;29
45;30
50;31
80;32
12;33
26;35
25;45
46;49
67;50
7;51
36;76
29;77
48;80
48;84
7;85
2;87
77;125
338;126
31;127
73;128
21;140
19;142
14;145
2;146
171;147
23;158
22;161
5;169
12;175
20;180
18;182
31;184
10;203
27;221
81;223
74;224
10;242
157;243
35;244
5;262
30;268
1;273
13;275
13;276
185;277
8;278
6;280
33;317
399;318
230;319
20;339
46;354
16;361
21;362
3;364
10;365
1;366
3;367
5;372
7;375
68;413
91;414
35;415
16;416
4;425
26;435
160;436
4;445
17;449
24;457
5;458
29;460
28;465
11;469
29;484
2;489
160;510
2;511
30;512
14;513
36;514
61;515
187;516
559;518
28;541
59;542
24;543
48;544
25;545
13;546
9;547
64;548
18;549
18;558
39;564
2;566
21;567
3;569
1;570
13;574
24;595
36;605
32;606
22;607
20;608
27;609
38;610
3;611
20;612
34;616
25;618
6;638
4;639
22;644
5;652
20;653
2;662
6;663
40;665
11;684
176;701
49;702
89;703
228;704
10;717
14;721
2;723
5;724
22;744
17;747
17;750
44;755
2;760
15;795
69;797
10;798
67;799
57;800
557;801
27;803
9;811
137;815
11;817
12;818
11;819
39;820
9;825
8;833
17;835
4;840
12;841
155;853
17;855
15;893
110;894
37;895
57;896
2;913
21;914
26;915
3;922
13;928
11;942
13;944
31;948
19;949
6;958
38;989
50;990
155;991
1;1007
552;1010
3;1011
11;1028
21;1033
7;1036
25;1037
21;1043
34;1047
47;1085
26;1086
40;1087
213;1088
8;1098
11;1099
14;1105
118;1107
9;1112
7;1114
14;1134
9;1170
6;1173
14;1181
55;1182
159;1183
4;1184
28;1185
177;1186
38;1187
61;1188
6;1196
155;1197
23;1205
17;1206
9;1213
33;1215
28;1216
22;1217
69;1218
9;1221
5;1225
12;1236
11;1241
9;1243
21;1250
42;1277
2;1278
12;1280
93;1282
201;1283
5;1286
53;1297
18;1298
28;1306
92;1309
18;1310
6;1311
71;1312
16;1315
2;1333
12;1338
14;1339
68;1373
36;1374
116;1375
364;1376
29;1385
37;1393
4;1394
582;1395
147;1396
4;1399
2;1401
6;1411
159;1417
23;1422
33;1423
15;1427
167;1432
250;1469
28;1470
26;1471
51;1472
154;1488
5;1489
14;1490
55;1491
4;1496
1;1507
168;1512
25;1517
355;1565
181;1566
80;1567
38;1568
3;1572
10;1578
28;1585
41;1586
47;1587
178;1588
10;1593
172;1600
36;1610
32;1611
2;1619
14;1621
52;1623
34;1661
42;1662
66;1663
57;1664
147;1665
6;1667
18;1669
157;1676
3;1680
43;1681
10;1682
35;1683
4;1684
14;1692
7;1694
7;1706
35;1710
14;1712
15;1716
22;1717
25;1720
352;1758
804;1759
76;1760
3;1775
1;1776
20;1777
159;1778
29;1780
7;1792
29;1795
39;1802
154;1803
3;1814
183;1853
59;1855
564;1856
34;1857
49;1858
15;1859
163;1860
12;1863
2;1868
47;1885
183;1886
14;1887
165;1888
14;1889
21;1890
38;1891
2;1905
161;1910
37;1915
25;1918
10;1926
3;1932
44;1950
23;1951
209;1952
320;1953
36;1955
65;1956
14;1974
29;1982
163;1983
165;1984
30;1985
168;1986
7;1995
10;2002
1;2003
2;2008
36;2045
53;2046
37;2047
39;2048
13;2065
42;2067
10;2068
8;2074
18;2075
22;2089
21;2090
27;2091
3;2095
54;2096
24;2097
7;2102
151;2103
19;2123
12;2133
38;2141
158;2142
107;2143
71;2144
16;2151
167;2153
15;2154
28;2161
18;2162
176;2163
6;2164
18;2166
4;2174
4;2177
24;2188
9;2192
18;2198
9;2200
227;2237
84;2238
19;2239
52;2240
23;2241
39;2243
46;2257
56;2258
31;2260
9;2275
5;2285
8;2288
6;2289
10;2291
154;2296
29;2299
213;2333
124;2334
27;2335
76;2336
2;2340
164;2349
33;2352
17;2354
12;2355
11;2369
26;2376
40;2379
189;2392
160;2422
41;2429
220;2430
173;2431
29;2432
3;2437
2;2442
20;2445
158;2449
56;2450
44;2452
1;2460
1;2476
18;2477
2;2480
23;2483
11;2487
171;2526
15;2527
4;2528
62;2529
17;2530
202;2532
9;2533
17;2556
69;2558
27;2559
28;2560
27;2562
5;2572
8;2576
6;2583
7;2584
1;2585
64;2621
42;2622
27;2623
17;2624
33;2625
24;2626
68;2628
24;2641
6;2645
31;2646
13;2649
20;2652
29;2653
15;2654
29;2655
5;2657
8;2658
6;2659
26;2663
548;2664
6;2676
26;2679
7;2681
32;2682
3;2683
10;2694
59;2717
35;2718
18;2719
163;2720
32;2731
18;2737
41;2738
168;2739
252;2740
12;2741
4;2757
17;2759
28;2761
5;2762
20;2764
28;2767
29;2769
19;2775
56;2814
7;2815
33;2816
2;2823
7;2828
4;2834
29;2835
14;2836
31;2849
10;2857
27;2860
33;2870
563;2871
4;2872
215;2909
10;2910
42;2911
61;2912
18;2923
154;2927
28;2929
22;2930
31;2931
40;2932
20;2956
12;2961
14;2962
20;2963
197;2966
7;2976
118;3005
61;3006
97;3007
61;3008
35;3015
15;3025
5;3026
16;3027
24;3028
1;3036
28;3044
2;3045
1;3051
3;3055
29;3059
27;3062
1;3063
259;3101
24;3102
92;3103
73;3104
26;3105
240;3122
10;3126
18;3134
20;3135
16;3138
162;3145
27;3148
1;3150
178;3158
7;3162
186;3197
27;3199
27;3200
19;3201
62;3202
79;3203
12;3209
4;3219
10;3229
19;3231
18;3233
18;3235
13;3238
10;3240
8;3254
23;3257
27;3258
13;3259
10;3271
2;3272
28;3279
11;3293
30;3294
41;3295
34;3296
11;3297
16;3298
8;3299
18;3300
8;3303
9;3304
19;3311
11;3325
7;3327
27;3328
9;3347
33;3348
13;3354
15;3355
1;3356
209;3389
46;3390
36;3391
46;3392
14;3393
23;3395
25;3398
4;3410
42;3412
25;3435
5;3436
17;3437
27;3438
38;3440
6;3441
4;3443
26;3444
20;3448
46;3485
12;3486
56;3487
50;3488
21;3491
16;3506
13;3508
18;3510
4;3542
18;3581
15;3582
29;3583
62;3584
15;3600
35;3601
3;3603
67;3604
49;3612
1;3625
30;3626
157;3631
5;3632
25;3634
22;3636
59;3677
627;3678
39;3679
183;3680
33;3685
14;3693
57;3699
4;3713
162;3715
18;3721
2;3724
33;3726
30;3731
565;3734
30;3735
159;3756
84;3773
42;3774
195;3775
117;3776
42;3795
31;3796
38;3801
15;3804
4;3811
18;3819
5;3821
18;3824
26;3825
33;3827
17;3831
10;3832
5;3833
27;3849
14;3869
12;3870
66;3871
25;3872
87;3873
27;3874
22;3875
61;3876
29;3890
52;3901
3;3902
12;3904
170;3908
16;3909
161;3928
29;3931
35;3932
19;3941
7;3956
34;3965
20;3966
309;3967
85;3968
58;3969
160;3970
164;3972
7;3976
18;3977
13;3997
58;3998
54;4002
13;4003
70;4004
2;4017
8;4018
19;4020
4;4024
37;4025
14;4028
29;4031
19;4061
49;4062
48;4063
94;4064
37;4082
46;4083
601;4084
162;4085
155;4107
45;4109
30;4110
29;4117
16;4119
13;4120
9;4141
34;4157
220;4158
38;4159
53;4160
25;4161
13;4165
16;4169
27;4177
11;4179
19;4180
2;4186
2;4195
25;4204
3;4206
1;4207
16;4210
20;4214
9;4223
67;4253
207;4254
84;4255
60;4256
27;4273
59;4274
10;4275
567;4282
155;4304
13;4305
20;4309
11;4312
6;4315
104;4349
67;4350
173;4351
6;4352
25;4369
27;4370
49;4371
35;4372
4;4378
31;4403
42;4406
3;4408
10;4414
29;4435
17;4445
70;4446
100;4447
14;4448
33;4449
14;4453
147;4456
17;4465
27;4466
34;4467
2;4470
6;4482
28;4489
34;4497
22;4501
29;4502
325;4541
27;4543
77;4545
36;4546
108;4547
8;4548
35;4562
25;4563
20;4568
25;4570
175;4574
32;4575
22;4577
25;4582
14;4587
598;4594
22;4597
3;4598
18;4599
8;4601
6;4618
10;4631
57;4637
168;4639
15;4640
18;4641
182;4642
58;4643
302;4644
7;4652
25;4657
17;4660
56;4670
65;4672
63;4674
170;4676
3;4677
6;4679
5;4691
8;4698
170;4719
219;4733
281;4734
119;4735
64;4736
10;4741
32;4742
34;4743
11;4753
37;4754
8;4755
9;4756
35;4758
19;4767
172;4780
4;4781
6;4784
14;4787
320;4829
66;4830
46;4831
28;4832
12;4836
157;4837
3;4850
19;4851
10;4852
36;4873
6;4883
41;4925
28;4926
17;4927
36;4928
27;4930
30;4932
22;4933
169;4936
14;4940
5;4942
32;4945
47;4946
64;4947
2;4948
6;4958
6;4968
575;4971
8;4972
30;4973
10;4978
156;4979
25;4981
16;4982
97;5021
61;5022
35;5023
82;5024
171;5028
24;5035
24;5039
6;5045
195;5066
10;5068
3;5074
2;5078
18;5087
47;5117
29;5118
45;5119
2;5120
162;5126
29;5127
20;5134
12;5137
30;5138
45;5140
7;5148
29;5151
21;5162
4;5164
20;5166
14;5170
8;5172
43;5175
35;5184
28;5213
54;5214
184;5215
59;5216
79;5217
46;5218
205;5219
162;5220
39;5233
16;5236
154;5245
2;5246
52;5247
38;5250
35;5251
20;5252
16;5270
27;5272
39;5300
2;5303
26;5310
21;5311
16;5312
48;5315
9;5316
2;5333
15;5335
11;5343
28;5344
19;5346
20;5360
2;5363
169;5368
11;5392
47;5405
62;5406
44;5407
54;5408
20;5411
62;5425
44;5426
45;5427
57;5428
19;5431
5;5441
20;5449
31;5452
1;5453
191;5458
49;5501
9;5502
17;5503
74;5504
21;5514
37;5515
40;5522
8;5524
12;5534
24;5544
21;5545
36;5546
32;5549
12;5555
16;5597
74;5598
62;5599
46;5600
6;5603
13;5610
5;5617
56;5618
17;5619
25;5620
2;5628
6;5631
17;5645
11;5651
732;5693
221;5694
71;5695
219;5696
29;5714
9;5716
21;5718
14;5733
71;5738
26;5739
28;5741
161;5750
36;5751
26;5752
18;5755
50;5789
100;5790
45;5791
37;5792
21;5797
13;5803
39;5809
20;5810
47;5811
19;5812
159;5815
2;5838
14;5839
164;5841
4;5845
153;5848
62;5885
16;5886
88;5888
44;5889
30;5890
32;5891
8;5892
12;5903
24;5921
25;5922
12;5923
11;5924
6;5938
31;5943
73;5946
23;5948
3;5956
102;5981
15;5983
11;5984
22;5985
23;5988
8;5989
15;5996
7;6003
159;6006
23;6007
171;6012
9;6013
12;6015
26;6017
17;6018
11;6019
22;6024
9;6035
25;6039
20;6043
165;6058
207;6077
220;6078
38;6079
57;6080
28;6084
5;6091
28;6099
29;6102
1;6126
14;6128
10;6129
31;6131
34;6173
9;6174
96;6175
23;6176
37;6177
7;6180
16;6191
4;6192
23;6193
47;6194
5;6216
7;6218
12;6222
17;6229
74;6269
186;6270
13;6271
12;6272
1;6288
34;6290
8;6291
8;6292
10;6305
5;6310
17;6313
22;6314
13;6319
9;6320
69;6325
31;6327
32;6365
46;6366
62;6367
272;6368
11;6373
28;6385
1;6388
33;6396
9;6404
41;6415
22;6422
10;6461
217;6462
268;6463
2;6475
5;6481
41;6482
59;6484
26;6487
13;6489
34;6499
6;6508
47;6509
17;6510
151;6515
26;6516
2;6545
3;6550
25;6557
8;6558
17;6559
24;6560
33;6561
3;6562
34;6564
45;6589
30;6590
10;6591
191;6593
19;6596
26;6607
25;6611
8;6614
9;6622
10;6629
37;6640
15;6650
31;6653
16;6655
35;6656
9;6657
44;6658
208;6659
188;6660
13;6666
22;6671
17;6684
24;6685
5;6686
14;6687
54;6688
184;6689
7;6692
25;6705
4;6707
9;6708
61;6709
4;6711
33;6712
2;6713
14;6716
195;6749
282;6750
56;6751
13;6752
29;6757
7;6759
17;6767
8;6770
8;6771
16;6772
3;6778
8;6779
151;6799
14;6800
2;6802
23;6804
28;6805
3;6806
33;6808
57;6845
16;6846
127;6847
43;6848
29;6866
70;6868
15;6889
1;6893
22;6894
29;6895
26;6896
159;6897
38;6899
1;6901
16;6904
25;6915
30;6941
33;6942
68;6943
28;6944
2;6946
30;6954
20;6957
53;6961
1;6962
4;6963
85;6964
161;6968
2;6972
14;6974
15;6975
18;6979
30;6981
27;6988
35;6990
4;6994
36;6995
2;7000
6;7027
64;7037
37;7038
10;7039
212;7040
34;7048
26;7052
8;7054
24;7057
24;7058
166;7059
11;7062
27;7066
11;7071
24;7083
12;7089
10;7106
86;7133
64;7134
219;7135
77;7136
10;7138
48;7153
13;7154
165;7161
22;7172
40;7175
20;7177
9;7185
171;7189
14;7190
13;7212
26;7229
67;7230
40;7231
177;7232
33;7233
56;7234
48;7235
18;7236
22;7252
9;7261
11;7262
13;7263
35;7264
7;7265
40;7266
41;7267
1;7273
30;7288
198;7292
40;7320
176;7323
6;7325
623;7326
34;7327
33;7328
11;7329
48;7331
38;7332
2;7336
10;7342
15;7358
350;7359
8;7361
104;7362
31;7363
26;7377
14;7380
3;7383
14;7384
7;7388
34;7389
39;7421
73;7422
62;7423
31;7424
32;7441
9;7466
4;7468
22;7470
36;7476
4;7507
97;7517
37;7518
9;7519
4;7520
4;7537
30;7538
164;7539
14;7550
22;7562
32;7563
12;7566
36;7573
7;7575
13;7613
233;7614
79;7615
83;7616
3;7620
166;7630
27;7632
18;7634
36;7636
13;7657
34;7659
15;7661
14;7663
17;7664
175;7666
6;7667
16;7670
26;7709
90;7710
30;7711
43;7712
6;7714
6;7716
3;7718
40;7730
4;7731
28;7732
13;7753
55;7758
31;7761
7;7768
87;7805
140;7806
70;7807
17;7808
19;7827
7;7828
22;7836
165;7842
149;7849
35;7852
8;7854
21;7855
4;7856
5;7859
6;7862
26;7864
16;7872
4;7884
4;7898
26;7901
777;7902
57;7903
45;7904
34;7905
25;7906
141;7907
1;7908
1;7912
11;7917
13;7920
163;7923
195;7933
162;7934
29;7937
37;7938
12;7939
28;7940
29;7947
12;7953
173;7954
4;7957
26;7960
28;7997
23;7998
157;7999
49;8000
36;8001
93;8002
46;8003
9;8004
16;8005
23;8012
21;8029
32;8030
3;8033
4;8034
26;8036
40;8039
10;8045
25;8047
19;8049
10;8050
6;8060
172;8093
25;8094
180;8095
13;8096
9;8100
150;8114
1;8115
32;8119
12;8126
3;8138
19;8142
51;8148
13;8151
69;8189
21;8190
191;8191
157;8192
28;8204
11;8209
101;8211
5;8212
12;8230
20;8237
1;8238
10;8240
16;8242
38;8245
25;8247
119;8285
33;8286
3;8287
177;8288
18;8298
37;8305
3;8306
19;8307
22;8308
23;8329
43;8335
8;8337
10;8338
31;8340
14;8343
24;8357
71;8381
63;8382
341;8383
7;8384
33;8390
22;8393
35;8394
17;8401
12;8402
154;8408
5;8410
4;8428
9;8434
35;8435
3;8454
39;8458
12;8469
19;8477
68;8478
44;8479
26;8480
5;8495
5;8497
24;8498
31;8499
17;8509
11;8521
15;8529
8;8530
23;8532
23;8533
32;8534
36;8536
14;8560
59;8573
188;8574
22;8576
314;8577
12;8578
23;8579
37;8580
25;8588
3;8598
14;8600
63;8605
42;8606
58;8607
9;8608
23;8612
9;8628
166;8629
15;8632
16;8633
4;8635
186;8666
34;8667
5;8668
51;8669
5;8670
8;8671
173;8675
2;8677
155;8681
9;8682
16;8685
2;8697
67;8698
17;8701
24;8702
30;8707
10;8708
3;8714
17;8722
28;8723
17;8724
23;8725
161;8726
14;8757
60;8761
385;8762
20;8763
6;8781
5;8782
5;8784
9;8799
10;8814
20;8815
12;8816
6;8817
2;8819
15;8831
25;8857
11;8858
41;8859
216;8860
155;8862
27;8878
33;8879
182;8880
23;8882
22;8890
4;8903
17;8905
22;8907
564;8911
25;8914
3;8920
89;8953
248;8954
21;8955
21;8956
8;8960
28;8974
28;8975
24;8976
2;8980
18;8984
14;8989
156;8990
11;8998
5;8999
31;9006
16;9008
22;9015
83;9049
230;9050
436;9051
55;9052
159;9056
18;9069
62;9070
13;9071
159;9072
9;9074
26;9081
9;9083
18;9096
1;9098
18;9099
161;9103
39;9105
17;9106
2;9108
30;9123
60;9145
47;9146
44;9147
24;9148
188;9161
4;9162
153;9164
165;9165
29;9167
37;9176
1;9189
15;9190
157;9192
1;9193
27;9194
10;9199
16;9201
12;9215
25;9230
2;9241
206;9242
302;9243
30;9244
18;9245
36;9246
49;9247
36;9248
10;9258
31;9259
1;9267
5;9270
4;9274
4;9276
29;9277
3;9278
181;9280
24;9287
17;9291
85;9293
42;9295
34;9297
11;9303
32;9305
7;9337
12;9338
13;9339
15;9340
222;9341
49;9343
27;9344
5;9345
28;9360
31;9370
6;9372
27;9374
10;9375
47;9376
18;9382
26;9390
16;9393
19;9397
25;9399
177;9433
7;9434
182;9435
312;9436
62;9453
4;9454
29;9455
28;9468
1;9479
32;9482
8;9485
28;9487
3;9492
194;9529
80;9530
178;9531
3;9532
22;9535
20;9548
43;9550
57;9551
148;9552
9;9553
5;9569
31;9580
7;9581
1;9587
78;9625
93;9626
243;9627
26;9628
151;9630
1;9646
13;9647
28;9648
27;9668
162;9670
4;9672
13;9673
171;9674
15;9682
31;9683
165;9687
25;9721
238;9722
53;9723
32;9724
213;9741
23;9742
34;9744
16;9747
28;9753
161;9760
554;9767
11;9771
4;9772
305;9817
39;9818
106;9819
33;9820
18;9825
7;9832
28;9837
40;9840
27;9859
22;9863
15;9865
5;9866
12;9870
9;9871
26;9872
6;9873
9;9874
36;9876
61;9913
30;9914
3;9915
52;9916
330;9917
36;9919
18;9920
17;9927
5;9945
9;9946
43;9947
19;9949
7;9950
57;9952
26;9953
11;9965
15;9966
17;9968
25;9970
27;9975
4;9991
29;9995
16;10000
36;10009
11;10011
57;10012
51;10013
34;10015
16;10016
18;10021
163;10027
7;10035
23;10042
42;10043
39;10044
16;10045
17;10046
36;10047
8;10048
2;10051
19;10055
32;10063
2;10065
5;10066
40;10067
18;10068
25;10069
5;10072
208;10105
40;10106
56;10107
18;10108
24;10117
183;10125
575;10127
28;10128
24;10138
29;10152
5;10153
20;10154
16;10157
4;10187
162;10201
49;10202
186;10203
54;10204
3;10214
16;10216
67;10222
6;10224
21;10237
57;10239
2;10245
152;10246
11;10248
28;10250
3;10251
11;10260
197;10297
48;10298
49;10299
64;10300
2;10301
14;10319
4;10341
5;10345
14;10349
11;10353
167;10357
81;10393
61;10394
24;10395
49;10396
5;10397
24;10413
7;10416
7;10437
20;10442
152;10446
165;10449
33;10450
16;10452
104;10489
8;10490
244;10491
59;10492
6;10498
25;10499
38;10502
176;10503
17;10511
56;10512
11;10515
20;10538
38;10540
14;10542
12;10547
19;10558
1;10582
37;10585
30;10588
160;10589
41;10591
23;10592
10;10604
33;10606
17;10610
22;10611
2;10617
67;10619
174;10620
6;10622
9;10623
31;10638
11;10642
1;10645
16;10669
25;10681
44;10684
17;10685
14;10686
8;10687
37;10688
31;10692
15;10697
38;10713
17;10733
26;10735
31;10737
49;10738
32;10742
1;10745
19;10750
3;10770
25;10777
281;10778
200;10779
64;10780
21;10797
20;10798
17;10799
24;10800
13;10801
174;10807
1;10826
11;10830
4;10833
7;10850
390;10873
1;10874
98;10875
67;10876
26;10878
8;10880
20;10893
13;10894
11;10895
194;10896
8;10913
36;10917
15;10918
155;10923
11;10925
38;10926
1;10927
156;10937
7;10969
77;10970
183;10971
34;10972
20;10989
64;10990
3;10991
248;10992
4;11013
8;11015
8;11018
25;11021
40;11022
36;11028
66;11065
99;11066
285;11068
11;11070
13;11073
34;11074
19;11076
6;11081
5;11085
23;11087
6;11088
12;11109
11;11111
3;11113
20;11117
7;11119
4;11121
12;11161
67;11162
52;11163
52;11164
10;11177
27;11183
38;11184
9;11200
6;11205
179;11211
14;11213
19;11214
4;11217
28;11218
1;11223
3;11235
14;11236
9;11242
19;11257
29;11258
21;11259
25;11260
705;11262
1;11263
24;11264
14;11267
21;11269
25;11271
49;11289
6;11290
17;11291
31;11294
9;11307
25;11311
11;11312
5;11315
23;11319
7;11334
61;11353
66;11354
38;11356
27;11357
8;11358
50;11359
177;11360
26;11385
15;11386
42;11388
574;11389
16;11393
8;11400
12;11405
32;11406
48;11410
11;11411
39;11412
40;11419
91;11449
62;11450
36;11451
1;11452
24;11488
6;11492
7;11497
7;11499
22;11500
10;11507
6;11526
221;11545
8;11546
60;11547
12;11565
3;11567
14;11568
17;11571
171;11572
16;11577
22;11579
32;11581
28;11598
14;11604
19;11641
21;11642
194;11643
8;11644
4;11648
175;11661
8;11662
28;11663
7;11664
25;11665
11;11697
33;11699
247;11737
50;11739
37;11740
17;11751
10;11757
26;11776
25;11780
24;11782
28;11787
15;11792
58;11793
17;11817
1;11822
193;11833
114;11834
228;11835
74;11836
35;11837
8;11838
3;11839
9;11842
31;11849
174;11853
7;11854
174;11855
151;11859
8;11866
31;11876
30;11877
7;11878
9;11879
21;11882
23;11885
2;11887
11;11889
22;11890
33;11891
18;11917
24;11929
21;11930
217;11931
29;11932
49;11933
157;11934
45;11935
9;11936
11;11952
19;11953
28;11961
4;11965
10;11966
2;11971
12;11976
23;11982
36;11985
10;11987
10;11988
55;11990
9;12011
12;12026
196;12027
49;12028
44;12029
27;12030
32;12031
14;12032
8;12050
4;12053
56;12058
50;12059
12;12060
15;12061
10;12062
549;12075
169;12079
46;12081
17;12082
14;12083
49;12085
265;12121
99;12122
19;12123
67;12124
32;12128
8;12133
5;12135
11;12141
26;12142
165;12143
156;12145
13;12163
37;12171
5;12173
18;12175
7;12177
9;12179
57;12217
41;12218
9;12219
349;12220
9;12235
8;12236
41;12237
5;12238
7;12239
188;12240
32;12264
16;12268
4;12270
3;12273
57;12313
26;12314
75;12315
29;12316
22;12321
1;12322
2;12328
10;12332
165;12334
33;12336
16;12344
35;12346
1;12357
1;12358
18;12360
17;12369
28;12372
75;12409
84;12410
89;12411
7;12412
167;12422
35;12429
11;12430
170;12431
210;12432
34;12438
5;12443
21;12453
8;12454
26;12455
15;12459
50;12460
8;12462
1;12468
21;12505
43;12506
68;12507
39;12508
15;12525
77;12526
59;12527
18;12528
27;12537
30;12556
18;12557
21;12562
39;12572
37;12576
74;12601
162;12604
30;12605
181;12607
37;12608
8;12617
18;12633
33;12635
73;12636
168;12637
23;12638
20;12640
16;12647
19;12651
164;12653
8;12657
193;12658
14;12662
2;12687
46;12697
67;12698
18;12699
1;12700
163;12701
61;12702
20;12703
195;12704
14;12706
25;12709
24;12714
3;12726
10;12730
9;12731
21;12732
28;12733
211;12734
151;12736
7;12749
6;12750
10;12751
8;12752
23;12756
9;12757
16;12758
4;12759
23;12793
304;12794
624;12795
199;12796
10;12813
40;12814
18;12815
7;12816
13;12835
36;12847
11;12851
174;12889
72;12890
105;12891
180;12892
145;12901
221;12909
8;12910
48;12911
42;12912
5;12933
22;12934
2;12935
8;12936
8;12940
24;12942
17;12944
25;12946
63;12985
68;12986
31;12987
21;12988
22;12995
7;12999
8;13006
12;13007
21;13012
22;13019
10;13027
70;13028
15;13029
12;13035
31;13037
162;13039
9;13040
77;13081
71;13082
64;13083
198;13084
5;13094
5;13101
41;13102
68;13103
6;13130
48;13133
19;13135
6;13139
8;13156
34;13177
276;13178
56;13179
12;13183
33;13198
10;13199
23;13200
13;13222
27;13223
19;13229
28;13239
7;13254
167;13274
36;13275
11;13276
32;13277
19;13278
588;13279
57;13280
168;13291
40;13306
5;13308
34;13310
64;13311
36;13312
5;13326
13;13328
169;13348
11;13366
10;13370
31;13371
37;13372
75;13373
24;13374
11;13375
19;13376
10;13400
35;13401
28;13402
597;13403
209;13404
17;13406
4;13407
18;13408
18;13409
7;13421
42;13429
36;13432
57;13465
104;13466
173;13467
230;13468
13;13473
11;13485
187;13486
54;13487
12;13488
25;13495
34;13509
6;13510
10;13511
183;13512
14;13513
38;13514
5;13523
123;13561
34;13562
9;13563
69;13564
23;13577
15;13582
24;13583
166;13584
17;13607
368;13657
64;13658
201;13659
14;13677
29;13678
24;13679
32;13680
32;13702
25;13705
5;13707
11;13709
23;13713
25;13714
50;13753
332;13754
65;13755
175;13756
13;13771
11;13773
79;13774
30;13776
58;13792
4;13798
7;13800
41;13802
175;13807
12;13808
22;13810
161;13811
9;13829
44;13849
136;13850
66;13851
217;13852
12;13859
7;13860
43;13869
12;13871
37;13872
9;13873
18;13876
8;13881
17;13885
19;13893
39;13894
7;13895
11;13896
5;13899
9;13900
2;13906
55;13945
37;13947
32;13948
753;13950
163;13951
6;13952
26;13953
11;13959
27;13977
29;13979
37;13980
22;13981
207;13984
4;13990
3;13992
161;14000
11;14001
11;14002
14;14003
162;14038
8;14040
67;14042
42;14044
7;14045
4;14046
47;14047
5;14048
18;14055
5;14058
35;14063
41;14073
19;14074
49;14076
29;14079
42;14080
28;14081
17;14085
157;14090
32;14096
10;14098
2;14099
196;14103
5;14112
255;14137
194;14138
34;14139
351;14140
4;14143
36;14144
17;14151
9;14157
29;14158
48;14159
18;14160
17;14163
24;14169
24;14178
15;14182
24;14185
13;14186
22;14187
6;14189
18;14195
32;14233
192;14234
923;14235
46;14236
137;14237
23;14239
11;14240
17;14253
34;14254
54;14255
28;14264
32;14265
162;14273
6;14276
4;14278
36;14281
16;14282
38;14283
11;14289
19;14328
25;14329
105;14330
106;14331
77;14332
187;14349
9;14351
11;14363
7;14374
15;14380
168;14382
165;14387
11;14424
33;14425
24;14426
24;14427
192;14428
3;14439
13;14440
25;14445
17;14446
32;14479
27;14480
20;14481
39;14484
8;14492
62;14521
3;14522
5;14523
22;14524
6;14539
7;14542
12;14543
21;14544
2;14545
2;14550
13;14567
23;14568
23;14569
20;14570
6;14580
2;14605
68;14617
60;14618
31;14619
52;14621
25;14622
28;14623
21;14624
170;14627
35;14635
3;14639
148;14649
12;14650
23;14651
37;14654
6;14670
18;14672
16;14674
49;14675
33;14678
8;14700
30;14703
168;14713
2;14714
78;14715
23;14716
222;14717
22;14718
49;14719
162;14720
10;14745
7;14746
9;14749
42;14751
10;14753
27;14766
31;14776
234;14809
76;14810
47;14811
62;14812
33;14816
19;14821
6;14829
12;14830
29;14831
2;14832
6;14847
27;14857
26;14858
7;14862
6;14863
9;14866
6;14867
3;14868
70;14905
38;14906
52;14907
82;14908
22;14918
20;14919
16;14925
19;14958
6;14963
27;14967
72;15001
8;15002
4;15003
172;15004
7;15013
38;15023
10;15024
9;15033
38;15048
31;15053
16;15055
27;15058
3;15059
54;15097
55;15098
108;15099
51;15100
41;15117
1;15119
163;15120
13;15130
7;15141
147;15145
12;15154
36;15156
25;15193
210;15194
33;15195
179;15196
25;15197
34;15204
22;15213
6;15214
5;15215
15;15216
23;15220
17;15244
5;15249
15;15265
1;15267
13;15290
43;15291
2;15293
9;15294
59;15295
29;15296
13;15313
5;15321
55;15322
5;15323
24;15324
42;15327
51;15328
11;15332
168;15337
146;15347
52;15350
21;15351
23;15370
33;15385
32;15386
26;15389
17;15390
18;15391
26;15403
10;15404
556;15417
25;15418
15;15420
33;15421
13;15423
38;15424
35;15427
15;15437
15;15441
181;15445
16;15446
2;15447
38;15455
27;15481
69;15482
58;15484
7;15501
10;15517
16;15520
3;15526
50;15528
28;15529
15;15530
190;15532
19;15536
28;15538
35;15548
73;15577
84;15578
167;15579
69;15580
1;15590
26;15593
31;15597
12;15599
183;15627
11;15628
170;15632
18;15654
30;15673
44;15674
29;15675
71;15676
21;15686
28;15687
2;15690
24;15693
10;15697
157;15704
4;15707
4;15712
6;15716
24;15717
3;15721
29;15724
19;15727
34;15732
50;15769
195;15770
14;15772
13;15789
46;15790
6;15791
14;15792
4;15813
2;15822
6;15823
6;15827
34;15865
227;15866
19;15867
31;15868
13;15871
36;15873
42;15885
6;15886
26;15888
1;15913
12;15914
15;15917
16;15918
161;15920
14;15922
17;15923
159;15943
51;15961
12;15962
33;15965
1;15966
4;15967
21;15968
22;15978
13;15979
27;15984
17;15993
20;15995
36;15996
7;15997
25;15998
46;15999
9;16008
190;16014
10;16016
31;16018
40;16019
21;16023
15;16024
5;16039
5;16040
12;16055
61;16057
347;16058
1;16059
71;16061
80;16062
34;16063
67;16064
21;16066
11;16069
11;16086
19;16087
169;16090
33;16091
7;16094
164;16095
34;16096
7;16110
16;16114
28;16116
156;16118
179;16153
171;16154
61;16155
11;16156
7;16161
26;16164
18;16168
3;16172
8;16173
2;16175
17;16188
30;16199
14;16205
17;16206
20;16211
17;16212
34;16249
207;16250
174;16251
48;16252
9;16260
2;16262
10;16266
23;16269
27;16271
3;16293
29;16294
14;16295
4;16298
34;16300
9;16304
6;16308
39;16345
50;16346
18;16347
65;16348
23;16357
3;16363
10;16365
8;16366
12;16368
557;16380
10;16389
4;16391
32;16395
24;16397
2;16399
60;16441
50;16443
64;16444
8;16461
16;16462
23;16463
39;16464
3;16469
5;16477
27;16485
28;16495
170;16497
30;16498
16;16499
6;16500
16;16537
564;16538
77;16539
15;16540
8;16546
37;16551
19;16557
17;16559
11;16560
28;16567
11;16573
2;16581
22;16582
59;16584
10;16589
2;16593
20;16633
17;16634
39;16635
29;16636
170;16637
6;16639
66;16640
17;16647
3;16662
12;16665
13;16666
15;16667
17;16668
8;16670
11;16671
15;16672
15;16688
39;16691
11;16695
15;16699
170;16729
13;16730
35;16731
32;16732
2;16733
45;16734
67;16735
172;16736
148;16737
11;16738
2;16739
16;16755
8;16757
21;16761
47;16762
4;16764
20;16765
40;16766
33;16767
11;16782
158;16788
17;16789
16;16790
14;16791
46;16825
55;16826
85;16827
7;16831
30;16840
21;16845
38;16847
18;16856
14;16873
184;16874
4;16875
33;16879
2;16881
45;16882
5;16903
19;16906
20;16921
240;16922
18;16923
26;16941
28;16943
14;16951
22;16963
24;16965
39;16967
162;16968
168;16972
30;16973
170;16976
152;17017
17;17018
52;17019
171;17020
35;17021
25;17030
28;17037
3;17038
17;17039
18;17056
2;17066
10;17068
18;17071
39;17076
66;17113
36;17114
52;17116
5;17119
22;17131
28;17133
38;17135
161;17136
16;17143
30;17159
12;17160
12;17162
25;17165
13;17170
13;17209
35;17210
124;17211
80;17212
8;17229
4;17230
2;17232
5;17235
10;17244
20;17251
29;17256
11;17260
42;17267
22;17291
5;17294
88;17305
175;17306
4;17307
24;17308
20;17309
41;17310
186;17311
9;17312
17;17323
30;17329
149;17337
14;17338
2;17343
8;17344
32;17350
23;17355
25;17357
20;17360
34;17361
31;17364
17;17401
12;17402
49;17403
17;17404
577;17405
28;17407
176;17408
7;17412
7;17437
4;17438
13;17450
13;17457
8;17458
27;17462
40;17465
38;17489
58;17497
63;17498
54;17499
72;17500
5;17518
36;17520
147;17526
15;17541
18;17545
24;17548
159;17550
21;17553
17;17556
12;17557
28;17593
46;17594
97;17595
27;17596
37;17599
28;17613
43;17615
25;17616
15;17617
27;17629
11;17637
16;17643
8;17649
203;17689
27;17690
32;17691
4;17692
6;17698
55;17709
2;17710
12;17711
8;17721
9;17732
2;17735
38;17736
51;17737
25;17743
13;17746
2;17747
19;17772
646;17785
167;17786
30;17787
67;17788
4;17791
29;17805
21;17806
6;17808
31;17811
2;17815
5;17817
26;17819
84;17833
42;17837
21;17838
17;17840
33;17841
6;17857
19;17875
7;17881
56;17882
2;17883
64;17884
34;17901
24;17902
35;17903
28;17919
7;17925
5;17933
4;17934
27;17972
35;17977
35;17979
60;17980
13;17981
57;17982
169;17983
26;17984
4;17993
2;17994
172;18003
14;18011
25;18012
12;18013
34;18015
28;18027
168;18029
559;18030
5;18034
30;18038
23;18039
9;18040
16;18049
28;18073
69;18074
16;18075
19;18076
10;18077
31;18079
22;18080
9;18089
6;18091
12;18105
67;18109
182;18111
22;18125
4;18130
2;18132
6;18158
174;18169
33;18170
399;18171
55;18172
8;18189
31;18190
48;18192
157;18204
28;18214
8;18217
166;18222
4;18225
9;18226
150;18237
102;18265
169;18266
26;18267
24;18268
3;18272
7;18279
33;18285
32;18286
1;18287
21;18304
1;18315
179;18316
12;18317
19;18318
32;18359
31;18361
173;18362
404;18363
111;18364
183;18382
34;18383
27;18387
18;18411
9;18419
9;18420
67;18457
38;18458
88;18459
61;18460
39;18467
1;18478
23;18480
3;18500
157;18504
21;18510
3;18512
26;18514
3;18522
47;18553
210;18554
2;18555
42;18556
182;18573
35;18574
219;18575
18;18576
10;18584
18;18594
34;18600
5;18604
33;18607
183;18610
22;18624
31;18649
32;18650
38;18652
46;18653
178;18654
591;18655
24;18656
10;18679
150;18681
18;18686
42;18688
33;18703
20;18705
18;18711
24;18745
185;18746
21;18747
160;18748
31;18749
24;18750
13;18751
55;18752
8;18771
2;18778
2;18780
18;18781
22;18782
9;18783
16;18787
3;18794
10;18800
8;18804
174;18841
87;18842
11;18843
156;18844
14;18859
1;18861
14;18862
22;18864
12;18885
26;18891
12;18892
26;18893
4;18902
31;18908
169;18937
244;18940
4;18955
23;18957
11;18958
5;18959
20;18960
12;18986
15;18991
16;19000
205;19033
219;19034
23;19035
1;19036
216;19054
1;19055
15;19056
4;19067
1;19077
28;19081
32;19082
65;19087
6;19088
12;19090
182;19129
24;19130
41;19131
169;19132
22;19149
18;19151
4;19157
13;19168
12;19181
20;19184
21;19185
33;19225
25;19226
243;19227
39;19228
9;19241
8;19246
6;19248
22;19257
16;19274
28;19276
38;19277
19;19278
170;19283
17;19284
3;19303
1;19315
3;19321
47;19322
90;19323
22;19324
37;19325
67;19326
153;19327
17;19328
9;19332
8;19334
12;19345
16;19353
31;19354
30;19355
175;19356
18;19358
23;19359
1;19360
553;19371
21;19376
21;19378
18;19379
6;19381
8;19416
175;19417
14;19418
177;19419
28;19420
35;19423
20;19424
26;19425
11;19428
15;19430
24;19434
3;19436
7;19440
7;19450
165;19451
155;19452
17;19454
2;19461
1;19471
6;19478
22;19479
38;19513
17;19514
37;19515
38;19516
33;19533
13;19536
1;19537
9;19541
169;19567
1;19568
1;19577
16;19583
17;19609
21;19610
28;19611
58;19612
6;19629
27;19631
17;19637
17;19653
31;19659
22;19663
173;19669
253;19705
166;19706
92;19707
74;19708
23;19726
41;19727
12;19728
5;19729
3;19742
7;19755
24;19761
29;19802
13;19804
20;19818
16;19823
9;19824
6;19849
157;19854
1;19858
38;19882
33;19897
7;19898
46;19899
10;19900
30;19911
7;19917
15;19918
31;19919
2;19921
10;19922
6;19924
1;19925
28;19944
8;19951
24;19953
8;19972
81;19993
5;19994
16;19997
43;19998
3;20000
12;20004
16;20009
3;20018
10;20025
20;20027
11;20029
13;20030
38;20031
18;20032
5;20044
3;20048
19;20050
2;20051
15;20054
39;20089
1;20091
20;20092
53;20093
5;20094
8;20095
28;20096
153;20105
29;20110
24;20122
19;20124
13;20126
52;20144
23;20149
8;20150
16;20164
1;20185
77;20186
50;20187
42;20188
152;20195
49;20205
29;20206
17;20207
28;20230
26;20232
22;20236
38;20238
20;20240
8;20243
6;20281
52;20282
190;20283
16;20284
11;20302
61;20303
15;20304
11;20306
23;20328
191;20329
28;20335
177;20337
35;20338
23;20339
3;20340
99;20377
79;20378
14;20379
23;20380
21;20381
17;20398
20;20400
24;20412
36;20421
9;20424
20;20427
19;20430
12;20433
9;20435
12;20458
50;20473
42;20474
33;20475
169;20476
34;20493
31;20494
35;20495
20;20501
8;20502
24;20505
2;20517
20;20518
17;20519
7;20522
13;20531
27;20569
27;20570
10;20572
21;20575
28;20580
36;20589
2;20590
45;20592
29;20597
14;20620
32;20622
32;20662
21;20665
61;20666
11;20668
42;20669
186;20670
25;20671
23;20674
33;20679
13;20696
6;20697
17;20698
38;20699
7;20700
160;20704
1;20720
29;20721
23;20762
178;20763
205;20764
46;20766
19;20767
3;20775
10;20791
30;20798
54;20799
13;20816
19;20817
23;20818
27;20821
30;20822
25;20824
36;20850
12;20853
100;20857
164;20858
72;20859
20;20860
29;20867
3;20879
1;20880
170;20885
30;20903
20;20910
89;20953
20;20954
45;20955
5;20958
166;20967
27;20973
17;20975
1;20976
14;20989
7;20998
1;20999
15;21002
18;21003
31;21006
20;21009
7;21012
62;21049
48;21050
349;21051
23;21052
169;21064
7;21069
17;21070
22;21095
46;21098
1;21099
15;21103
9;21104
22;21107
1;21108
20;21145
37;21146
83;21147
11;21149
1;21159
26;21168
9;21185
15;21195
16;21200
40;21202
16;21204
12;21241
59;21242
85;21243
32;21244
10;21250
17;21263
57;21264
35;21267
172;21286
3;21290
8;21296
36;21337
49;21338
15;21341
26;21342
8;21343
33;21344
34;21369
16;21370
164;21371
1;21373
27;21374
27;21385
40;21386
163;21392
8;21399
15;21413
33;21433
44;21434
40;21435
77;21436
38;21437
21;21439
3;21440
12;21455
17;21459
7;21465
20;21466
20;21468
14;21469
31;21470
23;21472
25;21474
14;21482
32;21486
13;21488
64;21496
389;21529
41;21530
14;21531
31;21532
40;21550
7;21551
47;21552
20;21556
67;21573
10;21584
37;21625
70;21626
51;21627
36;21628
31;21630
15;21631
29;21645
22;21646
13;21647
31;21657
11;21674
2;21675
3;21676
27;21683
8;21711
32;21720
8;21721
240;21722
43;21723
76;21724
2;21726
3;21733
16;21741
25;21742
199;21744
14;21747
3;21748
183;21753
12;21768
31;21770
14;21772
194;21778
20;21779
52;21780
2;21799
17;21817
189;21818
88;21819
17;21820
7;21835
23;21838
12;21839
46;21840
145;21845
18;21851
14;21852
16;21856
13;21861
2;21864
10;21871
22;21873
62;21913
10;21914
74;21916
16;21933
62;21934
51;21935
3;21936
8;21945
30;21946
6;21950
152;21962
24;21969
162;21971
184;22009
162;22010
25;22011
14;22012
24;22013
26;22014
23;22016
7;22031
156;22034
24;22039
23;22041
43;22042
35;22043
8;22045
6;22046
41;22048
9;22053
18;22054
5;22064
29;22066
13;22067
38;22105
45;22106
120;22107
8;22108
188;22111
1;22112
25;22125
165;22137
6;22138
19;22141
27;22144
20;22154
11;22159
1;22161
13;22165
14;22169
9;22194
420;22201
89;22202
162;22203
44;22204
41;22211
9;22221
36;22222
95;22224
3;22228
162;22240
29;22245
38;22246
11;22247
9;22253
14;22256
12;22257
7;22260
63;22297
39;22298
53;22299
26;22300
2;22304
108;22317
45;22318
4;22320
153;22327
9;22344
15;22348
7;22350
38;22365
29;22393
74;22394
176;22395
36;22396
10;22398
25;22403
26;22406
1;22407
36;22413
34;22416
558;22435
23;22436
14;22439
32;22440
1;22444
31;22445
44;22446
7;22448
3;22449
2;22451
164;22452
180;22489
199;22490
34;22491
7;22492
3;22499
16;22506
157;22509
34;22510
2;22511
12;22516
7;22534
8;22540
337;22585
19;22586
46;22587
150;22588
19;22604
2;22607
6;22608
4;22615
11;22632
24;22633
151;22637
61;22639
24;22673
66;22681
62;22684
11;22685
165;22686
8;22687
6;22688
153;22690
14;22713
9;22714
11;22718
19;22719
27;22733
27;22734
19;22741
25;22743
166;22756
8;22777
55;22778
67;22779
153;22781
63;22782
16;22783
24;22784
9;22785
30;22810
20;22813
23;22815
10;22819
23;22830
155;22835
28;22837
157;22838
25;22840
12;22843
53;22873
123;22874
69;22875
32;22876
1;22877
20;22892
19;22893
17;22894
13;22896
27;22903
23;22904
20;22917
191;22921
9;22922
47;22927
4;22928
9;22930
79;22969
20;22970
173;22971
12;22972
12;22990
555;22992
25;23019
54;23022
160;23024
14;23028
108;23066
38;23067
99;23068
10;23074
21;23078
54;23086
16;23088
25;23096
59;23114
35;23122
51;23161
4;23163
73;23164
7;23168
6;23177
24;23181
19;23183
6;23208
15;23211
1;23214
17;23257
35;23258
206;23259
350;23260
13;23261
26;23268
3;23277
22;23278
18;23279
54;23280
7;23293
30;23309
27;23315
37;23327
4;23337
2;23354
224;23356
18;23357
30;23358
37;23360
16;23379
150;23385
21;23389
171;23390
35;23391
9;23398
16;23399
25;23402
32;23405
16;23407
4;23408
22;23409
208;23449
45;23450
53;23451
263;23452
59;23454
232;23455
50;23456
13;23459
23;23470
28;23481
6;23482
36;23483
14;23485
29;23487
12;23490
35;23502
19;23509
22;23511
52;23545
12;23547
191;23548
12;23549
14;23558
43;23565
180;23566
33;23568
37;23571
151;23581
12;23595
5;23597
14;23598
4;23601
4;23641
4;23642
31;23643
321;23644
55;23661
7;23662
154;23664
2;23671
3;23682
4;23685
18;23690
22;23693
1;23694
23;23696
18;23699
159;23737
232;23738
35;23739
12;23740
181;23758
10;23759
13;23760
4;23783
26;23784
15;23794
29;23795
16;23796
9;23807
410;23833
19;23835
18;23849
11;23850
14;23853
187;23855
32;23856
31;23864
19;23879
30;23882
8;23886
8;23890
9;23891
250;23929
38;23931
59;23932
14;23936
5;23937
2;23938
9;23950
167;23963
31;23964
36;23980
33;23987
32;24025
213;24026
50;24027
16;24029
19;24030
19;24031
26;24032
13;24040
10;24042
28;24043
162;24044
16;24059
1;24060
4;24061
26;24062
3;24064
12;24078
33;24079
15;24086
10;24120
52;24121
40;24122
54;24123
178;24124
156;24125
30;24145
2;24147
32;24150
19;24156
44;24157
53;24160
13;24182
18;24183
11;24184
1;24200
189;24217
64;24218
111;24219
2;24220
573;24225
1;24231
5;24235
51;24237
22;24239
11;24240
24;24254
14;24262
9;24265
26;24271
13;24272
9;24274
36;24295
34;24313
38;24314
27;24316
28;24333
5;24336
2;24346
29;24361
7;24363
3;24365
188;24371
16;24372
7;24390
155;24409
89;24410
242;24411
212;24412
7;24418
18;24427
12;24429
155;24430
79;24431
8;24443
4;24451
2;24453
167;24466
9;24473
217;24505
157;24506
30;24507
125;24508
85;24527
17;24528
28;24539
9;24550
11;24554
25;24556
26;24563
7;24565
45;24601
35;24602
38;24603
6;24604
154;24610
182;24621
5;24622
37;24638
8;24643
5;24645
31;24659
19;24684
156;24691
19;24697
51;24698
8;24699
66;24700
209;24702
32;24703
33;24704
32;24705
34;24714
16;24718
27;24732
21;24733
8;24734
13;24736
16;24751
4;24752
11;24754
29;24758
42;24793
28;24794
21;24795
21;24797
46;24799
74;24800
22;24824
16;24825
62;24828
13;24836
10;24845
18;24851
11;24852
28;24854
15;24856
41;24889
28;24890
266;24891
165;24892
5;24910
10;24912
40;24917
17;24920
14;24928
13;24933
30;24935
2;24940
8;24951
280;24985
68;24986
61;24987
7;24988
155;25004
7;25005
9;25009
159;25020
166;25024
161;25031
33;25033
17;25035
29;25037
37;25038
49;25039
159;25042
23;25043
19;25044
4;25078
56;25081
38;25082
23;25083
59;25084
16;25090
22;25097
17;25100
24;25101
13;25102
17;25103
16;25134
233;25177
65;25178
198;25179
51;25180
32;25196
19;25197
21;25198
19;25200
25;25216
4;25220
9;25222
6;25223
14;25226
28;25227
26;25231
14;25236
23;25251
162;25273
349;25275
37;25276
39;25287
3;25294
36;25295
23;25296
19;25301
23;25305
163;25310
20;25312
8;25324
204;25326
9;25327
2;25355
72;25370
35;25373
18;25374
10;25375
16;25376
1;25399
16;25401
12;25403
49;25404
22;25405
4;25406
21;25407
32;25408
21;25417
4;25419
22;25422
2;25424
15;25425
5;25430
58;25465
14;25466
15;25467
33;25469
11;25470
41;25471
24;25472
13;25488
11;25497
36;25500
30;25501
44;25502
14;25503
22;25506
44;25517
61;25518
1;25520
17;25523
161;25561
17;25562
58;25563
66;25564
28;25566
22;25571
12;25581
3;25582
18;25583
149;25586
31;25593
6;25596
555;25606
20;25608
159;25613
161;25616
37;25657
165;25658
57;25659
70;25660
9;25666
22;25672
29;25673
10;25678
47;25679
18;25680
161;25682
9;25689
24;25702
15;25715
113;25753
36;25754
34;25755
25;25756
7;25762
8;25773
27;25774
1;25775
5;25776
13;25797
17;25798
10;25808
54;25849
125;25850
37;25851
54;25852
8;25869
53;25870
27;25871
16;25872
27;25874
6;25881
18;25900
33;25901
25;25945
131;25946
161;25947
46;25948
1;25965
24;25966
5;25967
23;25968
16;25971
35;25985
27;25988
3;25992
10;26000
25;26012
18;26041
214;26042
246;26044
19;26045
2;26047
60;26048
9;26063
15;26064
12;26073
57;26074
16;26075
163;26077
23;26079
169;26094
11;26100
12;26123
195;26137
42;26139
58;26140
22;26141
65;26142
19;26143
11;26155
3;26158
1;26160
14;26169
1;26170
11;26171
29;26174
20;26175
35;26176
31;26188
17;26190
4;26194
17;26231
46;26233
65;26234
63;26235
61;26236
7;26243
28;26253
24;26260
5;26264
8;26267
19;26279
25;26280
38;26286
33;26329
22;26330
67;26331
1;26332
31;26345
172;26347
32;26351
9;26360
186;26376
27;26377
9;26379
11;26384
34;26387
5;26394
76;26425
87;26426
47;26427
65;26428
14;26438
24;26446
20;26447
14;26448
14;26449
163;26459
29;26462
25;26470
11;26472
11;26473
12;26477
46;26482
30;26483
99;26521
8;26522
214;26523
170;26524
21;26541
9;26542
26;26543
9;26547
15;26549
7;26571
2;26574
26;26576
5;26577
18;26580
14;26617
90;26619
31;26620
163;26626
14;26632
40;26635
14;26637
23;26640
7;26649
37;26658
17;26662
44;26667
30;26668
27;26669
14;26711
34;26713
8;26714
149;26715
95;26716
39;26717
27;26719
34;26720
32;26727
16;26736
12;26746
26;26747
228;26748
18;26750
10;26752
29;26756
13;26762
33;26765
11;26767
44;26772
2;26804
185;26810
58;26811
22;26812
18;26813
1;26814
21;26816
27;26839
54;26843
5;26844
22;26845
25;26846
28;26848
3;26863
10;26865
5;26869
26;26873
8;26892
15;26905
58;26906
104;26907
138;26908
26;26918
17;26926
22;26927
26;26942
35;26948
7;26949
28;26951
6;26952
9;26957
25;26962
35;27001
52;27002
94;27003
86;27004
30;27021
32;27023
31;27024
7;27025
7;27037
5;27051
30;27053
5;27054
35;27057
27;27074
197;27097
35;27099
176;27100
33;27111
41;27118
25;27119
51;27120
4;27124
12;27139
36;27144
161;27157
1;27159
22;27164
24;27193
62;27194
241;27195
6;27198
31;27199
53;27213
21;27214
28;27215
3;27216
16;27219
4;27225
19;27237
30;27238
28;27243
14;27247
23;27250
12;27279
198;27289
232;27291
46;27292
6;27300
1;27309
3;27319
26;27323
7;27331
10;27342
25;27344
2;27345
19;27347
58;27385
163;27386
26;27387
27;27388
18;27389
4;27390
4;27392
30;27407
10;27418
15;27419
25;27421
78;27423
2;27426
15;27436
10;27440
15;27441
165;27444
28;27481
69;27482
69;27483
28;27484
179;27485
48;27486
49;27487
41;27488
21;27515
30;27516
36;27517
153;27519
28;27520
14;27529
25;27536
9;27537
11;27538
156;27540
1;27542
28;27544
220;27577
52;27578
18;27579
42;27580
28;27589
4;27593
26;27597
28;27598
4;27617
11;27621
9;27627
28;27629
27;27632
54;27673
37;27674
207;27675
74;27676
25;27682
17;27693
4;27696
16;27719
2;27722
3;27726
6;27736
24;27769
24;27770
201;27771
101;27772
7;27776
11;27790
32;27791
20;27792
17;27819
10;27821
9;27822
8;27823
58;27824
18;27834
24;27865
28;27866
3;27867
49;27868
162;27882
51;27885
1;27887
24;27888
1;27894
1;27902
2;27904
188;27917
148;27918
13;27919
9;27923
12;27954
46;27961
36;27962
14;27963
166;27964
18;27974
8;27980
3;27981
24;27982
12;27983
27;27984
8;27993
21;28012
10;28013
46;28015
4;28018
3;28044
165;28052
14;28057
7;28058
10;28059
34;28060
59;28061
50;28062
47;28063
74;28064
9;28068
6;28069
28;28077
147;28082
9;28083
22;28089
34;28090
15;28091
190;28092
17;28093
156;28094
15;28095
24;28096
16;28106
24;28107
5;28133
11;28153
8;28155
16;28156
36;28157
27;28158
8;28159
26;28160
12;28164
15;28165
30;28170
27;28182
11;28185
24;28186
31;28187
33;28188
20;28189
30;28192
26;28207
26;28209
25;28211
15;28213
19;28215
33;28246
12;28249
47;28251
83;28252
8;28267
2;28270
70;28272
2;28279
12;28280
21;28288
10;28290
17;28293
17;28295
36;28303
9;28308
184;28345
2;28346
46;28347
211;28348
3;28349
7;28353
2;28362
17;28365
558;28366
162;28368
12;28391
11;28396
12;28398
12;28399
3;28409
48;28441
34;28442
173;28443
34;28444
158;28452
30;28456
9;28458
24;28460
34;28461
5;28473
4;28476
13;28481
10;28488
22;28493
23;28494
168;28495
5;28497
10;28498
3;28499
198;28500
62;28537
120;28538
41;28539
65;28540
17;28546
13;28558
3;28559
45;28560
172;28581
12;28583
21;28591
9;28593
1;28595
2;28631
68;28633
222;28634
41;28635
24;28636
42;28654
566;28655
22;28659
10;28681
13;28682
5;28688
570;28705
163;28718
48;28729
739;28730
30;28731
10;28732
12;28733
15;28734
13;28735
16;28741
27;28746
16;28759
27;28762
164;28765
164;28766
17;28786
26;28787
19;28791
25;28792
10;28820
4;28826
35;28827
1;28828
66;28829
53;28830
27;28831
20;28832
12;28849
24;28851
18;28857
8;28862
5;28864
25;28870
22;28873
30;28882
178;28885
13;28887
71;28922
54;28923
36;28924
7;28941
201;28942
14;28943
10;28945
9;28947
9;28950
19;28968
15;28977
22;28979
26;28980
41;29017
46;29018
368;29019
7;29020
6;29038
26;29040
40;29061
20;29064
53;29065
7;29067
32;29069
8;29073
60;29113
28;29114
161;29115
289;29116
1;29127
19;29134
174;29135
7;29154
8;29160
7;29166
27;29167
24;29168
20;29170
7;29213
203;29214
59;29215
583;29216
14;29231
4;29234
37;29235
20;29236
3;29257
4;29259
17;29261
18;29264
4;29268
18;29271
78;29309
141;29310
2;29311
46;29312
2;29329
117;29330
29;29348
161;29349
6;29353
20;29355
19;29359
31;29361
42;29405
25;29406
77;29408
156;29410
19;29411
12;29412
2;29415
1;29418
11;29427
27;29439
54;29441
24;29442
1;29443
5;29446
35;29452
35;29457
36;29459
17;29460
25;29462
27;29464
2;29489
28;29502
95;29503
29;29504
206;29506
11;29507
19;29508
8;29522
18;29525
32;29527
163;29528
38;29533
18;29534
17;29535
167;29536
14;29537
6;29538
17;29540
13;29543
37;29553
4;29554
8;29555
2;29556
5;29563
4;29564
74;29597
26;29598
28;29599
53;29600
30;29604
24;29606
27;29617
19;29618
182;29620
15;29631
24;29641
157;29643
20;29648
163;29651
64;29652
9;29684
253;29693
11;29694
221;29695
20;29696
3;29711
21;29714
24;29715
36;29738
9;29740
18;29746
17;29748
32;29751
4;29752
20;29762
16;29789
110;29790
74;29791
326;29792
24;29797
10;29799
160;29804
6;29806
15;29809
5;29810
561;29811
14;29830
11;29835
5;29838
12;29860
102;29885
130;29886
725;29887
85;29888
33;29891
16;29892
29;29902
25;29905
15;29907
27;29915
10;29928
11;29929
12;29930
7;29934
3;29938
241;29981
36;29982
57;29983
14;29984
12;30001
99;30003
17;30026
6;30027
1;30032
25;30034
5;30039
151;30052
34;30077
36;30079
8;30082
17;30083
84;30084
2;30109
26;30111
29;30112
12;30114
13;30115
53;30116
38;30123
6;30126
22;30128
6;30132
17;30133
42;30137
12;30138
6;30139
13;30140
21;30160
43;30173
61;30174
89;30176
26;30177
2;30178
2;30179
69;30180
16;30194
6;30201
159;30205
27;30207
159;30211
13;30212
3;30218
19;30225
26;30226
43;30230
8;30234
403;30269
108;30270
21;30271
20;30272
25;30276
28;30289
8;30290
4;30302
19;30308
8;30311
5;30316
8;30319
11;30323
15;30324
24;30325
109;30365
209;30366
81;30367
198;30368
157;30385
28;30386
21;30392
4;30401
15;30409
30;30413
24;30414
145;30418
21;30421
18;30434
175;30458
22;30461
52;30462
26;30463
28;30464
29;30482
11;30483
76;30484
11;30490
7;30500
34;30505
147;30506
14;30516
22;30518
9;30519
784;30557
9;30558
220;30559
11;30560
1;30578
40;30579
12;30586
168;30594
13;30597
9;30600
8;30601
21;30604
7;30608
150;30610
20;30612
1;30613
8;30615
174;30653
17;30654
18;30655
2;30656
20;30676
158;30699
13;30709
20;30712
4;30717
12;30723
33;30725
78;30749
36;30750
21;30751
60;30752
40;30753
25;30754
23;30755
47;30756
5;30758
63;30781
39;30782
11;30785
41;30787
28;30788
1;30790
37;30798
21;30800
6;30802
17;30803
7;30804
18;30806
17;30845
19;30846
12;30847
210;30848
27;30849
66;30850
28;30852
4;30854
3;30871
1;30872
24;30877
26;30878
20;30881
34;30883
20;30884
21;30885
174;30897
17;30898
27;30900
23;30903
5;30906
24;30926
228;30941
91;30942
184;30943
196;30944
159;30950
32;30959
1;30961
51;30963
14;30968
9;30986
5;30987
13;30990
12;30996
1;31000
407;31037
101;31038
98;31039
12;31040
11;31050
30;31059
7;31082
3;31086
28;31088
28;31095
13;31097
8;31117
213;31133
15;31134
87;31135
57;31136
29;31141
73;31155
16;31181
35;31185
55;31186
1;31187
16;31215
53;31229
594;31230
356;31231
88;31232
7;31248
2;31251
2;31254
26;31281
26;31282
8;31284
34;31325
54;31326
204;31327
48;31328
10;31341
63;31346
19;31347
26;31348
11;31364
18;31367
4;31370
161;31372
14;31376
35;31381
1;31405
23;31406
12;31410
22;31421
30;31422
20;31423
171;31424
101;31426
20;31427
63;31428
18;31434
20;31446
5;31447
10;31449
29;31454
8;31455
2;31459
7;31461
3;31476
20;31484
161;31497
18;31517
28;31518
32;31519
34;31520
170;31521
168;31522
25;31523
60;31524
11;31539
60;31550
38;31551
9;31552
7;31554
7;31555
29;31556
12;31569
32;31575
36;31578
32;31580
6;31613
194;31615
1;31616
21;31618
19;31620
34;31633
14;31635
39;31636
9;31645
39;31668
12;31672
22;31709
20;31710
89;31712
19;31720
202;31729
27;31732
30;31766
155;31805
25;31806
31;31807
30;31808
4;31810
15;31817
22;31821
26;31826
187;31827
191;31828
18;31850
3;31854
4;31859
31;31860
8;31864
197;31901
450;31902
37;31903
201;31904
6;31907
1;31908
51;31922
30;31929
11;31936
23;31946
28;31949
4;31958
79;31997
43;31998
33;31999
65;32000
27;32010
15;32012
215;32017
42;32018
168;32019
29;32020
3;32023
24;32039
28;32043
8;32049
28;32053
26;32072
7;32093
79;32094
35;32095
37;32096
16;32097
43;32098
23;32099
87;32100
4;32118
16;32125
82;32126
25;32128
154;32130
2;32131
8;32133
1;32145
11;32147
25;32148
16;32156
16;32182
26;32189
80;32190
12;32191
7;32192
33;32193
46;32194
23;32195
3;32200
12;32212
739;32222
15;32223
5;32224
44;32225
36;32227
7;32238
5;32242
1;32285
39;32286
22;32287
40;32288
151;32289
22;32293
23;32306
2;32308
19;32329
25;32332
13;32339
25;32343
2;32348
22;32381
228;32382
31;32383
49;32384
19;32390
11;32397
24;32401
21;32425
4;32430
164;32431
2;32434
11;32435
167;32436
8;32437
3;32438
45;32477
9;32478
66;32479
65;32480
5;32488
9;32491
9;32497
40;32498
40;32499
2;32521
9;32523
29;32524
4;32527
23;32528
58;32573
24;32574
386;32575
32;32576
8;32580
21;32587
8;32594
188;32595
18;32596
26;32619
8;32626
23;32627
31;32630
173;32631
21;32632
1;32638
169;32669
47;32670
626;32671
20;32672
11;32689
29;32690
32;32691
8;32692
10;32693
11;32696
13;32714
2;32718
15;32725
7;32726
5;32757
59;32765
20;32766
28;32767
24;32768
215;32769
3;32770
187;32771
37;32772
6;32775
6;32777
27;32779
159;32782
29;32785
2;32797
45;32798
27;32799
1;32800
150;32803
5;32804
17;32813
13;32821
8;32822
1;32827
154;32828
52;32861
46;32862
14;32863
200;32864
33;32866
15;32867
27;32868
24;32872
44;32893
324;32894
22;32895
167;32896
26;32908
17;32913
10;32914
39;32921
2;32922
10;32924
19;32957
205;32958
172;32959
842;32960
14;32962
6;33000
24;33002
10;33003
13;33007
33;33008
8;33011
41;33012
2;33042
18;33053
119;33054
191;33055
124;33056
26;33058
10;33071
52;33073
21;33075
33;33076
22;33091
16;33092
2;33097
36;33098
32;33100
5;33103
61;33108
10;33109
23;33111
63;33149
24;33150
43;33151
76;33152
72;33169
58;33170
4;33171
2;33172
7;33184
34;33188
18;33194
11;33195
7;33205
24;33206
39;33245
43;33246
234;33247
54;33248
13;33260
7;33261
3;33265
9;33266
22;33267
7;33289
13;33290
26;33291
6;33293
9;33296
9;33297
26;33301
9;33303
158;33341
109;33342
57;33343
199;33344
8;33353
6;33354
28;33361
161;33362
157;33370
29;33379
2;33389
11;33398
20;33400
28;33437
155;33438
171;33439
175;33441
10;33442
28;33443
1;33454
27;33468
8;33470
30;33471
14;33476
42;33491
32;33508
9;33516
32;33521
9;33524
1;33533
102;33534
5;33535
29;33536
54;33537
31;33538
13;33539
30;33540
34;33542
19;33547
16;33556
9;33565
3;33566
13;33567
175;33569
15;33578
10;33579
30;33585
14;33590
5;33592
52;33629
198;33630
40;33631
42;33632
6;33636
32;33637
4;33648
13;33649
42;33652
32;33654
16;33674
5;33677
20;33706
46;33725
60;33726
193;33727
245;33728
35;33740
4;33745
52;33746
20;33747
32;33748
7;33769
53;33770
32;33781
27;33783
26;33821
35;33822
46;33823
71;33824
10;33830
7;33839
61;33842
27;33843
5;33844
3;33849
2;33859
19;33866
157;33867
13;33869
2;33873
17;33877
9;33878
30;33879
7;33893
1;33913
15;33917
34;33918
221;33919
8;33920
31;33922
19;33924
25;33937
31;33938
9;33939
176;33940
1;33945
16;33962
23;33967
156;33968
4;33970
21;33971
17;33975
85;34013
211;34014
16;34015
157;34016
23;34018
27;34021
19;34033
22;34034
575;34035
40;34036
27;34057
163;34059
8;34061
35;34065
10;34068
24;34069
1;34072
170;34075
15;34081
7;34109
14;34110
23;34111
75;34113
15;34114
17;34115
6;34133
37;34134
23;34141
231;34142
15;34143
27;34145
15;34147
24;34148
159;34163
15;34165
25;34166
46;34170
2;34174
38;34205
29;34206
11;34207
48;34208
174;34209
153;34210
24;34211
62;34212
25;34232
14;34238
13;34239
49;34240
11;34241
12;34242
26;34244
31;34258
13;34263
31;34301
249;34302
6;34303
77;34304
4;34309
34;34311
29;34321
16;34322
40;34323
10;34324
5;34337
9;34348
16;34350
28;34356
22;34357
68;34397
55;34398
68;34399
39;34400
30;34411
12;34413
32;34438
12;34443
22;34449
353;34493
39;34494
25;34495
60;34496
15;34512
41;34513
11;34514
34;34516
23;34529
11;34539
20;34547
43;34548
2;34549
88;34589
41;34590
30;34591
195;34592
26;34596
13;34598
5;34604
25;34605
53;34609
37;34610
20;34614
35;34637
21;34642
1;34643
34;34644
17;34645
4;34646
10;34647
27;34648
104;34685
54;34686
59;34687
27;34688
51;34706
26;34707
12;34715
149;34738
19;34740
155;34781
189;34782
58;34783
82;34784
7;34785
41;34786
26;34787
173;34788
25;34790
1;34803
15;34813
73;34814
20;34815
17;34817
12;34820
21;34833
16;34836
36;34837
167;34840
15;34843
25;34844
10;34866
20;34869
35;34878
98;34879
6;34880
316;34882
6;34883
20;34884
20;34888
3;34903
33;34909
23;34910
5;34911
165;34912
26;34913
13;34914
22;34932
5;34935
4;34937
26;34963
31;34973
175;34974
122;34975
202;34976
21;34978
7;34994
31;34995
21;34996
4;35000
3;35004
34;35011
6;35013
5;35019
40;35025
18;35026
40;35027
