sums of daily draw-off volumes
138.8
219.2
163.8
198.5
129.5
366.2
96.5
171.5
310.8
91
229.5
126.8
239.8
176.5
448
195.2
319.8
190.2
419
447
324.8
141.2
229.2
199.5
233.5
240.5
168.8
277.2
239.5
205
222.8
131
288.2
143.8
90.2
153.2
59
133.2
464
214.8
212
300.5
336
135.8
321.5
144
155.8
400.8
310.2
311
175.8
341.5
182
150.5
304
106.8
178.2
98
89
420.5
221.8
124.2
177.5
208.2
84.2
128
139.2
230.5
128
271.2
224
162.2
180.8
174
242
221.2
406.8
77
118
237
95.5
199.2
502.2
169
170
176.2
140
208
110.2
279
260.8
142.2
342.5
185.5
378.8
255
304.2
150.8
218.2
199.5
305.2
348
185.8
202
192.8
306.5
208
143.8
161
211.8
168.8
105
214.5
313.8
189.2
156
129.5
271.5
324.2
66.5
156
133.2
134.2
354
197.2
345.5
235.5
192.2
134
254
128
310.2
288
321.2
276.5
146
152
134.8
320.5
352
289
120
213.2
308.8
181.8
402.2
256.8
289.5
450.5
223.5
117
56.8
209.2
225
152.5
88
108.8
172
149.8
191
291.8
138.8
206.8
139.2
89
167.5
202.5
339.8
150.2
158.2
214.2
136.2
224.5
134.5
275.5
145.5
246.2
146.8
129
95.8
239.8
248.8
184.8
102
122.2
312.5
72.8
376.8
128.8
319
157.2
257.8
132.5
265
307.8
152.8
147.5
129.8
207
131.5
168.2
345.5
229.5
93.2
104.2
175
62.8
74
85.2
118.8
143.8
210.5
100.5
129.2
67.8
176.2
176.2
164.2
120.8
197.8
68.5
122.5
161.8
140.8
166.5
94.5
293.8
160.2
165
218.8
175.2
297.5
140.5
331.5
164.8
207.5
161.5
261
169.2
276
116.2
51.5
211.2
208
286.8
190
166.8
185.2
199
161
174.5
178
281.2
103.2
291.5
184.2
136.5
201
106.8
159.8
359.8
76.2
191
279.5
94.8
122.2
366.5
168.2
74
114.5
133
258.5
147.5
101.5
159.8
172
157.2
137.8
218
128
131
112.2
205.2
150.8
146.8
166.2
255.8
124.2
111.2
135
176
113.8
293.8
120.2
94.8
310.5
251.2
145.2
253.8
525.2
137.8
123.2
163.5
206.2
247.8
163
157.8
240.2
226.5
169.5
339.2
310.5
128.2
156.8
198
176.8
260.5
170.2
370.5
106.5
167.2
194.5
255
184.5
147.2
294.5
175.2
146.2
242.2
97
102.2
187.5
259.8
201.8
174.2
277.2
96
191
88.8
256.5
250
307
268
346.8
200.8
110.8
132.2
236.2
172.2
172.5
120.5
206.5
135
203.8
403.2
197.8
183.2
144
84.5
169.2
170.5
125.2
293.5
207.5
196.5
sums of draw-off volumes of each hour of the day
235.4
255.7
170.6
205.8
138.6
214.9
13245.1
16874.1
6379.7
1709.5
907.3
3854.5
4577.4
1536.7
2031.6
3474.5
2165.4
1472.9
3002.7
3075.2
3338
2757.4
839.6
311.6
sums of draw-off volumes of each hour of weekdays
44.6
40.8
86
112.8
48.8
76.6
10795
11579.2
3188.7
774.6
580.6
3623.9
4234.9
1360.3
781.2
569
731.7
1134.9
2373.9
2385.8
2318.4
1751.3
381
126.5
sums of draw-off volumes of each hour of weekend-days
190.8
214.9
84.6
93
89.8
138.3
2450.1
5294.9
3191
934.9
326.7
230.6
342.5
176.4
1250.4
2905.5
1433.7
338
628.8
689.4
1019.6
1006.1
458.6
185.1
holidays of household(s), numbers correspond to day of year
