4;29
194;30
10;31
375;32
9;48
6;50
29;79
11;80
23;84
38;108
2;116
110;125
252;126
38;127
77;128
23;142
30;145
4;147
15;165
333;170
20;179
57;221
88;222
44;223
40;224
12;228
18;239
161;241
168;243
29;244
164;257
49;265
7;267
25;268
25;269
26;272
35;275
24;276
16;278
25;280
205;317
19;318
62;319
92;320
31;325
10;327
2;338
1;340
4;346
3;365
31;366
12;368
18;413
5;414
193;415
8;434
18;436
3;464
19;484
16;509
38;511
191;512
26;513
210;514
16;515
16;516
21;521
3;525
155;540
44;541
15;542
102;543
27;544
7;545
11;546
2;548
34;551
18;552
2;559
19;563
12;566
14;567
6;568
18;570
19;577
174;605
559;606
166;608
220;609
68;610
20;611
16;612
13;624
167;638
52;639
1;640
13;642
47;643
6;644
22;659
4;660
7;663
105;701
222;702
26;703
50;704
33;708
170;716
30;721
37;722
60;723
3;741
24;745
20;748
30;758
27;763
23;795
28;797
37;798
38;799
2;800
14;801
29;817
166;818
11;820
47;827
23;837
16;849
10;852
18;854
98;893
633;894
35;895
27;896
4;913
14;937
13;946
159;949
5;950
3;958
5;964
13;989
69;990
611;991
118;992
7;997
25;1012
21;1036
15;1045
21;1048
6;1057
163;1085
173;1086
2;1087
33;1088
17;1093
24;1106
29;1123
11;1124
28;1132
14;1135
15;1143
3;1166
2;1181
3;1182
23;1183
12;1184
6;1185
1;1186
2;1206
25;1211
19;1214
19;1215
11;1216
35;1217
27;1218
18;1219
31;1220
6;1223
30;1237
7;1240
4;1255
18;1277
8;1279
83;1280
41;1281
23;1282
4;1283
16;1284
26;1307
3;1308
197;1309
61;1313
32;1329
24;1334
27;1337
30;1373
183;1374
33;1375
213;1376
19;1379
50;1393
36;1395
68;1396
5;1410
1;1414
11;1420
11;1422
38;1424
35;1469
56;1470
97;1471
95;1472
16;1479
3;1488
184;1489
44;1490
18;1491
29;1496
12;1501
169;1512
26;1515
2;1525
28;1565
27;1566
69;1567
22;1568
25;1585
11;1586
40;1587
28;1588
13;1601
5;1602
28;1609
20;1611
9;1614
566;1620
202;1661
247;1662
51;1663
69;1664
1;1669
4;1670
154;1677
2;1681
35;1682
15;1683
4;1694
28;1697
60;1705
19;1714
24;1716
21;1734
65;1757
37;1758
38;1759
22;1760
21;1767
39;1777
35;1779
24;1780
10;1783
6;1788
7;1789
2;1790
7;1801
8;1808
14;1811
10;1813
20;1814
28;1829
1;1842
17;1853
7;1854
30;1855
56;1856
22;1857
38;1858
35;1859
13;1873
29;1882
26;1887
28;1889
33;1891
9;1907
18;1912
8;1921
3;1950
28;1951
7;1952
72;1953
32;1954
19;1955
33;1956
27;1964
21;1969
19;1970
5;1973
16;1975
48;1981
19;1982
11;1983
10;1987
25;1988
24;1992
17;2004
35;2011
48;2045
332;2046
33;2047
173;2051
2;2054
17;2066
175;2067
23;2068
22;2070
40;2071
4;2072
29;2073
14;2090
27;2099
11;2104
35;2106
91;2141
40;2142
96;2143
168;2144
8;2158
20;2159
43;2162
27;2163
22;2164
4;2167
4;2185
5;2186
29;2189
17;2199
22;2208
83;2237
131;2238
20;2239
60;2240
183;2257
37;2258
10;2259
26;2282
18;2284
177;2285
21;2288
8;2292
20;2328
216;2334
28;2335
5;2336
5;2338
33;2342
13;2344
2;2353
10;2355
37;2359
26;2365
30;2379
30;2381
19;2382
2;2383
2;2384
14;2389
21;2390
635;2429
35;2430
53;2431
22;2432
11;2450
9;2451
15;2452
9;2462
10;2463
1;2470
16;2477
14;2479
3;2480
7;2509
184;2525
11;2526
21;2527
185;2528
67;2530
30;2531
57;2532
15;2548
17;2557
9;2558
178;2559
7;2560
6;2561
23;2562
2;2563
14;2573
22;2577
22;2578
22;2579
18;2583
22;2590
30;2621
3;2622
6;2623
22;2624
201;2625
35;2627
27;2630
3;2634
33;2653
25;2655
35;2657
23;2659
156;2660
189;2677
16;2678
8;2682
4;2693
248;2717
208;2718
42;2719
39;2720
21;2736
51;2737
42;2738
173;2739
19;2750
160;2753
13;2764
26;2766
7;2767
31;2769
5;2772
24;2775
59;2813
61;2814
38;2815
4;2820
20;2836
28;2846
26;2851
11;2866
157;2868
14;2870
1;2871
17;2872
182;2909
228;2910
14;2911
205;2912
156;2925
2;2930
44;2932
12;2934
22;2940
23;2955
13;2960
39;2966
74;3005
29;3006
4;3008
10;3010
3;3025
6;3032
5;3034
7;3055
6;3059
1;3079
10;3091
43;3101
10;3102
37;3103
192;3104
12;3106
40;3124
2;3132
10;3135
5;3136
3;3148
11;3151
22;3154
2;3167
42;3197
19;3198
6;3199
7;3200
28;3201
16;3202
34;3203
200;3204
26;3229
18;3231
29;3235
12;3241
16;3252
10;3253
6;3257
21;3258
5;3259
13;3262
7;3293
33;3294
12;3296
48;3299
61;3300
13;3303
21;3306
7;3312
26;3316
21;3326
30;3328
9;3329
7;3330
45;3331
32;3332
17;3336
9;3344
7;3348
19;3355
16;3359
52;3389
5;3390
700;3391
43;3392
12;3399
164;3410
16;3411
158;3423
168;3433
31;3434
4;3439
19;3444
23;3445
14;3446
12;3447
16;3448
32;3449
27;3485
435;3486
79;3487
34;3488
32;3506
166;3507
3;3530
25;3536
35;3537
18;3538
7;3542
35;3543
19;3572
21;3575
62;3581
20;3582
89;3583
41;3584
20;3601
19;3604
12;3617
19;3625
9;3629
29;3633
19;3635
161;3636
9;3637
6;3639
6;3675
390;3677
92;3678
209;3679
23;3680
13;3687
48;3697
13;3698
20;3699
47;3700
8;3720
7;3721
1;3722
13;3724
31;3733
176;3734
4;3751
131;3773
167;3774
58;3775
191;3776
3;3786
4;3793
47;3794
20;3795
10;3821
13;3822
9;3826
7;3827
1;3831
3;3847
2;3852
39;3853
8;3870
30;3871
42;3872
19;3873
227;3875
580;3876
14;3879
8;3900
155;3902
161;3903
24;3904
155;3907
21;3908
4;3921
21;3927
18;3929
2;3930
2;3932
20;3937
25;3957
22;3965
32;3966
218;3967
37;3968
42;3969
34;3970
20;3971
174;3972
16;3978
27;3985
33;3988
2;3997
14;3998
39;3999
50;4000
17;4004
32;4024
25;4042
29;4061
162;4062
44;4063
215;4064
31;4081
58;4082
15;4083
5;4087
3;4102
8;4105
39;4117
5;4120
387;4157
8;4158
130;4159
15;4160
13;4177
12;4178
8;4179
6;4180
1;4183
15;4199
13;4202
34;4208
18;4209
30;4212
43;4253
43;4254
613;4255
60;4256
28;4269
200;4273
7;4274
13;4275
30;4276
170;4297
160;4349
18;4350
211;4351
49;4352
14;4363
16;4365
13;4369
14;4370
6;4372
3;4373
27;4387
1;4404
20;4405
10;4406
27;4408
72;4445
220;4446
47;4447
27;4448
17;4463
38;4465
69;4466
25;4468
8;4487
176;4495
7;4500
15;4501
3;4541
15;4542
30;4543
155;4544
6;4545
2;4546
2;4547
25;4548
154;4549
18;4555
27;4568
80;4573
54;4574
5;4575
7;4576
189;4578
18;4579
155;4591
22;4592
20;4594
12;4597
15;4598
155;4608
7;4612
22;4632
28;4637
219;4638
22;4640
21;4641
165;4642
4;4643
328;4644
165;4666
155;4670
14;4671
22;4674
16;4675
35;4680
9;4681
166;4685
26;4729
72;4733
55;4734
33;4736
7;4742
29;4755
20;4756
25;4780
16;4783
51;4785
15;4788
234;4830
31;4831
35;4832
38;4838
36;4842
26;4849
27;4850
24;4851
164;4857
2;4879
32;4880
1;4884
12;4885
4;4886
29;4925
29;4926
261;4927
724;4928
4;4933
12;4937
10;4943
36;4945
25;4951
9;4958
162;4968
12;4975
5;4979
3;4980
261;5021
205;5022
39;5024
51;5041
2;5043
57;5044
6;5049
21;5054
15;5060
4;5064
12;5069
21;5070
60;5077
61;5117
18;5118
51;5119
53;5120
16;5123
7;5129
18;5137
1;5138
20;5139
12;5140
8;5157
25;5158
10;5167
36;5171
26;5173
6;5176
17;5213
23;5214
23;5215
31;5216
10;5217
11;5219
11;5231
1;5241
150;5245
13;5247
24;5249
32;5252
17;5266
40;5273
39;5275
1;5285
6;5287
7;5288
86;5309
24;5310
36;5311
20;5312
24;5313
57;5314
40;5315
41;5316
20;5319
6;5338
42;5343
4;5344
73;5346
169;5347
26;5355
23;5362
38;5364
36;5368
49;5405
74;5406
234;5407
25;5408
20;5425
19;5426
30;5427
28;5428
5;5433
17;5435
4;5437
15;5446
9;5453
16;5455
12;5456
26;5457
11;5458
10;5473
18;5483
153;5502
35;5503
9;5504
3;5517
1;5521
34;5522
11;5527
18;5529
158;5532
11;5533
162;5553
14;5554
26;5560
3;5593
27;5597
50;5598
196;5599
24;5600
2;5603
17;5617
13;5619
61;5620
5;5641
10;5646
32;5653
12;5678
6;5693
225;5694
29;5695
45;5696
17;5715
1;5718
18;5721
19;5736
41;5737
24;5740
35;5745
14;5754
10;5789
49;5790
24;5791
66;5792
11;5809
31;5810
12;5814
30;5818
4;5826
16;5830
20;5838
13;5847
159;5861
12;5865
36;5885
21;5886
4;5887
4;5888
50;5889
195;5890
79;5891
11;5892
6;5899
72;5918
4;5919
57;5921
11;5923
22;5924
26;5927
1;5931
4;5934
11;5937
28;5938
1;5939
12;5940
161;5945
20;5946
10;5948
161;5983
31;5984
40;5985
17;5986
69;5987
32;5988
154;5990
43;6013
23;6014
59;6015
27;6017
180;6018
3;6030
20;6034
29;6037
5;6039
10;6040
31;6041
80;6077
28;6078
42;6079
35;6080
3;6087
15;6097
9;6098
27;6109
8;6113
25;6122
25;6127
26;6131
25;6136
36;6153
9;6168
91;6173
45;6174
7;6175
69;6176
31;6193
30;6199
4;6221
5;6223
3;6255
238;6269
65;6270
94;6271
83;6272
4;6285
23;6289
171;6290
4;6300
5;6321
19;6322
1;6325
2;6365
16;6367
167;6368
20;6385
8;6388
10;6400
17;6402
177;6411
37;6412
6;6413
148;6419
6;6424
12;6447
14;6459
48;6461
100;6463
170;6464
18;6481
22;6483
16;6484
15;6498
2;6508
23;6515
25;6517
23;6519
28;6557
56;6558
58;6559
20;6560
39;6561
213;6562
346;6563
160;6564
30;6584
180;6589
29;6590
12;6591
18;6592
3;6593
155;6595
18;6603
12;6609
12;6610
22;6611
30;6614
7;6615
4;6652
79;6654
35;6655
25;6656
35;6657
39;6658
12;6660
7;6673
553;6682
172;6688
27;6691
16;6692
19;6694
9;6700
31;6707
35;6708
151;6709
46;6715
47;6749
24;6750
61;6751
20;6752
11;6761
28;6790
37;6793
26;6798
25;6799
37;6804
20;6824
232;6845
211;6846
218;6848
21;6857
34;6860
23;6865
45;6866
3;6868
9;6878
3;6893
49;6941
42;6942
54;6944
25;6954
182;6961
8;6963
40;6964
4;6965
30;6975
10;6987
14;6992
16;6993
1;7000
27;7008
4;7026
52;7039
162;7040
39;7057
46;7060
18;7081
8;7088
14;7090
13;7133
30;7134
79;7135
42;7136
29;7153
10;7155
13;7156
2;7170
144;7179
13;7184
29;7201
15;7229
187;7230
5;7231
44;7234
77;7235
18;7242
27;7257
17;7259
28;7263
19;7264
32;7270
27;7280
203;7284
6;7287
2;7288
601;7289
164;7291
7;7298
9;7325
26;7326
38;7327
170;7328
9;7329
10;7330
26;7331
19;7332
7;7342
24;7358
43;7362
195;7363
162;7376
39;7384
14;7387
20;7412
202;7421
29;7424
9;7436
6;7438
22;7441
86;7442
24;7444
21;7453
24;7477
2;7478
27;7484
31;7517
581;7518
30;7519
33;7520
12;7530
5;7531
8;7536
10;7537
8;7538
3;7539
49;7540
11;7552
26;7564
10;7565
15;7566
6;7567
54;7613
37;7614
5;7615
73;7616
2;7627
16;7628
34;7633
32;7634
21;7635
19;7636
8;7659
16;7672
101;7709
273;7710
135;7711
556;7712
17;7713
164;7724
234;7729
59;7730
19;7749
7;7756
17;7765
15;7795
111;7805
11;7806
25;7807
41;7808
3;7811
28;7822
4;7823
29;7825
20;7827
48;7828
6;7856
16;7858
27;7860
6;7864
27;7893
162;7901
11;7902
3;7904
13;7905
11;7906
14;7907
2;7908
27;7911
33;7918
15;7919
20;7928
59;7934
13;7935
2;7936
20;7939
51;7940
159;7946
5;7954
8;7955
175;7958
17;7960
24;7998
30;7999
17;8001
51;8002
35;8003
8;8025
15;8028
6;8031
14;8033
28;8035
10;8049
15;8052
24;8054
16;8060
9;8062
5;8086
250;8093
32;8094
165;8095
51;8096
8;8113
11;8114
7;8117
2;8146
35;8147
24;8152
5;8181
68;8189
57;8190
85;8191
25;8192
20;8199
5;8201
164;8209
2;8210
37;8211
8;8221
24;8223
16;8225
13;8234
6;8238
12;8239
1;8244
35;8245
22;8246
23;8285
49;8286
236;8287
216;8288
35;8297
1;8305
15;8307
23;8324
162;8329
13;8330
29;8341
26;8342
58;8381
46;8382
77;8383
66;8384
4;8393
25;8403
23;8404
45;8425
23;8427
27;8435
160;8440
31;8477
58;8478
38;8479
237;8480
14;8483
2;8485
9;8497
8;8498
10;8501
18;8530
6;8532
1;8534
21;8535
12;8573
7;8574
17;8576
194;8577
61;8578
21;8579
27;8584
29;8605
8;8606
10;8610
150;8612
9;8620
29;8626
18;8627
1;8628
12;8635
33;8665
5;8666
33;8667
34;8668
77;8669
34;8670
1;8671
14;8684
13;8698
9;8699
2;8703
25;8721
6;8722
6;8723
20;8725
5;8761
224;8762
39;8764
18;8769
41;8781
3;8782
56;8784
570;8792
10;8817
174;8856
50;8857
4;8858
262;8859
153;8860
2;8878
3;8880
33;8894
3;8904
16;8905
17;8914
23;8916
24;8953
67;8954
187;8956
31;8957
28;8959
5;8967
8;8970
5;8973
12;8974
7;8975
40;8976
157;8992
20;8997
21;8999
22;9001
27;9005
4;9008
11;9009
32;9049
38;9050
64;9051
77;9052
164;9069
31;9071
48;9072
9;9078
20;9096
30;9100
5;9101
34;9105
150;9140
177;9145
595;9146
7;9147
60;9148
9;9152
186;9165
203;9166
28;9167
20;9168
17;9169
164;9175
1;9183
2;9185
1;9197
5;9202
616;9241
17;9242
25;9244
28;9245
43;9246
181;9247
74;9248
14;9254
25;9264
26;9273
48;9276
46;9277
43;9279
15;9280
156;9294
7;9296
23;9298
13;9299
10;9324
25;9330
24;9337
63;9338
23;9339
14;9340
18;9341
17;9343
39;9344
1;9345
29;9351
8;9366
4;9370
32;9374
3;9381
27;9386
26;9389
22;9390
42;9395
5;9396
19;9399
4;9415
169;9433
15;9434
7;9435
24;9436
2;9442
5;9449
59;9453
6;9455
41;9456
13;9468
8;9476
22;9481
27;9484
30;9487
10;9499
42;9529
31;9530
185;9531
151;9532
19;9539
9;9549
22;9550
317;9551
4;9552
32;9573
33;9574
4;9585
40;9588
11;9625
9;9626
48;9627
22;9628
5;9636
11;9642
26;9645
49;9646
18;9652
10;9671
25;9676
18;9678
19;9680
1;9683
49;9721
32;9722
11;9723
89;9724
13;9739
20;9742
13;9764
9;9773
14;9780
30;9817
16;9818
193;9819
37;9820
4;9822
6;9827
15;9838
23;9839
32;9840
5;9852
2;9868
7;9871
32;9878
1;9911
70;9913
8;9914
70;9915
11;9916
13;9917
10;9918
15;9920
11;9924
37;9927
35;9938
189;9945
52;9946
42;9947
26;9949
25;9950
18;9951
8;9952
4;9968
14;9983
8;9990
151;10009
31;10010
54;10012
26;10014
193;10015
39;10016
160;10022
10;10024
2;10025
8;10031
30;10038
14;10041
31;10042
18;10047
3;10048
4;10065
12;10069
233;10105
8;10106
69;10107
186;10108
34;10123
34;10125
22;10128
15;10130
13;10140
5;10143
15;10153
16;10155
3;10161
11;10163
85;10201
4;10202
99;10203
18;10221
29;10223
6;10224
31;10240
2;10245
42;10246
7;10247
14;10252
16;10254
22;10259
166;10297
28;10298
204;10299
22;10300
6;10317
36;10319
22;10320
8;10324
3;10325
2;10330
39;10341
1;10342
2;10345
20;10355
26;10393
189;10394
49;10395
15;10413
187;10415
38;10435
11;10437
37;10441
17;10443
2;10452
22;10471
51;10489
36;10490
64;10491
45;10492
5;10495
11;10496
17;10499
4;10505
5;10509
24;10510
19;10511
13;10512
18;10542
27;10544
20;10546
4;10547
40;10548
17;10585
16;10588
8;10589
56;10590
165;10591
5;10619
4;10620
4;10624
2;10627
19;10630
35;10640
11;10647
13;10648
11;10681
64;10682
25;10683
24;10684
41;10685
43;10686
76;10687
42;10688
29;10694
11;10714
17;10718
27;10722
10;10738
13;10744
28;10751
194;10778
41;10779
20;10780
16;10793
1;10797
1;10798
4;10800
173;10820
26;10822
42;10823
11;10826
15;10827
1;10831
13;10832
35;10844
78;10873
47;10874
8;10875
8;10876
9;10890
16;10891
23;10894
21;10895
7;10896
11;10900
30;10918
13;10920
23;10921
24;10922
3;10923
6;10924
39;10927
52;10930
5;10931
77;10969
55;10970
53;10971
27;10972
1;10992
7;11016
6;11017
12;11021
4;11025
9;11026
22;11028
13;11059
16;11065
182;11066
91;11067
65;11068
15;11087
295;11088
17;11091
12;11095
6;11108
9;11115
14;11116
8;11123
10;11141
27;11161
197;11162
9;11163
211;11164
2;11169
10;11183
1;11185
24;11209
5;11211
3;11216
8;11236
31;11239
37;11257
768;11259
54;11261
20;11262
28;11263
32;11264
23;11278
6;11279
29;11280
6;11282
29;11283
1;11290
158;11291
10;11292
11;11293
20;11294
23;11305
6;11313
150;11314
20;11319
20;11338
167;11353
226;11355
15;11356
17;11357
45;11358
8;11366
16;11373
164;11388
46;11389
5;11391
1;11392
25;11402
34;11405
154;11406
563;11409
165;11411
17;11413
26;11449
38;11450
52;11451
9;11452
22;11460
9;11468
11;11469
10;11470
35;11472
5;11473
8;11490
29;11494
160;11495
13;11497
7;11500
30;11503
331;11545
226;11546
33;11547
199;11548
5;11551
27;11563
33;11565
27;11568
24;11569
9;11589
23;11591
24;11592
35;11603
8;11615
61;11641
76;11642
35;11643
192;11644
2;11655
18;11661
7;11664
13;11681
14;11685
20;11714
16;11737
74;11738
28;11739
204;11740
18;11758
207;11759
1;11760
48;11783
56;11787
30;11791
204;11833
26;11834
190;11835
19;11836
151;11849
8;11853
18;11855
49;11856
35;11878
1;11879
19;11882
14;11883
6;11885
4;11888
24;11890
9;11891
19;11924
28;11929
39;11930
29;11931
22;11932
12;11934
6;11935
168;11936
145;11945
3;11952
1;11958
7;11962
16;11963
160;11964
18;11965
60;11966
21;11969
28;11971
2;11978
15;11981
32;11985
11;11987
4;11988
199;11990
24;11992
17;11995
18;12006
4;12013
29;12017
38;12025
2;12026
22;12027
60;12028
30;12029
197;12030
28;12031
31;12032
15;12058
28;12059
18;12060
31;12063
170;12077
14;12078
5;12080
36;12082
22;12083
6;12084
185;12121
11;12122
56;12123
37;12124
10;12142
27;12144
19;12167
183;12174
20;12175
15;12178
8;12179
214;12218
7;12219
26;12220
9;12221
4;12232
25;12234
7;12239
30;12258
20;12261
6;12299
178;12313
57;12314
28;12315
20;12316
9;12322
26;12333
6;12336
8;12391
20;12411
61;12412
25;12415
33;12421
5;12423
6;12426
44;12429
34;12430
24;12453
25;12454
8;12455
18;12458
173;12505
43;12506
21;12507
638;12508
3;12518
2;12525
153;12552
24;12553
6;12557
39;12559
12;12593
8;12601
26;12602
42;12605
555;12606
21;12607
25;12608
11;12615
14;12621
8;12626
9;12635
34;12636
15;12637
29;12638
5;12639
53;12640
3;12653
9;12664
5;12693
156;12697
33;12699
75;12700
3;12701
33;12702
46;12703
14;12704
33;12729
8;12730
18;12731
40;12732
4;12733
15;12735
12;12736
10;12752
8;12753
572;12754
4;12756
8;12784
37;12793
29;12794
18;12795
216;12796
2;12803
24;12815
21;12816
18;12821
26;12838
8;12839
17;12843
41;12889
35;12890
57;12891
39;12892
14;12908
14;12910
44;12911
18;12912
3;12923
36;12930
19;12940
24;12947
4;12948
4;12985
36;12986
26;12987
26;12988
4;12995
7;13001
29;13005
13;13008
1;13010
39;13036
16;13039
15;13040
10;13042
4;13053
75;13081
18;13082
30;13083
66;13084
172;13102
39;13104
15;13130
164;13131
26;13134
64;13136
13;13177
86;13178
59;13179
26;13180
35;13197
82;13198
36;13203
2;13235
38;13236
8;13267
19;13277
3;13278
33;13280
20;13283
165;13285
38;13300
19;13303
1;13306
27;13307
13;13310
13;13311
2;13312
25;13313
151;13321
17;13329
19;13331
19;13370
19;13371
55;13373
57;13374
26;13375
8;13376
35;13401
26;13405
7;13407
30;13408
7;13429
4;13433
27;13465
40;13466
109;13467
14;13468
27;13473
4;13475
9;13485
9;13488
14;13503
22;13511
58;13514
12;13523
36;13561
93;13562
5;13563
46;13564
10;13581
32;13582
8;13584
10;13589
4;13594
28;13602
165;13609
26;13610
16;13615
203;13657
71;13658
16;13659
30;13660
11;13676
4;13680
7;13684
14;13702
26;13703
14;13704
20;13705
8;13710
16;13714
2;13715
24;13753
15;13754
203;13755
40;13756
12;13772
21;13776
24;13778
17;13798
20;13807
6;13810
4;13817
163;13825
32;13829
22;13844
148;13849
47;13850
309;13851
76;13852
8;13870
7;13871
49;13872
6;13899
2;13905
56;13907
26;13908
22;13914
42;13945
38;13946
10;13947
16;13948
43;13949
9;13950
31;13951
16;13952
159;13977
22;13978
18;13979
8;13981
33;13982
13;13984
167;13997
48;13999
161;14002
158;14003
22;14006
11;14010
170;14023
17;14041
63;14043
40;14044
26;14047
115;14048
14;14071
148;14073
44;14076
21;14079
4;14080
2;14094
10;14098
2;14100
165;14101
21;14137
49;14139
56;14140
8;14145
180;14157
27;14169
11;14180
1;14187
8;14188
14;14192
325;14233
51;14234
9;14235
193;14236
156;14253
11;14255
29;14256
12;14274
4;14277
162;14279
20;14281
9;14282
41;14286
26;14289
28;14292
11;14330
69;14331
17;14332
27;14336
35;14341
28;14347
165;14349
17;14350
23;14351
10;14354
15;14377
161;14378
33;14379
4;14388
27;14425
20;14426
31;14427
10;14430
12;14445
20;14447
206;14448
12;14464
9;14469
2;14473
17;14474
52;14477
29;14480
157;14483
247;14521
61;14522
7;14523
48;14524
31;14534
26;14540
28;14541
6;14543
6;14544
26;14550
32;14568
15;14571
9;14573
1;14575
154;14577
40;14591
1;14595
185;14617
35;14618
15;14619
31;14620
20;14621
148;14622
70;14623
6;14629
17;14646
202;14649
10;14651
3;14652
8;14653
9;14655
3;14656
29;14669
19;14671
19;14710
34;14713
61;14714
34;14715
5;14716
39;14717
165;14718
12;14719
29;14720
26;14732
4;14749
1;14750
17;14751
6;14752
19;14769
8;14773
23;14774
230;14809
40;14810
17;14823
9;14828
1;14832
19;14837
6;14839
24;14858
28;14859
167;14860
29;14865
39;14905
45;14906
6;14907
33;14908
43;14925
64;14926
9;14927
2;14932
7;14936
8;14938
1;14949
8;14951
21;14952
19;14955
16;14957
23;14962
23;14963
26;14977
7;14985
27;15001
13;15002
25;15003
54;15004
12;15022
23;15023
25;15024
28;15030
31;15034
24;15042
20;15057
220;15097
90;15098
47;15099
39;15100
18;15109
23;15117
13;15118
19;15120
4;15141
39;15144
38;15156
33;15158
79;15193
35;15194
170;15195
8;15196
5;15199
37;15213
45;15215
565;15216
4;15221
25;15228
22;15230
19;15236
24;15238
10;15243
15;15264
40;15285
23;15289
164;15291
6;15292
38;15293
9;15294
3;15295
63;15296
6;15303
9;15319
15;15322
26;15324
22;15325
11;15326
19;15330
3;15331
18;15339
26;15340
24;15342
28;15344
30;15345
30;15373
162;15379
2;15389
47;15390
58;15392
22;15393
3;15395
10;15418
12;15419
568;15420
17;15421
8;15423
34;15424
6;15430
29;15434
162;15440
2;15445
22;15446
24;15447
94;15481
152;15482
126;15483
76;15484
30;15493
11;15495
4;15501
34;15502
9;15503
193;15504
26;15515
14;15537
34;15545
14;15578
98;15579
32;15580
38;15594
8;15595
3;15604
34;15621
11;15622
30;15623
30;15627
32;15628
46;15673
195;15674
34;15675
10;15676
7;15693
14;15694
27;15695
29;15703
27;15713
9;15728
24;15729
4;15730
3;15751
60;15769
18;15770
5;15771
25;15772
4;15787
36;15789
24;15790
21;15791
46;15792
34;15818
23;15819
19;15820
9;15821
25;15822
2;15826
22;15827
10;15865
52;15866
32;15867
20;15868
29;15884
57;15885
1;15887
24;15888
14;15891
159;15909
4;15916
22;15918
15;15921
185;15961
7;15962
55;15963
23;15965
27;15966
25;15967
5;15968
35;15983
29;16003
40;16009
2;16015
1;16018
6;16019
8;16043
81;16057
20;16060
10;16061
1;16062
11;16063
7;16064
18;16092
33;16093
19;16094
162;16095
32;16100
14;16112
7;16120
26;16133
17;16153
23;16155
67;16156
22;16160
9;16174
9;16175
19;16194
14;16197
15;16199
11;16203
27;16205
19;16206
16;16249
30;16250
28;16251
16;16252
168;16268
2;16269
41;16272
165;16290
32;16294
6;16296
8;16299
14;16303
166;16305
17;16344
26;16345
12;16346
40;16347
26;16348
179;16367
10;16368
2;16371
8;16389
14;16396
2;16398
31;16401
14;16402
68;16441
47;16443
190;16444
51;16461
29;16462
41;16463
23;16464
154;16488
55;16537
46;16538
14;16539
213;16540
21;16557
8;16560
11;16562
25;16593
6;16594
13;16621
57;16635
60;16637
188;16638
2;16639
42;16640
172;16664
40;16665
25;16667
20;16668
6;16670
34;16671
10;16696
11;16726
4;16729
28;16732
209;16733
19;16734
28;16743
2;16763
31;16764
19;16766
6;16767
7;16768
36;16783
5;16784
39;16790
78;16825
59;16827
75;16828
2;16842
35;16845
3;16846
17;16847
34;16866
18;16869
1;16871
27;16884
5;16921
63;16922
31;16923
37;16924
7;16928
28;16929
15;16933
10;16934
18;16941
22;16943
36;16958
19;16971
28;16974
29;17017
26;17018
58;17019
10;17020
3;17027
14;17037
189;17038
42;17039
166;17061
17;17069
13;17074
15;17080
6;17113
35;17114
194;17115
17;17118
4;17134
18;17135
29;17136
3;17147
31;17149
169;17158
25;17165
13;17168
19;17172
80;17209
49;17210
37;17212
11;17217
22;17230
1;17232
15;17239
176;17254
10;17260
5;17261
13;17262
24;17268
18;17289
8;17305
210;17306
22;17307
16;17308
170;17309
5;17310
27;17311
180;17312
7;17336
9;17338
20;17343
32;17349
8;17357
13;17358
4;17362
27;17363
556;17368
11;17388
4;17398
73;17401
8;17403
7;17404
163;17405
31;17406
27;17407
57;17408
23;17433
51;17437
11;17438
158;17440
29;17453
20;17456
23;17459
15;17464
22;17485
71;17497
205;17498
54;17500
11;17504
14;17519
23;17524
12;17541
73;17545
3;17553
17;17556
14;17575
47;17593
13;17594
13;17595
9;17596
8;17616
7;17626
159;17645
15;17649
10;17652
20;17672
171;17689
42;17690
29;17691
7;17692
160;17709
13;17711
12;17712
12;17714
31;17733
19;17739
12;17743
5;17747
37;17767
4;17776
51;17785
68;17786
15;17787
117;17788
178;17805
18;17806
21;17807
15;17829
7;17830
32;17832
12;17837
20;17840
30;17841
8;17855
21;17881
72;17883
15;17896
15;17902
51;17903
31;17904
40;17907
9;17909
2;17911
12;17920
11;17924
171;17930
32;17934
7;17937
1;17938
2;17939
40;17977
18;17979
33;17981
152;17982
165;17984
25;17996
160;18009
10;18011
4;18012
18;18014
25;18029
5;18033
173;18039
156;18066
25;18073
17;18074
73;18075
35;18076
29;18077
4;18078
11;18079
31;18086
31;18104
24;18107
30;18111
17;18125
40;18132
11;18133
9;18134
32;18170
179;18171
28;18172
17;18180
28;18181
24;18186
10;18189
3;18190
33;18192
11;18208
21;18215
8;18216
1;18221
30;18222
3;18224
42;18265
66;18266
83;18267
40;18268
26;18269
21;18275
13;18284
2;18285
14;18291
12;18298
37;18309
24;18313
31;18320
23;18323
38;18361
32;18362
3;18363
219;18364
10;18382
13;18383
162;18384
31;18402
3;18403
21;18407
33;18409
26;18411
29;18414
3;18420
67;18457
26;18458
6;18459
38;18460
9;18466
11;18479
18;18499
48;18501
3;18502
15;18505
34;18516
31;18553
162;18554
56;18555
22;18556
32;18559
41;18575
11;18576
11;18592
26;18600
1;18607
13;18610
12;18649
160;18650
67;18651
35;18652
12;18653
17;18655
96;18656
18;18665
6;18666
9;18681
9;18684
37;18686
172;18688
169;18701
47;18707
9;18716
17;18730
19;18745
12;18746
736;18747
23;18748
30;18749
15;18750
7;18751
5;18752
5;18755
56;18765
16;18770
29;18777
28;18779
32;18781
2;18783
18;18784
19;18785
26;18794
13;18797
29;18800
22;18801
12;18805
32;18832
95;18841
252;18842
9;18843
21;18862
21;18863
194;18864
2;18885
14;18889
10;18901
192;18937
37;18938
62;18939
83;18940
161;18947
20;18952
20;18957
15;18958
26;18974
3;18981
18;18983
25;18986
6;19022
19;19024
111;19034
41;19035
79;19036
2;19037
3;19039
144;19048
7;19053
164;19055
42;19056
31;19077
65;19079
13;19087
26;19088
35;19089
188;19090
8;19129
40;19130
15;19131
59;19132
8;19133
16;19149
6;19150
572;19152
16;19159
10;19173
32;19174
164;19183
17;19184
30;19186
11;19188
173;19225
54;19226
11;19227
1;19240
5;19245
42;19248
5;19271
17;19279
10;19280
10;19283
8;19284
16;19310
10;19322
79;19323
27;19324
213;19327
19;19328
7;19342
1;19354
18;19355
26;19356
27;19357
62;19358
18;19373
18;19381
164;19389
11;19392
27;19417
26;19418
154;19419
3;19420
29;19421
22;19422
32;19423
39;19424
1;19426
22;19433
29;19435
18;19442
2;19446
1;19450
25;19451
32;19452
30;19456
22;19462
1;19480
5;19513
28;19514
51;19515
17;19516
153;19529
17;19535
164;19536
7;19543
14;19563
22;19571
16;19578
244;19609
54;19610
12;19611
4;19612
6;19626
10;19629
6;19630
164;19648
19;19668
59;19705
19;19706
13;19707
183;19708
32;19710
14;19725
12;19726
30;19728
8;19740
16;19755
8;19756
172;19801
45;19802
194;19803
46;19804
24;19821
26;19822
60;19823
35;19824
13;19833
4;19850
573;19851
45;19859
80;19897
42;19898
172;19899
72;19900
20;19911
172;19920
18;19922
197;19947
152;19951
6;19993
14;19994
172;19996
14;19997
27;19998
2;19999
37;20000
8;20021
22;20025
9;20026
1;20028
31;20029
7;20030
12;20031
152;20045
9;20051
59;20056
23;20059
16;20060
167;20074
14;20089
6;20091
21;20092
34;20093
27;20094
22;20095
51;20096
9;20099
5;20119
9;20121
2;20122
20;20123
11;20124
40;20128
29;20137
52;20185
16;20186
191;20187
12;20188
19;20208
164;20235
38;20281
59;20282
28;20283
10;20284
33;20301
22;20303
3;20324
11;20331
2;20378
16;20379
204;20380
33;20389
26;20391
7;20400
17;20401
10;20426
10;20432
23;20435
64;20473
32;20474
30;20475
6;20476
4;20488
20;20495
2;20519
16;20521
5;20522
10;20532
19;20569
120;20570
90;20571
90;20572
8;20587
37;20589
2;20590
7;20591
11;20617
1;20619
150;20624
1;20625
30;20629
41;20665
29;20667
2;20668
23;20670
20;20671
14;20672
155;20688
30;20699
40;20702
166;20703
13;20708
4;20709
12;20721
49;20722
1;20724
21;20736
162;20761
19;20762
27;20763
29;20765
46;20766
27;20767
20;20768
23;20775
29;20793
24;20795
4;20796
18;20797
15;20800
22;20809
27;20814
13;20816
25;20818
24;20819
17;20822
8;20824
23;20857
171;20858
210;20859
39;20860
15;20878
165;20880
148;20882
26;20885
21;20889
168;20906
2;20910
31;20913
15;20916
23;20940
21;20953
30;20955
101;20956
3;20960
19;20965
20;20973
10;20975
18;20978
16;20981
53;20982
9;20986
28;20999
32;21001
15;21007
15;21008
5;21010
19;21012
8;21019
12;21049
71;21050
35;21051
31;21052
20;21064
159;21069
20;21070
4;21072
5;21076
158;21094
15;21095
24;21098
80;21145
12;21146
39;21147
26;21161
34;21166
28;21167
27;21195
154;21198
17;21199
6;21200
8;21202
2;21208
167;21241
66;21242
28;21243
233;21244
4;21257
12;21263
34;21264
4;21287
1;21297
17;21299
159;21322
29;21337
161;21338
24;21341
34;21342
13;21343
26;21344
16;21356
26;21357
20;21370
8;21371
45;21372
29;21373
20;21376
20;21391
20;21426
2;21433
32;21434
162;21435
12;21436
5;21437
4;21440
14;21450
10;21455
11;21465
13;21470
3;21471
13;21472
5;21474
19;21479
150;21480
12;21486
8;21487
4;21489
12;21495
27;21529
53;21531
81;21532
28;21551
3;21566
17;21579
66;21625
5;21626
168;21627
57;21628
9;21630
15;21638
3;21639
50;21647
173;21648
5;21676
159;21677
6;21679
23;21681
10;21683
12;21684
45;21721
47;21722
190;21723
48;21724
5;21732
17;21739
21;21741
61;21743
15;21744
14;21756
30;21773
35;21801
163;21817
29;21819
71;21820
15;21822
159;21823
23;21835
20;21837
10;21838
19;21839
33;21840
4;21858
3;21864
5;21866
9;21871
1;21872
59;21913
533;21914
296;21915
171;21916
6;21928
13;21932
3;21934
20;21935
15;21958
23;21965
12;21970
10;21971
39;22009
16;22011
26;22013
29;22014
162;22016
24;22023
9;22041
15;22042
30;22043
38;22045
4;22053
20;22055
1;22060
5;22063
17;22071
4;22085
18;22105
65;22106
3;22107
48;22108
18;22109
74;22110
11;22111
13;22112
20;22121
3;22124
30;22135
41;22139
5;22141
29;22142
18;22144
23;22148
18;22150
2;22157
9;22165
58;22201
77;22202
15;22203
204;22204
12;22205
16;22224
18;22232
20;22235
13;22256
26;22298
24;22299
168;22300
4;22317
1;22318
11;22319
27;22320
12;22325
32;22344
29;22349
9;22352
10;22355
34;22356
15;22393
3;22394
83;22395
34;22396
187;22413
4;22430
4;22437
33;22438
21;22443
16;22444
31;22445
164;22450
15;22451
164;22452
188;22489
43;22490
38;22491
33;22492
10;22493
38;22511
13;22519
23;22534
3;22535
23;22538
15;22539
40;22585
11;22586
7;22587
17;22607
10;22629
11;22630
22;22632
9;22633
20;22636
31;22639
19;22642
12;22681
193;22682
27;22684
23;22686
24;22687
27;22688
31;22700
46;22713
174;22716
26;22719
171;22721
12;22724
30;22731
32;22734
10;22739
18;22741
4;22744
19;22777
8;22778
69;22780
18;22781
14;22782
34;22784
28;22801
14;22809
13;22811
25;22812
18;22814
28;22815
15;22816
15;22818
156;22830
45;22834
26;22835
37;22836
16;22838
51;22873
174;22874
4;22875
14;22877
170;22889
27;22892
17;22893
2;22896
9;22906
14;22924
33;22969
31;22970
43;22971
29;22972
159;22989
4;22991
176;23065
8;23067
24;23068
10;23076
30;23086
161;23087
31;23089
7;23100
18;23118
39;23124
13;23131
11;23161
203;23162
64;23163
32;23164
155;23182
20;23184
163;23186
562;23191
38;23200
153;23203
56;23210
146;23213
35;23215
17;23218
246;23257
86;23258
159;23259
626;23260
15;23263
32;23273
33;23278
20;23279
29;23287
47;23302
9;23305
33;23308
3;23313
7;23314
17;23347
25;23354
177;23355
16;23356
46;23357
23;23358
22;23360
8;23361
185;23387
45;23389
8;23391
159;23392
25;23393
7;23403
44;23406
27;23449
14;23450
51;23452
42;23453
168;23454
598;23455
34;23480
31;23485
9;23488
6;23502
174;23503
27;23506
40;23507
4;23511
42;23545
59;23546
36;23547
195;23548
12;23555
44;23566
38;23567
3;23568
1;23576
20;23599
95;23641
14;23642
18;23643
1;23664
34;23665
22;23672
29;23675
6;23688
9;23690
11;23694
22;23696
29;23724
41;23737
31;23738
90;23739
10;23740
18;23745
158;23758
26;23759
7;23760
35;23774
3;23782
18;23787
21;23833
46;23834
52;23835
145;23836
19;23838
13;23844
24;23853
24;23854
9;23856
30;23867
26;23873
18;23926
22;23929
51;23930
27;23931
33;23949
9;23950
13;23951
12;23959
3;23967
9;23971
58;23974
34;23986
6;24025
13;24026
12;24027
52;24028
13;24029
18;24030
14;24031
27;24032
29;24060
20;24063
22;24064
5;24076
85;24082
35;24085
5;24121
11;24122
186;24123
30;24124
68;24125
11;24126
29;24127
31;24132
19;24155
3;24156
2;24159
174;24175
6;24177
97;24217
48;24218
112;24219
15;24220
8;24231
29;24236
4;24237
567;24240
169;24260
27;24261
23;24270
174;24274
7;24313
38;24314
11;24315
42;24316
12;24331
5;24334
34;24335
32;24336
1;24343
14;24357
21;24366
2;24375
18;24387
200;24409
34;24410
1;24411
68;24412
11;24430
11;24456
19;24458
26;24461
7;24464
32;24468
58;24505
5;24506
10;24507
13;24508
5;24513
15;24528
18;24543
23;24555
7;24556
74;24601
46;24602
132;24604
4;24617
153;24618
7;24621
26;24623
5;24626
33;24632
163;24647
13;24650
14;24657
23;24689
71;24697
1;24698
61;24699
31;24700
4;24701
202;24703
22;24731
11;24732
12;24736
21;24742
16;24749
29;24750
27;24754
28;24756
2;24757
8;24773
12;24797
6;24814
16;24824
2;24825
14;24828
40;24829
9;24830
29;24849
24;24850
8;24854
25;24855
56;24889
24;24890
209;24891
22;24892
185;24909
39;24910
6;24912
22;24929
9;24932
12;24938
13;24939
30;24944
13;24946
30;24948
23;24985
48;24986
50;24987
57;24988
13;24990
53;25006
7;25021
23;25030
7;25033
30;25035
164;25043
32;25059
70;25081
24;25082
60;25083
31;25084
31;25086
16;25089
19;25098
7;25101
41;25103
32;25112
39;25127
27;25143
57;25178
29;25179
38;25180
29;25181
16;25195
17;25197
29;25199
1;25218
15;25225
1;25226
149;25227
7;25229
9;25231
22;25233
17;25234
170;25235
21;25273
2;25274
56;25275
34;25276
27;25290
5;25293
5;25294
200;25295
169;25296
9;25301
1;25318
21;25324
18;25330
9;25342
12;25357
3;25358
51;25369
43;25370
32;25371
12;25374
13;25375
173;25376
18;25386
8;25397
13;25402
2;25405
6;25408
3;25422
28;25424
31;25426
1;25429
19;25430
13;25465
39;25466
3;25467
34;25469
233;25470
24;25471
2;25487
26;25498
157;25499
26;25501
27;25503
17;25504
12;25521
37;25522
33;25524
12;25539
49;25561
24;25562
84;25563
16;25572
23;25581
58;25584
16;25597
11;25610
15;25612
79;25657
57;25658
105;25659
223;25660
23;25677
22;25678
48;25679
17;25680
6;25701
4;25703
178;25706
161;25708
4;25710
4;25714
153;25736
10;25751
12;25753
73;25755
110;25756
7;25759
4;25761
13;25765
14;25769
8;25772
38;25773
2;25782
1;25797
164;25799
161;25849
318;25850
160;25851
28;25852
6;25859
30;25864
1;25866
6;25869
14;25870
7;25895
13;25905
12;25936
90;25945
32;25946
270;25947
36;25948
3;25966
1;25968
12;25970
15;25989
33;25995
27;26041
25;26042
64;26043
62;26044
194;26045
24;26046
13;26047
10;26063
11;26070
18;26072
24;26078
17;26094
28;26096
30;26101
2;26103
8;26104
1;26132
153;26137
4;26138
32;26140
59;26142
8;26144
24;26146
22;26153
161;26169
3;26170
2;26171
23;26172
26;26173
23;26174
6;26175
11;26191
15;26209
647;26233
57;26234
20;26235
29;26236
158;26249
8;26267
157;26277
161;26282
9;26283
34;26287
15;26288
36;26289
35;26290
17;26329
233;26330
47;26332
8;26337
27;26349
158;26350
30;26352
31;26354
150;26363
26;26376
161;26384
31;26386
6;26425
156;26426
177;26427
25;26428
7;26438
26;26446
202;26447
12;26448
4;26472
5;26474
32;26481
212;26521
7;26522
62;26523
3;26524
8;26529
2;26538
31;26541
31;26542
25;26544
21;26566
17;26568
4;26576
29;26577
25;26579
93;26618
5;26619
186;26620
3;26630
21;26638
33;26639
10;26640
23;26665
32;26669
14;26671
10;26672
40;26673
25;26713
19;26714
13;26716
7;26718
17;26720
16;26730
164;26738
4;26742
145;26743
42;26746
64;26747
30;26749
189;26751
15;26763
18;26765
13;26770
26;26774
17;26775
1;26805
20;26809
343;26811
29;26812
18;26814
44;26815
1;26816
36;26817
563;26829
1;26837
26;26841
9;26842
6;26846
12;26847
3;26848
5;26865
10;26866
14;26885
50;26905
3;26906
63;26907
56;26908
26;26915
7;26917
24;26939
29;26949
6;26951
23;26952
18;26955
19;26958
2;26959
4;26963
35;26964
38;27002
149;27003
31;27004
4;27019
6;27023
11;27024
24;27051
4;27054
182;27097
191;27098
73;27099
45;27100
35;27115
3;27117
2;27118
17;27120
15;27122
35;27127
3;27144
3;27145
39;27149
19;27154
12;27156
20;27173
139;27193
8;27194
17;27195
208;27196
25;27201
11;27205
11;27213
31;27215
67;27216
20;27245
31;27246
5;27248
30;27249
6;27251
10;27252
40;27289
60;27290
74;27291
31;27292
20;27308
4;27309
12;27310
20;27320
30;27333
15;27334
9;27337
4;27338
28;27342
2;27345
23;27349
21;27357
1;27380
43;27385
23;27386
202;27388
8;27389
4;27390
8;27392
12;27418
3;27419
17;27420
6;27437
22;27440
4;27448
8;27469
9;27474
27;27475
164;27482
181;27483
27;27484
26;27485
1;27486
44;27487
15;27488
3;27499
41;27513
6;27514
178;27515
4;27516
5;27518
2;27527
37;27577
558;27578
40;27579
32;27580
8;27597
22;27600
33;27602
7;27617
8;27629
3;27632
33;27633
157;27634
11;27644
21;27660
32;27666
85;27673
31;27674
55;27676
27;27693
37;27695
168;27710
4;27711
24;27724
27;27727
12;27728
3;27730
23;27735
80;27769
8;27770
28;27771
28;27772
63;27789
3;27791
1;27813
29;27821
22;27822
8;27824
35;27825
198;27865
28;27866
14;27867
29;27874
18;27882
14;27885
42;27886
23;27916
15;27918
17;27923
11;27948
289;27961
83;27962
187;27963
46;27964
24;27966
30;27979
6;27984
8;27995
21;28011
12;28012
160;28017
1;28019
28;28020
53;28037
155;28047
21;28058
157;28061
31;28063
6;28064
4;28078
13;28079
30;28080
22;28083
22;28089
8;28090
8;28091
26;28092
162;28094
40;28095
27;28101
25;28107
60;28113
162;28115
20;28120
29;28145
31;28153
35;28154
32;28155
11;28156
164;28157
36;28158
47;28159
62;28160
43;28185
159;28186
5;28188
19;28189
25;28191
24;28196
7;28206
6;28216
6;28217
160;28249
53;28250
60;28251
24;28252
3;28269
11;28271
39;28272
25;28275
16;28288
7;28290
6;28294
9;28295
21;28296
34;28307
339;28345
54;28346
42;28347
42;28348
4;28355
3;28368
28;28375
9;28389
16;28395
11;28398
5;28402
33;28441
8;28442
17;28443
202;28444
46;28464
10;28469
27;28481
11;28483
34;28484
13;28492
9;28494
27;28498
17;28537
74;28538
13;28539
27;28540
15;28544
7;28546
34;28550
20;28558
4;28560
28;28567
19;28587
12;28592
1;28593
3;28596
358;28633
185;28634
15;28635
19;28636
4;28647
166;28653
30;28655
18;28657
19;28661
23;28677
5;28681
6;28682
19;28684
20;28687
5;28690
31;28692
12;28731
24;28732
187;28733
13;28735
1;28736
9;28737
16;28761
9;28765
29;28767
10;28768
16;28784
35;28788
2;28789
8;28791
16;28821
7;28825
24;28826
19;28827
6;28828
170;28829
14;28830
16;28858
9;28859
22;28860
7;28861
21;28863
20;28865
25;28921
69;28922
8;28923
172;28924
4;28942
9;28943
35;28944
3;28953
19;28958
21;28967
2;28968
1;28969
23;28974
1;28976
24;28977
18;29017
37;29018
32;29020
166;29039
38;29040
14;29056
33;29064
23;29114
32;29115
68;29116
3;29134
23;29135
20;29136
10;29151
35;29155
5;29166
20;29170
28;29213
18;29214
208;29215
40;29216
4;29217
43;29233
27;29249
8;29259
145;29267
34;29271
12;29272
6;29279
194;29309
30;29310
34;29311
16;29312
2;29324
158;29329
98;29330
62;29331
156;29335
3;29341
2;29348
162;29353
25;29354
13;29363
23;29365
157;29366
14;29393
21;29406
26;29407
175;29408
38;29409
48;29410
25;29411
208;29412
24;29432
7;29439
57;29441
38;29459
7;29460
33;29462
23;29463
41;29465
12;29467
24;29476
5;29490
27;29501
340;29502
38;29505
49;29506
33;29507
161;29508
21;29528
5;29536
14;29539
3;29559
555;29561
184;29597
38;29598
55;29599
364;29600
2;29607
2;29608
26;29615
168;29618
25;29620
19;29631
6;29642
14;29643
12;29646
25;29650
30;29653
57;29654
69;29693
608;29694
211;29695
196;29696
28;29699
17;29713
47;29714
13;29738
24;29739
9;29752
29;29777
84;29790
28;29791
16;29792
17;29809
14;29840
12;29843
21;29845
7;29846
22;29848
65;29886
2;29887
240;29888
23;29891
159;29894
27;29897
7;29906
11;29914
3;29934
39;29936
17;29939
56;29981
60;29982
52;29983
76;29984
25;29987
20;30001
188;30002
5;30003
6;30004
10;30026
9;30029
12;30034
28;30035
8;30037
5;30038
23;30056
32;30078
35;30079
159;30080
1;30082
30;30083
16;30084
19;30090
23;30092
5;30106
67;30110
16;30111
167;30112
45;30113
30;30114
14;30116
16;30120
33;30131
2;30134
26;30136
5;30139
29;30173
13;30174
2;30175
44;30176
45;30177
1;30178
33;30183
26;30184
4;30195
56;30199
19;30206
7;30207
13;30214
24;30236
184;30269
1;30270
21;30271
9;30272
4;30289
37;30291
15;30295
17;30323
26;30326
168;30327
43;30365
34;30367
433;30368
33;30385
25;30386
35;30388
38;30409
25;30413
25;30419
7;30458
10;30461
40;30462
26;30463
21;30464
26;30468
8;30472
28;30474
16;30483
14;30484
26;30496
19;30499
30;30505
25;30514
19;30516
20;30520
59;30557
23;30558
110;30559
174;30560
33;30579
63;30585
33;30589
4;30592
22;30603
14;30606
1;30612
24;30614
2;30616
1;30653
39;30654
36;30655
52;30656
25;30669
25;30673
12;30675
17;30676
27;30685
20;30694
16;30695
29;30697
31;30703
138;30749
60;30750
166;30751
163;30753
17;30754
158;30755
17;30756
12;30760
1;30781
28;30782
2;30784
9;30785
7;30786
563;30788
5;30793
17;30801
31;30803
18;30845
29;30846
8;30847
9;30851
29;30852
5;30862
2;30870
28;30878
15;30880
24;30881
9;30882
67;30889
38;30900
176;30904
29;30941
619;30942
10;30943
220;30944
14;30947
14;30952
19;30961
23;30963
19;30987
156;30992
4;30994
19;30997
38;30999
6;31016
56;31037
37;31038
99;31039
1;31040
28;31049
51;31059
8;31089
6;31094
29;31095
7;31117
31;31133
76;31134
39;31135
32;31136
18;31150
5;31153
28;31159
4;31169
19;31186
21;31187
17;31188
31;31191
26;31221
189;31229
16;31230
53;31231
63;31232
5;31233
12;31244
5;31249
5;31250
30;31252
22;31257
29;31275
8;31285
8;31287
3;31290
17;31303
46;31325
7;31327
197;31328
166;31332
44;31345
39;31346
7;31347
1;31348
11;31373
16;31376
13;31379
21;31380
28;31382
33;31393
19;31420
36;31421
61;31422
6;31423
12;31424
7;31425
2;31427
28;31428
4;31431
37;31451
11;31454
1;31455
27;31456
36;31457
8;31460
3;31472
37;31473
2;31480
13;31481
30;31500
24;31517
32;31518
61;31519
16;31520
45;31521
1;31523
49;31524
15;31527
11;31539
1;31547
3;31550
13;31551
14;31552
203;31553
7;31554
11;31562
3;31574
12;31577
13;31578
26;31580
40;31581
98;31613
52;31614
195;31615
12;31616
7;31618
9;31628
88;31634
7;31635
51;31636
12;31658
11;31668
6;31670
46;31709
81;31710
19;31711
89;31712
36;31719
4;31729
11;31730
15;31741
34;31744
26;31745
28;31761
8;31762
20;31763
20;31794
18;31795
219;31806
19;31807
28;31808
16;31828
5;31830
40;31849
22;31852
5;31854
168;31856
160;31863
12;31864
74;31901
29;31902
15;31903
82;31904
17;31906
19;31922
37;31923
9;31924
15;31946
22;31953
22;31954
9;31959
4;31982
161;31997
49;31998
50;31999
49;32000
17;32002
23;32004
165;32016
32;32017
16;32019
51;32020
26;32041
40;32042
6;32045
23;32046
17;32049
25;32051
5;32052
550;32055
4;32077
1;32093
1;32094
10;32095
53;32097
73;32099
11;32104
14;32105
23;32107
34;32116
191;32125
27;32126
42;32127
15;32128
173;32130
33;32131
26;32146
31;32148
13;32154
16;32155
3;32169
179;32189
51;32190
19;32192
8;32193
38;32194
60;32195
162;32196
4;32217
23;32226
14;32228
15;32229
2;32246
157;32248
56;32285
52;32286
208;32287
20;32288
162;32291
5;32305
7;32306
55;32307
37;32312
5;32326
8;32329
5;32336
5;32342
9;32368
37;32381
368;32382
23;32383
17;32384
1;32396
9;32401
8;32402
16;32403
26;32431
174;32432
11;32434
16;32437
21;32440
20;32477
49;32478
13;32479
15;32480
16;32497
3;32498
39;32499
30;32507
23;32515
23;32525
156;32526
1;32529
8;32530
14;32573
25;32574
188;32575
91;32576
6;32577
4;32578
53;32619
37;32620
5;32629
20;32649
45;32669
12;32670
185;32671
57;32672
8;32673
159;32689
163;32690
28;32692
10;32707
9;32710
1;32712
44;32717
33;32722
7;32725
7;32765
9;32766
81;32767
15;32768
7;32770
38;32772
29;32776
14;32799
185;32800
155;32801
2;32802
2;32803
2;32804
25;32809
14;32811
9;32817
15;32819
2;32821
9;32824
53;32827
189;32861
38;32862
560;32864
15;32865
20;32866
24;32867
6;32874
25;32884
180;32893
32;32895
44;32896
28;32899
15;32904
6;32913
5;32918
359;32957
34;32958
26;32959
85;32960
153;32963
21;32967
14;32976
32;32979
27;32980
28;32981
37;33008
2;33016
20;33053
34;33054
26;33055
8;33074
64;33075
57;33076
6;33088
14;33091
23;33099
32;33104
8;33108
8;33110
32;33127
85;33149
28;33150
40;33151
126;33152
510;33169
4;33171
6;33172
7;33189
3;33202
16;33205
14;33214
50;33245
210;33246
97;33247
211;33248
4;33257
31;33260
1;33265
21;33267
152;33280
17;33289
6;33290
17;33291
13;33322
11;33341
227;33344
10;33357
2;33358
16;33364
8;33374
7;33385
14;33387
166;33388
8;33397
6;33418
162;33428
18;33438
8;33439
44;33440
18;33441
4;33442
47;33443
16;33445
4;33452
39;33454
3;33457
14;33461
18;33467
6;33468
22;33469
29;33471
7;33472
7;33473
16;33474
167;33475
18;33490
15;33492
26;33493
9;33496
12;33499
194;33534
23;33537
51;33538
585;33539
105;33540
21;33550
16;33555
8;33556
1;33565
45;33566
38;33567
24;33568
11;33570
34;33572
3;33585
157;33586
20;33588
31;33589
32;33594
13;33629
78;33630
48;33631
212;33632
7;33649
26;33670
6;33680
39;33681
29;33682
33;33712
28;33726
247;33727
8;33728
7;33745
306;33747
21;33748
5;33751
10;33769
45;33778
152;33819
326;33821
356;33822
57;33823
15;33824
3;33842
25;33844
5;33864
4;33867
167;33868
11;33872
9;33873
12;33879
35;33885
224;33917
47;33919
29;33920
14;33924
10;33935
64;33937
39;33939
17;33951
13;33958
16;33967
18;33969
14;33971
10;33974
21;33975
1;34013
39;34014
16;34015
7;34016
15;34019
19;34020
176;34027
25;34034
16;34035
6;34036
4;34053
17;34057
15;34058
42;34060
16;34067
169;34099
48;34109
48;34113
33;34114
2;34115
19;34116
11;34117
3;34131
5;34136
26;34143
29;34144
10;34148
10;34161
34;34163
19;34169
9;34171
6;34185
17;34191
72;34206
202;34208
9;34209
15;34210
19;34211
3;34212
22;34213
10;34228
21;34233
168;34238
10;34241
12;34242
49;34243
11;34244
21;34260
158;34262
25;34265
9;34266
31;34301
55;34302
68;34303
18;34304
6;34307
11;34314
6;34320
9;34321
21;34322
165;34328
21;34334
14;34355
14;34359
255;34397
13;34398
252;34399
18;34400
13;34404
13;34413
35;34417
8;34418
7;34440
17;34442
19;34446
7;34459
25;34493
87;34494
51;34495
30;34496
5;34509
31;34514
4;34534
29;34539
4;34541
26;34542
17;34548
5;34569
37;34589
39;34591
12;34597
11;34609
10;34610
24;34612
30;34618
3;34629
21;34645
13;34685
30;34686
14;34687
55;34688
83;34705
38;34708
15;34710
35;34730
16;34734
27;34738
13;34744
5;34748
32;34758
18;34764
33;34780
1;34781
35;34782
29;34783
24;34784
15;34785
3;34786
17;34787
20;34793
25;34815
22;34818
200;34819
17;34820
149;34825
7;34833
15;34840
12;34877
6;34878
77;34879
11;34881
18;34882
18;34883
161;34909
10;34913
10;34925
39;34932
28;34937
50;34974
129;34975
58;34976
17;34994
23;34996
4;34998
30;35002
12;35025
30;35027
165;35030
12;35031
