sums of daily draw-off volumes
165.2
235.5
253.2
118
61.2
260.5
393.5
209.2
115.5
247.8
226.2
128.8
70
141.8
174.5
196.5
222.8
228.8
96.5
97.5
119.8
246.2
149
193.5
128.2
208.2
234.8
203
278.2
109
235
36
100
127
110
367.2
224
138.8
274.2
166.2
383.8
213.5
159.8
172.5
301.8
147.2
180.2
292.2
349.5
87.2
166.5
330.2
188.5
92
110.5
194.8
148.5
165.8
110
121.5
71.5
254.2
233.5
87
81.8
177.5
153.5
122
362
323.8
79
204.8
125.5
85.8
93.8
375.2
199.5
118
209.5
79.2
395.5
97.5
211.8
75.5
147.5
151.2
207
138.5
113.2
151.2
78
241.5
185
169
138
406.2
350
112.8
110.5
222.2
68
62.5
100.5
164.8
198.5
166
93.8
139.8
142.8
106.2
88.8
115.2
148.2
105.8
68.2
185.8
124.8
367.5
422
116
251
104.5
175.5
194.2
271.5
201
142.8
85.5
82.5
77.8
275.5
219.8
272.2
106
87
57.5
167.2
94.2
143.2
73.2
86.2
119.8
110.5
96.5
243.2
256.2
210.2
93.8
269
153.8
151
184.2
202.8
125.5
142.5
91.8
78.8
145.8
265.8
145.8
304.5
200.8
82.5
106.5
94
109.8
110
105.8
69.5
173
95.2
150.8
99.8
167.2
111
87.2
79.8
145.5
140.8
110.8
333
177.8
126.2
73.8
133.2
158.2
123
207
135.8
107
108.5
155.8
68.8
101.5
218.8
292.8
162.5
165.5
244
251
84
179
128.8
123.5
129.8
98.5
309.2
231.2
155.2
116.8
113.5
51
87
47.2
141.5
155
144.8
258.5
111.2
138.5
108.2
141.5
157.5
127.8
52.2
190.2
123.2
149.8
290.2
108.8
113
108.2
96.8
193.5
106.8
49.2
215
149.5
120.5
74.8
129.2
413.8
336.2
201.8
306.2
112.5
65.2
116.5
102.2
72.2
87.8
143.8
318.2
54.8
106.8
38.5
167.5
140.2
48.2
167.5
118.8
107.2
151.5
144.2
117
170.8
77
232.8
152.2
186
126
139.2
139.5
345.2
229.8
163
119.2
117.5
206
281.8
94.8
66.8
168.5
159.8
98.2
88.2
185.2
237.2
137.2
76.2
99.5
226.5
263
185.2
117
138.2
109.2
68.5
230.8
92.8
87.8
104
84.5
59.8
143.2
283.8
199.2
318.8
256.8
305.5
62.5
148.2
140
191
79
120.5
172.8
83.8
140.5
82.5
348.5
114.2
296
80.2
82
118.5
153.2
95.8
157.5
137
104.2
183
87.5
327.2
197.8
183.8
156.2
184
99
105.8
195.2
168.2
296.8
204.5
75
217.8
204.2
120.5
183.8
349.8
114.5
177.5
294.2
134
103.5
118.8
214.8
109.8
164.2
77.2
48
86
165.5
97.5
132.5
sums of draw-off volumes of each hour of the day
167.7
214.2
202.6
142.8
240.6
157.3
10382.3
13964.5
5413.2
1263.9
682.6
2976.2
3866.2
971.8
1654.7
2370.8
1918.9
1482.9
2263.9
2057.5
2909
2047.8
1069.5
159.2
sums of draw-off volumes of each hour of weekdays
87.9
68.3
90.9
47.1
64.4
74.4
8146.1
10220.7
2784.5
328.8
528.8
2700.3
3688
823.1
479.7
331
539.8
1062.7
1953.9
1423.7
1778.4
1323.1
186.6
57.1
sums of draw-off volumes of each hour of weekend-days
79.8
145.9
111.7
95.7
176.2
82.9
2236.2
3743.8
2628.7
935.1
153.8
275.9
178.2
148.7
1175
2039.8
1379.1
420.2
310
633.8
1130.6
724.7
882.9
102.1
holidays of household(s), numbers correspond to day of year
