sums of daily draw-off volumes
378.8
356.8
213.5
182
72
210.2
386.5
218
131.2
318.2
121.2
127
102.8
136
151.5
322.8
147.5
258.8
280.5
273.2
382.5
140
213
341.2
133
181.5
150.2
346
161.8
310.5
259
119.5
150.2
324.8
190.8
247.2
250.5
136.2
91.8
176.8
346.8
253.5
167.2
184.5
233
147
256.8
241
159
133.5
319
113
124
255.8
257.2
310.8
174.5
101.2
245.8
220
168.2
240
155.8
224.8
230.8
175.2
222.2
108
271.8
246
357.2
122.8
107.2
156.8
317.8
296
384.8
167.5
180.8
84.2
152.8
216.5
248
225
173.8
195.5
218.5
180.2
188.5
182.5
344.8
209.2
80.2
198.5
222.2
260.2
445
109.5
334.8
271.2
169.8
156.8
140.8
244
321.2
165.8
187.8
81
210.8
205
321.2
187.8
156.2
252.2
211
91.5
102.2
125.2
359.2
176.8
289.5
138
197.5
189.2
247.8
121.5
147.8
295.5
278
228.8
65.5
348.8
176
159.8
163.2
135.2
185
226.5
162.5
135.2
282.5
238.8
135.2
240.8
387.2
199
325.2
240
214
128.5
172.5
208.8
206.2
296.5
269.2
367
101.8
118.8
498.5
234.2
216.2
310.5
255
215.5
185.2
297.2
215
230.5
157.8
146.5
246.8
219.8
124.5
362.5
133.8
86
125
244.5
54.8
89.5
217.5
411
302.2
117
169
248.5
147.5
137.2
305.2
307.8
136.2
294.8
142
254.2
183.2
144.2
77
74
134.2
188.5
106.8
107.2
192
114.5
142.8
112.5
128.8
184
198.2
298.2
164.5
201.5
297.5
243.5
192.8
155.8
166.8
98
105.5
98.8
265
217.5
186.8
182.5
365.8
283.2
141.8
79.5
122.5
182
242.2
367.2
174
129.2
133.2
89.2
243.2
309.2
244
176.8
184
218.2
289.8
97.5
172.2
120.2
68.2
116.2
267.2
106
152
256
112
90
176.5
240.8
180.5
97.8
206.8
157
138.5
196.2
56.2
104.8
212.8
202.2
79.5
184.8
324.8
100.8
213.5
99.5
168.5
319
224.2
345.2
253.8
79.8
220
177.2
233
198.8
95.5
206.5
259.8
299
207.2
181.5
104.2
169.5
136.5
273.5
244.5
90.5
81.5
212.5
89
150.8
101.5
185.8
140
283.8
319.8
78.8
197.8
124.2
109
129
269.5
146
267.5
262
249.2
323
208.2
181.5
195.8
218
131.5
173.5
155.2
219.2
134.5
146.8
94.2
227
360
203
102.5
199.5
211
196
130
163.2
162
288.5
183.2
98
186.2
108
218.5
241
166.5
75.5
193.5
291
217.5
115
71
240
182.2
196.8
247.8
161.2
138.5
209.5
423.5
289.2
249.5
357.5
139
349.2
367.5
168.8
213.8
sums of draw-off volumes of each hour of the day
304.9
102.9
164.9
168.9
154
115.5
13412.3
16819.2
6657.3999999
1453.5
945
4453.7
3909.8
1707.7
2320.6
2880.7
2362.6
1758.2
3014.4
3367.3
3070.4
2256.7
1456.2
351.9
sums of draw-off volumes of each hour of weekdays
203.6
54.9
64.1
89.4
93.4
44.6
10918.2
11840.2
3402.7
608.1
646.9
4241
3548.9
1419.9
689.8
696.1
641.2
1208.6
2865.9
2424.1
2243
1393.2
447.2
149.9
sums of draw-off volumes of each hour of weekend-days
101.3
48
100.8
79.5
60.6
70.9
2494.1
4979
3254.7
845.4
298.1
212.7
360.9
287.8
1630.8
2184.6
1721.4
549.6
148.5
943.20000000
827.4
863.5
1009
202
holidays of household(s), numbers correspond to day of year
