160;29
38;30
206;31
418;32
162;48
167;50
17;51
19;69
156;81
157;82
5;83
10;85
1;109
37;125
210;126
215;127
59;128
30;143
560;145
18;146
95;148
14;170
14;172
1;176
18;177
155;178
26;208
29;221
67;222
11;223
61;224
2;242
586;243
21;244
18;256
13;265
20;268
78;317
120;318
195;319
102;320
21;326
23;337
4;338
55;339
20;340
17;343
38;347
23;351
1;366
5;367
1;374
25;375
8;413
49;414
45;415
25;416
29;433
16;434
25;435
21;436
22;459
9;460
5;468
4;470
30;471
25;492
82;509
165;510
39;511
59;513
89;514
34;515
31;516
154;538
6;541
19;542
63;544
32;547
24;548
15;556
4;563
17;598
13;600
28;604
551;605
72;606
34;607
162;608
2;609
56;610
74;611
8;612
26;637
191;640
45;641
3;642
19;643
150;644
37;657
10;659
34;665
14;668
6;676
81;702
33;703
198;704
11;715
19;717
7;721
45;722
156;724
3;726
36;740
167;743
3;745
20;748
22;750
10;751
15;756
40;760
37;797
3;798
77;799
102;800
15;803
32;808
26;810
23;813
39;817
33;818
22;819
40;820
3;829
12;830
6;843
5;849
50;851
28;893
11;894
108;895
581;896
38;903
34;904
22;912
35;913
11;914
62;915
92;916
30;919
21;937
28;940
5;941
165;943
2;951
24;989
34;990
52;991
37;992
9;1009
32;1011
30;1012
7;1021
13;1035
8;1037
20;1039
1;1040
191;1041
26;1044
1;1048
35;1080
92;1085
23;1086
179;1087
34;1088
12;1104
15;1105
48;1108
3;1133
3;1136
37;1139
27;1142
18;1167
9;1181
28;1182
12;1183
30;1184
14;1185
87;1186
3;1187
33;1188
15;1190
21;1214
30;1216
14;1217
10;1218
15;1219
17;1221
32;1234
23;1244
9;1249
31;1258
60;1277
30;1278
8;1279
21;1280
25;1283
256;1284
6;1288
1;1293
17;1312
28;1314
8;1315
16;1316
11;1317
8;1333
9;1338
198;1373
60;1374
57;1375
20;1376
25;1381
33;1393
5;1398
171;1419
24;1423
13;1427
616;1469
22;1470
64;1471
223;1472
17;1487
14;1489
5;1491
29;1492
154;1498
30;1507
28;1513
14;1516
10;1518
33;1526
27;1527
5;1528
82;1565
80;1566
78;1567
133;1568
36;1586
29;1587
23;1588
26;1592
37;1597
1;1614
20;1616
14;1617
25;1621
6;1622
65;1661
59;1662
25;1663
201;1664
8;1673
16;1681
3;1682
12;1683
560;1684
25;1696
28;1698
4;1704
3;1707
25;1714
1;1715
61;1757
239;1758
227;1759
232;1760
23;1771
14;1772
155;1778
49;1780
2;1783
20;1794
10;1795
20;1796
13;1799
22;1803
18;1811
17;1822
165;1854
150;1855
32;1856
29;1857
47;1858
36;1859
36;1860
1;1862
16;1877
151;1885
53;1886
10;1887
42;1888
11;1892
16;1906
25;1907
3;1909
32;1910
25;1911
26;1915
187;1916
12;1949
76;1950
22;1951
243;1952
171;1953
45;1955
338;1956
26;1961
25;1972
26;1981
11;1982
15;1984
39;1985
57;1987
193;1988
13;2000
8;2001
19;2002
19;2004
4;2005
4;2006
157;2009
7;2010
66;2045
58;2046
29;2047
45;2048
35;2060
5;2063
8;2065
25;2066
65;2067
16;2068
18;2069
14;2083
37;2084
28;2088
22;2090
7;2096
34;2099
10;2100
13;2101
16;2103
9;2104
366;2141
5;2142
53;2143
46;2144
17;2145
178;2161
2;2162
33;2163
4;2164
11;2186
14;2187
15;2188
15;2189
17;2191
32;2192
4;2193
3;2195
9;2199
28;2200
180;2237
95;2238
164;2239
617;2240
30;2248
65;2251
9;2257
13;2258
160;2260
2;2286
20;2289
2;2291
4;2293
4;2296
23;2333
43;2334
49;2335
205;2336
22;2338
7;2354
152;2355
19;2364
12;2380
211;2429
88;2430
59;2431
271;2432
36;2451
8;2475
26;2476
18;2479
9;2487
13;2500
9;2525
14;2526
20;2527
37;2528
188;2529
71;2530
52;2531
25;2532
17;2534
3;2559
6;2561
58;2562
25;2565
3;2577
26;2578
2;2579
2;2582
5;2585
14;2586
2;2587
9;2588
51;2621
192;2622
48;2623
24;2624
205;2625
205;2626
238;2628
35;2637
17;2644
6;2646
26;2653
170;2655
24;2659
16;2660
6;2662
21;2663
13;2670
14;2674
15;2675
22;2676
9;2681
27;2682
3;2709
66;2717
316;2718
61;2719
29;2720
25;2734
42;2737
33;2738
57;2740
6;2744
9;2759
39;2813
158;2814
87;2815
329;2816
11;2822
2;2824
2;2832
26;2833
48;2834
3;2835
199;2836
18;2839
33;2854
6;2858
42;2862
19;2867
22;2869
38;2871
160;2872
148;2895
39;2909
80;2910
178;2911
24;2912
150;2916
14;2919
6;2920
144;2929
16;2930
9;2931
18;2932
3;2958
162;2960
9;2963
28;2965
8;2967
50;3005
30;3006
10;3007
224;3008
34;3011
4;3024
17;3025
37;3027
30;3028
1;3038
19;3046
22;3059
4;3076
35;3101
99;3102
181;3103
60;3104
27;3122
5;3123
11;3124
12;3131
5;3140
7;3141
2;3146
4;3150
24;3153
11;3156
71;3157
21;3158
14;3159
8;3166
24;3193
6;3197
87;3198
13;3199
195;3200
30;3201
30;3202
195;3203
23;3204
16;3207
5;3213
13;3229
8;3230
164;3232
210;3233
33;3234
12;3236
29;3239
17;3247
186;3255
3;3259
13;3275
5;3291
16;3293
176;3294
55;3295
49;3296
41;3297
1;3298
28;3299
24;3305
30;3309
14;3325
44;3327
59;3329
29;3330
17;3332
18;3346
18;3348
30;3353
36;3354
60;3356
3;3368
4;3385
89;3389
130;3390
30;3391
54;3392
38;3405
36;3409
3;3410
17;3411
16;3412
316;3434
12;3435
33;3436
22;3438
6;3442
19;3444
5;3447
156;3456
124;3485
236;3486
6;3487
192;3488
2;3491
32;3501
169;3505
6;3506
19;3507
40;3508
36;3519
61;3532
52;3534
13;3536
14;3542
32;3557
7;3576
271;3581
13;3582
67;3583
29;3584
14;3601
7;3602
28;3603
30;3604
5;3608
6;3628
1;3630
16;3635
19;3640
67;3677
105;3678
70;3679
16;3680
4;3697
12;3698
6;3699
5;3700
7;3701
15;3712
25;3723
29;3731
6;3734
70;3773
163;3774
66;3775
64;3776
149;3786
33;3793
21;3795
26;3796
36;3814
4;3824
48;3828
27;3829
19;3851
179;3869
36;3870
14;3871
27;3872
210;3873
218;3874
18;3875
201;3876
13;3888
25;3901
15;3902
21;3904
1;3905
146;3911
27;3913
161;3917
27;3925
29;3931
8;3953
5;3959
16;3965
50;3966
30;3967
35;3968
6;3969
96;3970
29;3971
40;3972
26;3977
25;3997
206;3998
21;3999
23;4000
12;4001
189;4002
11;4003
4;4008
2;4011
161;4017
5;4020
14;4026
262;4061
68;4062
94;4063
60;4064
14;4070
6;4077
34;4081
17;4082
39;4083
27;4084
9;4107
6;4108
7;4109
2;4111
10;4112
14;4115
75;4157
193;4158
86;4159
11;4160
14;4167
5;4177
26;4178
26;4179
17;4192
36;4202
24;4206
194;4208
18;4213
13;4216
93;4253
10;4254
41;4255
55;4256
7;4258
167;4259
17;4266
158;4267
178;4273
67;4274
23;4276
10;4285
12;4291
28;4300
13;4303
5;4304
20;4305
25;4306
3;4309
8;4325
203;4349
93;4350
32;4351
61;4352
10;4358
27;4369
6;4370
55;4372
9;4384
20;4394
34;4395
16;4403
14;4406
4;4444
196;4445
40;4446
16;4447
26;4448
11;4453
36;4462
4;4465
9;4466
17;4467
20;4476
21;4482
154;4483
23;4486
58;4491
3;4492
161;4493
169;4496
30;4499
9;4501
20;4502
3;4513
144;4514
14;4537
25;4541
96;4544
29;4545
23;4546
40;4547
176;4548
1;4558
154;4568
8;4576
159;4577
14;4579
6;4581
16;4593
28;4595
28;4600
53;4638
18;4639
12;4640
74;4641
73;4642
9;4643
68;4644
16;4647
156;4665
12;4670
4;4671
47;4672
17;4674
34;4676
12;4689
24;4691
7;4695
38;4733
286;4734
21;4735
12;4736
23;4753
6;4754
64;4755
18;4766
19;4767
30;4769
17;4789
45;4829
23;4830
644;4831
85;4832
9;4836
162;4849
4;4850
183;4851
24;4855
22;4858
18;4870
6;4881
20;4882
21;4887
10;4889
40;4925
2;4927
24;4928
12;4945
164;4946
69;4947
17;4948
6;4963
18;4967
26;4969
4;4971
28;4972
33;4980
9;4982
12;5021
20;5022
38;5023
217;5024
31;5029
34;5041
24;5042
38;5043
17;5056
3;5066
4;5074
22;5076
14;5077
22;5079
295;5117
353;5118
79;5119
59;5120
20;5138
19;5139
151;5163
8;5170
10;5171
29;5175
161;5195
25;5197
20;5213
204;5214
32;5215
66;5216
6;5217
50;5218
16;5219
41;5220
14;5221
9;5234
36;5245
4;5246
39;5247
4;5252
2;5257
1;5260
35;5263
34;5265
33;5266
16;5267
17;5271
164;5272
20;5299
1;5309
23;5310
34;5311
51;5312
28;5313
36;5314
22;5315
11;5316
3;5319
162;5331
13;5338
29;5341
46;5342
24;5344
10;5346
14;5347
14;5350
30;5363
8;5364
26;5366
34;5368
578;5369
26;5372
17;5384
17;5392
33;5405
93;5406
68;5407
34;5408
24;5415
6;5418
9;5426
23;5428
17;5436
26;5444
61;5449
8;5454
4;5456
24;5457
4;5460
8;5461
13;5462
18;5463
28;5464
163;5466
15;5482
64;5501
59;5502
22;5503
32;5504
9;5510
28;5521
71;5523
11;5524
4;5539
7;5543
25;5546
14;5549
8;5552
29;5556
7;5562
16;5569
31;5594
135;5597
11;5598
269;5599
86;5600
150;5618
32;5619
159;5620
20;5642
18;5645
8;5646
12;5648
1;5650
2;5653
15;5654
17;5655
1;5656
102;5693
343;5694
7;5695
53;5696
13;5709
11;5714
8;5715
32;5716
19;5721
13;5734
2;5738
2;5745
31;5746
21;5748
22;5749
163;5750
2;5751
36;5758
2;5771
11;5789
39;5790
216;5791
21;5792
13;5797
50;5809
12;5810
30;5812
12;5816
2;5822
14;5827
22;5828
11;5833
22;5835
163;5836
4;5837
1;5838
28;5842
4;5873
2;5875
190;5885
59;5886
14;5887
13;5888
13;5889
28;5890
45;5891
18;5892
12;5895
28;5900
39;5920
53;5922
153;5923
29;5924
26;5928
34;5931
13;5933
25;5937
37;5938
34;5945
19;5946
15;5947
43;5948
14;5952
38;5981
89;5983
13;5984
165;5985
15;5986
56;5987
40;5988
22;6013
12;6014
33;6016
14;6018
17;6019
21;6020
28;6036
3;6038
5;6040
5;6041
24;6044
23;6045
18;6077
46;6078
404;6079
22;6080
7;6098
7;6115
29;6116
5;6121
155;6123
10;6129
12;6131
7;6133
5;6134
172;6139
9;6154
15;6173
31;6174
80;6175
26;6176
33;6193
52;6194
80;6195
17;6196
5;6198
23;6203
9;6207
4;6218
3;6219
200;6221
177;6224
159;6230
202;6270
95;6271
96;6272
29;6290
11;6309
57;6316
31;6317
15;6319
14;6320
147;6324
4;6328
159;6337
30;6352
64;6365
34;6366
69;6367
41;6368
32;6382
161;6385
7;6386
50;6387
21;6388
17;6409
64;6413
33;6418
58;6421
24;6422
2;6423
23;6424
11;6435
77;6461
50;6462
52;6463
9;6464
22;6473
11;6474
6;6482
10;6483
4;6490
31;6505
4;6506
26;6508
59;6509
14;6511
22;6512
6;6516
6;6520
12;6523
11;6534
29;6557
47;6558
5;6559
167;6560
111;6561
9;6562
16;6563
19;6564
16;6573
13;6578
25;6580
15;6589
21;6590
14;6591
71;6592
8;6593
17;6594
31;6595
31;6596
15;6601
17;6602
9;6604
144;6607
20;6613
12;6614
34;6615
160;6618
6;6641
50;6653
15;6654
48;6655
13;6656
193;6657
18;6658
61;6659
27;6669
21;6679
33;6687
4;6688
159;6690
54;6691
22;6692
22;6694
4;6695
20;6697
10;6708
172;6711
32;6714
24;6749
23;6750
61;6751
175;6759
23;6762
28;6770
13;6771
32;6775
153;6776
10;6777
2;6787
26;6793
555;6794
8;6795
28;6796
22;6798
167;6799
15;6801
6;6802
2;6803
6;6804
31;6805
19;6807
65;6845
176;6846
24;6847
54;6848
3;6865
44;6866
10;6868
10;6876
39;6891
27;6897
14;6899
4;6902
21;6904
74;6942
97;6943
62;6944
19;6953
18;6955
62;6961
18;6963
8;6970
2;6983
24;6986
5;6987
8;6994
32;6998
21;7012
9;7023
222;7037
30;7038
138;7039
17;7040
32;7055
11;7057
54;7058
15;7060
14;7061
8;7081
15;7082
9;7084
10;7085
11;7087
11;7088
2;7127
43;7133
208;7134
68;7135
244;7136
170;7142
59;7153
159;7154
26;7155
22;7156
32;7157
9;7158
18;7163
7;7172
9;7173
8;7178
10;7184
19;7188
158;7197
178;7229
29;7231
7;7232
72;7233
47;7234
8;7235
54;7236
7;7240
40;7256
31;7258
16;7261
59;7265
2;7266
167;7267
35;7268
28;7281
30;7282
165;7285
36;7286
152;7287
18;7288
2;7290
1;7292
10;7300
17;7325
10;7326
19;7327
69;7328
24;7329
19;7330
35;7331
20;7332
15;7355
191;7358
179;7359
26;7361
30;7362
606;7363
1;7375
167;7378
6;7379
13;7380
35;7382
9;7384
6;7385
32;7386
42;7421
57;7422
37;7423
66;7424
14;7443
38;7444
160;7468
22;7469
19;7472
17;7474
24;7475
162;7478
12;7479
65;7517
115;7518
53;7519
212;7520
11;7537
27;7539
82;7540
3;7560
47;7561
16;7562
21;7570
16;7571
27;7572
18;7573
10;7576
7;7613
2;7614
63;7616
28;7626
16;7631
11;7634
23;7635
50;7636
20;7638
31;7644
26;7653
6;7656
24;7659
11;7663
19;7664
52;7709
32;7710
11;7711
161;7712
27;7716
162;7724
7;7729
23;7730
76;7731
13;7732
1;7736
1;7749
8;7758
8;7759
3;7766
10;7767
16;7775
33;7785
34;7800
29;7805
386;7806
57;7807
28;7808
21;7812
2;7819
13;7820
5;7821
17;7825
8;7826
21;7827
175;7828
4;7850
15;7853
18;7862
31;7880
12;7885
33;7901
5;7902
29;7903
160;7904
8;7905
46;7906
186;7907
125;7908
9;7917
13;7931
24;7933
20;7935
54;7937
31;7938
26;7939
36;7949
25;7952
15;7953
20;7954
49;7957
35;7958
5;7974
95;7997
43;7998
267;7999
13;8000
47;8001
44;8002
23;8003
40;8004
176;8029
19;8030
20;8031
12;8032
15;8033
40;8034
6;8035
18;8048
17;8051
26;8066
240;8093
25;8094
15;8095
68;8096
18;8104
5;8106
13;8108
6;8110
5;8112
18;8113
30;8115
25;8126
6;8134
17;8140
26;8141
1;8144
26;8145
84;8147
16;8148
25;8150
38;8189
64;8191
101;8192
28;8209
27;8210
39;8211
220;8212
29;8223
18;8234
155;8235
27;8237
10;8239
26;8244
22;8258
377;8285
37;8286
45;8287
197;8288
20;8301
9;8302
39;8305
15;8306
15;8307
9;8330
55;8332
30;8335
4;8342
49;8381
68;8382
212;8383
137;8384
3;8389
3;8400
44;8401
4;8402
12;8403
20;8404
11;8406
33;8418
7;8425
19;8426
8;8429
31;8432
4;8433
3;8434
34;8439
3;8440
16;8445
23;8472
101;8477
64;8478
22;8479
262;8480
19;8494
33;8498
149;8499
5;8500
1;8523
31;8529
6;8530
38;8533
24;8545
32;8573
33;8574
30;8576
7;8577
18;8578
16;8579
196;8580
155;8584
11;8591
4;8604
31;8605
27;8607
9;8608
12;8611
15;8612
17;8619
1;8625
18;8627
74;8635
5;8665
214;8666
8;8667
55;8668
62;8669
327;8670
58;8671
62;8672
21;8674
171;8697
8;8698
26;8700
83;8701
25;8702
11;8703
35;8717
170;8724
12;8725
26;8728
53;8761
30;8762
26;8763
207;8764
6;8765
4;8777
21;8781
21;8782
4;8783
46;8784
2;8789
34;8806
2;8811
22;8812
28;8814
163;8815
5;8816
157;8818
6;8820
25;8856
50;8857
73;8858
42;8859
30;8860
32;8872
16;8879
14;8880
8;8889
4;8902
4;8909
23;8914
4;8947
180;8953
207;8954
232;8955
8;8956
18;8957
3;8975
24;8976
19;8985
10;8986
30;8991
24;8997
10;9002
17;9010
8;9011
37;9049
85;9050
61;9051
192;9052
19;9068
41;9069
168;9070
159;9071
39;9072
27;9078
21;9091
2;9096
6;9101
32;9108
265;9145
89;9146
212;9147
298;9148
15;9166
1;9167
14;9168
21;9173
26;9185
12;9187
1;9189
11;9194
15;9195
8;9199
49;9200
4;9215
6;9219
19;9241
603;9242
4;9243
2;9244
11;9245
14;9246
16;9247
181;9248
29;9250
171;9258
189;9273
24;9274
166;9275
8;9277
170;9278
32;9279
37;9280
23;9285
33;9293
20;9294
16;9299
6;9311
3;9318
17;9338
27;9339
44;9340
28;9341
1;9342
13;9343
1;9344
4;9356
3;9365
157;9369
18;9370
2;9371
26;9372
4;9373
29;9374
17;9375
1;9377
2;9389
22;9392
4;9396
15;9398
167;9425
372;9433
55;9434
43;9435
61;9436
156;9438
2;9444
36;9445
357;9454
25;9455
1;9478
39;9483
25;9486
209;9529
622;9530
20;9531
11;9532
1;9542
27;9549
3;9550
37;9551
18;9558
27;9567
10;9574
2;9576
19;9577
4;9578
14;9580
42;9581
19;9585
33;9625
97;9626
143;9627
6;9628
8;9632
16;9643
87;9645
34;9648
37;9657
8;9671
161;9675
27;9682
22;9684
72;9721
61;9722
27;9723
198;9724
16;9729
171;9741
16;9742
5;9765
26;9772
29;9774
6;9775
72;9817
23;9818
33;9819
13;9820
1;9821
7;9822
8;9826
163;9839
5;9842
9;9860
165;9864
14;9865
24;9867
9;9873
17;9876
35;9893
35;9906
14;9913
17;9914
27;9915
226;9916
25;9917
14;9918
62;9919
16;9920
31;9948
215;9949
38;9950
14;9951
27;9965
156;9966
24;9973
10;10009
1;10011
18;10012
8;10013
11;10014
398;10015
24;10025
15;10033
10;10039
6;10041
75;10043
15;10046
5;10052
18;10055
563;10061
9;10064
15;10067
31;10071
10;10072
19;10076
24;10078
1;10099
80;10105
17;10106
42;10107
26;10108
368;10128
20;10155
28;10156
1;10158
3;10159
8;10160
15;10161
33;10162
5;10163
16;10164
96;10201
352;10202
37;10203
32;10204
18;10214
34;10215
35;10221
30;10222
17;10224
8;10226
4;10229
1;10235
8;10250
30;10255
19;10256
30;10260
66;10297
16;10298
38;10299
87;10300
12;10303
12;10306
3;10318
14;10343
41;10344
5;10346
20;10348
10;10352
105;10393
59;10394
127;10395
175;10396
155;10398
17;10399
25;10406
19;10409
4;10414
25;10415
1;10416
32;10418
4;10420
31;10430
5;10436
22;10440
13;10442
1;10444
23;10450
57;10489
200;10491
165;10496
23;10501
37;10509
44;10510
65;10511
33;10512
36;10536
28;10539
53;10540
23;10541
5;10543
38;10544
13;10547
1;10585
21;10586
39;10587
117;10588
33;10589
209;10590
185;10591
166;10592
1;10594
13;10604
7;10606
5;10613
2;10617
27;10618
160;10619
161;10620
67;10621
3;10630
2;10639
16;10642
32;10643
8;10644
10;10646
20;10665
40;10677
32;10679
36;10681
46;10683
29;10684
38;10685
22;10686
17;10687
69;10688
167;10701
5;10711
7;10713
25;10715
37;10716
20;10718
15;10719
27;10720
23;10730
16;10731
40;10733
8;10737
7;10740
5;10743
19;10777
176;10778
86;10779
16;10780
4;10784
30;10797
33;10798
13;10799
17;10800
157;10815
7;10821
5;10831
13;10832
25;10833
24;10836
29;10873
90;10874
216;10875
94;10876
154;10878
13;10882
5;10891
43;10893
25;10894
6;10895
29;10914
202;10922
29;10931
57;10932
17;10942
64;10969
216;10970
50;10971
120;10972
1;10975
9;10986
39;10989
24;10991
196;10992
25;11003
14;11013
16;11018
17;11023
17;11024
36;11025
55;11065
94;11066
25;11068
42;11085
18;11087
23;11092
20;11094
6;11096
27;11102
15;11109
20;11110
21;11118
11;11161
40;11162
214;11163
19;11164
4;11178
17;11181
36;11182
2;11208
19;11209
11;11214
36;11219
21;11236
16;11242
54;11257
51;11259
48;11261
22;11262
36;11263
6;11267
6;11287
1;11289
9;11290
15;11291
28;11292
44;11293
54;11295
20;11298
18;11304
10;11309
18;11315
24;11319
11;11340
173;11354
562;11355
35;11356
18;11357
8;11358
61;11359
194;11360
1;11369
14;11374
37;11385
19;11386
4;11387
57;11389
5;11393
18;11404
162;11407
10;11408
5;11412
24;11415
19;11416
16;11449
52;11450
56;11451
49;11452
12;11460
5;11469
165;11471
4;11472
19;11485
26;11493
17;11496
9;11498
22;11499
26;11501
201;11502
20;11506
8;11507
24;11529
28;11537
113;11545
10;11546
625;11547
10;11548
33;11563
20;11565
25;11566
19;11567
19;11568
18;11575
3;11580
2;11582
158;11588
16;11591
6;11595
12;11603
17;11604
27;11638
45;11642
230;11643
35;11644
20;11648
10;11656
2;11661
36;11662
54;11664
33;11668
16;11690
9;11693
12;11697
17;11699
6;11706
22;11737
175;11738
174;11739
7;11740
44;11743
188;11757
26;11758
1;11760
9;11762
21;11766
6;11773
8;11774
31;11784
24;11786
28;11788
18;11789
8;11791
31;11829
17;11833
107;11834
217;11835
40;11836
64;11853
35;11854
22;11855
170;11857
4;11864
18;11867
10;11877
7;11889
15;11892
11;11917
34;11924
26;11929
6;11930
168;11932
34;11933
155;11934
28;11935
10;11936
18;11939
8;11957
163;11961
25;11962
43;11963
23;11965
155;11971
33;11985
29;11992
22;11997
23;12001
6;12005
33;12018
6;12021
15;12022
1;12023
19;12025
26;12026
54;12027
25;12030
5;12031
24;12032
9;12035
22;12041
41;12048
24;12057
4;12058
50;12059
9;12060
12;12062
33;12063
27;12081
18;12086
60;12121
20;12122
46;12123
36;12124
67;12141
164;12142
32;12148
5;12151
11;12153
27;12160
4;12162
7;12168
6;12169
39;12171
32;12176
13;12178
22;12180
16;12211
254;12217
46;12218
220;12219
68;12220
18;12225
18;12232
22;12237
21;12238
8;12239
23;12240
20;12242
8;12243
15;12246
11;12249
28;12253
151;12258
29;12265
28;12266
171;12268
7;12272
156;12291
20;12302
11;12313
227;12314
34;12315
57;12316
16;12333
2;12335
30;12336
20;12340
155;12341
161;12358
30;12359
149;12363
11;12364
12;12366
1;12368
20;12369
220;12410
181;12411
72;12412
21;12429
158;12430
164;12431
19;12432
17;12440
4;12461
17;12463
10;12464
32;12467
4;12498
10;12505
64;12506
7;12507
53;12508
10;12522
33;12526
22;12527
20;12528
14;12558
25;12563
28;12587
38;12599
3;12601
213;12602
15;12603
31;12604
20;12605
6;12606
64;12607
190;12608
25;12610
36;12635
220;12636
51;12637
2;12638
63;12639
160;12640
155;12655
25;12656
6;12658
8;12662
18;12663
18;12671
5;12681
10;12697
11;12698
29;12699
43;12700
21;12701
235;12703
20;12704
16;12729
7;12730
25;12731
26;12732
3;12735
23;12736
10;12738
13;12754
159;12755
24;12756
13;12758
11;12763
20;12793
64;12794
29;12795
78;12796
11;12801
3;12811
161;12813
3;12816
32;12829
25;12830
7;12833
15;12838
156;12850
35;12851
48;12889
66;12890
206;12891
36;12892
26;12910
18;12911
30;12912
15;12927
13;12928
22;12932
31;12933
19;12935
25;12936
39;12939
25;12940
34;12942
25;12973
65;12985
52;12986
26;12987
37;12988
17;12995
4;12997
38;13005
39;13006
23;13007
26;13010
146;13024
22;13032
6;13037
12;13039
3;13043
24;13081
155;13082
83;13083
64;13084
16;13091
26;13092
58;13101
167;13102
17;13104
7;13128
12;13129
11;13131
18;13132
14;13134
31;13135
28;13136
9;13140
5;13171
40;13177
35;13178
68;13179
199;13180
14;13185
30;13188
1;13191
170;13194
49;13197
2;13199
27;13220
13;13221
6;13222
9;13224
21;13225
42;13228
3;13230
172;13236
50;13273
7;13274
3;13275
184;13276
11;13277
26;13278
56;13279
158;13280
4;13300
79;13305
28;13306
6;13307
3;13308
34;13311
1;13318
40;13369
16;13370
7;13371
16;13372
86;13373
31;13374
15;13375
26;13376
35;13385
19;13387
7;13389
28;13401
40;13402
40;13403
13;13404
19;13406
3;13407
51;13423
13;13426
21;13428
8;13430
7;13432
24;13465
68;13466
207;13467
3;13468
21;13469
169;13478
29;13486
21;13487
10;13494
554;13497
3;13508
21;13516
33;13548
55;13561
86;13562
252;13563
270;13564
33;13571
37;13581
34;13582
7;13604
45;13605
27;13610
32;13613
44;13625
49;13657
39;13658
45;13659
54;13660
3;13671
34;13675
48;13678
19;13680
4;13688
28;13701
6;13704
166;13705
10;13706
7;13711
16;13714
13;13715
264;13753
240;13754
67;13755
61;13756
26;13767
15;13773
35;13774
164;13775
18;13776
10;13778
25;13788
16;13798
2;13800
6;13801
10;13807
4;13812
1;13828
35;13849
126;13850
753;13851
175;13852
25;13857
9;13868
236;13869
58;13870
25;13872
15;13877
19;13890
35;13897
2;13904
35;13905
9;13937
32;13945
8;13946
334;13947
30;13948
22;13952
2;13954
30;13968
36;13972
3;13976
58;13978
159;13979
38;13981
11;13982
14;14001
9;14005
1;14007
168;14041
9;14042
187;14043
187;14044
20;14045
11;14047
8;14050
3;14052
159;14058
13;14060
12;14067
42;14074
46;14075
33;14076
166;14078
7;14079
54;14080
10;14092
157;14094
9;14102
62;14137
250;14138
47;14139
389;14140
4;14142
4;14144
25;14146
16;14157
5;14158
7;14159
20;14179
14;14183
3;14184
8;14187
37;14191
24;14192
9;14194
10;14196
26;14203
57;14233
229;14234
52;14235
54;14236
15;14241
28;14252
59;14254
33;14255
147;14256
22;14279
32;14283
24;14284
23;14285
24;14290
57;14291
110;14329
22;14330
166;14331
39;14332
11;14335
2;14344
30;14347
9;14349
15;14350
11;14351
38;14352
14;14363
17;14374
6;14382
24;14383
11;14405
229;14426
132;14427
179;14428
30;14437
10;14446
3;14447
1;14448
32;14464
25;14466
13;14476
8;14478
17;14484
237;14521
226;14522
140;14523
27;14524
3;14535
21;14538
21;14542
16;14543
50;14544
18;14552
13;14565
17;14566
14;14568
2;14571
30;14577
187;14618
169;14619
36;14621
88;14622
30;14623
18;14643
26;14644
8;14646
24;14648
5;14649
40;14651
24;14652
9;14654
13;14655
27;14656
16;14669
31;14671
16;14674
16;14675
12;14677
27;14678
3;14679
16;14689
5;14702
20;14713
65;14715
68;14716
30;14717
770;14718
22;14720
3;14722
2;14727
3;14745
1;14746
41;14749
30;14752
52;14765
29;14768
9;14776
20;14783
4;14788
46;14809
591;14811
108;14812
4;14820
109;14830
6;14832
3;14858
14;14860
21;14861
159;14865
12;14867
18;14891
107;14905
573;14906
226;14907
113;14908
153;14912
31;14925
157;14926
27;14928
2;14938
3;14949
21;14951
8;14952
28;14953
1;14964
44;15001
95;15002
12;15003
6;15004
23;15007
17;15014
12;15023
25;15024
162;15031
11;15057
13;15075
3;15093
19;15097
21;15098
41;15099
204;15100
9;15104
47;15118
22;15119
34;15121
1;15130
16;15137
18;15143
8;15146
19;15148
17;15177
381;15193
228;15194
207;15195
254;15196
18;15208
38;15214
9;15216
576;15229
5;15230
11;15233
8;15238
54;15240
16;15245
162;15246
10;15250
12;15277
3;15284
160;15289
26;15290
25;15291
24;15293
19;15295
28;15296
19;15302
3;15305
25;15315
32;15321
18;15323
90;15324
52;15325
178;15326
10;15327
171;15341
15;15350
27;15357
36;15385
55;15386
15;15387
117;15388
27;15389
34;15390
183;15391
16;15392
22;15411
50;15419
17;15420
2;15421
9;15422
151;15425
6;15438
7;15439
33;15440
34;15443
51;15448
9;15463
26;15465
39;15481
196;15482
73;15483
39;15484
193;15486
178;15489
165;15496
8;15499
36;15501
163;15502
26;15503
6;15508
31;15528
10;15533
2;15534
20;15536
8;15538
14;15539
19;15561
107;15577
59;15578
24;15579
54;15580
13;15583
17;15584
50;15593
40;15597
83;15599
7;15603
1;15606
3;15607
164;15614
152;15619
4;15625
10;15626
30;15633
12;15634
171;15636
59;15673
562;15674
62;15676
35;15693
41;15694
32;15695
28;15707
11;15710
9;15721
15;15723
8;15729
111;15769
23;15770
109;15771
125;15772
12;15784
3;15785
6;15789
44;15791
15;15792
12;15798
16;15803
11;15817
28;15819
19;15821
39;15822
1;15824
3;15825
164;15837
43;15865
598;15866
73;15867
89;15868
26;15881
29;15885
192;15886
17;15898
59;15915
33;15917
30;15923
4;15950
202;15961
13;15962
10;15963
42;15964
75;15965
166;15966
42;15967
1;15968
164;15993
15;15994
7;15997
34;15998
22;16000
23;16013
40;16022
13;16038
2;16044
54;16057
77;16058
41;16059
21;16060
19;16061
56;16062
35;16063
55;16064
4;16068
5;16079
153;16080
22;16087
61;16089
19;16090
33;16091
25;16092
165;16093
7;16094
21;16109
34;16117
17;16145
12;16153
50;16154
40;16155
171;16156
7;16158
209;16174
13;16175
15;16201
11;16203
6;16204
4;16206
13;16207
37;16209
20;16210
6;16211
82;16249
8;16250
13;16251
210;16252
1;16253
162;16264
28;16269
11;16270
7;16271
5;16272
5;16278
3;16288
1;16297
47;16300
3;16307
19;16345
86;16346
186;16347
184;16348
18;16356
360;16365
9;16366
8;16367
19;16368
9;16369
36;16389
6;16401
28;16402
19;16406
30;16441
1;16442
409;16443
42;16444
21;16452
6;16455
50;16461
165;16463
34;16464
39;16470
2;16473
5;16476
15;16489
12;16490
8;16491
7;16493
2;16494
31;16495
12;16537
55;16538
4;16540
42;16557
45;16559
47;16560
20;16566
24;16577
9;16584
56;16585
165;16590
13;16592
6;16593
7;16615
1;16626
190;16633
189;16635
34;16636
40;16637
2;16638
217;16639
180;16640
10;16643
163;16647
5;16658
161;16661
32;16665
22;16667
25;16668
28;16669
18;16670
11;16672
26;16681
16;16685
19;16688
7;16689
26;16695
21;16696
165;16729
28;16730
42;16731
21;16732
27;16735
40;16736
16;16763
55;16764
32;16766
13;16767
34;16784
5;16785
17;16786
28;16790
12;16792
3;16825
22;16826
47;16827
54;16828
79;16845
19;16846
23;16847
13;16848
31;16850
6;16851
26;16877
21;16882
89;16921
60;16922
190;16923
37;16924
22;16930
49;16942
9;16944
6;16965
7;16969
17;16975
14;16976
107;17017
398;17018
46;17019
70;17020
14;17024
7;17026
28;17031
30;17046
14;17052
201;17056
38;17063
25;17069
46;17114
12;17115
14;17116
20;17119
12;17127
16;17130
19;17136
19;17142
8;17159
7;17162
11;17167
8;17168
27;17172
37;17209
91;17210
55;17211
59;17212
1;17228
7;17229
49;17230
21;17253
6;17259
18;17260
2;17264
12;17268
1;17284
10;17285
24;17305
11;17306
21;17307
29;17308
43;17309
5;17310
177;17311
176;17312
3;17315
14;17316
30;17338
10;17339
4;17340
30;17341
170;17344
2;17351
8;17356
53;17358
10;17363
17;17364
3;17366
19;17368
30;17401
11;17402
54;17404
616;17405
25;17406
219;17407
39;17408
168;17424
9;17433
59;17434
48;17435
3;17436
89;17439
149;17444
8;17451
45;17455
8;17457
20;17458
20;17462
24;17463
19;17478
27;17497
348;17498
174;17499
32;17500
175;17506
9;17507
10;17509
2;17517
4;17518
1;17519
25;17520
162;17545
18;17546
6;17549
4;17553
188;17554
5;17568
12;17570
46;17593
115;17594
80;17595
58;17596
7;17608
28;17612
19;17613
27;17614
38;17615
35;17639
3;17644
223;17689
60;17690
44;17691
48;17692
23;17701
163;17706
14;17709
26;17710
27;17711
5;17712
7;17716
16;17735
5;17737
5;17738
10;17747
40;17785
33;17786
180;17787
271;17788
23;17790
26;17796
5;17804
25;17805
36;17808
24;17815
185;17822
18;17829
24;17832
14;17833
27;17837
9;17838
20;17841
34;17843
41;17881
205;17882
91;17883
68;17884
7;17901
15;17902
56;17903
2;17909
36;17923
9;17927
9;17928
28;17929
23;17931
186;17977
12;17978
16;17979
1;17980
19;17981
42;17982
55;17983
11;17984
4;17989
32;18007
8;18009
24;18010
5;18011
44;18012
1;18014
9;18016
9;18030
13;18031
21;18032
37;18034
27;18066
23;18069
9;18073
22;18074
62;18076
35;18077
193;18079
66;18080
10;18090
27;18098
1;18100
168;18105
52;18107
17;18108
10;18109
29;18110
36;18111
21;18112
165;18113
8;18117
171;18119
11;18123
9;18128
14;18129
2;18132
33;18136
64;18169
229;18170
32;18171
20;18172
13;18181
51;18190
27;18191
12;18198
562;18203
23;18213
146;18219
21;18220
4;18224
27;18227
35;18265
30;18266
52;18267
45;18268
1;18280
9;18288
169;18309
43;18311
152;18313
9;18318
174;18361
235;18362
56;18363
9;18364
26;18367
3;18375
8;18381
146;18382
40;18383
9;18384
154;18391
148;18408
150;18414
21;18417
24;18444
44;18457
24;18458
104;18459
258;18460
24;18462
2;18468
9;18478
24;18479
29;18502
19;18505
7;18510
159;18553
5;18554
60;18555
189;18556
2;18573
7;18575
5;18576
556;18598
7;18604
19;18606
8;18621
13;18648
40;18649
61;18650
11;18651
219;18652
21;18654
32;18655
26;18656
14;18673
6;18682
3;18684
20;18698
26;18699
30;18705
22;18708
15;18710
19;18712
155;18714
15;18746
29;18747
15;18748
5;18749
186;18751
2;18752
31;18754
6;18755
4;18762
10;18778
172;18779
7;18781
25;18782
4;18784
11;18786
34;18797
5;18798
5;18803
2;18805
9;18808
7;18826
118;18841
35;18842
48;18843
13;18844
7;18861
29;18862
14;18863
6;18864
1;18875
2;18891
19;18892
1;18899
8;18900
34;18937
23;18939
38;18940
49;18958
17;18959
27;18960
11;18978
18;18991
9;18993
54;18995
16;18996
20;19019
58;19033
53;19035
30;19036
18;19053
15;19054
49;19055
159;19062
30;19078
15;19080
33;19083
12;19084
8;19085
32;19087
2;19089
3;19091
19;19129
92;19130
415;19131
45;19132
22;19134
47;19143
25;19148
28;19149
2;19150
30;19152
6;19172
12;19177
11;19186
46;19225
50;19226
44;19227
102;19228
19;19230
25;19235
27;19246
26;19259
7;19261
31;19275
15;19279
9;19281
12;19282
14;19283
10;19302
10;19307
7;19312
40;19321
24;19322
11;19323
2;19325
17;19326
49;19327
71;19328
17;19342
20;19353
15;19354
19;19355
34;19359
3;19367
9;19374
16;19377
55;19382
26;19418
184;19419
67;19420
6;19421
37;19422
21;19423
71;19424
3;19432
3;19433
10;19437
1;19450
58;19452
20;19453
52;19454
172;19469
5;19476
30;19479
2;19480
31;19513
97;19514
43;19515
57;19516
162;19519
34;19529
30;19563
4;19568
118;19609
73;19610
49;19611
25;19612
157;19615
5;19622
10;19627
1;19630
42;19631
1;19645
29;19656
42;19657
6;19665
10;19668
3;19671
32;19705
33;19706
5;19707
57;19708
7;19709
40;19725
53;19726
21;19728
15;19729
157;19736
19;19743
4;19751
7;19764
29;19802
125;19803
5;19804
7;19818
7;19821
154;19845
171;19847
13;19856
4;19864
17;19893
212;19897
50;19898
57;19899
10;19901
4;19911
166;19918
28;19919
73;19920
4;19930
14;19931
19;19934
10;19941
11;19946
23;19951
20;19955
18;19956
37;19993
44;19994
21;19996
59;19997
1;19999
16;20000
194;20025
158;20026
11;20027
9;20030
9;20034
20;20041
1;20046
8;20049
2;20050
85;20051
30;20053
22;20054
27;20055
39;20056
16;20089
7;20091
35;20093
7;20095
25;20097
20;20107
12;20113
21;20118
4;20121
8;20122
13;20124
23;20125
13;20126
30;20127
34;20130
37;20134
157;20141
168;20143
4;20151
551;20152
8;20158
173;20185
81;20186
80;20187
41;20188
30;20193
20;20194
19;20200
19;20205
79;20207
37;20208
2;20224
17;20230
9;20232
8;20236
31;20239
8;20241
3;20242
1;20243
6;20261
33;20281
23;20282
201;20283
87;20284
17;20288
26;20295
335;20301
8;20302
29;20303
6;20304
3;20324
17;20331
4;20332
1;20335
10;20340
169;20377
30;20378
170;20379
602;20380
7;20381
3;20386
20;20397
13;20398
14;20399
20;20400
1;20419
23;20422
13;20425
23;20427
27;20433
20;20436
35;20437
101;20473
47;20474
37;20475
59;20476
54;20493
18;20496
16;20500
27;20504
3;20513
18;20517
28;20523
566;20534
72;20569
31;20570
336;20571
189;20589
92;20590
9;20591
3;20592
6;20612
17;20614
16;20619
34;20658
16;20664
13;20666
46;20667
186;20668
25;20669
29;20671
32;20672
4;20673
6;20697
11;20698
24;20699
2;20703
26;20704
8;20709
153;20723
6;20725
2;20726
23;20754
28;20761
19;20762
16;20763
8;20764
3;20765
8;20766
18;20767
82;20768
2;20772
165;20776
152;20784
33;20793
25;20794
18;20797
1;20799
5;20800
21;20809
12;20815
28;20820
25;20841
17;20857
72;20858
14;20859
39;20860
11;20863
9;20872
24;20878
22;20879
33;20880
33;20893
17;20903
10;20905
11;20908
7;20911
26;20912
19;20914
3;20916
2;20940
54;20953
48;20954
110;20955
22;20956
5;20962
9;20969
11;20971
20;20973
25;20974
42;20975
2;20976
4;20982
20;20997
35;20999
13;21005
28;21049
120;21050
116;21051
36;21052
31;21070
10;21072
29;21085
25;21091
357;21145
140;21146
32;21147
24;21148
52;21165
32;21166
21;21167
2;21168
9;21176
158;21197
169;21199
1;21200
35;21201
28;21203
134;21241
231;21242
115;21243
110;21244
50;21262
18;21263
21;21267
28;21270
147;21290
16;21292
47;21337
76;21338
3;21339
24;21340
29;21341
26;21342
35;21345
18;21360
12;21361
32;21369
12;21370
40;21371
30;21372
18;21373
23;21374
9;21375
40;21376
4;21382
166;21389
1;21390
15;21393
30;21394
12;21397
45;21399
7;21418
9;21421
6;21433
198;21436
48;21437
30;21438
14;21439
11;21440
21;21442
13;21455
4;21463
9;21466
20;21467
37;21468
8;21470
13;21471
20;21481
63;21491
26;21492
173;21494
13;21529
227;21530
68;21531
95;21532
6;21540
9;21544
26;21547
19;21549
147;21550
21;21551
26;21552
17;21556
28;21557
3;21559
29;21573
163;21579
566;21581
597;21625
27;21626
65;21627
5;21628
159;21644
35;21645
19;21646
35;21648
154;21650
9;21652
11;21657
13;21682
4;21684
25;21721
20;21722
41;21723
25;21724
6;21739
50;21741
7;21742
16;21744
8;21752
36;21770
153;21773
7;21774
173;21779
83;21817
14;21818
90;21819
1;21820
15;21838
12;21839
25;21842
12;21863
20;21866
28;21868
18;21869
44;21913
2;21914
26;21915
72;21916
176;21933
26;21934
46;21936
36;21948
23;21959
21;21962
4;21963
14;21964
28;22009
22;22011
63;22012
54;22013
30;22014
12;22015
37;22030
202;22041
21;22042
155;22043
4;22048
7;22056
9;22060
18;22065
39;22066
27;22068
30;22090
26;22105
46;22106
36;22107
23;22108
29;22109
556;22110
32;22111
54;22112
14;22114
37;22128
14;22133
14;22138
7;22142
2;22143
11;22144
9;22159
29;22163
10;22195
36;22201
188;22202
26;22203
227;22204
150;22221
577;22223
41;22248
175;22258
39;22260
220;22297
202;22298
49;22299
36;22300
16;22311
47;22317
16;22320
26;22326
7;22341
32;22345
22;22353
7;22355
16;22356
136;22393
31;22394
182;22395
57;22396
16;22400
6;22405
20;22413
33;22414
33;22416
2;22438
1;22458
39;22485
11;22490
4;22491
46;22492
1;22496
13;22499
25;22509
15;22510
56;22512
20;22528
20;22536
21;22538
8;22539
194;22541
21;22542
37;22543
2;22548
3;22561
52;22585
27;22586
37;22587
55;22588
29;22605
9;22608
2;22609
33;22626
1;22627
4;22628
9;22631
16;22637
23;22639
42;22641
15;22644
19;22676
35;22681
51;22682
160;22683
20;22684
176;22686
78;22687
2;22689
33;22692
7;22694
17;22699
37;22713
15;22714
162;22717
27;22718
15;22724
1;22735
10;22736
39;22738
29;22741
17;22742
23;22744
207;22777
31;22778
27;22780
23;22781
91;22782
153;22783
22;22784
10;22785
1;22797
164;22801
30;22810
180;22811
10;22813
28;22814
10;22815
16;22816
4;22819
28;22829
29;22833
29;22838
144;22840
64;22873
20;22874
94;22875
234;22876
25;22880
53;22893
41;22896
16;22900
6;22902
4;22912
4;22914
38;22916
37;22918
14;22925
159;22928
167;22932
164;22947
71;22969
65;22970
1;22971
194;22972
27;22977
5;22986
16;22989
6;22992
20;23009
16;23018
3;23019
18;23020
28;23021
12;23022
10;23023
29;23024
10;23025
12;23026
92;23065
62;23066
70;23067
101;23068
33;23085
72;23087
43;23088
21;23095
19;23111
158;23113
13;23117
20;23122
5;23124
27;23132
74;23161
202;23162
12;23163
170;23164
17;23172
4;23181
165;23182
29;23184
155;23187
13;23207
1;23211
9;23219
5;23222
17;23224
29;23257
48;23258
35;23259
18;23260
11;23263
11;23277
573;23279
34;23280
10;23282
23;23301
23;23304
344;23305
11;23334
7;23348
199;23353
9;23354
2;23356
5;23357
41;23359
1;23360
11;23388
27;23389
11;23391
29;23392
20;23397
11;23404
2;23411
4;23424
12;23444
89;23450
23;23451
31;23452
40;23453
29;23454
27;23455
191;23456
12;23469
51;23481
55;23485
4;23487
32;23488
18;23502
8;23504
5;23505
19;23507
3;23508
19;23510
21;23511
213;23545
33;23546
35;23547
17;23557
18;23562
10;23566
18;23567
14;23568
17;23589
19;23592
30;23596
13;23598
7;23600
16;23601
21;23602
14;23641
22;23642
94;23643
6;23644
7;23645
3;23661
67;23662
32;23664
28;23680
12;23737
46;23738
18;23739
22;23747
6;23754
4;23755
29;23759
163;23772
34;23773
29;23778
4;23781
48;23783
9;23788
41;23790
43;23833
29;23834
222;23835
164;23842
22;23844
5;23863
564;23883
20;23890
55;23929
9;23930
21;23931
172;23932
25;23938
11;23942
26;23949
21;23950
8;23951
7;23959
5;23966
31;23973
4;23977
29;23986
1;24025
81;24026
34;24028
13;24029
18;24030
47;24031
18;24050
161;24053
20;24055
157;24059
3;24062
8;24063
10;24064
1;24070
13;24074
15;24077
5;24078
3;24086
181;24122
6;24123
54;24124
6;24125
158;24126
58;24127
16;24128
166;24129
12;24140
11;24148
202;24149
35;24155
36;24156
25;24159
7;24166
23;24171
10;24173
18;24179
50;24217
20;24218
35;24219
67;24220
9;24222
58;24238
15;24239
158;24262
20;24268
16;24269
11;24313
94;24314
34;24315
83;24316
17;24319
1;24328
27;24334
1;24342
20;24361
39;24363
29;24366
4;24372
65;24409
39;24410
14;24411
207;24412
29;24427
33;24428
168;24430
57;24432
10;24436
16;24448
2;24455
26;24457
1;24464
14;24465
25;24471
18;24486
26;24506
296;24507
328;24508
13;24525
24;24535
29;24550
26;24553
30;24556
163;24562
10;24564
98;24601
29;24602
57;24603
29;24604
3;24610
157;24614
43;24621
28;24623
161;24624
6;24633
4;24639
14;24644
1;24645
20;24648
12;24649
2;24651
25;24652
33;24672
20;24697
32;24698
55;24699
36;24700
13;24701
50;24702
12;24703
26;24704
17;24705
14;24722
24;24732
6;24733
4;24734
8;24735
25;24736
19;24739
15;24742
15;24756
34;24770
8;24785
180;24793
195;24794
27;24795
16;24796
32;24798
64;24799
51;24800
7;24801
23;24825
22;24826
39;24828
29;24830
3;24841
32;24847
14;24849
16;24854
28;24856
7;24864
68;24889
24;24890
156;24891
7;24892
6;24909
59;24910
43;24911
172;24920
28;24930
15;24937
18;24938
3;24939
29;24941
36;24985
198;24986
48;24987
201;24988
34;24992
9;25005
9;25007
1;25032
18;25040
204;25081
96;25082
29;25083
164;25084
8;25097
31;25101
7;25102
165;25103
18;25104
26;25108
6;25126
17;25136
14;25139
14;25177
54;25178
54;25179
11;25180
26;25200
9;25223
20;25226
24;25232
13;25234
33;25252
20;25273
24;25274
90;25275
45;25276
1;25295
156;25317
9;25318
1;25323
7;25331
33;25332
8;25353
26;25370
29;25371
14;25372
67;25373
35;25374
40;25375
153;25376
28;25378
15;25397
164;25401
36;25402
37;25403
24;25405
32;25407
31;25408
10;25419
33;25422
37;25423
4;25425
28;25429
11;25465
9;25466
5;25467
29;25468
7;25469
160;25470
5;25471
29;25472
16;25474
5;25483
4;25484
28;25490
46;25497
196;25498
54;25501
168;25502
7;25504
2;25507
12;25520
4;25523
5;25527
7;25528
29;25561
4;25563
39;25564
1;25571
21;25581
8;25583
26;25584
156;25592
18;25616
16;25618
14;25654
383;25657
3;25658
141;25659
57;25660
26;25662
24;25665
3;25678
19;25679
9;25702
11;25706
30;25710
2;25711
16;25715
1;25716
10;25751
19;25753
172;25754
246;25755
102;25756
2;25758
4;25760
13;25762
14;25772
27;25773
1;25774
4;25775
5;25776
8;25783
12;25796
2;25797
4;25802
38;25807
602;25810
14;25812
22;25849
22;25850
22;25851
72;25852
15;25857
1;25869
14;25870
9;25871
160;25887
24;25900
14;25901
26;25905
2;25916
1;25941
185;25945
76;25946
37;25947
38;25948
22;25950
15;25954
9;25959
153;25965
150;25966
82;25967
18;25968
12;25977
15;25993
24;25995
16;26000
1;26004
8;26019
12;26041
50;26042
31;26043
4;26044
33;26045
22;26047
18;26053
28;26073
4;26075
14;26077
25;26078
37;26080
17;26084
28;26090
43;26093
24;26095
37;26137
33;26138
2;26141
44;26143
13;26169
2;26170
1;26172
171;26173
163;26175
1;26178
5;26185
18;26190
184;26200
25;26227
57;26233
246;26234
30;26235
624;26236
4;26239
1;26243
26;26255
6;26256
11;26257
19;26274
27;26279
184;26283
9;26286
7;26290
161;26329
20;26330
70;26331
168;26332
15;26339
2;26341
152;26349
41;26350
11;26351
22;26352
24;26358
14;26372
151;26373
8;26380
13;26382
15;26383
4;26387
6;26388
208;26425
220;26426
595;26428
14;26431
32;26439
36;26445
7;26446
27;26447
18;26448
9;26462
31;26473
150;26477
29;26478
5;26480
243;26521
167;26522
25;26523
366;26524
22;26525
22;26530
38;26531
4;26532
1;26538
11;26541
8;26543
4;26544
13;26560
24;26566
11;26569
31;26574
25;26591
39;26617
75;26618
18;26619
48;26620
9;26622
15;26628
9;26638
23;26640
19;26646
10;26652
16;26658
27;26662
10;26673
1;26675
6;26700
181;26713
49;26714
5;26716
17;26717
1;26718
197;26719
29;26720
3;26722
23;26747
13;26748
8;26749
172;26751
46;26752
3;26756
9;26764
31;26765
7;26766
5;26768
18;26772
28;26774
29;26776
11;26789
4;26803
9;26809
5;26810
39;26811
53;26812
163;26813
50;26814
184;26816
20;26837
32;26841
27;26848
6;26851
4;26855
26;26860
13;26861
30;26864
6;26868
4;26871
23;26875
69;26905
383;26906
226;26907
73;26908
1;26922
40;26924
34;26925
9;26926
31;26928
1;26931
3;26932
16;26949
7;26950
3;26960
9;26961
27;26963
43;27001
57;27002
185;27003
67;27004
153;27013
5;27021
153;27022
22;27023
24;27024
10;27043
28;27049
31;27051
17;27055
1;27092
24;27097
54;27098
48;27099
72;27100
19;27104
4;27106
1;27116
11;27117
14;27144
39;27150
39;27152
34;27153
22;27167
59;27193
311;27194
16;27195
10;27196
29;27203
185;27214
44;27216
13;27231
5;27232
20;27239
29;27240
10;27242
9;27243
6;27245
27;27246
28;27247
15;27250
10;27251
358;27289
43;27290
62;27291
139;27292
201;27309
26;27310
36;27311
13;27312
29;27318
5;27327
8;27333
10;27341
20;27344
18;27345
24;27347
41;27348
6;27351
33;27372
16;27383
370;27385
8;27386
8;27387
44;27388
1;27389
20;27390
42;27391
72;27392
21;27393
25;27399
19;27407
164;27417
25;27418
25;27419
19;27421
12;27423
178;27424
4;27427
6;27429
6;27433
10;27437
29;27440
8;27441
31;27442
205;27481
5;27482
20;27483
21;27484
27;27485
35;27487
32;27488
26;27495
2;27503
38;27517
185;27518
8;27519
173;27525
7;27534
2;27536
23;27537
2;27541
18;27543
17;27567
61;27577
329;27578
34;27579
238;27580
3;27598
1;27599
11;27600
27;27613
5;27623
62;27673
61;27674
65;27675
64;27676
14;27683
9;27685
18;27695
14;27701
28;27715
17;27719
3;27725
32;27726
18;27727
12;27732
222;27769
62;27770
45;27771
113;27772
22;27783
6;27788
158;27790
20;27792
4;27799
7;27813
1;27816
1;27821
17;27825
9;27865
159;27866
13;27867
31;27868
24;27872
7;27874
153;27875
31;27876
32;27886
19;27887
17;27903
22;27909
15;27913
3;27914
11;27920
100;27961
14;27962
52;27963
25;27964
12;27965
37;27969
6;27975
14;27976
26;27981
7;27982
573;28003
189;28010
23;28013
16;28017
24;28047
190;28057
86;28058
30;28059
15;28060
25;28061
47;28062
35;28063
19;28064
11;28066
19;28072
7;28073
23;28078
149;28079
152;28089
32;28095
17;28096
7;28098
21;28100
6;28111
30;28112
13;28115
20;28128
6;28154
52;28156
51;28157
10;28158
18;28159
39;28165
10;28167
18;28176
30;28187
24;28190
11;28191
3;28192
16;28194
24;28198
32;28206
4;28216
5;28217
9;28218
48;28248
23;28249
70;28251
45;28252
12;28292
35;28296
32;28299
26;28302
25;28304
10;28308
40;28345
65;28346
86;28347
43;28348
14;28358
41;28366
155;28367
14;28381
22;28392
150;28397
170;28398
33;28400
16;28403
1;28404
179;28441
30;28444
7;28453
23;28462
23;28487
34;28488
6;28490
20;28493
12;28497
22;28499
29;28537
208;28538
36;28539
4;28540
27;28554
167;28558
4;28559
24;28560
5;28567
13;28571
1;28584
33;28587
20;28589
11;28590
8;28592
10;28593
3;28603
28;28633
19;28634
28;28635
37;28636
13;28637
9;28639
18;28648
21;28649
1;28654
2;28655
10;28656
13;28665
20;28677
6;28684
11;28685
6;28688
164;28690
34;28706
28;28716
29;28729
21;28730
18;28731
35;28732
21;28733
17;28734
6;28735
156;28736
11;28750
28;28760
25;28761
21;28762
24;28763
27;28764
14;28765
157;28766
7;28772
17;28779
7;28787
40;28791
26;28825
2;28826
17;28827
39;28829
25;28830
185;28831
35;28832
14;28834
28;28840
5;28846
18;28857
3;28861
35;28863
29;28866
28;28878
31;28880
10;28882
24;28887
6;28888
47;28921
89;28922
13;28923
406;28924
30;28927
12;28938
16;28940
27;28942
7;28943
30;28944
14;28953
24;28955
8;28960
157;28966
20;28967
25;28970
8;28973
7;28975
166;28976
7;28978
6;28979
16;28980
56;29017
64;29018
32;29019
183;29020
10;29027
8;29032
33;29034
569;29037
100;29040
3;29061
13;29062
33;29064
2;29069
159;29072
14;29075
47;29113
32;29114
31;29115
46;29116
29;29133
13;29136
15;29137
32;29149
17;29153
4;29155
8;29162
37;29168
4;29171
13;29193
5;29213
18;29214
239;29215
94;29216
20;29231
161;29232
35;29233
63;29234
3;29240
21;29246
36;29261
13;29264
17;29265
2;29267
21;29269
20;29271
10;29272
17;29281
30;29310
167;29311
45;29312
18;29316
28;29326
37;29329
45;29330
2;29342
30;29352
25;29353
24;29359
5;29361
24;29365
6;29385
7;29405
27;29407
36;29409
63;29410
16;29420
1;29423
1;29438
8;29449
2;29453
27;29457
37;29458
12;29459
155;29462
8;29464
30;29466
20;29475
20;29501
69;29502
17;29503
31;29504
54;29505
75;29506
61;29507
1;29527
15;29533
21;29535
11;29536
14;29537
29;29540
6;29543
20;29549
6;29554
18;29559
28;29560
77;29597
28;29598
580;29599
159;29600
13;29608
14;29614
21;29615
3;29618
36;29619
57;29620
27;29644
53;29646
7;29649
3;29650
79;29693
11;29694
28;29695
52;29696
12;29710
5;29711
30;29714
71;29715
21;29716
4;29719
12;29737
173;29740
12;29742
2;29748
14;29750
32;29751
26;29752
44;29789
117;29790
163;29791
567;29792
21;29793
7;29804
3;29809
14;29812
13;29814
8;29833
18;29834
34;29835
5;29837
18;29840
13;29843
25;29848
9;29864
11;29872
3;29880
39;29885
73;29886
10;29887
77;29888
18;29890
23;29899
4;29905
12;29906
39;29907
28;29908
14;29917
12;29924
8;29929
579;29930
18;29931
22;29933
5;29934
10;29936
3;29941
19;29942
12;29944
46;29981
55;29982
193;29984
21;29989
11;30001
15;30003
52;30026
21;30035
19;30039
564;30040
160;30077
23;30079
46;30080
162;30081
27;30083
182;30084
30;30109
4;30110
5;30112
42;30113
558;30115
1;30116
1;30130
19;30131
32;30136
7;30171
166;30173
56;30174
6;30175
26;30176
69;30177
33;30178
70;30179
31;30180
24;30202
14;30205
34;30206
9;30207
11;30209
3;30211
154;30212
6;30214
31;30225
31;30229
11;30234
8;30235
33;30236
4;30266
389;30269
47;30270
81;30271
9;30272
13;30289
3;30290
1;30296
11;30300
29;30303
34;30304
7;30311
16;30316
38;30320
23;30326
21;30327
130;30365
22;30366
170;30367
61;30368
29;30371
22;30380
58;30385
26;30387
2;30388
30;30403
3;30410
160;30416
23;30418
37;30420
10;30424
49;30461
41;30462
57;30463
43;30464
20;30482
30;30484
552;30506
11;30507
19;30509
7;30511
1;30512
11;30515
31;30527
18;30551
179;30557
40;30558
31;30559
13;30561
36;30562
13;30566
28;30573
26;30574
9;30575
31;30580
9;30587
10;30602
29;30605
28;30606
26;30608
55;30653
27;30654
77;30655
252;30656
25;30657
20;30662
29;30672
19;30674
13;30676
9;30681
28;30687
27;30692
13;30694
32;30697
7;30699
14;30707
21;30709
26;30711
8;30734
2;30737
9;30744
34;30746
79;30749
40;30750
8;30751
37;30752
16;30754
24;30760
6;30765
8;30768
37;30781
42;30783
48;30784
4;30786
40;30788
150;30790
5;30792
10;30802
6;30805
2;30808
6;30812
2;30818
10;30828
155;30840
48;30845
8;30846
37;30847
51;30848
30;30849
24;30850
19;30851
24;30852
9;30857
41;30877
46;30881
66;30882
26;30883
16;30892
6;30897
158;30898
20;30899
58;30905
23;30908
16;30927
64;30941
26;30942
261;30943
46;30944
12;30963
4;30964
8;30974
23;30980
17;30989
49;30990
3;30991
9;30999
189;31037
42;31038
71;31039
174;31040
33;31060
12;31062
8;31081
9;31088
21;31090
28;31096
17;31133
36;31134
63;31135
27;31136
29;31153
41;31154
2;31155
18;31156
5;31165
11;31166
16;31168
20;31176
23;31177
6;31186
22;31187
41;31191
10;31214
127;31229
177;31230
27;31231
58;31232
3;31234
35;31249
40;31250
167;31252
1;31265
12;31266
30;31274
15;31277
11;31280
153;31284
42;31288
237;31325
24;31326
590;31327
179;31328
191;31332
21;31343
44;31345
29;31347
3;31356
34;31371
28;31375
15;31378
36;31379
9;31384
15;31413
33;31416
59;31421
25;31422
35;31423
32;31424
35;31425
71;31426
7;31428
6;31429
33;31439
16;31450
36;31453
62;31456
9;31457
30;31459
24;31460
18;31465
24;31467
158;31472
32;31475
25;31479
27;31484
2;31499
32;31514
15;31517
23;31518
30;31520
21;31523
34;31524
1;31548
35;31549
6;31551
1;31554
34;31555
23;31556
30;31566
5;31568
22;31570
30;31572
19;31573
26;31576
13;31579
8;31580
15;31599
240;31613
49;31614
192;31615
32;31616
203;31633
4;31634
17;31635
27;31661
19;31669
319;31709
175;31710
9;31711
81;31712
1;31720
61;31729
10;31730
29;31741
32;31744
3;31752
47;31761
24;31762
20;31763
6;31764
27;31774
13;31803
35;31805
71;31806
21;31807
98;31808
7;31818
14;31823
29;31826
87;31828
155;31836
6;31838
19;31849
28;31851
169;31855
4;31860
28;31861
35;31900
33;31901
69;31902
2;31903
75;31904
19;31916
24;31920
13;31921
27;31922
43;31923
53;31924
26;31937
7;31949
16;31952
13;31957
53;31959
12;31960
27;31971
10;31985
26;31997
69;31999
20;32000
4;32002
62;32017
22;32018
159;32020
38;32042
162;32045
54;32051
174;32093
46;32094
18;32095
8;32097
13;32098
5;32099
37;32100
15;32117
28;32122
26;32125
27;32126
12;32127
20;32128
56;32130
16;32131
4;32134
14;32138
10;32144
5;32146
3;32151
35;32152
33;32153
14;32155
29;32156
12;32170
18;32173
19;32176
209;32189
19;32190
22;32191
182;32192
7;32193
16;32194
228;32195
30;32196
25;32204
10;32212
27;32214
17;32221
22;32223
15;32224
74;32227
7;32228
1;32241
10;32243
184;32250
15;32271
267;32285
36;32286
67;32287
92;32288
37;32305
26;32307
7;32308
148;32314
1;32323
9;32326
8;32332
15;32338
5;32344
16;32382
56;32383
46;32384
4;32386
65;32401
158;32403
39;32435
8;32440
20;32450
91;32477
271;32479
36;32480
1;32496
6;32497
19;32499
5;32509
3;32518
8;32525
15;32528
15;32531
197;32532
5;32533
32;32535
21;32536
40;32573
68;32574
99;32575
73;32576
14;32582
33;32590
17;32594
20;32595
30;32618
11;32621
22;32626
5;32638
15;32669
53;32670
193;32671
44;32672
145;32680
58;32689
15;32690
187;32691
11;32692
13;32713
12;32716
41;32719
32;32720
37;32724
18;32726
25;32740
4;32744
25;32748
22;32762
41;32765
18;32766
1;32767
117;32768
218;32769
60;32771
14;32775
166;32779
9;32784
5;32797
26;32798
17;32801
15;32804
14;32810
25;32818
36;32820
34;32823
12;32827
39;32828
21;32831
1;32844
176;32862
78;32863
40;32865
19;32866
25;32867
1;32868
2;32874
28;32876
7;32879
5;32893
19;32894
3;32896
25;32900
26;32907
11;32918
22;32919
170;32920
8;32924
5;32957
2;32958
28;32959
23;32960
31;32967
30;32974
56;32977
46;32979
5;32980
30;33008
10;33013
36;33016
19;33028
52;33053
85;33054
37;33055
83;33056
36;33070
2;33071
5;33073
22;33076
27;33079
5;33084
6;33097
176;33098
7;33102
19;33106
6;33107
187;33109
13;33124
16;33125
235;33149
32;33150
51;33151
200;33152
156;33164
8;33169
16;33170
40;33172
10;33173
17;33197
164;33198
2;33199
158;33200
19;33202
26;33203
1;33205
13;33245
46;33246
6;33247
60;33248
4;33251
60;33265
14;33269
22;33284
25;33288
1;33290
559;33293
6;33294
24;33296
30;33307
61;33341
30;33342
36;33344
37;33351
18;33352
36;33359
26;33361
166;33363
4;33369
3;33388
24;33389
2;33398
4;33399
13;33400
4;33437
26;33438
28;33439
11;33441
7;33442
53;33444
40;33456
7;33465
19;33469
2;33470
24;33474
3;33475
10;33493
18;33497
25;33499
7;33501
152;33531
37;33533
15;33534
30;33535
106;33536
81;33537
44;33538
72;33539
19;33540
17;33559
168;33565
16;33570
21;33571
160;33593
22;33596
125;33629
17;33630
76;33631
87;33632
26;33635
29;33640
15;33643
9;33650
9;33651
4;33652
7;33659
162;33673
33;33675
32;33676
5;33678
60;33679
33;33684
3;33712
150;33725
10;33726
225;33727
261;33728
9;33739
27;33745
30;33746
41;33766
11;33778
6;33781
4;33783
10;33784
6;33812
87;33821
98;33822
56;33823
50;33824
165;33835
21;33837
44;33841
148;33842
42;33843
15;33859
165;33860
12;33866
22;33868
10;33874
27;33877
6;33880
17;33885
205;33917
21;33918
29;33919
182;33920
23;33923
15;33926
17;33931
29;33936
37;33938
17;33939
12;33955
4;33972
2;33973
28;33974
24;33975
69;34013
26;34014
49;34015
1;34016
209;34033
26;34034
72;34036
17;34042
31;34047
10;34058
7;34061
33;34068
4;34072
17;34109
53;34110
2;34111
49;34112
30;34114
267;34115
15;34120
20;34128
162;34129
5;34141
157;34143
26;34146
20;34161
15;34167
40;34205
55;34206
179;34207
225;34208
9;34209
28;34210
206;34211
156;34212
16;34215
6;34224
161;34228
15;34235
27;34236
55;34238
40;34239
5;34240
40;34242
154;34254
17;34257
158;34261
68;34262
29;34263
5;34270
363;34301
271;34302
73;34303
188;34304
9;34305
9;34312
4;34313
45;34318
6;34321
50;34322
8;34323
44;34324
25;34342
9;34346
7;34347
7;34356
4;34358
35;34360
23;34383
51;34397
213;34398
206;34399
22;34400
31;34419
13;34420
11;34430
9;34435
4;34436
19;34441
33;34442
36;34443
148;34448
165;34453
14;34455
84;34493
80;34494
340;34495
19;34513
29;34518
21;34524
149;34537
7;34538
596;34539
3;34544
52;34546
20;34548
30;34552
6;34582
76;34589
99;34590
25;34591
35;34592
19;34596
2;34600
22;34611
21;34612
30;34623
14;34635
13;34639
180;34645
14;34648
748;34685
61;34686
273;34687
45;34688
13;34697
10;34698
1;34705
175;34706
10;34708
26;34727
4;34733
31;34734
11;34754
32;34766
10;34778
22;34781
41;34782
167;34783
148;34784
20;34785
167;34788
26;34790
10;34791
16;34793
1;34798
17;34805
176;34813
160;34814
16;34815
34;34816
3;34817
31;34818
201;34819
17;34820
22;34823
9;34829
20;34833
3;34835
36;34841
32;34843
22;34844
195;34877
22;34878
20;34879
232;34881
13;34882
48;34885
20;34887
27;34895
37;34909
13;34913
14;34930
31;34934
3;34940
380;34973
48;34974
72;34975
16;34976
28;34993
23;34994
46;34996
49;35014
163;35017
21;35025
9;35028
