26;29
27;30
32;31
44;32
14;39
18;40
36;42
4;46
22;49
20;50
12;51
16;57
5;73
2;75
24;79
19;82
51;85
161;125
8;126
21;127
69;128
40;135
46;145
16;158
14;173
26;174
8;176
27;180
52;182
13;183
30;221
31;222
10;223
37;224
6;236
39;241
41;242
30;245
15;267
3;270
19;271
23;272
27;317
25;318
208;319
51;320
11;339
44;340
1;345
1;357
18;365
21;366
12;372
4;375
7;390
2;413
60;414
47;415
41;416
20;424
8;426
567;434
16;436
22;457
15;458
9;461
23;462
2;468
149;469
46;509
8;511
55;512
10;513
175;514
39;515
32;516
161;538
8;542
12;545
47;546
30;547
12;548
38;576
60;608
23;609
16;610
64;611
56;612
11;613
22;638
21;639
27;641
16;643
1;644
33;650
5;661
87;701
83;702
31;703
20;704
172;710
28;716
11;721
41;722
34;723
46;751
7;753
13;754
13;797
39;798
50;799
18;812
4;816
8;818
20;837
3;843
32;844
21;847
25;848
4;849
153;852
18;853
9;854
26;893
175;894
10;895
87;896
8;901
201;915
14;917
28;937
30;938
23;941
6;948
191;990
69;991
55;992
7;1001
40;1009
26;1011
317;1012
3;1030
12;1036
8;1041
40;1047
98;1086
29;1087
254;1088
18;1099
12;1106
9;1107
44;1133
7;1134
174;1143
15;1152
4;1166
5;1181
85;1182
74;1183
8;1184
29;1185
43;1186
58;1215
22;1217
26;1218
59;1220
24;1225
19;1232
20;1235
20;1236
27;1240
35;1242
14;1243
57;1277
30;1278
56;1279
10;1280
36;1281
46;1283
71;1284
8;1297
154;1306
20;1309
158;1310
63;1312
20;1313
11;1316
36;1330
29;1331
153;1332
9;1336
6;1338
16;1365
40;1373
44;1374
213;1375
83;1376
565;1377
4;1394
15;1395
158;1421
21;1426
16;1428
35;1430
117;1469
23;1470
313;1471
180;1491
29;1493
14;1511
18;1513
22;1521
26;1524
32;1527
214;1565
4;1566
78;1567
39;1568
19;1585
13;1586
37;1588
15;1592
16;1610
24;1612
7;1614
79;1619
18;1620
18;1621
13;1622
6;1648
54;1661
13;1662
196;1663
70;1664
7;1675
10;1681
3;1683
12;1684
5;1696
28;1706
5;1710
2;1712
1;1717
172;1719
95;1757
774;1758
554;1759
4;1760
8;1761
14;1774
29;1777
14;1778
13;1779
6;1780
3;1796
11;1811
4;1837
157;1852
30;1853
76;1854
22;1856
34;1859
167;1860
11;1870
5;1886
9;1888
27;1889
47;1890
23;1891
26;1892
16;1900
40;1907
3;1908
12;1909
23;1911
31;1942
6;1948
33;1949
5;1950
51;1952
184;1953
192;1954
71;1955
24;1956
26;1962
15;1972
22;1981
22;1982
9;1985
29;2005
24;2045
91;2046
22;2047
598;2048
35;2053
26;2055
32;2065
38;2066
11;2067
31;2089
16;2097
17;2098
56;2141
57;2142
25;2143
66;2144
9;2162
22;2163
12;2189
9;2191
7;2198
164;2199
238;2237
180;2238
242;2239
173;2240
2;2258
18;2259
21;2269
34;2305
8;2326
553;2333
23;2334
38;2335
11;2336
18;2354
55;2356
34;2361
28;2365
22;2377
7;2382
11;2383
9;2386
26;2387
153;2389
26;2392
238;2429
3;2431
39;2432
9;2443
31;2445
21;2450
176;2454
3;2475
25;2481
13;2482
8;2487
18;2526
37;2527
43;2528
24;2529
68;2530
14;2532
6;2544
21;2547
22;2557
27;2558
37;2559
12;2560
29;2561
21;2562
36;2563
43;2564
35;2577
23;2581
27;2583
2;2584
14;2622
29;2623
47;2624
174;2625
59;2626
33;2627
38;2653
2;2659
31;2662
18;2673
33;2674
26;2676
1;2678
13;2679
9;2683
201;2717
12;2718
194;2719
54;2720
6;2738
17;2739
10;2752
7;2756
3;2767
6;2769
18;2813
9;2814
30;2815
4;2816
35;2825
25;2834
180;2836
162;2840
28;2859
8;2861
11;2868
4;2871
8;2909
47;2910
5;2911
14;2912
30;2929
182;2930
12;2944
32;2955
16;2956
21;2957
28;2958
8;2959
31;2997
265;3005
206;3006
77;3007
185;3008
8;3010
33;3022
24;3025
27;3026
33;3027
9;3028
25;3033
10;3049
25;3052
20;3055
32;3059
21;3061
29;3094
52;3101
3;3103
60;3104
156;3106
14;3111
160;3119
4;3121
27;3122
13;3123
14;3134
12;3151
29;3153
30;3155
3;3156
10;3160
39;3195
29;3196
23;3200
569;3201
47;3202
2;3203
153;3205
9;3212
32;3229
2;3230
152;3232
4;3234
22;3241
36;3249
33;3250
2;3251
13;3252
40;3254
167;3256
9;3257
36;3260
11;3281
51;3293
28;3294
6;3295
11;3296
3;3297
24;3298
24;3299
7;3311
54;3325
55;3326
27;3327
592;3328
173;3329
12;3330
37;3345
10;3348
8;3353
13;3354
17;3355
79;3389
150;3390
174;3391
42;3392
8;3407
44;3409
15;3428
9;3430
6;3431
16;3433
16;3443
4;3446
14;3486
94;3487
14;3488
24;3492
11;3500
33;3506
47;3508
154;3522
157;3534
170;3536
19;3538
23;3548
72;3581
94;3582
239;3583
14;3601
21;3603
31;3619
6;3632
8;3638
200;3677
71;3678
3;3679
27;3680
45;3697
5;3698
16;3699
175;3700
26;3702
18;3709
8;3711
29;3718
34;3722
29;3726
173;3727
4;3728
14;3732
27;3733
7;3736
330;3773
17;3774
40;3775
66;3776
26;3794
18;3796
2;3803
25;3817
29;3826
22;3829
17;3832
13;3861
164;3870
23;3871
155;3872
19;3873
170;3874
41;3875
2;3876
22;3902
19;3903
20;3904
29;3905
13;3909
6;3913
16;3916
34;3922
21;3923
28;3924
4;3927
22;3929
7;3943
11;3965
4;3967
195;3968
26;3970
15;3971
38;3972
6;3990
30;3997
165;3999
51;4002
16;4003
30;4019
22;4020
52;4021
19;4023
4;4028
120;4061
66;4062
89;4063
46;4064
32;4083
11;4084
6;4085
51;4107
30;4111
11;4114
48;4157
53;4158
18;4159
188;4160
40;4177
1;4178
35;4180
16;4181
5;4182
28;4202
3;4204
18;4207
23;4210
5;4212
67;4253
208;4254
39;4255
187;4256
16;4270
12;4273
3;4274
2;4275
62;4276
6;4283
3;4288
35;4292
23;4304
10;4311
172;4349
216;4350
17;4351
65;4352
10;4362
12;4367
14;4368
7;4382
22;4385
4;4393
28;4398
6;4406
25;4407
235;4445
68;4447
62;4448
3;4465
39;4466
27;4468
17;4476
1;4488
39;4489
17;4494
148;4496
1;4498
59;4541
19;4542
20;4543
76;4544
37;4545
31;4546
46;4548
23;4559
12;4565
24;4574
24;4575
29;4577
231;4578
26;4579
6;4587
1;4594
14;4595
25;4598
30;4602
9;4637
69;4639
51;4642
31;4643
42;4644
5;4649
1;4651
16;4654
19;4663
14;4674
10;4675
15;4676
12;4677
51;4691
20;4693
1;4697
171;4733
568;4734
10;4735
177;4736
8;4748
76;4753
51;4756
29;4757
4;4758
10;4768
31;4829
82;4830
7;4831
290;4832
34;4842
15;4851
13;4852
9;4858
11;4862
32;4866
19;4871
16;4873
18;4874
15;4878
25;4882
5;4883
25;4887
48;4925
15;4926
4;4927
16;4928
6;4945
27;4948
18;4969
18;4978
37;4984
9;5021
25;5022
8;5023
13;5024
40;5041
22;5043
7;5046
16;5049
7;5065
16;5066
15;5067
45;5069
27;5071
18;5075
8;5080
11;5098
152;5106
116;5117
179;5118
21;5120
186;5137
30;5153
12;5169
18;5170
16;5172
162;5211
30;5213
22;5214
40;5215
203;5216
12;5217
47;5219
11;5220
19;5227
37;5233
29;5235
11;5236
12;5245
41;5247
14;5248
15;5251
12;5266
26;5268
15;5269
16;5271
9;5274
24;5309
66;5310
24;5311
185;5312
26;5313
159;5314
24;5315
183;5316
25;5341
13;5343
13;5347
21;5351
11;5357
19;5362
1;5363
5;5365
22;5405
36;5406
365;5407
182;5408
28;5413
6;5423
13;5425
5;5426
30;5428
21;5439
161;5440
13;5452
5;5454
17;5455
34;5501
176;5502
15;5503
41;5504
9;5521
558;5522
10;5552
19;5554
33;5555
202;5597
5;5598
48;5599
185;5600
157;5613
28;5617
5;5618
11;5619
168;5620
16;5638
24;5642
37;5647
25;5650
25;5651
24;5652
10;5653
36;5656
198;5693
242;5694
47;5695
20;5696
37;5714
37;5721
5;5725
15;5730
25;5732
34;5751
25;5752
7;5789
599;5790
9;5791
45;5792
12;5803
42;5809
18;5810
30;5811
22;5812
7;5815
5;5816
9;5832
6;5841
30;5842
7;5850
7;5858
2;5859
6;5875
153;5882
25;5885
170;5886
155;5887
16;5888
60;5890
11;5891
4;5892
4;5904
16;5914
25;5917
1;5918
7;5919
53;5924
165;5936
24;5940
29;5981
186;5983
64;5985
159;5987
114;5988
9;5991
6;5994
19;5996
161;6004
8;6006
224;6013
9;6015
19;6016
8;6019
17;6020
28;6032
27;6040
2;6044
85;6077
13;6078
8;6079
92;6080
1;6087
21;6097
22;6099
10;6100
20;6115
37;6122
25;6123
41;6126
5;6127
3;6131
5;6134
2;6135
25;6136
13;6168
43;6173
41;6174
37;6175
16;6176
565;6195
10;6196
1;6204
2;6207
27;6217
13;6219
14;6220
35;6221
1;6229
38;6269
45;6270
51;6271
110;6272
2;6273
5;6280
153;6289
11;6290
28;6292
16;6296
10;6315
14;6316
2;6319
19;6320
7;6322
25;6327
19;6365
214;6366
198;6368
3;6375
37;6385
16;6387
2;6388
166;6391
20;6400
19;6414
56;6461
50;6462
30;6463
36;6464
9;6468
26;6482
165;6483
24;6484
32;6491
6;6507
41;6515
23;6526
17;6549
176;6558
4;6560
3;6561
51;6562
635;6563
27;6564
7;6583
30;6589
22;6590
14;6592
27;6594
8;6595
9;6604
15;6607
31;6611
20;6615
169;6619
14;6637
4;6654
587;6655
23;6656
31;6658
41;6659
6;6686
29;6689
56;6690
43;6691
3;6692
5;6701
21;6706
43;6714
16;6715
4;6749
5;6750
62;6751
114;6752
2;6758
40;6759
30;6764
163;6765
32;6769
17;6772
3;6794
16;6797
164;6803
16;6804
11;6805
27;6806
22;6846
231;6847
137;6848
12;6865
155;6866
4;6867
572;6868
35;6898
26;6901
165;6904
23;6909
163;6922
34;6941
182;6942
318;6943
84;6944
29;6954
182;6961
6;6963
7;6964
8;6969
16;6971
23;6978
24;6989
1;6990
1;6994
23;6997
13;6998
10;7014
70;7037
1;7038
79;7039
67;7040
7;7042
3;7044
18;7053
38;7057
9;7058
67;7059
20;7060
23;7079
21;7083
18;7086
12;7088
20;7096
29;7133
227;7134
249;7135
195;7136
10;7153
7;7154
1;7155
15;7208
37;7209
13;7229
5;7231
90;7232
17;7233
24;7234
19;7235
31;7236
30;7237
31;7239
27;7261
18;7263
15;7265
6;7266
20;7286
14;7290
12;7291
14;7292
30;7325
13;7326
22;7327
39;7328
33;7329
76;7330
29;7331
1;7340
37;7357
22;7359
12;7360
17;7361
6;7362
13;7363
30;7364
14;7377
173;7382
5;7386
24;7388
7;7421
192;7422
58;7423
55;7424
5;7431
6;7443
3;7446
30;7465
14;7475
204;7517
30;7518
194;7519
50;7520
14;7537
48;7538
15;7539
11;7540
9;7541
39;7563
13;7571
248;7613
21;7614
14;7615
198;7616
3;7629
1;7635
36;7636
11;7651
28;7656
36;7659
3;7665
16;7666
32;7672
30;7709
22;7710
38;7711
179;7712
151;7715
18;7728
35;7729
14;7730
28;7731
5;7732
37;7757
166;7763
24;7767
607;7805
172;7806
43;7807
12;7808
19;7826
12;7827
9;7828
163;7855
2;7856
2;7881
85;7903
46;7905
30;7906
38;7907
7;7908
21;7913
5;7923
9;7924
37;7931
5;7934
6;7937
10;7938
42;7939
5;7940
13;7944
35;7953
8;7954
33;7955
50;7957
14;7962
7;7980
24;7998
22;7999
75;8000
31;8001
51;8002
31;8003
30;8005
161;8006
16;8012
10;8013
16;8029
5;8030
2;8031
5;8032
19;8035
19;8051
13;8052
7;8055
183;8093
152;8094
80;8095
36;8096
4;8109
27;8113
55;8114
11;8144
8;8147
33;8152
46;8189
4;8190
52;8191
196;8192
23;8200
19;8209
5;8210
35;8211
11;8212
25;8213
13;8233
26;8242
12;8246
11;8284
36;8285
254;8286
215;8287
168;8288
28;8293
4;8305
23;8306
10;8307
37;8308
160;8338
202;8381
98;8382
34;8383
79;8384
5;8389
24;8401
39;8402
1;8403
10;8435
11;8437
23;8440
48;8477
68;8478
91;8479
17;8480
5;8485
35;8486
17;8489
22;8497
75;8498
27;8502
18;8503
21;8506
18;8511
22;8513
15;8522
166;8523
16;8532
21;8535
13;8572
79;8573
159;8574
24;8575
169;8576
32;8577
28;8578
113;8579
11;8586
17;8605
13;8606
23;8607
52;8608
25;8611
165;8612
1;8628
12;8631
21;8658
8;8665
16;8666
19;8667
32;8668
11;8669
14;8670
162;8671
14;8672
155;8698
32;8699
20;8700
9;8701
10;8702
21;8704
20;8707
7;8719
23;8722
26;8727
4;8728
26;8761
43;8762
46;8763
1151;8764
162;8765
14;8783
23;8789
9;8805
18;8808
13;8815
15;8818
15;8819
7;8820
42;8857
65;8858
79;8859
186;8860
8;8862
23;8876
154;8879
26;8892
556;8894
12;8896
17;8897
17;8901
20;8902
22;8903
184;8904
15;8907
29;8908
1;8910
32;8914
44;8953
23;8967
32;8972
229;8973
5;8975
163;8976
32;8987
40;9003
23;9006
13;9008
4;9011
153;9012
1;9042
56;9049
44;9050
95;9051
125;9052
5;9071
1;9080
169;9081
34;9088
17;9097
16;9100
166;9102
15;9105
11;9145
182;9146
112;9147
213;9148
163;9157
28;9165
56;9166
34;9167
9;9168
20;9172
23;9189
15;9193
14;9195
24;9202
1;9203
6;9205
14;9216
33;9241
49;9244
75;9245
48;9246
120;9247
29;9250
21;9259
160;9263
26;9274
7;9275
14;9276
37;9278
10;9280
14;9286
36;9298
9;9299
11;9301
34;9302
12;9306
62;9337
213;9338
61;9340
28;9341
6;9342
23;9343
31;9370
40;9371
19;9375
13;9393
37;9394
24;9396
1;9398
22;9402
215;9433
78;9434
56;9435
203;9436
33;9453
1;9454
11;9455
21;9457
6;9469
39;9529
68;9530
67;9531
11;9532
27;9551
13;9558
16;9574
2;9575
29;9577
17;9581
23;9582
19;9584
31;9618
22;9625
51;9626
56;9627
70;9628
27;9631
15;9637
1;9639
52;9648
6;9660
18;9662
27;9670
25;9671
2;9672
1;9675
15;9679
71;9721
22;9722
5;9723
48;9724
20;9737
52;9741
7;9742
3;9743
28;9744
13;9771
13;9773
145;9776
157;9777
8;9778
9;9779
75;9817
33;9818
19;9819
60;9820
166;9832
32;9837
57;9840
17;9873
171;9913
7;9914
1;9916
55;9918
50;9919
30;9947
24;9948
9;9949
10;9964
14;9966
13;9968
20;9971
3;9974
1;9975
3;9998
23;10009
46;10010
24;10011
35;10013
36;10014
7;10015
23;10023
1;10028
23;10031
18;10042
36;10044
13;10045
175;10046
15;10058
24;10063
19;10069
24;10105
30;10106
34;10107
84;10108
160;10113
26;10123
16;10127
30;10140
9;10154
38;10158
23;10160
161;10161
3;10163
11;10175
45;10201
27;10202
181;10203
67;10204
30;10223
5;10257
13;10258
13;10274
22;10297
36;10298
31;10299
160;10300
5;10304
37;10317
21;10318
13;10319
13;10320
43;10341
18;10348
13;10350
32;10353
35;10354
114;10393
31;10394
215;10395
104;10396
4;10414
4;10415
31;10416
26;10440
16;10441
195;10442
29;10443
7;10444
2;10445
38;10489
34;10491
51;10492
13;10508
7;10510
26;10511
7;10533
27;10537
24;10547
2;10575
559;10576
56;10585
12;10586
43;10588
14;10589
36;10590
24;10591
16;10592
12;10594
22;10609
15;10617
7;10619
164;10621
26;10622
13;10624
26;10626
34;10641
13;10642
23;10644
29;10645
14;10651
45;10681
167;10682
50;10683
20;10684
2;10688
53;10689
15;10697
13;10713
34;10714
13;10716
2;10717
10;10720
25;10723
13;10730
15;10740
50;10777
59;10778
37;10779
36;10780
25;10796
17;10798
28;10799
40;10800
12;10809
12;10812
7;10814
10;10821
4;10828
30;10830
5;10831
8;10832
26;10873
677;10874
36;10875
55;10876
21;10878
35;10879
35;10889
4;10894
167;10895
156;10896
34;10925
60;10970
207;10971
54;10972
11;10981
53;10989
38;10990
51;10991
7;10992
1;10999
11;11008
3;11013
26;11017
145;11018
20;11021
11;11025
20;11026
1;11065
22;11066
9;11067
6;11068
9;11083
12;11085
10;11086
170;11087
16;11088
30;11093
11;11111
5;11112
5;11116
5;11119
5;11120
33;11121
35;11134
61;11161
83;11162
222;11163
211;11164
1;11182
15;11184
162;11195
13;11207
28;11208
12;11210
24;11218
13;11220
34;11257
36;11258
49;11260
25;11261
13;11262
14;11264
15;11266
24;11274
25;11278
30;11290
18;11291
4;11293
17;11294
30;11296
26;11298
25;11305
3;11307
3;11316
33;11319
16;11320
5;11333
4;11348
4;11350
10;11352
18;11353
1;11354
6;11355
10;11357
10;11358
63;11359
23;11360
22;11367
29;11368
29;11381
18;11386
19;11387
163;11388
7;11389
1;11390
13;11392
5;11407
23;11410
18;11413
26;11414
1;11415
9;11443
530;11449
40;11450
18;11451
36;11452
2;11459
158;11471
14;11488
35;11496
10;11500
4;11503
28;11507
1;11508
203;11545
6;11546
75;11547
197;11548
15;11565
173;11566
152;11583
26;11584
160;11591
11;11592
7;11594
26;11596
30;11609
64;11641
60;11642
61;11643
2;11644
3;11652
20;11662
23;11664
8;11675
27;11681
35;11690
4;11691
4;11697
6;11707
23;11737
26;11738
749;11739
20;11740
5;11745
37;11757
38;11758
26;11759
16;11782
14;11788
8;11793
39;11833
23;11834
72;11835
40;11836
9;11842
176;11854
63;11855
30;11856
25;11874
3;11880
25;11882
33;11884
31;11887
18;11916
83;11929
22;11930
71;11931
32;11932
4;11933
42;11934
33;11935
15;11936
31;11937
18;11944
11;11951
27;11961
3;11963
38;11964
18;11965
19;11967
1;11968
16;11984
1;11989
32;11991
6;12000
18;12014
27;12023
22;12025
157;12028
52;12029
28;12030
3;12031
166;12032
24;12048
12;12057
27;12060
24;12061
14;12063
7;12064
28;12067
35;12068
35;12075
30;12076
21;12077
15;12080
33;12084
172;12121
39;12122
267;12123
4;12124
21;12125
67;12141
14;12142
28;12144
21;12171
5;12176
23;12178
3;12180
160;12210
23;12217
111;12218
42;12220
3;12221
3;12237
56;12238
163;12240
2;12242
156;12272
31;12273
20;12274
86;12313
59;12314
19;12315
33;12316
590;12334
166;12335
8;12336
3;12350
32;12357
23;12360
175;12409
8;12410
17;12411
9;12412
10;12422
6;12429
36;12432
19;12436
6;12439
12;12452
5;12454
25;12458
24;12464
2;12466
163;12467
36;12468
41;12506
25;12507
54;12508
6;12509
20;12516
20;12525
35;12527
10;12541
11;12552
160;12555
5;12557
4;12560
9;12562
4;12587
5;12588
25;12601
10;12602
22;12603
26;12604
216;12605
209;12606
55;12607
3;12634
19;12635
21;12636
11;12637
32;12638
9;12656
25;12662
17;12663
39;12671
170;12678
46;12699
45;12701
9;12702
164;12703
24;12704
18;12714
35;12722
5;12730
33;12731
23;12734
65;12735
29;12739
58;12749
21;12751
22;12752
15;12793
13;12794
204;12795
39;12796
30;12802
6;12807
26;12813
27;12814
27;12816
10;12827
44;12831
36;12837
19;12843
164;12849
9;12850
8;12852
31;12861
29;12889
62;12890
18;12891
176;12892
21;12906
12;12909
42;12910
32;12911
14;12927
12;12929
10;12930
13;12931
17;12936
14;12944
570;12946
41;12948
26;12986
219;12987
169;13005
5;13007
28;13030
30;13032
7;13034
21;13038
2;13042
7;13065
39;13081
38;13082
24;13083
59;13084
17;13092
18;13093
22;13097
7;13101
360;13104
4;13107
24;13119
13;13120
160;13122
24;13137
9;13140
4;13168
53;13177
38;13178
169;13179
1;13180
19;13191
161;13192
4;13199
11;13205
22;13225
32;13227
9;13229
30;13232
162;13234
3;13235
11;13253
5;13254
44;13273
30;13274
6;13275
9;13277
58;13279
44;13280
18;13286
24;13305
18;13306
26;13307
158;13309
155;13311
28;13312
22;13328
8;13329
24;13334
39;13372
51;13373
24;13374
1;13375
189;13376
37;13384
16;13392
7;13397
30;13401
42;13403
5;13405
5;13407
4;13408
167;13421
27;13422
27;13425
32;13427
10;13432
20;13460
154;13465
7;13467
45;13468
32;13479
27;13496
27;13497
4;13501
161;13503
12;13514
49;13517
5;13521
151;13523
161;13543
2;13551
56;13561
54;13562
23;13563
19;13564
25;13574
43;13581
14;13583
6;13584
25;13587
10;13595
3;13606
1;13615
13;13616
176;13657
31;13658
60;13660
335;13677
10;13680
17;13703
18;13704
10;13705
4;13723
11;13736
180;13753
56;13754
84;13755
29;13756
5;13773
24;13781
13;13798
31;13802
33;13810
15;13811
3;13849
3;13851
162;13852
24;13870
46;13871
18;13882
180;13902
25;13903
8;13904
5;13949
15;13950
18;13951
13;13952
8;13963
34;13972
8;13975
49;13977
29;13978
10;13979
40;13980
6;13981
27;13983
5;13989
18;13992
32;14000
22;14001
167;14004
8;14008
18;14010
11;14012
46;14041
167;14043
46;14045
5;14046
33;14047
51;14048
6;14049
315;14074
163;14076
31;14077
8;14083
16;14086
22;14089
21;14093
31;14101
18;14103
23;14104
157;14118
35;14137
48;14138
51;14139
167;14140
12;14143
19;14157
36;14158
17;14160
14;14181
10;14190
21;14194
15;14195
10;14196
26;14233
41;14235
161;14236
2;14243
18;14254
29;14255
34;14280
53;14284
55;14285
11;14289
162;14292
8;14329
181;14330
184;14331
58;14332
160;14340
39;14349
40;14350
180;14351
23;14352
19;14362
20;14379
4;14388
68;14425
155;14426
32;14427
32;14433
7;14446
10;14450
17;14456
25;14460
10;14471
31;14479
7;14496
26;14504
37;14514
30;14521
169;14522
84;14523
7;14524
33;14543
22;14544
6;14551
18;14558
4;14567
27;14568
1;14575
20;14578
4;14597
24;14617
64;14619
57;14620
171;14621
317;14622
7;14640
10;14649
33;14650
5;14651
51;14653
12;14655
16;14656
23;14669
157;14676
33;14677
22;14713
42;14714
26;14715
19;14716
24;14717
1;14719
38;14720
27;14726
2;14740
12;14746
32;14747
9;14748
38;14750
26;14751
162;14752
1;14754
30;14761
15;14770
18;14771
11;14774
76;14809
167;14811
77;14812
26;14829
11;14831
34;14838
8;14857
12;14905
203;14906
28;14907
94;14908
7;14927
21;14932
25;14952
4;14964
42;15001
17;15002
13;15004
24;15011
3;15012
158;15021
20;15022
35;15023
2;15060
35;15064
38;15097
8;15098
104;15099
33;15100
10;15120
1;15135
19;15154
30;15193
86;15194
24;15195
46;15196
12;15203
161;15215
167;15216
21;15223
44;15229
10;15237
13;15247
5;15248
6;15251
31;15289
17;15290
14;15292
11;15293
35;15295
56;15296
4;15322
9;15326
192;15327
2;15328
29;15347
8;15363
29;15376
3;15380
7;15385
26;15386
33;15387
28;15388
173;15391
149;15419
49;15421
57;15424
17;15437
26;15438
3;15441
10;15444
17;15446
212;15481
48;15482
62;15483
35;15500
22;15502
20;15504
2;15538
19;15544
28;15577
21;15578
195;15579
151;15580
5;15581
18;15596
5;15598
21;15599
18;15623
36;15634
31;15673
33;15675
109;15676
2;15680
573;15696
25;15704
9;15718
25;15719
6;15722
4;15730
26;15732
6;15738
4;15764
64;15769
23;15770
9;15771
176;15772
182;15789
48;15790
7;15792
22;15793
176;15800
4;15815
20;15865
733;15866
27;15867
14;15868
152;15870
18;15872
8;15874
3;15885
165;15910
4;15914
3;15915
30;15916
1;15919
15;15920
58;15961
36;15962
48;15963
7;15965
51;15966
77;15967
15;15968
22;15984
18;15994
45;15995
7;15997
25;15998
28;15999
13;16000
13;16016
53;16057
89;16058
13;16059
44;16060
41;16061
12;16062
24;16063
19;16064
17;16079
13;16091
6;16111
1;16112
9;16120
10;16137
32;16153
104;16155
31;16156
21;16174
38;16176
7;16180
163;16188
9;16190
8;16197
196;16249
182;16251
26;16252
28;16257
16;16272
25;16274
20;16290
16;16302
29;16326
37;16345
28;16346
40;16347
74;16348
29;16357
21;16367
1;16376
40;16392
75;16442
45;16443
9;16444
26;16455
173;16462
28;16463
44;16464
8;16486
148;16490
17;16491
148;16492
16;16495
17;16497
35;16498
11;16499
154;16537
18;16538
14;16539
30;16540
32;16546
7;16556
23;16560
20;16573
8;16574
40;16585
20;16589
7;16593
26;16596
31;16607
5;16631
213;16635
30;16636
15;16638
190;16639
9;16640
22;16646
27;16665
179;16668
175;16669
61;16671
10;16672
12;16680
9;16681
15;16693
27;16714
55;16729
28;16730
160;16731
2;16732
77;16734
3;16735
41;16736
8;16761
15;16762
4;16765
44;16768
26;16781
26;16783
33;16789
22;16790
26;16825
15;16826
72;16827
17;16828
28;16835
6;16856
4;16870
155;16871
10;16872
2;16873
59;16921
20;16922
179;16923
37;16924
17;16939
159;16942
4;16956
12;17017
50;17018
6;17019
44;17020
6;17028
2;17032
5;17033
18;17037
9;17039
29;17040
27;17063
15;17067
26;17068
8;17074
4;17076
16;17113
157;17114
59;17115
11;17116
9;17120
1;17129
23;17133
28;17149
4;17168
159;17172
17;17198
29;17209
199;17210
37;17211
18;17212
165;17232
30;17253
24;17256
19;17264
15;17265
152;17295
18;17307
13;17308
169;17309
8;17310
59;17311
23;17312
3;17316
24;17324
44;17338
10;17341
8;17343
23;17344
7;17350
8;17355
12;17359
21;17360
1;17362
10;17366
8;17386
37;17396
6;17397
212;17401
171;17402
28;17403
21;17404
23;17405
58;17407
13;17408
10;17413
39;17418
8;17422
164;17431
172;17434
17;17436
2;17437
5;17439
30;17440
6;17444
14;17492
69;17497
227;17498
26;17499
17;17500
11;17506
21;17509
25;17532
27;17540
17;17548
40;17553
11;17556
173;17593
23;17594
103;17595
78;17596
4;17599
10;17613
44;17614
4;17616
15;17618
7;17621
28;17625
19;17641
32;17648
50;17689
48;17690
27;17691
111;17692
16;17701
20;17709
18;17712
158;17737
25;17748
54;17785
25;17786
27;17787
14;17788
16;17799
46;17806
16;17808
25;17809
148;17830
24;17831
5;17832
4;17837
12;17844
5;17865
9;17878
54;17881
19;17882
76;17883
59;17884
27;17890
29;17900
2;17917
5;17926
22;17937
27;17939
165;17977
39;17978
31;17979
7;17981
32;17982
56;17984
15;17987
15;17997
39;18007
25;18009
43;18011
24;18013
37;18014
1;18016
7;18019
27;18022
158;18026
1;18029
21;18032
154;18033
57;18073
208;18074
19;18075
164;18076
3;18077
16;18078
21;18079
30;18105
30;18106
9;18110
176;18111
12;18127
29;18130
25;18132
40;18136
52;18169
99;18170
194;18171
70;18172
15;18176
11;18189
14;18190
14;18191
3;18199
3;18208
21;18219
14;18224
16;18225
28;18254
57;18265
34;18266
11;18267
76;18268
13;18286
33;18293
29;18317
8;18318
17;18320
20;18321
14;18345
54;18362
22;18364
169;18371
23;18378
162;18382
181;18383
41;18384
2;18394
14;18405
2;18406
20;18407
24;18420
9;18457
12;18458
49;18460
20;18461
35;18475
21;18477
26;18479
35;18480
25;18491
24;18499
9;18506
15;18510
3;18513
4;18539
17;18551
1;18554
335;18555
170;18556
8;18565
171;18573
9;18574
7;18575
2;18600
3;18607
23;18608
11;18649
22;18650
16;18651
41;18652
32;18653
26;18655
16;18656
2;18668
28;18674
8;18681
28;18682
25;18683
17;18684
25;18685
9;18686
1;18701
11;18705
6;18708
23;18723
46;18745
34;18747
58;18750
16;18751
11;18752
19;18756
3;18764
24;18777
60;18779
49;18781
12;18782
556;18783
26;18784
20;18789
14;18795
31;18800
6;18809
22;18816
11;18841
201;18843
12;18844
31;18860
34;18861
51;18862
29;18864
24;18869
37;18881
23;18886
14;18887
27;18894
72;18937
29;18938
71;18939
33;18940
13;18957
21;18958
40;18959
10;18960
24;18965
22;18981
9;18983
22;18986
55;18987
17;19020
20;19033
79;19034
2;19035
84;19036
12;19045
38;19053
20;19054
38;19056
23;19063
11;19084
12;19092
346;19129
32;19130
16;19131
181;19151
10;19175
8;19182
11;19184
40;19225
9;19226
29;19227
20;19228
7;19245
11;19246
22;19252
12;19253
27;19269
41;19321
45;19322
5;19323
9;19325
67;19326
32;19328
23;19338
614;19353
37;19355
38;19356
166;19359
52;19360
9;19370
3;19375
8;19379
174;19382
1;19383
4;19417
85;19418
24;19420
57;19421
19;19422
26;19430
32;19449
14;19450
174;19451
10;19454
5;19469
28;19471
5;19477
12;19478
10;19479
20;19480
18;19513
188;19514
32;19515
230;19516
8;19520
1;19534
40;19536
19;19549
12;19560
9;19563
1;19571
29;19609
68;19610
29;19611
54;19612
1;19623
9;19624
38;19625
28;19630
13;19642
16;19658
10;19662
29;19664
5;19667
61;19705
71;19706
29;19707
192;19708
9;19721
29;19725
19;19727
79;19728
158;19730
33;19751
6;19754
31;19756
18;19764
29;19801
35;19802
73;19803
21;19804
1;19809
6;19832
6;19857
9;19858
21;19859
31;19877
51;19897
40;19899
63;19900
11;19902
11;19917
22;19919
16;19923
3;19930
18;19953
12;19954
38;19969
33;19993
19;19994
32;19995
329;19996
19;19997
175;19998
19;19999
173;20006
3;20016
9;20022
10;20025
30;20026
26;20029
13;20030
190;20032
6;20037
10;20038
26;20044
4;20049
1;20054
11;20055
159;20065
12;20073
7;20081
52;20090
35;20091
177;20092
13;20094
72;20095
5;20115
5;20116
14;20121
27;20123
40;20124
9;20126
13;20128
6;20133
2;20134
160;20141
1;20142
27;20146
2;20149
42;20151
20;20185
11;20187
170;20188
21;20204
3;20208
3;20216
20;20233
34;20236
340;20281
14;20282
49;20283
21;20292
18;20301
4;20304
23;20308
6;20320
4;20325
16;20328
1;20337
7;20338
170;20339
38;20362
49;20377
8;20378
10;20379
44;20380
6;20384
2;20396
29;20398
23;20399
3;20400
157;20410
22;20424
4;20427
2;20435
76;20473
58;20474
41;20475
73;20476
25;20477
5;20479
28;20489
7;20493
28;20496
7;20501
36;20522
3;20525
6;20526
1;20530
164;20531
9;20552
197;20569
35;20570
96;20571
42;20572
3;20587
19;20589
26;20590
8;20591
19;20613
7;20616
11;20619
13;20625
9;20627
29;20666
9;20667
25;20668
37;20669
10;20670
22;20671
172;20672
13;20684
1;20685
4;20689
20;20696
25;20698
2;20707
6;20719
16;20722
11;20727
2;20746
26;20749
188;20761
159;20762
174;20764
16;20766
25;20772
4;20786
9;20794
38;20797
1;20812
42;20813
6;20820
32;20821
22;20848
29;20857
31;20858
16;20859
21;20860
16;20878
8;20879
57;20907
2;20908
12;20911
9;20916
2;20929
214;20953
71;20955
75;20956
9;20974
57;20975
28;20976
18;20977
14;20978
27;20984
95;21049
101;21050
226;21051
26;21052
28;21069
35;21071
158;21072
35;21077
27;21081
32;21094
59;21100
165;21141
27;21145
14;21146
55;21147
8;21148
32;21165
22;21167
42;21168
21;21171
11;21172
28;21187
29;21189
7;21194
5;21196
22;21197
12;21198
20;21241
49;21242
38;21243
47;21244
10;21251
7;21261
1;21264
151;21272
23;21289
12;21293
25;21298
31;21299
2;21300
45;21337
22;21338
168;21339
32;21340
20;21343
11;21366
1;21370
4;21373
2;21374
32;21375
29;21376
13;21384
17;21390
30;21396
146;21400
12;21433
37;21434
34;21436
34;21437
12;21438
10;21439
15;21440
17;21452
28;21463
2;21464
20;21465
129;21466
19;21467
151;21470
29;21480
2;21486
32;21487
33;21490
5;21492
30;21493
19;21494
570;21529
7;21530
55;21531
12;21532
53;21549
26;21552
4;21583
15;21584
4;21586
14;21625
1;21626
24;21627
28;21628
36;21629
18;21646
5;21647
27;21655
11;21669
29;21672
33;21675
16;21677
24;21683
72;21721
20;21722
20;21723
79;21724
25;21739
49;21741
332;21744
16;21745
9;21752
8;21755
17;21767
1;21774
12;21777
36;21780
168;21817
12;21818
214;21819
2;21824
31;21838
189;21840
155;21861
153;21864
6;21871
25;21873
25;21874
30;21876
25;21914
18;21915
4;21916
20;21923
39;21925
20;21933
31;21935
19;21962
201;21968
161;21972
6;21995
17;22010
5;22011
30;22013
28;22014
598;22016
21;22023
171;22042
17;22044
35;22045
8;22047
32;22062
26;22067
158;22068
37;22072
15;22076
9;22094
21;22106
7;22107
16;22108
40;22109
17;22110
181;22111
12;22112
22;22139
10;22140
9;22141
5;22142
565;22147
10;22164
117;22201
172;22202
57;22203
222;22204
9;22210
6;22222
5;22228
7;22238
1;22247
3;22265
18;22297
628;22298
72;22299
7;22300
17;22304
44;22317
36;22319
37;22320
10;22331
4;22340
150;22343
16;22344
57;22346
33;22355
4;22366
20;22394
3;22395
52;22396
4;22404
5;22405
13;22410
19;22413
57;22416
4;22444
5;22490
21;22491
39;22492
11;22504
34;22510
18;22511
2;22512
159;22514
12;22526
158;22535
24;22585
3;22586
9;22587
24;22598
18;22608
14;22619
13;22620
145;22624
5;22628
11;22631
12;22636
157;22640
4;22644
20;22681
3;22682
190;22683
43;22684
9;22685
13;22686
1;22687
31;22688
23;22699
1;22713
175;22714
21;22718
27;22719
30;22720
29;22777
156;22778
5;22781
32;22783
17;22797
15;22799
10;22802
174;22806
19;22807
40;22809
189;22813
17;22816
23;22825
154;22834
6;22836
32;22873
43;22874
30;22875
15;22876
153;22880
28;22887
22;22893
9;22894
44;22895
21;22896
2;22908
18;22915
8;22918
9;22921
20;22923
1;22926
19;22927
12;22928
30;22929
131;22970
54;22971
33;22972
24;22991
13;23014
10;23021
24;23023
8;23025
12;23027
5;23065
118;23066
25;23067
24;23068
9;23086
55;23087
13;23088
1;23091
26;23093
12;23096
14;23104
6;23112
10;23117
41;23119
14;23161
9;23162
82;23163
14;23172
16;23181
23;23182
29;23183
58;23184
35;23208
30;23213
154;23214
18;23257
6;23258
21;23259
96;23260
22;23268
11;23288
11;23306
33;23316
13;23346
38;23354
44;23355
3;23356
48;23357
28;23359
13;23360
30;23361
1;23362
11;23378
3;23386
25;23387
2;23389
5;23391
4;23392
2;23404
29;23406
12;23413
4;23414
10;23449
18;23450
82;23451
21;23455
5;23468
3;23470
19;23481
55;23482
18;23483
24;23485
37;23488
10;23491
15;23495
14;23501
28;23509
29;23512
27;23545
39;23546
22;23547
29;23548
20;23555
32;23559
3;23567
13;23568
11;23576
164;23582
28;23589
69;23592
6;23595
2;23596
18;23597
20;23600
5;23609
11;23634
161;23641
174;23642
159;23643
25;23644
10;23645
30;23661
36;23662
36;23664
151;23672
32;23686
22;23694
51;23737
26;23738
64;23739
4;23740
3;23753
18;23759
18;23760
15;23775
8;23786
3;23794
202;23833
26;23834
37;23835
62;23836
18;23851
21;23856
162;23879
7;23884
9;23886
159;23891
22;23929
188;23930
96;23931
7;23932
1;23933
6;23943
21;23952
8;23953
13;23958
36;23966
22;23969
8;23974
165;23977
9;23979
23;23985
20;23988
84;24026
45;24027
1;24028
190;24031
58;24032
27;24057
25;24060
18;24061
14;24062
15;24078
2;24080
32;24087
6;24098
30;24121
18;24122
3;24126
56;24127
26;24128
3;24133
33;24155
5;24156
1;24158
7;24159
12;24167
9;24175
11;24176
2;24180
21;24186
23;24211
186;24217
203;24218
16;24219
359;24220
67;24237
28;24239
4;24240
11;24254
3;24258
3;24261
14;24262
29;24270
7;24274
38;24289
33;24313
10;24314
12;24315
42;24316
32;24327
24;24329
10;24333
2;24334
36;24336
4;24360
17;24362
4;24388
44;24409
42;24410
10;24411
177;24412
10;24420
4;24428
52;24431
21;24438
9;24463
30;24468
14;24505
6;24506
60;24507
13;24508
19;24516
45;24526
4;24533
10;24554
31;24557
7;24560
28;24564
6;24602
197;24603
39;24604
57;24621
24;24624
34;24646
28;24647
32;24670
38;24693
20;24697
2;24698
4;24701
67;24702
17;24703
193;24704
20;24729
8;24731
21;24734
25;24736
25;24738
13;24793
20;24795
13;24796
3;24797
4;24798
14;24800
16;24825
3;24826
327;24827
1;24828
31;24830
2;24837
39;24849
14;24850
24;24889
35;24890
67;24891
17;24892
42;24909
14;24912
10;24935
3;24939
150;24942
12;24944
157;24945
60;24985
39;24986
25;24987
85;24988
60;25006
572;25008
22;25027
20;25041
23;25043
17;25051
343;25081
186;25082
48;25083
6;25084
33;25096
16;25102
1;25103
10;25108
10;25121
19;25125
172;25129
31;25130
42;25132
27;25157
60;25177
4;25178
60;25179
43;25180
6;25187
4;25191
59;25197
11;25198
156;25199
9;25200
17;25221
7;25224
30;25227
31;25228
153;25236
8;25267
4;25274
200;25275
35;25276
34;25281
4;25282
9;25294
15;25295
15;25296
24;25312
32;25331
52;25369
22;25370
34;25371
67;25372
59;25373
186;25374
1;25375
76;25376
23;25383
8;25388
9;25397
10;25404
6;25405
3;25407
8;25414
8;25426
159;25428
168;25465
55;25466
35;25467
52;25468
110;25469
171;25470
12;25471
19;25472
47;25479
3;25501
7;25503
36;25504
24;25508
12;25518
18;25519
160;25527
22;25552
12;25561
141;25562
33;25563
12;25564
24;25572
5;25581
19;25582
38;25587
2;25595
149;25601
11;25606
12;25607
162;25614
17;25616
51;25657
82;25658
37;25659
342;25660
19;25677
17;25679
12;25695
174;25702
3;25705
167;25706
48;25709
17;25711
12;25716
23;25751
23;25753
71;25754
86;25756
11;25761
9;25772
12;25773
29;25774
36;25793
8;25797
171;25799
1;25800
5;25803
11;25804
24;25806
148;25849
168;25850
76;25851
53;25852
29;25858
22;25871
17;25882
49;25886
6;25903
1;25907
38;25945
49;25946
2;25947
2;25954
2;25965
14;25967
9;25974
11;25975
1;25993
1;25999
2;26002
7;26003
32;26015
55;26042
2;26044
6;26045
160;26046
13;26047
27;26055
6;26068
17;26073
25;26075
16;26076
17;26077
12;26078
7;26079
31;26080
11;26097
187;26138
28;26140
28;26141
30;26144
22;26155
10;26171
10;26172
33;26173
16;26174
22;26176
15;26182
9;26192
1;26196
31;26207
17;26234
29;26235
28;26236
30;26253
28;26254
25;26255
50;26256
21;26265
33;26282
1;26292
3;26329
34;26330
52;26331
35;26332
16;26350
16;26351
26;26368
7;26377
23;26380
10;26384
52;26425
31;26426
136;26427
537;26428
26;26433
11;26437
9;26442
5;26444
20;26445
9;26446
4;26461
24;26477
568;26481
29;26484
34;26521
99;26522
26;26523
34;26524
15;26527
39;26543
1;26544
165;26578
51;26617
17;26618
68;26619
78;26620
15;26637
32;26638
19;26639
23;26640
17;26655
29;26666
16;26671
4;26672
144;26674
2;26697
3;26707
6;26710
190;26714
88;26715
29;26716
14;26717
53;26718
40;26719
53;26720
27;26746
26;26749
46;26751
3;26760
34;26773
10;26776
24;26788
60;26809
33;26810
7;26812
78;26813
28;26814
14;26815
30;26841
190;26842
17;26844
163;26845
24;26846
17;26848
19;26858
28;26861
10;26863
23;26879
6;26905
385;26906
9;26907
75;26908
32;26925
19;26926
177;26927
64;26928
10;26946
14;26951
4;26953
1;26956
16;26959
9;26960
4;26964
217;27001
26;27002
14;27003
41;27004
36;27021
26;27022
10;27024
10;27048
9;27049
20;27053
5;27054
36;27055
4;27059
16;27096
37;27097
30;27098
74;27099
21;27103
37;27107
21;27116
17;27142
8;27150
57;27193
109;27194
60;27195
5;27210
35;27213
2;27214
85;27215
13;27237
4;27239
31;27240
8;27242
30;27244
23;27246
4;27247
12;27248
16;27249
3;27289
20;27290
160;27291
57;27292
1;27309
7;27310
158;27311
169;27312
8;27314
5;27326
34;27337
8;27347
24;27358
9;27384
13;27385
29;27386
37;27387
51;27388
23;27390
70;27391
51;27392
2;27407
36;27418
34;27419
27;27421
36;27437
156;27438
33;27439
4;27440
40;27442
7;27446
7;27447
226;27481
7;27482
187;27483
4;27484
86;27485
36;27486
51;27488
5;27496
23;27500
6;27507
7;27513
5;27514
16;27515
25;27518
31;27523
10;27535
15;27537
34;27539
11;27542
71;27577
188;27578
1;27579
59;27580
14;27588
5;27591
1;27595
29;27597
12;27598
1;27622
26;27629
24;27630
33;27631
11;27635
21;27673
234;27674
176;27675
37;27676
175;27682
10;27694
41;27696
32;27719
1;27720
11;27721
14;27726
10;27727
5;27751
190;27769
398;27770
23;27771
27;27772
2;27784
31;27790
11;27791
13;27792
39;27795
10;27798
5;27802
17;27819
52;27865
256;27866
62;27867
157;27878
16;27885
33;27886
19;27887
33;27888
1;27897
7;27916
33;27918
566;27920
27;27921
3;27922
6;27924
100;27961
9;27962
115;27963
58;27964
15;27968
156;27972
5;27977
15;27982
22;27983
1;28005
29;28008
6;28020
20;28028
177;28057
8;28058
72;28059
39;28060
30;28061
10;28063
3;28076
14;28079
30;28089
30;28090
7;28091
24;28092
7;28095
25;28109
15;28110
15;28114
5;28120
13;28154
19;28155
15;28156
40;28157
41;28158
19;28159
26;28160
10;28162
2;28186
28;28192
6;28203
29;28205
24;28211
15;28216
7;28249
76;28250
15;28251
61;28252
17;28269
9;28270
6;28271
161;28272
15;28275
17;28292
31;28299
14;28302
9;28345
82;28346
30;28347
63;28348
2;28352
9;28363
36;28365
9;28367
39;28368
13;28390
24;28392
15;28395
7;28400
11;28441
10;28442
272;28443
9;28444
4;28461
4;28463
29;28464
190;28476
35;28491
35;28495
27;28498
163;28537
191;28538
71;28539
31;28540
147;28541
51;28557
1;28558
176;28559
162;28560
32;28593
53;28633
42;28634
45;28635
269;28636
29;28637
11;28648
5;28650
4;28653
32;28654
8;28656
9;28661
12;28662
28;28680
5;28682
31;28695
26;28701
8;28720
26;28730
14;28732
31;28733
37;28734
23;28735
79;28736
13;28737
9;28757
15;28761
9;28762
13;28764
201;28765
11;28775
37;28782
36;28787
16;28789
1;28825
24;28827
62;28828
197;28829
191;28830
25;28831
18;28832
10;28842
6;28859
5;28860
33;28862
15;28863
25;28879
32;28883
8;28888
1;28910
12;28921
13;28922
52;28923
12;28924
200;28942
32;28943
26;28944
27;28954
36;28964
567;28976
30;28978
28;29017
42;29018
79;29019
54;29020
19;29037
2;29038
18;29039
17;29040
5;29041
18;29049
19;29060
54;29061
20;29065
159;29067
24;29068
23;29069
3;29075
2;29113
21;29114
64;29115
368;29116
4;29133
10;29135
10;29145
20;29157
15;29158
18;29169
6;29171
40;29213
44;29214
31;29215
66;29216
2;29220
12;29233
31;29234
5;29244
7;29247
19;29264
175;29268
8;29269
4;29271
55;29309
225;29310
17;29311
313;29312
26;29330
1;29331
21;29332
25;29358
157;29365
14;29368
164;29396
149;29400
38;29405
1;29406
6;29408
57;29411
39;29412
1;29429
3;29436
168;29437
25;29438
2;29439
20;29440
23;29441
159;29442
187;29443
13;29457
17;29462
28;29466
17;29497
40;29502
21;29503
45;29504
105;29505
33;29506
49;29507
1;29508
39;29514
13;29521
42;29533
9;29535
4;29536
8;29538
21;29544
165;29547
13;29562
23;29588
96;29597
15;29598
52;29599
337;29600
14;29616
3;29618
167;29619
41;29620
24;29640
14;29642
164;29648
3;29656
34;29664
25;29693
53;29694
13;29695
190;29696
16;29707
3;29708
12;29713
8;29715
41;29716
2;29721
6;29744
2;29746
39;29749
16;29752
4;29766
26;29784
577;29789
64;29790
45;29791
14;29792
169;29811
31;29815
2;29834
28;29839
26;29840
5;29847
4;29857
48;29885
240;29887
58;29888
38;29891
30;29892
5;29903
13;29905
17;29907
18;29908
29;29919
33;29931
14;29934
34;29935
7;29938
10;29941
1;29981
22;29982
60;29983
8;30001
25;30002
1;30003
5;30004
3;30006
18;30008
3;30027
4;30030
24;30037
149;30067
74;30077
30;30078
47;30079
169;30080
47;30081
54;30082
104;30083
186;30084
18;30085
18;30090
9;30111
12;30113
27;30114
18;30116
13;30133
7;30138
36;30140
2;30173
15;30174
37;30176
22;30177
4;30178
72;30179
15;30180
14;30198
41;30205
9;30206
189;30207
5;30208
568;30211
14;30212
29;30223
4;30230
16;30233
6;30241
66;30269
7;30270
31;30271
28;30285
6;30286
5;30289
28;30290
342;30292
158;30299
26;30300
6;30304
10;30306
25;30316
15;30320
26;30322
26;30323
11;30327
37;30365
63;30366
42;30367
35;30368
38;30384
16;30387
4;30388
9;30413
18;30414
12;30420
29;30461
9;30462
69;30463
243;30464
2;30465
55;30481
5;30482
4;30484
2;30496
14;30497
3;30500
14;30506
22;30507
11;30509
51;30510
573;30514
4;30517
152;30520
24;30529
51;30557
30;30558
4;30560
40;30572
40;30579
17;30602
183;30606
30;30612
4;30617
74;30653
42;30654
152;30655
28;30656
155;30673
12;30675
39;30676
16;30677
19;30699
16;30707
11;30709
14;30711
15;30712
172;30713
8;30722
31;30749
34;30750
20;30751
56;30753
54;30754
26;30755
9;30756
9;30757
13;30768
30;30771
22;30783
4;30784
11;30785
7;30786
4;30803
149;30807
7;30830
17;30834
6;30845
1;30846
161;30847
49;30849
64;30851
46;30878
27;30881
19;30882
158;30883
2;30895
27;30897
16;30901
5;30904
172;30907
157;30941
179;30942
61;30943
10;30944
20;30945
20;30953
6;30961
8;30962
30;30963
154;30986
12;30987
200;30989
21;30990
12;30991
7;30996
159;30998
8;30999
17;31037
32;31038
14;31049
17;31057
22;31058
147;31059
47;31060
23;31087
3;31093
15;31096
14;31106
19;31133
9;31134
26;31135
24;31136
55;31153
7;31154
17;31156
21;31160
16;31162
23;31165
10;31169
5;31176
11;31181
19;31182
28;31191
570;31229
32;31230
122;31231
5;31234
1;31242
151;31249
25;31251
21;31273
10;31278
31;31283
22;31285
19;31287
12;31288
6;31325
27;31326
183;31327
52;31328
25;31331
169;31345
18;31347
16;31348
8;31349
11;31370
183;31373
19;31375
6;31377
3;31379
4;31384
18;31421
5;31422
71;31424
2;31425
46;31426
52;31427
169;31431
24;31453
13;31454
42;31457
24;31458
18;31459
35;31460
29;31471
8;31472
162;31477
10;31480
73;31517
193;31518
39;31520
33;31522
29;31523
24;31524
160;31549
27;31552
29;31554
8;31555
40;31556
1;31576
21;31613
91;31614
22;31615
93;31616
16;31618
5;31621
170;31636
25;31652
12;31659
6;31665
23;31672
194;31709
17;31710
53;31711
58;31712
8;31727
1;31750
6;31754
1;31756
9;31757
7;31763
32;31805
195;31806
54;31807
27;31808
20;31823
28;31826
25;31827
168;31828
9;31845
13;31847
20;31854
20;31861
155;31864
28;31901
43;31902
23;31904
20;31923
26;31924
23;31949
32;31952
12;31955
71;31997
15;31998
331;31999
216;32000
161;32012
3;32017
9;32018
24;32019
58;32024
19;32027
9;32029
9;32037
12;32045
16;32048
34;32053
27;32065
43;32093
20;32094
45;32095
20;32096
26;32098
23;32099
46;32100
29;32104
30;32125
2;32126
21;32127
38;32131
7;32133
26;32138
8;32146
3;32147
4;32148
23;32150
7;32153
95;32189
4;32190
11;32191
35;32193
10;32196
13;32199
30;32219
10;32223
3;32224
17;32225
17;32228
11;32243
31;32251
1;32285
2;32286
49;32287
22;32288
19;32291
28;32307
6;32308
31;32309
28;32324
11;32331
46;32333
19;32335
20;32337
1;32338
32;32340
169;32341
2;32344
42;32381
46;32382
18;32383
13;32384
4;32390
6;32392
169;32401
2;32404
9;32407
10;32419
4;32426
15;32428
1;32429
157;32430
8;32433
11;32462
27;32477
388;32478
27;32479
20;32480
12;32498
8;32499
10;32500
21;32526
10;32528
7;32529
6;32530
32;32534
73;32573
30;32574
69;32575
222;32576
17;32578
23;32586
29;32596
23;32619
33;32630
167;32669
89;32670
111;32671
14;32686
170;32700
4;32705
29;32707
170;32724
12;32725
35;32726
7;32728
27;32764
6;32765
25;32766
40;32767
11;32768
181;32770
31;32771
72;32772
22;32778
6;32795
1;32797
11;32799
7;32802
194;32803
21;32818
4;32821
29;32828
29;32861
12;32862
33;32863
24;32864
34;32865
21;32866
44;32867
18;32868
1;32871
7;32880
3;32885
46;32894
64;32895
170;32896
20;32897
3;32898
5;32899
36;32909
26;32910
188;32915
15;32916
20;32919
20;32924
7;32934
113;32957
34;32958
40;32959
191;32960
15;32965
53;32977
24;32979
12;32986
11;32992
3;32993
39;33001
30;33003
27;33004
4;33006
15;33038
26;33053
22;33054
79;33055
23;33056
1;33063
152;33075
19;33076
14;33077
28;33090
4;33100
23;33104
154;33107
3;33111
21;33132
152;33149
65;33150
53;33151
51;33152
27;33161
12;33166
32;33169
11;33170
63;33172
14;33195
13;33208
174;33222
48;33245
183;33246
43;33247
192;33248
43;33265
27;33266
14;33268
14;33289
5;33293
13;33295
18;33297
25;33299
5;33302
8;33303
15;33317
22;33341
46;33342
59;33344
31;33351
15;33362
22;33363
33;33364
1;33386
27;33389
3;33390
28;33391
8;33393
24;33397
8;33398
9;33423
25;33437
55;33438
31;33439
62;33440
24;33441
208;33443
30;33444
4;33469
158;33470
28;33471
11;33472
35;33486
3;33491
34;33492
18;33493
151;33495
6;33499
5;33503
8;33520
22;33532
13;33533
23;33534
58;33539
16;33540
8;33550
6;33566
25;33569
66;33570
35;33571
37;33587
581;33589
6;33592
18;33593
27;33595
102;33629
8;33630
1;33631
72;33632
19;33638
25;33645
12;33650
55;33651
9;33675
13;33679
20;33681
29;33682
25;33684
8;33685
9;33686
8;33687
23;33725
754;33726
83;33727
6;33728
14;33731
1;33745
53;33746
10;33747
8;33748
5;33751
21;33771
2;33774
14;33783
19;33792
6;33795
174;33821
83;33822
97;33823
57;33824
11;33826
6;33833
17;33834
155;33843
170;33844
19;33848
5;33856
9;33857
4;33869
187;33871
2;33873
13;33878
20;33880
35;33917
14;33918
73;33919
46;33920
8;33925
36;33938
2;33939
149;33940
23;33961
8;33967
6;33971
15;33974
1;34013
1;34015
37;34016
60;34033
30;34034
28;34035
22;34050
14;34053
25;34057
19;34061
33;34067
3;34104
14;34110
37;34111
41;34112
2;34114
26;34115
6;34116
2;34133
23;34141
21;34144
8;34145
70;34148
2;34158
28;34164
36;34165
5;34167
15;34170
11;34172
14;34175
18;34179
6;34183
160;34194
36;34204
34;34205
24;34207
18;34208
36;34209
162;34210
20;34211
21;34212
6;34228
22;34236
19;34238
9;34239
21;34240
20;34241
29;34242
18;34243
62;34244
29;34250
12;34261
10;34262
28;34268
5;34273
179;34301
49;34302
72;34303
19;34304
19;34315
21;34322
10;34323
26;34324
13;34353
24;34354
17;34381
51;34397
8;34398
183;34399
41;34400
7;34403
16;34405
28;34418
23;34432
12;34435
8;34445
2;34448
3;34449
14;34453
29;34455
39;34493
219;34494
40;34495
63;34496
5;34516
7;34531
162;34537
5;34545
19;34547
5;34572
88;34589
8;34590
73;34591
203;34592
15;34593
16;34611
56;34612
9;34633
11;34634
164;34636
158;34638
16;34642
18;34643
7;34653
15;34685
56;34686
22;34687
167;34688
10;34705
159;34706
58;34707
4;34708
16;34720
10;34730
4;34738
3;34740
12;34775
8;34782
43;34783
6;34784
174;34785
179;34787
15;34788
8;34794
15;34810
167;34813
50;34814
2;34815
3;34816
13;34819
2;34834
17;34836
34;34838
183;34839
599;34840
17;34842
6;34848
18;34877
12;34879
2;34880
33;34881
31;34882
20;34884
28;34888
2;34909
161;34910
2;34912
55;34913
32;34922
11;34932
26;34938
72;34939
5;34973
28;34974
181;34975
38;34976
19;34983
28;34994
49;34995
11;35016
39;35022
18;35028
27;35032
