sums of daily draw-off volumes
93
125.2
71
105.8
247
168.2
88.8
143.2
104.2
152
192
165
143
243.2
302.5
193.5
148.5
146
381.2
183
180
235.2
106.8
218.5
264
141.5
136.2
131.8
127.5
128.5
100.8
257.8
154
354.8
290.8
140.8
190
121.2
227.8
148
205.2
172.8
115.5
120.2
168.2
149.5
164.2
183.2
91.5
276
161.8
47.2
69
185.2
195.8
199.8
226
223.8
251.5
171.2
212
226
272.2
103.8
204.5
134
173.5
124.5
316.2
230.5
176.5
345.5
278.5
120.8
179.5
109.5
149
92.5
156.8
161.8
186.8
259.8
125.2
136
147.2
116.8
236.5
131.5
175.5
234
156
385.5
372
190.2
186
231.2
186.2
145
156
82.8
104.8
150.2
114.8
102
130.2
162.2
92
123
194.5
56.8
290
119.2
95
311.5
179.5
96
211.2
110
132
221.2
270.2
79.2
240.5
142.2
135.2
194.5
166
192.5
254.8
138.2
100
187
191.8
177
270.8
126.8
206.2
179.5
172
178.2
173.5
113.8
165.2
120.2
117.2
135.8
250.5
153
148
229
98.5
121
246
138.8
99.8
98.5
87.2
53.2
156.2
100
158.8
105
124.5
212.2
178.8
298.2
115.8
85.2
105.8
127.2
74.8
200
107.5
243
142.8
83.8
118.8
65.2
116.8
138.2
153.2
257.5
126.2
135
118.2
104
83.5
224.2
209.8
131.5
81.5
182
70.8
187.5
81
257.5
123.5
105.2
89
151
44.2
331
131.2
139.5
82.2
183.8
50.2
69.5
294
220
70.5
168.2
99.2
139.5
123.5
100.5
180.5
55.8
128.8
205.5
125
104
143
167.5
186.5
66.5
174
252.5
134.5
301
231
149.8
283.2
44.2
114.8
109.8
146.8
221.5
129
77.2
89.8
116
54.5
78.8
97
127
211.8
52.5
175.8
161.2
127.8
60.8
238.2
65
100.8
59.2
104.2
110
125
132.8
230.8
229.2
169.2
95
182.8
232.2
164.8
245.2
130
142.2
42.5
101.2
110.5
65.5
55.5
365.2
103.2
128.2
156
191.2
206.2
113.5
65.2
123.5
163.5
166.2
196.2
118.8
190.5
192.8
317.8
137.8
127.8
71.8
107.2
84.5
156.5
256.2
152.2
144.5
163
252
146
134.5
111
213.5
275
156.2
246.8
106.5
247.8
149.5
43.5
254.5
264
205.5
68.5
315.5
105.8
191.2
121.8
194.2
266
84.2
76
255.2
182.5
182
164
121
88.5
191.5
51.8
246.8
112
71.8
121.5
126
144.8
129.8
202
172
209.8
150.8
140.8
128.5
203
85.5
224.2
237.2
103.8
253.2
258.8
103.8
67.5
91
205
109.2
110.5
139.8
211.8
131
388.2
126.2
110.8
sums of draw-off volumes of each hour of the day
151
215.8
103.4
102.8
369.2
181.4
10050.3
13775.6
5705.2
1114.4
441
2997.9
3751.5
1468
1821.4
2693.2
2027.2
1097.8
1686.2
2087.6
3176.8
2305.7
869.2
166.6
sums of draw-off volumes of each hour of weekdays
57
157.8
74.6
33.3
121.5
89.7
8047
10264.1
2854.5
483.8
309.8
2865.3
3659.1
1261.2
558
607.7
443.3
842.3
1476.2
1677.2
2543.2
1183.8
312.7
80.9
sums of draw-off volumes of each hour of weekend-days
94
58
28.8
69.5
247.7
91.7
2003.3
3511.5
2850.7
630.6
131.2
132.6
92.4
206.8
1263.4
2085.5
1583.9
255.5
210
410.4
633.6
1121.9
556.5
85.7
holidays of household(s), numbers correspond to day of year
