sums of daily draw-off volumes
57
60.8
20
89
31.8
88.5
55.8
22.5
101.2
30.2
157.8
16.5
127
61.8
66
25.8
57.2
38.5
25.5
14.8
33.5
22.5
58
11.2
8
46.8
103.5
114.2
131
45.8
42.5
50.8
52
38.2
21.5
54
11.8
26.2
69
62
52
25
51
11
159.8
40.8
58.2
22.5
20.2
134.2
3
7.8
50.5
135.2
15
70
11.5
71.5
6.5
66.8
55.8
20.8
9
6.8
162
28.8
13.8
14.2
27.8
99
11.8
22
63.5
27.2
86.2
95.2
28.2
19.8
160.2
13.5
22
32.2
63.8
1.2
54.2
32.5
14.5
23.8
45
75.5
16.8
13
19.5
50.8
24.5
25.5
90.5
35.5
49
17.5
71.5
0
3.5
151.8
95.8
31
25.8
31
23.5
0.8
14.8
36.5
17.8
35
70.5
53.8
16.2
39.2
31.5
35.2
14.8
23
14
15
50.8
75.5
42
28
155
13.2
36.8
69.2
72
16.5
104.5
13.2
55.5
19.2
175
6.5
42.8
24.2
9
17.2
23
105.2
108
34
14.5
51.2
53.5
61.2
20.2
96
13.5
22.5
48
77.8
36
17.5
9.2
33.8
13.2
34.2
22
5.8
51
17.5
16.5
7.5
4.2
19
52.8
28.5
18.5
23.8
17
52.2
19.5
22.5
21
19.2
29.2
53.5
13.2
4.2
48
5.2
27.8
7.8
62
59.5
68
20.2
81.2
57.2
23
39.2
40.2
25.5
11.8
139.5
53.2
27.2
98.8
23
156.2
13.8
22.5
25
14.5
9
0.8
44.2
2.8
31.8
27.5
11
9.2
1.5
163.2
29
31.2
28.2
31.8
22.5
9.5
10
21.8
21.8
54.5
29
69.8
6.5
69
3.5
25.5
16.8
44
134.5
9.5
53.8
14
59
33
11.2
29.5
37.5
29.2
10
37
45.5
57.5
14.5
41
60.2
24.2
67
99.8
54
19.2
6.5
95.5
142.2
29.5
13.8
49.8
84.8
17
3.8
61.2
65.5
34.8
8.8
63.5
22.2
81.5
59
22
53.2
63
13
9
18.5
53.2
9.8
27.5
26.2
14.2
27
9.8
8.2
82.5
9.2
6
24.8
18.8
55.8
57.5
15
8.2
24.2
58.5
24.8
15.2
17
159.5
19.2
11.2
116.5
18
4.8
14.8
12
169
60.2
31
13.2
23.2
6.2
95.8
14.2
25
39
16.2
47.2
6.2
14.2
31.8
21.2
34
55.8
51.5
39.8
69.8
3
24.8
20.5
49.2
50.8
23.8
25
68.2
10.2
38.8
34.8
45.8
31.8
104.8
19.2
52.2
7.5
30.5
94.8
52.2
60.5
17
32.5
40.2
81.5
14
24.5
75
22.5
21.5
sums of draw-off volumes of each hour of the day
15.5
23.8
23.3
21.6
18
4.2
2853.1
3940.6
1358.1
184.4
227.6
597.5
854.8
374.8
332.5
615
450.4
367.8
452
640.1
964.7
500.7
195.6
14
sums of draw-off volumes of each hour of weekdays
7.8
15.5
19.8
6.5
16.8
0
2208.1
2544.9
594.5
108
115.7
538.8
818.7
332.5
51.4
90.7
129
343.3
418.5
530.8
630
349.8
59.9
0
sums of draw-off volumes of each hour of weekend-days
7.7
8.3
3.5
15.1
1.2
4.2
645
1395.7
763.6
76.4
111.9
58.7
36.1
42.3
281.1
524.3
321.4
24.5
33.5
109.3
334.7
150.9
135.7
14
holidays of household(s), numbers correspond to day of year
