sums of daily draw-off volumes
20
20.2
81
83.8
85.2
73
68.5
9
48
19.2
36.5
17.2
59.5
49
162.8
17.2
27.8
58.5
23.8
23.5
55
31
161
67
69.8
66.5
43.5
23.2
20.8
33.5
61.5
10.5
4.5
22.8
68.5
100.2
20.8
12
11.2
100
25.8
96.8
7.8
34.5
20
59.5
66
50.5
176.2
59
8.2
52.2
18.2
32.2
25.8
15
68.8
22.8
7.5
8.5
51
97
38.5
26.2
21
21
138.8
51.8
7.5
38.8
62
14.2
16.8
50.5
13.5
13.5
77.5
12
42.2
8.5
59
35.8
25.5
40.5
17.8
61.5
25.8
156.2
26.8
59.5
15.5
23.8
36.2
32
12.8
13.8
118
20.8
13.5
13.2
17.2
50.2
13.2
6.8
88.2
86.2
73
29.2
9
1.2
38
158
21.5
9.8
25.8
13
53
17
29
16.2
11.2
4.8
5.2
94.2
116.2
130
3.2
54.8
2.5
55
88.5
17.5
58.2
116
104.2
13.5
32.5
33.5
14
22.5
54.2
84.8
52.2
8.2
4.8
62.8
87.5
34.8
37.2
35.8
13.8
26.5
94.5
24.2
21.2
6.5
65.5
11.2
9
23.2
17
9
12.8
36.2
41.5
19.5
19
152.8
42
7.5
32.2
54.2
3.8
25.5
78.5
20.5
49.8
27.5
8
16
7
99.8
24.8
91
53
22.5
76
139.8
27
59.8
60.2
20.2
22.8
24.5
26.5
43
27.8
45.8
60.2
16.2
8.8
16
36.5
13.8
11.8
11.8
11
12.8
14.5
186.8
30.8
4.2
44.8
88.8
14.8
11.8
50.8
58
21.5
3.2
2.8
8.2
73.8
32.2
7
12.2
15.8
86.2
18.8
4.2
105.5
35.8
19.2
23.2
6.2
39
126.8
25.8
16.8
48
6
9.8
59.8
55.8
57.8
41.8
59.2
41
106.8
7.2
20
16.8
68.8
102.5
155.2
63.2
164.2
8.2
151
19.5
56.8
50.5
64.2
11
31.8
198.2
26.5
64.2
29.2
11
54
44.2
19.8
16.5
24.2
14.8
22.5
100
62.2
50.5
8.5
51.5
26.5
26.8
41
26.8
122
9.8
14.8
23.2
17.2
65.5
70
23.5
56.2
25.5
23.5
41.5
3.8
31.2
14.5
30.8
35
7.5
60.8
65.5
40.8
48.5
12.2
16.2
41
15.8
55.2
18.2
84.8
61
45.5
28
18.2
15.5
68
19.5
10.2
29.5
62.2
29
13
68.2
12.2
74
22.2
28.8
28.8
21.5
21.5
31.5
16.8
8
25.2
16.5
25.8
39.8
40
80.8
0
10.2
27.5
69.2
103.5
54.2
10.2
10.5
22.2
18.2
11.5
18.8
19.5
59.8
16.5
93.8
25.2
21
35.5
3.2
39
sums of draw-off volumes of each hour of the day
19.6
9.2
47.1
12
81.2
9.5
3192.9
3513.3
1365.7
398.2
278.3
740.6
711.6
273.3
453.8
602.8
638.4
196.5
444.6
501.7
455
750.9
162.7
98.3
sums of draw-off volumes of each hour of weekdays
11.1
2.8
23.7
10.5
61
3.8
2444.6
2368.1
605.4
143.6
209.5
698.9
664.2
199.6
46.1
65.3
224.2
140.2
380.9
406.2
321.4
339
40.2
73.3
sums of draw-off volumes of each hour of weekend-days
8.5
6.4
23.4
1.5
20.2
5.7
748.3
1145.2
760.3
254.6
68.8
41.7
47.4
73.7
407.7
537.5
414.2
56.3
63.7
95.5
133.6
411.9
122.5
25
holidays of household(s), numbers correspond to day of year
