1;13
253;29
559;30
28;31
76;32
155;37
1;49
5;50
10;51
4;73
16;78
7;79
32;125
206;126
13;127
9;128
3;144
31;146
33;147
13;148
18;163
157;174
8;176
163;182
161;184
4;193
242;221
239;222
229;223
56;224
11;242
21;243
30;256
8;262
27;265
309;268
148;271
6;273
3;277
30;317
181;318
62;319
36;320
3;326
13;328
12;330
14;337
5;339
26;340
19;365
28;372
11;413
34;414
30;415
37;416
27;424
3;429
20;433
45;435
32;453
17;464
159;510
176;511
32;513
25;514
14;515
8;516
5;517
9;542
8;543
25;545
170;546
12;547
20;548
15;561
18;562
63;565
24;567
9;606
27;607
55;608
17;610
72;611
47;612
13;616
31;622
7;623
24;625
21;631
5;636
72;637
7;640
30;642
14;643
7;644
167;656
8;658
160;660
32;665
4;701
31;702
74;703
116;704
3;710
34;721
7;722
16;723
9;745
184;747
10;752
35;753
23;758
18;759
16;760
254;797
42;798
16;799
117;800
165;803
19;807
10;817
186;818
13;819
12;820
13;844
13;846
9;849
11;850
1;853
166;855
3;883
72;893
61;894
222;895
21;896
19;911
30;914
38;915
2;920
15;930
17;941
28;943
4;948
178;952
225;989
35;990
250;991
51;992
16;1008
28;1009
41;1011
54;1012
17;1023
14;1029
27;1040
12;1043
266;1085
83;1086
207;1087
347;1088
25;1091
23;1106
178;1107
12;1128
22;1140
4;1144
27;1154
7;1164
27;1182
73;1183
70;1184
23;1185
29;1186
33;1188
26;1193
18;1205
23;1209
20;1214
41;1215
14;1216
22;1219
29;1225
33;1233
573;1236
38;1237
40;1239
2;1240
5;1242
3;1249
17;1253
1;1256
64;1277
4;1278
79;1280
96;1281
33;1282
200;1283
193;1284
32;1309
26;1310
61;1312
9;1314
150;1315
36;1326
4;1327
7;1331
14;1334
14;1336
12;1337
66;1338
22;1339
35;1350
96;1373
35;1374
387;1375
46;1376
30;1378
7;1393
40;1395
16;1398
10;1406
146;1410
44;1417
159;1418
28;1420
166;1422
27;1427
24;1428
9;1429
29;1434
67;1469
216;1470
70;1471
58;1472
15;1483
20;1484
204;1490
179;1491
31;1499
33;1501
5;1503
25;1509
3;1514
4;1517
3;1518
1;1519
11;1528
18;1565
28;1567
165;1568
25;1575
12;1584
1;1586
16;1587
2;1603
14;1611
5;1619
13;1620
6;1624
20;1631
32;1652
82;1661
50;1662
12;1663
48;1664
152;1673
11;1674
31;1681
27;1683
41;1684
8;1688
10;1690
19;1707
16;1708
25;1710
26;1712
22;1713
20;1715
6;1716
565;1719
11;1730
45;1757
649;1758
624;1759
103;1760
39;1762
4;1764
15;1771
30;1772
164;1779
28;1780
38;1786
10;1790
37;1802
9;1807
3;1808
8;1812
11;1813
4;1815
9;1824
27;1825
22;1834
56;1853
21;1854
2;1855
20;1856
24;1857
3;1858
52;1859
8;1860
7;1882
12;1883
32;1885
18;1887
29;1888
39;1890
39;1891
6;1892
25;1898
27;1907
25;1908
27;1914
24;1922
7;1930
15;1934
3;1941
173;1949
70;1951
192;1953
37;1954
45;1955
5;1956
21;1963
23;1968
149;1970
37;1981
18;1984
47;1985
31;1986
25;1987
169;1996
22;1998
18;2001
151;2004
4;2007
40;2011
20;2021
9;2036
36;2041
47;2045
51;2046
86;2047
76;2048
23;2050
28;2059
18;2065
20;2067
170;2079
5;2091
22;2092
3;2093
4;2096
41;2102
25;2103
21;2141
25;2143
127;2144
2;2146
23;2148
33;2161
170;2162
17;2163
13;2183
16;2187
26;2190
3;2194
3;2197
11;2199
23;2237
172;2238
21;2239
99;2240
25;2242
22;2245
4;2246
9;2252
40;2257
3;2258
11;2259
183;2290
35;2292
212;2333
117;2334
68;2335
186;2336
18;2338
24;2342
23;2344
29;2352
12;2353
51;2354
16;2356
16;2378
8;2383
11;2384
12;2392
146;2396
34;2429
36;2430
86;2431
108;2432
162;2441
16;2449
18;2450
22;2451
26;2456
4;2478
32;2479
7;2480
28;2484
168;2485
7;2487
17;2525
181;2526
177;2527
14;2528
37;2529
10;2530
55;2531
16;2532
146;2538
5;2553
10;2557
11;2558
19;2560
46;2561
11;2563
192;2564
7;2568
21;2575
9;2577
557;2578
10;2583
21;2586
31;2587
31;2616
10;2622
181;2623
13;2624
35;2625
559;2626
20;2627
27;2628
12;2630
16;2633
9;2639
166;2647
18;2652
8;2653
569;2654
35;2655
31;2656
37;2657
26;2658
8;2659
20;2673
23;2674
28;2677
29;2681
10;2697
1;2699
17;2717
4;2718
65;2719
85;2720
20;2721
5;2730
6;2734
18;2735
157;2737
7;2738
6;2740
28;2742
34;2745
10;2747
28;2754
22;2761
19;2762
38;2764
6;2766
2;2771
23;2772
30;2775
4;2799
46;2813
26;2814
51;2815
76;2816
15;2823
38;2829
6;2832
17;2833
39;2835
42;2836
1;2857
33;2858
14;2859
4;2867
12;2868
169;2871
172;2909
35;2910
47;2911
58;2912
3;2913
7;2914
18;2915
14;2929
1;2930
16;2952
165;2959
10;2963
171;2966
21;2968
45;3005
50;3006
213;3007
538;3008
26;3016
27;3018
32;3026
14;3027
17;3028
28;3053
9;3056
34;3059
165;3061
20;3097
57;3101
86;3102
62;3103
84;3104
3;3109
26;3122
16;3123
13;3124
34;3135
25;3146
30;3148
16;3149
22;3151
2;3157
3;3181
15;3191
9;3197
213;3198
9;3199
79;3200
41;3201
13;3202
41;3203
48;3204
172;3226
3;3229
212;3230
5;3231
36;3232
8;3235
56;3236
1;3240
18;3245
31;3249
23;3260
183;3276
81;3293
189;3294
63;3295
4;3296
59;3297
104;3298
70;3299
44;3300
16;3314
7;3319
9;3327
41;3328
203;3329
20;3330
177;3331
36;3336
193;3346
11;3350
20;3351
31;3352
41;3354
96;3389
34;3390
115;3391
18;3392
44;3409
167;3411
1;3433
37;3435
152;3443
26;3444
163;3446
6;3481
176;3485
214;3486
49;3487
103;3488
6;3493
15;3507
16;3516
2;3530
11;3532
26;3537
209;3581
32;3582
43;3583
431;3584
157;3589
86;3601
17;3602
34;3603
29;3622
16;3626
10;3629
29;3632
39;3634
166;3635
28;3636
163;3637
11;3638
9;3640
34;3677
71;3678
57;3679
57;3680
15;3681
162;3689
29;3693
53;3700
8;3706
32;3721
2;3722
165;3725
4;3726
154;3728
21;3729
22;3732
10;3733
24;3734
9;3745
1;3747
19;3773
200;3774
119;3775
9;3776
167;3788
45;3794
25;3795
5;3796
14;3797
10;3802
14;3817
19;3818
31;3819
21;3820
11;3823
7;3826
49;3827
553;3829
4;3830
25;3856
43;3869
14;3870
66;3872
50;3873
33;3874
9;3875
211;3876
164;3881
29;3884
10;3894
50;3901
28;3904
174;3905
162;3906
9;3907
18;3923
23;3924
551;3927
38;3928
160;3929
43;3931
229;3966
19;3967
22;3969
183;3970
64;3971
8;3972
4;3974
171;3994
19;3997
14;3998
10;4000
29;4002
36;4020
29;4021
18;4022
11;4026
20;4027
32;4028
28;4030
52;4061
91;4062
31;4063
32;4064
17;4073
26;4074
4;4075
7;4080
24;4081
22;4084
570;4105
30;4107
16;4111
23;4114
28;4116
129;4157
23;4158
29;4159
69;4160
6;4175
28;4177
31;4178
11;4179
14;4180
8;4207
5;4210
8;4212
10;4214
14;4215
28;4247
33;4253
13;4254
183;4255
361;4256
5;4257
25;4258
13;4264
19;4273
164;4275
17;4276
20;4289
5;4292
28;4293
5;4298
17;4300
208;4302
60;4305
1;4306
8;4307
63;4349
65;4350
41;4351
26;4352
26;4372
20;4381
6;4385
38;4390
16;4394
28;4396
15;4397
15;4398
169;4400
35;4403
16;4404
390;4445
72;4446
40;4447
25;4448
6;4459
15;4465
18;4466
191;4467
15;4486
14;4487
10;4489
145;4490
29;4495
21;4498
3;4500
6;4504
226;4541
178;4542
43;4543
8;4545
14;4546
191;4547
48;4548
156;4552
25;4570
72;4573
176;4574
22;4575
42;4576
4;4579
7;4584
9;4593
25;4595
6;4599
2;4600
15;4601
19;4603
11;4604
20;4619
5;4620
32;4637
27;4640
41;4641
4;4642
30;4643
36;4644
1;4651
54;4669
12;4670
9;4671
23;4672
330;4673
26;4674
8;4676
14;4678
7;4684
3;4689
23;4690
25;4694
149;4699
226;4733
52;4734
10;4735
74;4736
9;4739
15;4744
12;4749
11;4753
47;4754
33;4785
9;4791
35;4817
12;4829
67;4830
25;4831
69;4832
13;4834
8;4849
45;4850
12;4851
25;4852
21;4865
15;4874
28;4876
39;4877
25;4880
51;4881
9;4883
176;4885
9;4888
98;4925
131;4926
230;4927
17;4928
2;4938
7;4946
18;4947
49;4948
8;4965
13;4969
4;4980
304;4983
13;5021
170;5022
684;5023
201;5024
7;5041
25;5042
167;5043
24;5044
27;5051
24;5053
17;5068
1;5073
4;5074
17;5077
168;5078
148;5117
41;5118
47;5119
380;5120
20;5122
2;5137
8;5138
11;5139
26;5140
164;5149
7;5165
25;5166
4;5167
21;5174
39;5175
29;5182
27;5204
177;5213
34;5214
195;5215
31;5216
67;5217
43;5218
17;5229
8;5245
10;5246
31;5247
10;5248
38;5249
7;5252
23;5263
13;5268
20;5269
30;5270
27;5271
43;5274
26;5284
155;5305
23;5309
7;5310
15;5311
33;5312
165;5313
3;5314
81;5316
32;5318
13;5328
7;5334
208;5342
1;5344
5;5345
36;5346
30;5348
9;5353
3;5365
34;5367
154;5368
153;5371
168;5372
38;5405
96;5406
58;5407
87;5408
178;5425
10;5426
26;5429
31;5442
24;5449
165;5451
16;5452
14;5456
7;5457
25;5458
12;5460
20;5461
16;5487
19;5501
61;5502
229;5503
72;5504
18;5515
26;5521
23;5522
157;5524
12;5525
6;5536
38;5542
23;5545
13;5549
164;5552
42;5558
17;5560
180;5597
203;5598
78;5599
193;5600
36;5606
28;5617
37;5618
7;5619
10;5627
4;5628
1;5640
6;5642
9;5647
10;5648
7;5652
10;5653
35;5654
20;5655
55;5693
206;5694
24;5695
152;5696
3;5713
31;5714
46;5715
10;5727
10;5737
12;5740
43;5741
37;5748
77;5749
29;5751
3;5752
97;5789
71;5790
89;5791
76;5792
19;5811
6;5823
3;5833
150;5834
34;5836
5;5845
4;5865
6;5871
25;5885
81;5886
3;5888
31;5889
33;5890
598;5891
46;5892
161;5900
24;5915
65;5917
50;5918
54;5920
2;5922
47;5938
12;5941
8;5945
25;5946
15;5981
150;5982
106;5983
34;5984
49;5985
90;5986
30;5988
19;6016
24;6017
167;6020
9;6024
16;6030
6;6037
17;6039
212;6077
66;6078
155;6079
27;6080
25;6082
31;6096
48;6097
53;6099
26;6100
25;6107
7;6112
2;6123
25;6125
4;6128
9;6129
103;6173
81;6174
58;6175
44;6176
13;6193
5;6196
165;6214
45;6218
7;6223
12;6228
7;6229
51;6230
188;6269
5;6270
59;6271
90;6272
33;6281
11;6289
22;6292
2;6293
41;6298
12;6314
191;6317
5;6320
8;6322
32;6365
29;6366
768;6367
62;6368
47;6386
36;6387
35;6389
26;6409
23;6410
2;6411
29;6412
6;6414
160;6417
38;6418
17;6421
1;6422
4;6432
26;6461
111;6462
41;6463
45;6464
49;6473
36;6479
57;6482
63;6483
13;6498
27;6505
2;6507
21;6508
14;6513
152;6517
151;6520
18;6548
566;6554
16;6557
20;6558
29;6559
37;6560
28;6562
88;6563
13;6564
28;6565
12;6575
3;6577
16;6581
3;6590
7;6591
23;6593
66;6594
7;6595
16;6611
2;6613
3;6616
31;6620
22;6637
9;6653
22;6655
9;6656
1;6657
15;6658
197;6659
25;6660
12;6679
159;6683
13;6685
43;6686
5;6687
26;6688
30;6690
6;6691
22;6692
6;6705
8;6714
23;6716
28;6717
106;6749
70;6750
47;6751
3;6752
153;6762
173;6769
26;6770
24;6771
28;6772
7;6773
26;6792
28;6799
51;6801
14;6821
54;6845
23;6846
7;6847
36;6848
7;6859
37;6863
48;6865
41;6866
6;6867
28;6868
7;6872
14;6889
8;6891
14;6896
5;6904
2;6941
35;6942
91;6943
202;6944
15;6961
69;6962
36;6963
20;6964
11;6968
23;6974
28;6976
23;6992
10;6996
209;6999
7;7000
37;7037
41;7038
448;7039
7;7040
7;7042
7;7054
1;7056
15;7058
24;7060
13;7061
32;7064
4;7075
19;7077
29;7086
3;7094
13;7100
11;7117
64;7133
64;7134
201;7135
42;7136
24;7145
5;7148
6;7153
20;7155
16;7159
11;7178
2;7180
35;7184
3;7186
23;7200
15;7228
16;7229
29;7230
22;7231
88;7232
55;7235
166;7236
1;7245
15;7249
27;7264
187;7265
22;7266
13;7267
3;7268
18;7269
24;7281
32;7282
22;7285
19;7287
10;7288
33;7289
32;7299
28;7325
33;7327
233;7328
6;7329
15;7330
122;7331
160;7332
17;7341
11;7351
30;7352
1;7358
150;7360
32;7363
21;7365
4;7368
29;7373
21;7381
39;7382
170;7384
4;7386
113;7421
216;7422
37;7423
32;7424
23;7441
22;7442
24;7443
21;7444
14;7445
24;7446
8;7462
16;7465
24;7466
3;7473
22;7478
53;7480
7;7505
14;7517
21;7518
31;7519
62;7520
56;7537
9;7539
8;7561
1;7562
16;7567
20;7569
30;7570
17;7571
33;7572
23;7574
22;7576
5;7591
36;7613
24;7614
173;7615
9;7621
27;7633
160;7634
19;7635
51;7636
12;7639
22;7657
6;7658
15;7659
26;7660
19;7663
13;7667
4;7670
203;7709
378;7710
610;7711
143;7712
6;7720
28;7729
190;7730
22;7732
2;7738
26;7762
20;7784
1;7795
121;7805
108;7806
76;7807
49;7808
235;7825
5;7826
21;7827
5;7828
19;7832
6;7839
20;7849
556;7850
17;7854
33;7856
6;7859
32;7863
170;7864
22;7893
49;7901
18;7902
10;7903
3;7905
26;7906
27;7907
7;7908
23;7921
4;7926
27;7935
176;7937
30;7938
28;7939
27;7954
11;7956
29;7960
28;7988
56;7997
46;7998
35;7999
8;8000
8;8002
3;8003
7;8004
9;8005
28;8019
3;8029
166;8030
3;8032
11;8033
42;8035
27;8036
27;8046
48;8050
25;8052
24;8054
162;8057
25;8059
29;8060
13;8087
53;8093
194;8094
174;8095
339;8096
31;8113
22;8114
2;8121
175;8142
2;8144
9;8146
30;8151
18;8163
149;8189
86;8190
246;8191
174;8192
13;8210
20;8211
4;8215
53;8233
20;8234
35;8236
17;8243
28;8244
8;8273
20;8285
10;8287
26;8288
21;8305
28;8307
35;8308
3;8315
24;8324
21;8332
18;8339
15;8340
35;8341
18;8344
172;8381
32;8382
44;8383
350;8384
31;8402
14;8403
6;8404
10;8425
1;8435
138;8477
103;8478
34;8479
63;8480
5;8483
7;8494
26;8497
31;8498
39;8499
36;8521
16;8523
2;8524
148;8525
15;8528
18;8533
33;8536
11;8567
28;8569
54;8575
57;8576
58;8577
224;8579
40;8580
8;8582
21;8591
167;8596
34;8600
27;8603
15;8605
12;8606
9;8607
34;8608
6;8609
13;8610
50;8611
3;8623
14;8626
40;8628
6;8629
6;8630
22;8631
20;8633
5;8658
40;8662
18;8665
33;8666
42;8667
50;8668
63;8670
3;8671
2;8672
10;8677
5;8682
14;8684
25;8693
36;8696
168;8697
12;8698
5;8699
27;8700
4;8703
8;8708
23;8718
36;8719
155;8721
2;8723
8;8727
6;8750
79;8761
8;8762
12;8763
16;8764
16;8780
11;8781
9;8782
163;8787
7;8789
23;8791
5;8792
8;8796
27;8807
64;8819
33;8857
226;8858
37;8859
211;8860
2;8865
156;8870
52;8877
37;8878
27;8879
10;8889
8;8899
27;8909
21;8913
159;8915
25;8943
121;8953
68;8954
142;8955
39;8956
15;8973
16;8974
9;8975
3;8980
25;8988
196;8995
12;8997
158;8998
20;9003
15;9009
162;9011
26;9012
82;9049
67;9050
117;9051
729;9052
27;9064
33;9070
174;9071
4;9072
2;9080
16;9099
8;9102
11;9103
5;9105
63;9145
37;9146
191;9147
152;9148
13;9152
158;9165
15;9168
15;9179
37;9191
13;9192
8;9195
6;9196
34;9197
40;9200
4;9204
94;9241
32;9243
46;9244
4;9245
1;9246
27;9247
36;9248
28;9263
4;9272
7;9273
21;9274
14;9275
11;9277
7;9280
18;9284
16;9294
5;9296
26;9298
33;9302
31;9303
24;9337
50;9338
218;9340
12;9341
607;9342
15;9343
7;9350
1;9352
16;9359
10;9368
27;9369
6;9372
157;9373
3;9375
15;9376
6;9386
5;9389
22;9390
9;9395
37;9398
17;9400
3;9407
38;9433
19;9434
11;9435
74;9436
14;9442
31;9448
13;9450
50;9454
196;9455
65;9456
22;9480
13;9482
17;9485
3;9487
13;9489
34;9492
24;9503
57;9529
89;9530
167;9531
42;9532
32;9534
3;9548
42;9550
159;9551
16;9575
9;9625
294;9626
270;9627
42;9628
43;9645
36;9647
16;9656
33;9663
24;9669
4;9678
19;9682
12;9684
65;9721
234;9722
645;9723
601;9724
39;9742
171;9744
35;9748
19;9757
8;9766
14;9770
6;9777
18;9778
2;9779
184;9780
25;9798
180;9817
66;9818
14;9819
91;9820
20;9823
187;9837
26;9838
28;9839
25;9846
29;9855
5;9859
24;9862
2;9863
7;9870
21;9874
1;9876
17;9898
9;9901
15;9904
29;9906
5;9915
330;9916
25;9917
90;9919
40;9920
3;9930
33;9936
3;9938
2;9941
11;9945
31;9946
8;9947
20;9948
6;9949
20;9950
16;9957
34;9967
17;9969
12;9974
53;10009
169;10011
163;10013
85;10014
34;10015
32;10016
33;10025
22;10026
16;10034
16;10038
3;10039
28;10041
17;10042
18;10043
47;10044
26;10045
11;10046
171;10047
2;10048
3;10054
176;10063
17;10064
9;10065
22;10066
2;10068
7;10069
29;10072
7;10074
26;10105
238;10106
68;10107
23;10108
18;10120
46;10125
100;10126
133;10127
13;10128
21;10138
22;10153
8;10159
24;10162
4;10164
70;10201
85;10202
20;10203
103;10204
9;10221
54;10222
6;10224
2;10236
7;10257
9;10271
3;10273
9;10294
50;10297
36;10298
63;10299
101;10300
20;10302
8;10305
28;10307
15;10312
11;10314
42;10318
7;10319
37;10335
16;10339
156;10342
7;10345
5;10348
20;10349
2;10352
11;10353
165;10354
28;10356
5;10386
56;10393
115;10394
9;10395
43;10396
160;10397
19;10414
6;10415
167;10416
4;10422
18;10438
26;10440
14;10441
12;10443
18;10449
26;10450
82;10489
35;10490
48;10491
31;10492
32;10499
46;10510
118;10511
5;10512
11;10518
16;10519
25;10524
8;10533
23;10536
9;10537
19;10538
15;10540
10;10541
28;10545
3;10548
6;10575
38;10585
97;10586
41;10587
43;10588
33;10589
82;10590
29;10591
32;10592
4;10594
16;10603
17;10607
8;10611
89;10617
17;10618
3;10619
12;10621
11;10623
20;10624
37;10631
35;10640
12;10647
5;10667
198;10682
41;10683
27;10684
65;10685
18;10686
41;10687
4;10688
4;10692
5;10694
4;10698
10;10713
5;10714
10;10715
25;10718
168;10719
18;10720
156;10729
14;10730
4;10734
9;10738
31;10740
6;10743
52;10777
10;10778
38;10779
285;10780
28;10793
83;10799
209;10800
3;10821
11;10823
17;10824
3;10825
18;10827
21;10830
38;10833
8;10834
18;10836
16;10873
88;10874
39;10875
88;10876
2;10877
8;10893
13;10894
15;10895
1;10896
172;10907
16;10914
25;10916
10;10918
1;10922
1;10923
20;10928
3;10936
22;10941
113;10969
23;10970
27;10971
222;10972
2;10989
29;10990
14;10992
18;10993
1;10995
25;11013
35;11019
30;11020
10;11027
180;11028
38;11029
14;11062
47;11065
70;11066
90;11067
31;11068
27;11082
178;11085
39;11086
9;11088
40;11095
29;11112
8;11116
12;11119
11;11120
9;11121
37;11122
64;11161
11;11162
15;11163
54;11164
18;11170
12;11171
32;11175
22;11181
15;11182
76;11183
187;11184
10;11206
58;11208
20;11212
12;11215
21;11216
21;11257
7;11258
39;11260
199;11261
196;11262
16;11264
9;11266
8;11271
15;11276
47;11289
399;11290
206;11291
4;11292
20;11293
17;11294
36;11295
31;11296
30;11310
25;11311
5;11314
26;11317
4;11318
5;11319
9;11326
3;11352
7;11353
191;11354
37;11355
26;11356
49;11357
184;11358
47;11359
204;11360
19;11362
24;11380
25;11384
63;11386
59;11388
363;11389
2;11391
15;11402
152;11408
25;11413
42;11449
5;11451
38;11452
26;11457
10;11469
46;11471
4;11475
169;11478
8;11481
68;11498
24;11501
5;11502
6;11505
52;11506
1;11527
69;11545
54;11546
112;11547
156;11548
19;11559
33;11565
22;11566
33;11567
330;11568
7;11577
23;11593
1;11594
15;11595
7;11597
59;11601
34;11602
42;11641
188;11642
55;11643
207;11644
30;11648
25;11664
9;11681
39;11686
165;11690
12;11692
163;11694
31;11698
10;11719
2;11733
60;11737
298;11738
59;11739
40;11740
18;11748
36;11757
2;11760
14;11778
21;11785
25;11792
1;11793
47;11833
386;11834
29;11835
192;11836
13;11844
7;11854
41;11855
18;11864
1;11869
18;11870
18;11874
5;11882
2;11884
3;11885
5;11892
6;11907
29;11929
6;11930
5;11931
57;11932
7;11934
18;11935
30;11936
8;11943
6;11950
162;11951
6;11962
206;11963
19;11964
13;11965
7;11966
5;11967
8;11968
28;11970
27;11974
2;11975
13;11976
38;11983
48;11986
3;12014
6;12025
18;12026
5;12027
18;12028
181;12029
21;12030
64;12031
32;12032
29;12057
18;12059
1;12060
19;12063
15;12080
2;12081
7;12083
10;12084
16;12085
21;12088
177;12121
125;12122
24;12123
50;12124
167;12137
5;12138
427;12142
58;12144
14;12161
16;12165
18;12166
23;12175
157;12176
38;12179
14;12217
35;12218
160;12219
13;12220
21;12232
18;12235
161;12237
41;12239
172;12240
35;12276
5;12296
19;12308
15;12313
40;12315
38;12316
13;12326
4;12333
11;12334
21;12335
149;12336
34;12348
14;12362
8;12366
20;12368
9;12372
71;12409
41;12410
80;12411
39;12412
8;12414
36;12415
20;12424
16;12430
36;12449
17;12454
19;12456
19;12463
161;12505
14;12506
214;12507
43;12508
14;12526
27;12527
50;12529
1;12532
14;12535
9;12555
17;12557
37;12560
24;12600
2;12601
31;12602
11;12603
31;12605
76;12606
78;12607
15;12608
7;12612
14;12624
180;12638
1;12639
51;12640
7;12643
3;12657
22;12658
157;12662
35;12663
12;12664
9;12671
31;12698
12;12699
42;12700
7;12701
25;12702
50;12703
1;12704
25;12706
25;12710
7;12717
163;12724
1;12726
28;12730
1;12733
7;12734
23;12739
21;12793
14;12794
209;12795
45;12796
9;12809
1;12811
34;12814
8;12816
14;12823
11;12830
86;12842
33;12846
20;12850
35;12851
34;12889
138;12890
96;12891
48;12892
8;12909
20;12910
23;12911
30;12912
23;12914
11;12916
5;12917
7;12918
174;12942
162;12943
21;12985
239;12986
29;12987
45;12988
9;12996
45;13007
31;13008
15;13030
152;13032
150;13033
12;13034
15;13035
16;13036
35;13039
6;13081
53;13082
71;13083
50;13084
5;13101
4;13103
20;13104
2;13105
10;13109
30;13120
17;13126
17;13130
2;13132
24;13136
44;13177
29;13178
65;13179
28;13180
1;13189
5;13196
244;13197
19;13198
31;13199
19;13201
174;13210
16;13234
28;13253
14;13274
11;13275
26;13276
45;13277
26;13278
37;13279
78;13280
18;13286
5;13288
25;13296
19;13299
40;13300
5;13303
17;13306
11;13307
18;13309
25;13310
42;13311
46;13312
21;13322
7;13324
172;13325
29;13328
6;13331
27;13332
13;13335
16;13345
198;13370
180;13371
58;13372
11;13373
31;13374
61;13375
27;13378
31;13385
32;13391
20;13393
37;13401
162;13402
4;13403
1;13408
7;13422
23;13424
16;13426
655;13465
18;13466
2;13467
51;13468
22;13486
174;13488
1;13495
6;13496
25;13512
168;13520
32;13523
6;13532
5;13561
24;13562
103;13563
42;13564
28;13566
11;13581
4;13582
11;13583
21;13584
167;13591
4;13611
31;13615
10;13616
10;13617
160;13618
49;13657
174;13658
89;13659
59;13660
10;13663
7;13667
3;13677
8;13680
12;13690
7;13706
3;13709
4;13710
7;13722
335;13753
238;13754
80;13755
208;13756
30;13775
14;13776
15;13791
12;13794
14;13799
23;13801
4;13807
22;13812
41;13849
61;13850
27;13851
183;13852
3;13872
16;13874
18;13881
36;13897
34;13898
48;13902
1;13906
13;13907
22;13946
41;13948
13;13949
7;13950
42;13951
35;13952
15;13959
29;13967
148;13979
19;13980
23;13981
12;13983
30;13984
5;13989
28;13999
28;14000
158;14004
6;14008
40;14041
29;14043
29;14044
39;14045
15;14046
24;14047
25;14048
37;14074
4;14075
25;14076
9;14079
27;14099
12;14100
7;14102
168;14137
63;14138
245;14139
105;14140
32;14145
31;14157
60;14158
70;14160
2;14164
5;14166
6;14168
5;14184
12;14185
64;14186
20;14189
28;14192
16;14196
30;14233
33;14234
75;14235
51;14236
19;14242
9;14254
9;14269
30;14278
9;14309
156;14312
21;14327
79;14329
75;14330
232;14331
25;14332
33;14334
11;14345
10;14351
228;14352
42;14358
7;14372
12;14373
18;14374
25;14376
5;14377
30;14378
574;14386
19;14387
72;14425
71;14426
98;14427
9;14428
9;14430
28;14445
17;14446
26;14448
8;14450
31;14476
11;14478
19;14479
19;14480
12;14481
187;14484
32;14521
75;14523
49;14524
28;14534
21;14540
5;14542
175;14543
11;14567
1;14570
2;14573
164;14576
19;14580
13;14617
20;14619
27;14620
19;14621
42;14622
9;14623
6;14624
23;14627
3;14635
28;14638
16;14647
48;14649
11;14650
167;14652
175;14653
27;14654
174;14656
22;14669
20;14670
30;14672
21;14696
24;14713
55;14714
57;14715
44;14716
1;14717
31;14718
16;14719
105;14720
165;14723
171;14730
10;14737
1;14745
31;14748
9;14750
4;14767
5;14768
20;14770
82;14774
5;14776
4;14779
2;14809
28;14811
96;14812
13;14817
161;14829
13;14831
45;14842
1;14859
6;14860
21;14861
15;14864
28;14866
37;14867
8;14905
188;14906
221;14907
99;14908
13;14917
3;14918
65;14925
34;14927
34;14928
34;14951
10;14952
9;14963
122;15001
59;15002
95;15003
83;15004
25;15021
2;15023
28;15024
37;15038
1;15045
17;15054
10;15056
29;15059
11;15060
252;15097
52;15098
32;15099
2;15117
22;15118
19;15120
17;15127
24;15142
21;15145
12;15148
1;15152
158;15155
1;15156
183;15193
107;15194
87;15196
3;15198
11;15203
3;15205
8;15207
156;15215
16;15216
12;15236
19;15239
21;15241
10;15243
21;15246
49;15252
52;15290
13;15291
34;15292
52;15293
23;15294
17;15295
32;15296
27;15306
28;15318
16;15321
6;15325
57;15326
38;15327
158;15329
3;15334
329;15343
17;15345
30;15346
2;15349
20;15350
1;15385
52;15386
34;15387
37;15388
25;15389
35;15390
19;15391
149;15392
27;15393
22;15402
16;15417
188;15418
26;15419
39;15420
12;15421
2;15424
3;15446
20;15477
201;15481
360;15482
74;15483
74;15484
10;15501
27;15502
52;15503
37;15504
26;15517
15;15525
5;15528
3;15540
65;15578
17;15580
24;15581
16;15588
1;15595
170;15597
28;15599
11;15620
2;15623
158;15626
48;15633
30;15634
53;15673
8;15674
61;15675
170;15676
5;15693
19;15696
34;15719
18;15724
38;15725
207;15769
191;15770
41;15771
22;15772
8;15779
21;15784
10;15792
13;15795
27;15808
196;15816
21;15817
12;15818
6;15820
16;15825
9;15865
124;15866
57;15867
48;15868
6;15871
35;15886
49;15887
39;15888
24;15906
13;15908
31;15910
21;15911
38;15929
3;15961
27;15962
28;15963
16;15964
72;15965
14;15966
39;15967
40;15968
33;15972
24;15981
26;15991
31;15993
25;15994
16;15995
168;16013
156;16024
6;16043
36;16058
12;16059
39;16060
22;16061
169;16062
81;16063
13;16064
3;16076
15;16087
38;16090
45;16092
190;16093
30;16095
14;16096
7;16104
7;16112
2;16113
5;16115
11;16118
4;16119
20;16153
2;16154
74;16155
30;16156
565;16163
32;16170
22;16173
6;16174
7;16175
29;16176
4;16196
9;16201
148;16204
77;16249
280;16250
55;16251
6;16252
22;16255
15;16259
10;16267
44;16269
4;16270
24;16272
30;16294
33;16295
28;16299
15;16301
32;16302
23;16303
19;16311
25;16315
362;16345
54;16346
214;16347
35;16348
7;16352
26;16365
5;16367
9;16370
9;16390
23;16395
34;16396
158;16397
37;16402
32;16441
1;16442
64;16443
32;16444
4;16446
8;16454
10;16456
12;16461
38;16462
23;16464
3;16468
18;16492
10;16494
17;16498
70;16499
29;16504
234;16537
62;16538
41;16539
21;16540
7;16559
23;16560
21;16562
9;16586
20;16591
3;16608
6;16618
4;16625
11;16628
3;16630
19;16633
153;16634
18;16635
18;16636
80;16637
6;16638
19;16639
32;16640
155;16646
37;16666
13;16669
69;16670
16;16671
18;16672
159;16673
7;16688
7;16690
25;16691
26;16694
14;16695
201;16729
44;16730
22;16731
6;16733
98;16734
19;16735
9;16736
18;16742
10;16757
48;16761
47;16763
40;16764
34;16765
9;16766
27;16767
16;16769
29;16783
9;16785
10;16825
37;16826
61;16827
115;16828
36;16834
72;16845
30;16846
22;16851
1;16869
164;16870
7;16876
11;16877
12;16879
3;16880
22;16882
42;16921
62;16922
4;16923
33;16932
30;16938
20;16941
594;16942
23;16944
9;16959
31;16960
31;16965
173;16967
19;16969
27;16970
11;16971
23;16973
152;16974
20;16977
28;16979
16;16980
42;17017
29;17018
48;17019
171;17020
30;17021
152;17034
26;17037
8;17038
163;17039
30;17048
12;17049
148;17064
27;17065
12;17066
3;17068
33;17070
33;17071
32;17113
71;17114
162;17115
33;17116
20;17119
10;17123
16;17126
5;17130
33;17133
15;17135
29;17136
153;17142
5;17157
27;17158
4;17159
28;17160
4;17163
3;17165
16;17166
3;17168
11;17181
162;17209
45;17210
68;17211
15;17212
9;17229
41;17230
2;17232
166;17256
23;17259
33;17268
8;17301
188;17305
26;17306
16;17307
72;17308
9;17309
27;17311
36;17312
30;17320
29;17338
6;17339
50;17340
22;17341
6;17342
32;17343
29;17344
5;17350
2;17358
54;17359
154;17361
2;17364
33;17365
13;17366
4;17367
41;17368
9;17378
46;17401
34;17402
36;17403
41;17404
17;17405
14;17407
9;17414
10;17426
6;17427
30;17433
19;17437
48;17438
25;17444
7;17446
3;17457
32;17460
11;17462
37;17497
37;17498
56;17499
27;17518
31;17533
30;17541
12;17544
33;17594
33;17595
11;17596
10;17615
37;17616
16;17626
8;17645
13;17648
17;17650
9;17651
35;17689
422;17690
181;17691
111;17692
25;17705
6;17708
31;17709
32;17710
36;17711
20;17729
3;17737
4;17738
2;17739
2;17745
7;17773
69;17785
1;17786
23;17787
10;17788
9;17796
2;17807
9;17815
12;17837
38;17838
200;17881
172;17882
191;17883
3;17884
16;17888
11;17895
17;17902
27;17903
10;17906
8;17921
10;17925
17;17937
14;17979
11;17981
20;17983
39;17984
6;18004
2;18007
15;18009
18;18011
35;18013
18;18015
16;18016
8;18023
13;18027
15;18029
19;18033
22;18036
11;18060
26;18073
4;18074
35;18076
36;18077
35;18078
114;18079
8;18085
13;18101
11;18105
35;18109
15;18111
26;18126
12;18128
12;18134
18;18169
59;18170
22;18171
188;18172
48;18189
53;18190
42;18191
14;18192
20;18220
33;18225
8;18228
394;18265
11;18266
206;18267
75;18268
17;18270
36;18285
15;18287
14;18298
18;18301
198;18304
20;18305
32;18314
13;18323
10;18361
3;18362
60;18363
218;18364
32;18381
10;18382
49;18383
19;18391
25;18410
7;18414
9;18417
19;18418
37;18457
53;18458
34;18459
221;18460
17;18461
93;18477
19;18478
16;18479
15;18480
25;18488
3;18495
9;18496
11;18503
20;18504
1;18505
14;18506
12;18509
27;18516
8;18519
13;18533
34;18553
30;18554
71;18555
55;18556
5;18561
49;18574
165;18575
32;18576
8;18597
21;18599
7;18600
4;18609
31;18619
109;18649
24;18651
43;18652
566;18653
46;18654
19;18655
6;18656
26;18669
9;18681
14;18684
13;18690
153;18698
1;18702
154;18703
33;18704
20;18705
19;18707
41;18708
15;18711
15;18745
79;18747
30;18749
20;18750
8;18751
3;18756
31;18760
2;18777
24;18779
30;18780
32;18781
30;18782
13;18783
22;18784
25;18793
3;18797
1;18800
212;18841
23;18842
59;18844
562;18850
2;18859
18;18861
12;18863
22;18864
160;18869
15;18886
39;18887
187;18888
20;18890
160;18892
22;18893
19;18894
14;18898
39;18937
40;18938
38;18939
7;18940
4;18957
184;18958
30;18960
25;18966
1;18977
1;18982
5;18988
20;18992
26;18994
41;19033
61;19034
33;19035
166;19036
2;19053
3;19054
17;19057
29;19061
4;19077
17;19081
17;19082
30;19085
19;19092
13;19118
15;19129
6;19130
85;19131
48;19147
161;19149
7;19150
10;19152
8;19162
29;19175
10;19177
18;19181
49;19225
51;19226
73;19227
32;19228
25;19243
49;19248
32;19274
15;19275
3;19277
9;19278
9;19279
9;19284
6;19320
39;19321
29;19323
43;19325
45;19326
36;19341
11;19348
28;19353
10;19354
8;19358
11;19359
14;19360
156;19373
39;19374
147;19377
1;19378
12;19379
156;19417
51;19418
24;19419
18;19423
153;19424
4;19442
35;19447
6;19449
23;19452
25;19453
24;19454
35;19458
25;19472
27;19478
5;19480
16;19513
69;19514
32;19515
23;19534
25;19539
9;19541
17;19553
6;19561
2;19563
20;19567
212;19609
23;19610
203;19611
18;19622
219;19629
56;19631
223;19632
20;19640
25;19642
7;19649
30;19653
12;19656
12;19659
5;19664
6;19667
153;19677
2;19695
216;19705
51;19706
34;19707
55;19708
29;19726
61;19727
171;19728
10;19749
5;19752
2;19757
24;19764
17;19801
45;19803
221;19804
11;19808
12;19809
24;19824
10;19829
11;19835
6;19845
42;19848
9;19854
1;19855
381;19897
59;19898
40;19899
196;19900
7;19917
24;19918
32;19920
15;19924
31;19938
30;19939
12;19941
2;19945
18;19952
11;19955
23;19993
20;19994
35;19995
25;19996
10;19998
4;19999
18;20007
11;20021
10;20025
26;20026
34;20027
9;20028
21;20029
3;20032
10;20045
17;20052
29;20089
15;20090
347;20091
10;20092
15;20094
39;20095
17;20096
9;20097
15;20103
15;20104
7;20109
29;20122
150;20123
43;20124
153;20125
11;20128
160;20131
151;20144
2;20145
24;20146
4;20148
17;20152
13;20173
16;20185
45;20186
25;20187
54;20188
169;20205
33;20207
9;20222
5;20234
37;20238
26;20239
24;20242
21;20244
63;20281
66;20282
38;20283
12;20284
1;20299
16;20301
35;20302
16;20303
47;20304
156;20328
23;20329
16;20330
14;20347
26;20368
19;20377
15;20378
42;20379
34;20380
2;20382
20;20397
3;20398
32;20400
23;20424
22;20426
7;20430
153;20434
16;20435
30;20473
13;20474
61;20475
4;20476
6;20477
39;20483
17;20485
3;20495
31;20496
26;20503
3;20531
33;20569
51;20570
9;20571
98;20572
20;20589
24;20591
25;20592
21;20597
583;20615
13;20616
12;20617
11;20620
21;20621
159;20622
10;20625
155;20626
7;20663
58;20665
49;20666
228;20667
59;20668
15;20669
38;20670
51;20671
34;20672
25;20675
8;20679
16;20682
29;20696
31;20697
19;20699
92;20701
4;20703
45;20704
3;20712
35;20714
32;20715
39;20719
27;20720
20;20722
16;20724
10;20726
43;20761
25;20762
182;20763
8;20764
20;20765
15;20766
38;20767
28;20768
160;20769
6;20780
6;20784
18;20793
15;20794
76;20795
21;20797
64;20798
28;20804
561;20814
4;20818
53;20819
41;20822
33;20823
177;20824
15;20825
1;20837
178;20857
16;20858
21;20860
23;20877
29;20878
25;20879
37;20883
149;20884
12;20886
32;20896
12;20902
8;20908
19;20910
3;20914
11;20916
50;20953
19;20954
23;20955
110;20956
59;20973
174;20975
18;20976
8;20999
13;21000
10;21005
18;21007
6;21009
4;21010
62;21049
49;21051
75;21052
182;21069
31;21071
5;21072
17;21079
15;21085
157;21102
3;21103
12;21105
24;21145
61;21146
67;21147
186;21148
40;21154
3;21163
11;21165
7;21166
189;21167
27;21168
28;21189
4;21192
17;21195
3;21197
8;21201
3;21203
40;21241
47;21242
28;21243
23;21244
1;21249
30;21263
25;21264
18;21285
34;21288
162;21291
10;21293
6;21300
4;21311
16;21337
16;21339
179;21340
43;21343
31;21344
32;21356
2;21364
52;21369
21;21370
19;21372
13;21373
13;21374
167;21375
12;21376
25;21391
1;21392
33;21396
166;21408
13;21411
29;21421
60;21433
56;21434
5;21435
41;21436
171;21437
27;21438
21;21439
3;21440
14;21452
1;21465
15;21466
160;21467
22;21468
7;21470
19;21486
10;21494
45;21529
98;21530
213;21531
53;21532
29;21535
36;21541
7;21551
32;21552
20;21574
14;21576
3;21579
33;21581
1;21582
18;21583
264;21625
12;21626
28;21627
26;21628
42;21631
44;21645
36;21646
16;21647
7;21648
12;21656
18;21668
44;21669
10;21673
3;21676
186;21721
77;21722
45;21723
23;21724
35;21741
4;21750
25;21765
1;21766
16;21767
6;21768
23;21774
30;21779
1;21797
269;21817
31;21818
198;21819
33;21820
33;21839
13;21853
22;21856
5;21857
4;21864
2;21865
26;21869
174;21872
32;21875
4;21876
156;21886
30;21915
38;21916
35;21923
12;21935
27;21950
25;21958
30;21960
1;21964
18;21966
30;21969
601;22009
55;22010
9;22011
86;22012
30;22013
21;22014
9;22015
24;22016
40;22041
55;22042
42;22043
69;22044
8;22045
313;22047
26;22048
21;22062
2;22070
4;22071
5;22081
21;22083
173;22100
26;22105
30;22106
60;22107
12;22108
22;22110
26;22111
10;22123
1;22133
30;22138
159;22139
1;22142
15;22146
28;22157
27;22162
63;22201
40;22202
112;22203
50;22204
5;22219
6;22221
1;22222
2;22223
218;22224
3;22225
31;22233
26;22238
23;22249
8;22256
18;22257
27;22259
67;22297
31;22298
5;22299
117;22300
1;22318
51;22320
2;22326
3;22336
8;22340
158;22341
23;22342
9;22354
644;22393
114;22394
28;22395
64;22396
10;22398
21;22413
27;22415
27;22420
15;22436
9;22441
160;22443
20;22447
20;22448
55;22451
14;22489
71;22490
2;22491
34;22492
15;22495
7;22505
4;22509
40;22510
7;22511
3;22512
32;22516
1;22518
24;22528
167;22532
12;22533
164;22535
2;22543
5;22547
76;22585
27;22586
64;22587
34;22588
8;22605
158;22606
28;22608
26;22628
16;22637
1;22640
12;22641
3;22675
11;22681
46;22682
47;22685
185;22686
158;22688
222;22715
26;22716
12;22717
26;22719
23;22720
3;22729
29;22733
5;22734
27;22736
13;22737
22;22741
4;22742
11;22772
28;22777
28;22778
14;22779
28;22780
33;22781
67;22782
29;22783
1;22784
15;22800
19;22807
192;22810
170;22811
12;22812
351;22813
21;22814
4;22817
17;22821
7;22829
6;22831
7;22839
29;22873
58;22874
194;22875
39;22876
17;22880
151;22893
182;22895
11;22905
28;22922
31;22923
15;22925
20;22929
12;22930
52;22969
53;22970
76;22971
4;22972
19;22975
167;22979
151;22991
4;23008
38;23010
3;23012
4;23014
6;23018
8;23019
15;23038
176;23065
35;23066
178;23067
50;23068
29;23085
12;23086
37;23088
15;23103
17;23110
28;23111
9;23116
168;23124
23;23130
10;23135
171;23162
87;23163
86;23164
6;23172
5;23181
42;23182
55;23183
6;23184
29;23187
12;23202
11;23206
27;23209
27;23215
7;23217
5;23235
85;23257
93;23258
24;23259
114;23260
8;23263
12;23273
6;23275
29;23276
31;23283
13;23304
12;23309
3;23310
3;23327
204;23353
56;23354
9;23355
11;23356
1;23357
34;23359
49;23360
9;23369
4;23372
563;23379
9;23385
27;23386
16;23389
19;23391
28;23392
3;23403
35;23405
30;23410
14;23416
23;23449
48;23450
20;23451
54;23452
19;23453
60;23454
25;23458
16;23484
16;23487
14;23489
11;23491
7;23494
1;23500
151;23501
16;23512
5;23514
40;23545
60;23546
15;23548
9;23567
39;23568
29;23575
19;23581
1;23586
154;23591
8;23594
37;23595
24;23597
17;23599
274;23641
69;23642
56;23643
32;23644
18;23645
12;23661
6;23663
7;23664
15;23668
46;23683
7;23685
3;23688
33;23695
1;23718
108;23737
32;23738
211;23739
13;23740
13;23745
3;23747
18;23758
11;23759
28;23760
31;23763
4;23769
1;23771
13;23772
147;23786
23;23794
4;23796
22;23833
14;23834
648;23835
53;23836
17;23855
24;23856
35;23859
17;23872
1;23877
22;23881
34;23885
15;23887
9;23915
202;23929
43;23930
11;23931
55;23932
23;23940
22;23949
28;23950
27;23951
34;23952
15;23975
20;23977
30;23984
16;23987
10;23988
4;23999
14;24004
37;24026
53;24027
12;24028
13;24029
19;24031
168;24032
2;24043
7;24059
26;24060
34;24063
161;24075
25;24080
9;24082
22;24083
3;24084
2;24117
9;24122
5;24123
69;24124
24;24125
20;24126
22;24127
163;24128
1;24130
3;24143
25;24153
56;24158
40;24159
19;24177
3;24181
28;24183
53;24217
121;24218
215;24219
42;24220
20;24227
176;24232
13;24235
11;24239
10;24243
14;24249
26;24261
7;24270
9;24271
3;24274
5;24276
17;24295
45;24313
202;24314
12;24315
136;24316
26;24318
12;24333
176;24335
85;24336
5;24342
11;24356
166;24357
36;24387
606;24409
38;24410
43;24411
40;24412
11;24430
53;24431
17;24432
31;24440
11;24443
171;24454
1;24456
26;24461
155;24467
24;24505
55;24506
43;24507
63;24508
37;24514
67;24528
25;24538
547;24549
7;24551
163;24555
13;24556
161;24558
10;24563
11;24599
34;24601
39;24602
33;24603
64;24604
166;24621
22;24622
7;24636
14;24639
24;24649
6;24652
26;24656
18;24674
28;24697
205;24698
41;24699
50;24700
60;24701
89;24703
16;24704
21;24715
6;24720
13;24730
15;24733
14;24734
10;24735
6;24742
3;24745
25;24749
24;24753
4;24755
17;24758
11;24759
185;24794
25;24795
23;24796
10;24798
51;24800
9;24806
2;24825
14;24827
3;24831
63;24832
31;24849
74;24851
178;24889
85;24890
574;24891
174;24892
2;24894
23;24909
18;24911
29;24912
8;24920
2;24923
10;24930
160;24940
13;24942
13;24944
159;24948
49;24985
9;24986
26;24988
17;24994
10;24999
161;25000
8;25002
4;25005
48;25007
69;25008
15;25012
9;25020
10;25026
8;25032
14;25036
29;25038
12;25039
21;25040
32;25043
13;25081
26;25083
27;25084
24;25087
6;25094
31;25103
38;25104
4;25111
36;25115
15;25125
18;25127
15;25129
22;25132
32;25177
15;25178
91;25179
24;25180
11;25194
25;25197
11;25198
3;25201
1;25214
161;25224
37;25225
4;25227
32;25228
156;25229
2;25230
153;25231
48;25273
24;25274
105;25275
27;25276
16;25278
35;25281
205;25293
6;25295
170;25308
8;25317
4;25319
165;25320
6;25324
1;25328
28;25329
6;25331
6;25332
12;25342
21;25346
20;25361
14;25369
2;25370
3;25371
12;25372
67;25373
19;25374
8;25375
46;25376
29;25382
36;25402
29;25407
29;25409
23;25415
10;25420
8;25425
27;25436
166;25465
25;25466
1;25467
32;25468
602;25469
88;25470
178;25471
37;25472
5;25494
18;25497
61;25498
10;25500
3;25502
1;25503
27;25504
6;25521
17;25528
9;25551
64;25561
78;25562
11;25563
5;25564
17;25579
22;25581
190;25582
8;25583
20;25593
159;25601
24;25602
27;25609
19;25612
158;25615
3;25616
1;25636
13;25657
159;25658
66;25659
37;25660
200;25677
182;25678
10;25698
7;25703
19;25704
9;25707
16;25711
19;25714
6;25716
4;25727
27;25753
180;25754
195;25755
85;25756
6;25767
9;25773
45;25775
14;25780
35;25793
5;25795
25;25800
15;25808
25;25810
31;25849
64;25850
8;25851
40;25852
29;25857
9;25865
30;25866
37;25869
7;25870
19;25871
31;25899
15;25900
4;25902
5;25903
1;25905
14;25906
18;25908
62;25945
34;25946
33;25948
6;25949
1;25960
16;25962
21;25965
173;25966
207;25968
25;25983
30;25989
7;25993
9;25996
18;26004
37;26015
20;26022
22;26041
36;26043
174;26044
14;26046
50;26047
8;26048
5;26052
10;26058
14;26065
6;26067
6;26068
24;26073
31;26074
71;26076
26;26077
41;26078
2;26079
24;26080
9;26098
3;26137
17;26138
29;26139
155;26140
53;26141
168;26142
50;26143
19;26146
7;26157
8;26169
28;26171
552;26172
8;26174
12;26175
29;26176
25;26195
21;26197
9;26222
18;26233
73;26234
29;26235
86;26236
22;26240
17;26253
154;26256
30;26261
6;26284
10;26289
27;26292
238;26329
194;26331
222;26332
5;26335
8;26351
19;26369
21;26376
32;26377
18;26380
15;26383
11;26403
19;26425
56;26426
83;26427
22;26428
4;26429
24;26437
19;26441
3;26446
10;26448
8;26454
170;26463
155;26470
12;26474
26;26482
2;26484
16;26485
40;26510
169;26521
38;26522
127;26523
20;26524
22;26541
4;26542
163;26543
6;26558
4;26566
2;26567
22;26573
3;26578
11;26580
23;26617
221;26618
34;26619
207;26620
22;26624
26;26638
20;26639
30;26640
1;26642
23;26671
29;26672
27;26674
4;26676
24;26713
3;26714
176;26715
14;26716
230;26717
27;26718
23;26719
11;26720
20;26723
34;26741
22;26752
155;26760
22;26764
18;26772
16;26773
39;26782
25;26803
10;26807
2;26809
8;26810
21;26811
97;26814
274;26815
22;26817
2;26825
12;26838
4;26842
22;26843
25;26844
27;26845
30;26846
14;26847
5;26855
28;26857
26;26864
19;26866
26;26867
178;26881
3;26902
23;26905
16;26906
83;26907
101;26908
8;26909
12;26912
46;26927
22;26938
20;26951
25;26952
10;26953
12;26960
11;26967
13;27001
94;27002
87;27004
26;27021
38;27022
7;27023
8;27029
5;27037
11;27041
11;27042
15;27050
4;27052
24;27057
164;27059
7;27097
336;27098
2;27099
47;27100
13;27103
156;27104
166;27106
31;27110
20;27117
18;27122
29;27144
28;27145
2;27146
8;27153
72;27193
204;27194
209;27195
226;27196
33;27213
48;27215
23;27216
26;27230
5;27242
26;27243
2;27245
35;27249
14;27252
771;27289
37;27290
31;27291
16;27292
4;27301
12;27308
17;27310
14;27316
25;27318
23;27333
25;27338
31;27346
5;27347
10;27348
15;27386
44;27387
38;27389
20;27390
34;27391
57;27392
8;27416
10;27417
4;27419
35;27421
36;27422
191;27423
168;27424
17;27429
1;27431
20;27437
7;27438
1;27440
26;27442
48;27446
36;27447
16;27448
13;27465
9;27481
6;27482
220;27483
8;27484
62;27488
6;27493
15;27513
11;27514
32;27515
6;27516
178;27518
38;27519
17;27520
155;27525
168;27531
7;27534
9;27540
72;27577
17;27578
59;27579
63;27580
11;27588
150;27590
25;27593
101;27598
24;27600
6;27626
8;27627
165;27630
30;27633
6;27638
4;27655
77;27673
38;27674
238;27675
57;27676
31;27680
54;27693
569;27695
17;27696
167;27721
34;27724
39;27727
7;27729
3;27730
70;27769
37;27770
47;27771
33;27772
160;27789
9;27792
2;27803
28;27813
7;27824
15;27865
29;27866
208;27867
44;27868
22;27878
17;27885
2;27886
29;27887
13;27888
20;27902
161;27913
6;27915
21;27916
42;27961
609;27962
32;27963
77;27964
32;27981
3;27983
4;27984
159;27990
13;27992
8;28005
24;28007
150;28011
31;28013
17;28014
35;28015
158;28016
8;28049
3;28057
11;28058
25;28059
29;28060
17;28061
180;28062
106;28063
5;28064
69;28090
12;28091
7;28092
3;28093
8;28095
30;28096
4;28097
36;28108
19;28113
54;28115
151;28117
176;28137
24;28153
215;28154
105;28155
23;28156
16;28157
27;28158
208;28159
33;28160
14;28165
4;28178
23;28185
25;28186
25;28187
33;28188
6;28189
206;28190
40;28191
43;28192
10;28212
19;28213
84;28249
336;28250
208;28251
73;28252
17;28255
64;28269
15;28270
154;28272
11;28273
4;28278
40;28301
10;28302
4;28307
22;28345
33;28346
67;28347
215;28348
23;28361
14;28365
13;28366
9;28367
35;28368
166;28380
36;28389
33;28391
10;28394
33;28395
20;28397
12;28400
20;28402
25;28441
204;28442
13;28443
23;28444
12;28446
35;28450
173;28455
13;28461
40;28464
3;28474
15;28487
5;28490
35;28491
167;28492
11;28499
4;28500
20;28522
20;28528
34;28537
79;28538
42;28539
21;28540
30;28545
4;28554
6;28557
179;28558
11;28559
168;28578
5;28585
159;28586
13;28591
16;28593
7;28594
4;28596
69;28633
30;28634
103;28635
33;28636
24;28637
20;28649
5;28655
74;28666
27;28672
167;28677
3;28678
168;28684
38;28691
29;28692
21;28713
86;28729
71;28730
6;28731
37;28732
35;28733
351;28735
20;28736
10;28746
32;28761
21;28764
100;28766
157;28768
28;28775
27;28781
1;28782
9;28784
8;28787
39;28791
12;28806
165;28815
34;28826
593;28827
7;28828
18;28829
41;28830
32;28831
19;28832
23;28843
10;28858
16;28860
14;28862
12;28863
29;28864
29;28875
162;28883
5;28886
38;28890
104;28921
47;28922
74;28923
23;28924
3;28933
29;28938
20;28940
20;28941
11;28942
21;28944
15;28958
166;28970
17;28972
8;28976
11;28977
59;28979
16;29017
64;29018
279;29019
2;29020
6;29025
33;29037
64;29039
15;29045
19;29052
7;29061
36;29062
17;29066
29;29067
265;29113
62;29114
168;29115
16;29116
3;29120
24;29121
24;29132
1;29133
7;29146
23;29161
2;29162
3;29164
22;29170
26;29171
3;29210
23;29213
38;29214
5;29215
53;29216
12;29217
32;29228
14;29233
7;29235
41;29236
20;29257
32;29260
12;29266
14;29267
216;29271
13;29276
31;29309
49;29310
37;29311
58;29312
48;29329
6;29330
24;29331
26;29356
19;29357
7;29360
54;29361
10;29362
5;29364
8;29378
28;29383
165;29400
173;29405
29;29406
23;29407
7;29408
37;29410
55;29411
115;29412
3;29431
59;29438
22;29441
14;29443
30;29456
4;29458
11;29460
25;29462
26;29463
3;29464
19;29501
33;29502
25;29503
56;29505
6;29506
7;29507
17;29508
5;29512
2;29532
37;29537
2;29538
164;29539
11;29540
18;29556
157;29557
14;29558
23;29597
51;29598
186;29599
218;29600
16;29610
47;29617
10;29618
55;29619
7;29635
11;29643
22;29647
28;29651
4;29652
19;29655
18;29673
26;29693
177;29694
39;29695
21;29696
20;29713
43;29714
1;29715
30;29716
163;29718
24;29719
15;29737
172;29740
9;29743
7;29746
12;29747
18;29748
17;29789
1;29790
79;29791
335;29792
15;29794
8;29807
31;29809
158;29810
8;29812
3;29839
32;29846
29;29865
188;29885
39;29887
119;29888
27;29896
18;29903
1;29905
10;29906
7;29907
24;29908
11;29909
26;29914
13;29938
174;29943
159;29944
56;29981
368;29982
120;29983
32;29984
5;30001
21;30002
33;30003
26;30006
6;30012
14;30016
38;30028
42;30033
13;30034
18;30036
9;30039
158;30051
8;30071
5;30077
30;30079
51;30080
188;30081
1;30082
12;30084
570;30093
26;30099
6;30100
48;30109
3;30110
26;30111
13;30112
60;30113
27;30114
47;30115
7;30116
17;30126
33;30129
3;30135
23;30138
5;30154
14;30173
211;30174
29;30175
595;30177
7;30178
25;30179
37;30180
10;30187
1;30190
30;30206
13;30207
20;30208
9;30209
14;30210
16;30212
19;30227
24;30231
12;30236
4;30266
42;30269
164;30270
71;30271
503;30272
51;30277
1;30279
60;30289
14;30290
11;30291
19;30302
3;30314
155;30315
27;30318
1;30322
2;30325
29;30328
3;30344
73;30365
60;30366
56;30367
39;30368
13;30370
19;30377
18;30378
46;30385
162;30386
12;30388
1;30403
1;30414
30;30417
11;30419
27;30424
48;30461
43;30462
29;30464
174;30467
5;30472
31;30477
21;30483
22;30484
35;30486
15;30487
31;30518
99;30558
21;30559
39;30560
6;30578
28;30580
28;30595
168;30597
4;30601
150;30602
20;30609
171;30611
20;30612
10;30613
2;30615
66;30653
42;30654
37;30655
123;30656
10;30663
9;30666
19;30673
32;30674
154;30675
2;30696
1;30700
21;30721
10;30749
342;30750
26;30751
7;30752
51;30753
33;30754
13;30756
26;30760
18;30769
15;30772
4;30781
30;30783
35;30786
60;30787
4;30788
3;30792
3;30798
161;30802
158;30807
65;30811
47;30845
2;30846
33;30847
23;30849
576;30851
8;30852
20;30854
33;30867
159;30869
9;30877
25;30878
146;30879
3;30880
28;30882
5;30883
27;30885
7;30898
21;30901
8;30907
29;30941
439;30942
48;30943
130;30944
199;30959
28;30961
18;30962
39;30963
19;30970
25;30975
12;30983
30;30987
21;30989
44;30993
21;30994
5;30995
39;30998
30;30999
155;31000
9;31015
29;31037
643;31038
30;31039
31;31040
154;31048
11;31058
23;31059
14;31060
12;31064
19;31076
1;31083
11;31084
79;31085
38;31088
158;31092
39;31093
23;31099
27;31133
29;31134
67;31135
78;31136
165;31142
7;31155
160;31157
4;31183
21;31185
10;31186
32;31189
14;31190
11;31191
179;31192
22;31229
105;31230
23;31231
42;31232
15;31241
2;31244
4;31249
16;31251
8;31252
4;31256
2;31281
28;31288
24;31325
404;31326
761;31327
25;31328
2;31329
2;31337
44;31346
10;31347
26;31350
31;31354
34;31363
4;31369
3;31370
5;31371
159;31374
40;31375
8;31376
34;31381
11;31409
30;31415
24;31421
34;31422
55;31423
81;31424
36;31425
163;31426
17;31427
14;31428
8;31429
9;31439
1;31451
20;31453
2;31454
13;31456
12;31458
61;31459
20;31463
27;31473
20;31475
12;31476
20;31477
12;31481
26;31501
37;31517
31;31518
21;31519
22;31521
25;31522
34;31524
4;31539
28;31544
9;31545
37;31549
4;31551
29;31552
24;31554
1;31555
11;31560
166;31564
8;31565
18;31567
171;31569
1;31572
19;31576
8;31577
43;31613
89;31614
175;31615
392;31616
8;31624
30;31634
12;31635
23;31636
4;31657
9;31659
3;31671
26;31709
134;31710
109;31711
40;31712
164;31730
9;31731
156;31732
6;31736
9;31739
2;31740
16;31743
15;31746
3;31747
22;31760
10;31762
28;31768
13;31779
8;31805
96;31806
70;31807
57;31808
3;31815
11;31821
172;31825
175;31826
32;31827
7;31828
4;31847
7;31852
2;31854
14;31856
67;31862
19;31887
52;31901
44;31902
63;31903
82;31904
3;31917
39;31921
21;31922
25;31923
18;31924
26;31928
16;31931
164;31945
8;31946
12;31947
28;31948
6;31951
26;31954
195;31956
20;31957
12;31958
13;31997
274;31998
32;32000
8;32005
18;32008
1;32014
189;32017
26;32018
8;32020
163;32030
12;32035
17;32042
166;32050
21;32053
38;32054
4;32055
16;32066
5;32080
56;32093
635;32094
10;32095
38;32096
57;32097
31;32098
23;32099
17;32100
14;32105
2;32106
38;32127
34;32129
567;32130
29;32131
73;32132
17;32135
19;32151
5;32152
3;32155
14;32166
156;32189
16;32190
185;32191
25;32192
47;32193
12;32194
31;32195
32;32196
149;32198
8;32214
21;32221
7;32222
36;32223
29;32224
23;32225
23;32227
11;32241
5;32243
21;32244
31;32245
26;32246
6;32248
6;32249
23;32250
14;32255
11;32265
170;32279
26;32283
205;32285
211;32286
216;32287
23;32288
7;32292
26;32298
13;32300
8;32305
21;32306
5;32326
28;32327
18;32337
19;32339
2;32341
2;32345
18;32381
28;32382
211;32383
49;32384
14;32386
13;32399
194;32401
242;32402
41;32404
17;32405
20;32412
15;32420
36;32433
42;32437
7;32438
18;32447
3;32472
6;32477
83;32478
190;32479
55;32480
29;32493
8;32495
2;32499
165;32500
18;32511
28;32519
1;32526
3;32528
20;32529
18;32531
35;32534
24;32562
54;32573
20;32574
47;32575
245;32576
8;32577
163;32587
13;32588
23;32593
30;32594
22;32595
13;32596
10;32612
11;32613
30;32616
9;32620
29;32625
26;32627
17;32629
23;32630
29;32632
19;32669
10;32670
172;32671
27;32672
21;32683
63;32690
7;32691
21;32701
24;32712
15;32713
2;32714
37;32715
12;32718
14;32721
13;32724
4;32758
30;32767
46;32768
156;32769
14;32770
184;32771
22;32772
11;32777
10;32783
34;32791
12;32797
11;32800
192;32801
27;32803
52;32804
4;32812
8;32816
8;32817
173;32828
19;32842
41;32861
193;32862
155;32863
23;32864
33;32865
14;32866
26;32867
67;32868
29;32871
22;32876
23;32879
9;32891
23;32893
34;32894
93;32895
32;32896
36;32898
22;32899
20;32900
156;32911
1;32915
15;32920
159;32921
30;32922
19;32923
50;32957
29;32958
547;32959
32;32960
5;32963
30;32977
200;32978
167;32979
36;32980
1;32990
20;33001
28;33005
10;33009
23;33015
7;33037
86;33053
96;33054
138;33055
382;33056
160;33059
11;33065
159;33080
9;33086
22;33090
5;33094
26;33097
7;33099
18;33100
163;33102
5;33103
36;33106
160;33107
10;33149
39;33150
248;33151
68;33152
162;33160
13;33161
24;33166
87;33169
9;33170
14;33172
172;33180
17;33196
14;33198
25;33208
88;33245
106;33246
191;33247
49;33248
21;33260
26;33265
169;33266
17;33267
1;33290
14;33304
14;33335
7;33341
17;33342
266;33343
175;33344
44;33361
35;33362
29;33363
2;33364
19;33368
23;33378
29;33379
11;33393
13;33394
6;33396
161;33400
10;33424
35;33437
8;33438
27;33439
20;33441
178;33442
28;33443
88;33444
27;33445
25;33461
15;33463
39;33469
33;33471
32;33472
9;33475
2;33481
15;33490
25;33493
25;33494
28;33496
1;33518
42;33534
43;33535
24;33536
564;33537
42;33539
225;33540
1;33548
23;33555
6;33565
18;33566
12;33567
32;33569
32;33570
165;33574
26;33586
28;33587
9;33590
43;33592
171;33595
51;33629
14;33630
8;33631
66;33632
10;33648
158;33651
154;33652
22;33655
34;33659
155;33660
10;33677
1;33679
23;33682
30;33684
38;33713
54;33725
53;33726
58;33727
101;33728
13;33742
4;33745
360;33747
32;33749
11;33757
24;33761
4;33768
3;33770
21;33771
12;33773
4;33778
5;33781
3;33784
575;33821
17;33822
130;33823
8;33824
18;33841
1;33842
1;33844
33;33865
18;33867
1;33871
13;33917
76;33918
75;33919
17;33920
18;33927
23;33936
184;33937
12;33938
11;33959
14;33966
28;33973
579;34013
65;34014
38;34015
68;34016
28;34035
10;34036
1;34037
27;34052
2;34057
5;34058
16;34062
7;34063
6;34064
10;34066
30;34068
32;34071
31;34087
48;34109
43;34110
49;34111
44;34113
235;34114
55;34115
54;34116
33;34127
28;34130
15;34134
25;34143
49;34145
8;34148
37;34154
14;34161
26;34162
9;34164
10;34165
3;34168
17;34169
11;34170
14;34171
25;34177
13;34199
22;34200
70;34205
11;34206
39;34207
17;34208
41;34209
11;34210
9;34211
18;34212
165;34227
186;34238
13;34239
63;34241
29;34242
26;34254
154;34265
24;34266
24;34268
32;34301
163;34302
45;34303
19;34304
19;34308
15;34310
13;34321
16;34323
24;34345
24;34350
8;34359
11;34360
3;34389
81;34397
85;34398
95;34399
38;34400
10;34409
16;34411
16;34417
6;34420
1;34425
1;34427
33;34438
27;34446
1;34451
23;34455
82;34493
84;34494
52;34495
30;34496
11;34500
26;34501
39;34511
46;34513
13;34514
34;34515
35;34516
7;34530
3;34540
23;34541
30;34542
15;34546
2;34548
18;34550
11;34551
33;34552
10;34589
74;34590
107;34591
218;34592
3;34611
19;34612
9;34621
29;34622
21;34635
26;34637
23;34638
17;34642
12;34644
48;34685
9;34686
27;34688
36;34691
4;34694
33;34696
30;34703
2;34705
16;34707
23;34713
6;34714
15;34716
24;34722
24;34724
4;34731
42;34732
16;34733
12;34735
28;34736
2;34755
9;34769
15;34781
23;34782
2;34783
58;34784
20;34785
7;34786
215;34787
14;34788
35;34791
6;34792
14;34796
10;34813
11;34815
29;34816
19;34818
154;34822
19;34829
31;34834
153;34844
32;34857
192;34877
37;34878
35;34879
18;34881
176;34883
10;34884
29;34887
164;34903
2;34909
21;34910
198;34912
34;34915
9;34916
2;34917
31;34930
21;34934
25;34935
8;34938
9;34940
1;34950
58;34973
33;34974
46;34975
52;34976
17;34994
337;34996
7;35020
5;35022
