sums of daily draw-off volumes
278.8
211.8
333.2
107.2
64
195.8
206.2
145
261.8
177.5
192.5
291.8
293.2
285.8
333.5
236.2
81.2
300.8
460.2
130.2
331.5
171
122.5
161.8
237.2
188.5
400.8
477.8
160.2
148.2
184.5
299.5
124
259
400.5
213.2
156
377.2
230
333
477.5
236.5
243.2
96.2
303.2
144.8
250
324.8
219.8
124.5
171
220.2
387.2
243
212.8
340.2
201.8
234
218.5
184.5
137.5
318.8
183
178.8
147.8
166.8
328.8
202
258
170.2
185.5
87.2
195.2
175
131.8
204.2
289.5
163
92.5
155.2
402
375
129.2
205
261
215.8
70.5
165
178.5
244.8
198.5
113.5
251.5
263
318.8
196.5
115.2
316.8
159.2
151.8
200.5
510.2
187.8
194
304.5
186
91.2
210
174.5
141
170.5
217
210.5
135
191.8
162.8
156.8
343.5
373.8
125.8
243.8
241.5
146.5
196.2
188.5
121.5
324.8
167.5
100
100.5
150.2
191.5
112
135
194.8
203.5
77.8
168.8
202.8
228.8
290
157.8
108
248.8
120.2
165.2
80.5
233
64
402.8
154.2
145.5
220
215.2
116.5
179.5
129.8
153.2
176.5
238.5
171.8
226
142.5
101.5
197.8
123.5
179.5
187.2
237
185.5
243.2
92.8
110.2
228.8
171.5
150.8
337
241.8
170
141
223.5
99.2
57.5
46.8
227.5
45
170.5
67.8
98.2
126.2
262.2
115.2
158.8
131.2
327.8
92
386.5
105
109.8
102.5
89
158.8
152.8
54.8
306
165
102.2
214.5
69
315.5
119.2
125.8
103.5
58.2
311.2
247.5
409.2
144
128
152
169.5
107
210.2
168.5
150.5
140.5
117.8
250.8
61.5
353.8
161.5
158.2
118.8
303.5
151
112.5
215.5
265
196.8
150
196.8
142.8
109.5
280.2
121.5
113
144.5
165.2
225.5
137.2
151.2
122.2
181.2
223.2
309.8
303.8
111.5
169
122.5
362
137.8
68.8
189.5
218
100.8
319.2
203.5
187
166.5
90.5
169.8
148.2
296
120.2
193
160
157.8
166.8
208.5
174.8
142.5
126.8
215.8
230.8
255.2
208
240
184.2
333.8
98.2
146.8
348.5
194.2
318.8
255
190.2
194.5
204.5
197.5
264.8
314.8
157
146.8
161.5
133.8
93.5
209.2
143.2
174.2
198.8
171.8
211.2
200.2
340.5
272.8
289.2
142.8
113.5
191.5
123.8
271.2
295
332.8
331
201
67.8
404
175.5
183.5
197
187.2
184.5
219.8
247.5
422.2
239.2
252.8
241.2
166
211.5
114.2
249.5
323.5
294.5
372.5
225.5
170.5
212.8
167.2
376.8
184
200
200.5
117.8
231
214.5
240
97.2
109
148.5
142
99.8
211.5
263.2
139
sums of draw-off volumes of each hour of the day
236.3
88.7
163.9
168.2
83.9
203.3
12508.1
16492.2
6880.9
1182.7
1078.4
4112.7
4381.1
1519
1860.7
3133.2
2431.2
1853.5
2775.8
3247.7
3446.8
3172.7
1297.2
388.4
sums of draw-off volumes of each hour of weekdays
73.2
41.2
70.4
45.4
41.8
92
10076.2
11600.9
3651.9
449.1
793.7
3736.9
4037.7
1165.1
443.1
605.4
527.3
1444.9
2470.1
2365.3
2352.1
2012
504.2
177.1
sums of draw-off volumes of each hour of weekend-days
163.1
47.5
93.5
122.8
42.1
111.3
2431.9
4891.3
3229
733.6
284.7
375.8
343.4
353.9
1417.6
2527.8
1903.9
408.6
305.7
882.4
1094.7
1160.7
793
211.3
holidays of household(s), numbers correspond to day of year
