sums of daily draw-off volumes
26.2
26.5
57.5
14.2
60.8
168.8
40.5
17.8
20.8
11.5
12.2
18.5
13.8
16.5
28.8
10.5
1.5
20.8
21.5
45.2
16.2
33.2
108
11.2
19.8
26.5
106.2
57.8
16.5
0.2
116.5
20
30.8
21
170.8
10
26.8
42.2
64.5
10.5
101.8
62.2
10.8
55
12
44.8
15.2
63.2
20.5
31.8
30.2
23
36.2
28.8
90
15
50.5
67
13.2
21.5
89
55.8
15.8
54.2
114
19.8
30.8
17.8
81.5
20.2
23.2
44.2
32.5
45
60.5
27.5
21.5
55.2
67.2
76.2
11.2
54.8
46.5
92.8
27
33
33.5
57
34.2
31.8
149.8
7.2
171.5
69.2
85.2
17.2
6
24.5
51
2.5
91
12.8
18.8
27
8.8
16.2
18.5
118
17
57.8
60.8
31
11.8
35.2
22.5
30.2
95
13.8
27.8
62.5
8.8
4.5
52.8
44.5
157.5
27.2
7.8
45.2
5.5
19
51.2
20.5
77.5
75
36.2
13
55.2
217.2
45.8
73
13.5
17.8
31.2
4.8
12.5
24.2
58.2
12.5
46.2
7.5
10.8
21.5
25.8
11.2
62.2
12
53.5
64.2
3.2
23.2
98.8
127.2
21.5
42.8
17.8
73.2
21.5
40
100.5
18.8
14.2
11.2
60.8
63.8
24.2
9.2
126.5
167.8
55.2
16.5
14
49.2
191.8
27.5
22.8
13.5
25.2
16.5
11.2
18.8
66.5
42
63.8
11.5
73.2
9.5
18
55.2
46
70.2
20.5
28
114.2
6.2
44.8
14
45.8
54.8
24.2
9.8
12.5
16.5
60.5
55.2
11.2
23.2
33
20.5
6.2
18
15.5
41.8
70.5
39
16.8
9
11
29.5
8.2
32
67.5
185
40.8
5.8
6.8
56
95
51.2
3
11.2
10.2
28
6.5
53.2
31.2
14
80.8
19.5
124.2
11.5
21.8
29.2
46.8
105.8
10.5
13.8
106.2
10.8
171.5
14.8
50
7.5
32.8
25.2
8.2
21.2
18.5
26.8
9.2
19.8
22
32.5
63
2
18.2
23.2
5.8
57.2
23.8
37.2
53.2
34.8
15.2
17.8
7.5
199
6
109.8
23.5
24.2
9.5
31.8
13
55.5
23
64.2
20
36.2
31.8
50
42.2
16.2
114.5
18.2
11
28.2
21.2
62
138.8
6.5
16.8
21
34.5
51.8
32.8
13
17.5
58
73.2
194.5
65.8
67.8
52
53.8
21.8
53.2
24
58.2
58.2
12.2
79
17.5
0.2
49
94.8
36.8
58
87.8
15
27.2
3.8
20
74.5
21.5
34
20.8
12.2
30
2
42.8
62.8
30.5
52.8
71.5
22.2
25.5
52
58
92.2
22
95.8
19.2
23.2
52
21.5
sums of draw-off volumes of each hour of the day
47
22.8
30.1
22.8
68.5
101.1
2551.6
3263.3
1498.5
332.9
152.7
725.9
823.9
408.9
544.8
763.3
575.7
436.9
388
1028.3
636.8
391.3
246.3
41.6
sums of draw-off volumes of each hour of weekdays
44.5
8.5
11.5
4
15.4
48.9
2152.2
2453.3
674
192.2
140.1
713.2
767.3
373.9
130.7
99.6
34.2
323.9
366.8
778.3
403.1
225.8
99.3
25.9
sums of draw-off volumes of each hour of weekend-days
2.5
14.3
18.6
18.8
53.1
52.2
399.4
810
824.5
140.7
12.6
12.7
56.6
35
414.1
663.7
541.5
113
21.2
250
233.7
165.5
147
15.7
holidays of household(s), numbers correspond to day of year
