sums of daily draw-off volumes
221.8
65.2
130.5
137.8
148.8
218
206.5
192.8
288.5
108.8
311.8
160.5
105
141.5
130.8
116
263.8
104
198.8
336.2
176
300.5
102.8
72.2
217.2
82.8
231
201.5
95.5
51.2
237
144.8
103.2
225.8
131.8
121.8
117.5
405.5
119.8
171.2
127
230
95.8
80.5
80
215
113.8
383.8
127.5
133
68.8
241
71.2
157.8
359
177
144.8
309.5
70.5
213.5
206.5
187.2
88
73.2
325.8
92.2
143
179
193.5
154.8
279.5
193.5
100
201
110
166.8
98.2
246.2
208.5
115.5
227.2
190.2
232.5
159.8
206
133.8
161.2
92.5
217.2
224.5
208.2
288.2
94.2
125.8
123
226.8
228
117.5
146
253
58.5
272.8
93.2
178.2
359.8
90.8
347.5
117.5
119.2
217.2
156
250.2
277.5
236.8
144.2
106.8
241.8
132.8
156
233.2
172.8
158
65.2
278
90
241.8
267
186.2
111.2
110.8
77.2
107.8
171.2
156.5
98.2
197
69
196.2
122.8
184
177
99.5
60.2
37.5
140.5
154
466.8
100.8
42
145.2
149.8
193.5
240
119.8
153.5
283.2
105.5
249.2
169.5
143
217.5
114.2
69.8
24
123.5
226.2
185
199.8
130.5
175
335
173.2
88.2
101.2
73
161
123.2
123.2
56.8
146.8
220.5
227.5
161
117
87.2
113.8
106.2
121.8
154.8
103
135.8
100.5
96.5
120
113.8
313.2
75.8
130.8
124
335.5
288.2
340.2
222.5
127
152.8
49
233.5
91.2
289
300
115.2
75.5
134
301.5
227.5
134.8
142.5
162.8
120.5
189
93
69.8
243
160.8
117.8
162
213
104.2
171.2
333.5
219.8
143.2
65.8
97.5
246.5
161
94.5
124.8
172.2
93.2
140.5
113.2
153.8
128.5
217.2
142.5
125.2
125
134.8
146.8
142.5
252.2
162.5
122.2
45.8
136.5
169.8
119
165
103.5
127.2
137
86.8
139
130.8
144.2
109.8
202.5
158.5
159.5
130.5
156.2
166.5
67.2
251.5
79.8
215
151.8
130.8
182
76
167.5
176
95.8
135.8
204.2
221
361.2
66.8
87.5
139
63.8
250
116.2
183.8
111.2
42.2
55.5
99.5
331.8
147.2
204
89.2
52
121.8
144
162.8
223.5
118.5
168.5
101
48
107
197.5
131.8
56.2
232.2
111
185
117.8
168.8
89.5
79.5
134.5
249.2
232.8
187.8
91.8
130.8
144
97
48
159.8
206.5
118.5
155
165.2
122.5
200.8
48.2
97
224.2
320.2
164.5
161.2
189.2
157
226
224
200.8
447.5
119.2
202.2
165.8
98
137.5
157
95
73.2
66.2
185
84.5
81
245
207
sums of draw-off volumes of each hour of the day
125.5
179.8
159.6
113.7
220.5
262.1
10475.6
13374
5412.7
1200.6
784.3
2949.5
3572.7
1232.9
1354.9
2752.2
1910.5
1572.5
1935.8
2672.4
3387.7
1935.4
601.8
428.8
sums of draw-off volumes of each hour of weekdays
47
90.9
94.7
35.6
58.6
218.8
8537
9568.9
2432.5
500.3
607.4
2768.5
3276.1
924
332.3
590.4
538.3
1143.9
1758.2
2054
2252.6
1009.6
191.4
58.2
sums of draw-off volumes of each hour of weekend-days
78.5
88.9
64.9
78.1
161.9
43.3
1938.6
3805.1
2980.2
700.3
176.9
181
296.6
308.9
1022.6
2161.8
1372.2
428.6
177.6
618.4
1135.1
925.8
410.4
370.6
holidays of household(s), numbers correspond to day of year
