25;4
43;29
88;30
215;31
227;32
28;49
168;51
3;64
35;65
31;79
24;81
64;125
15;126
50;127
60;128
36;146
4;148
4;154
8;159
20;172
2;221
31;222
129;223
33;224
11;226
166;242
6;243
3;244
35;248
38;252
15;266
27;276
26;277
49;318
20;319
157;320
10;338
21;339
8;342
29;354
1;359
31;361
24;365
12;373
189;374
6;406
41;413
25;414
83;415
48;416
38;420
163;421
28;433
34;436
22;458
52;463
18;464
3;469
34;471
182;510
20;511
41;512
49;513
15;514
171;515
12;516
165;540
71;541
55;543
23;545
51;567
17;569
8;607
6;609
20;610
159;611
341;612
24;615
6;618
15;640
19;641
19;644
170;657
3;660
3;664
33;666
33;701
342;702
91;703
107;704
21;706
13;709
32;723
34;724
36;739
37;748
15;756
10;758
29;797
83;798
41;800
21;802
35;808
158;809
11;818
7;820
167;831
565;849
12;851
25;852
20;893
45;894
214;895
48;896
3;913
9;914
3;915
24;916
5;919
30;937
2;938
32;942
9;976
41;989
79;990
89;991
19;992
29;1000
14;1009
552;1010
179;1011
1;1012
25;1024
155;1033
10;1034
6;1036
6;1043
31;1044
2;1048
54;1085
24;1086
247;1087
228;1088
17;1090
1;1105
20;1106
31;1132
4;1135
16;1136
14;1181
35;1183
8;1186
29;1188
30;1213
25;1216
21;1217
7;1218
28;1219
48;1220
156;1234
12;1239
2;1242
5;1248
77;1277
29;1278
82;1279
9;1280
54;1282
55;1283
6;1284
29;1291
3;1297
9;1302
1;1309
30;1310
42;1311
24;1312
39;1313
8;1314
31;1316
12;1317
17;1323
1;1325
8;1335
72;1373
51;1374
66;1375
93;1376
11;1381
6;1386
34;1393
2;1419
51;1420
20;1423
14;1425
54;1426
27;1427
22;1429
10;1469
49;1470
15;1471
120;1472
11;1475
2;1487
21;1489
158;1490
44;1491
14;1492
9;1503
5;1514
6;1516
554;1557
215;1565
27;1566
31;1567
3;1578
69;1585
48;1586
56;1587
21;1588
27;1616
2;1620
2;1621
20;1661
35;1662
53;1663
9;1664
10;1672
22;1676
20;1681
3;1683
2;1684
146;1705
39;1710
5;1711
28;1712
24;1718
9;1750
230;1757
2;1758
99;1759
63;1760
21;1776
3;1778
168;1779
156;1801
18;1802
26;1810
37;1833
31;1853
11;1854
176;1855
22;1857
63;1859
17;1860
35;1864
15;1869
165;1885
1;1889
560;1890
19;1892
2;1902
168;1908
10;1914
13;1915
7;1949
20;1950
28;1952
9;1953
20;1954
63;1955
32;1956
5;1969
17;1976
29;1981
2;1982
5;1983
45;1984
186;1987
162;1988
5;2003
30;2004
2;2005
20;2006
6;2008
11;2009
66;2046
64;2047
90;2048
2;2050
10;2055
176;2065
19;2067
207;2068
563;2080
2;2093
3;2097
57;2141
166;2142
39;2143
74;2144
12;2163
18;2178
18;2185
11;2188
3;2189
13;2197
49;2237
46;2238
61;2239
37;2240
8;2258
11;2259
6;2263
15;2264
7;2268
1;2281
26;2293
22;2295
28;2333
160;2334
8;2335
191;2336
51;2339
160;2346
8;2351
15;2354
179;2355
13;2363
27;2373
11;2377
2;2384
16;2390
12;2429
40;2431
139;2432
12;2442
10;2445
39;2450
17;2451
14;2469
7;2475
6;2476
18;2479
17;2483
24;2506
25;2517
65;2527
68;2528
69;2530
62;2531
8;2532
24;2555
27;2557
27;2559
23;2561
43;2562
28;2563
7;2564
30;2571
166;2578
182;2582
5;2584
8;2585
25;2586
8;2589
23;2613
37;2621
25;2622
22;2625
8;2626
31;2627
23;2628
8;2654
180;2655
360;2660
35;2676
16;2677
27;2681
11;2682
41;2718
66;2719
61;2720
17;2727
27;2739
80;2740
2;2747
20;2769
25;2770
6;2774
29;2776
8;2780
46;2813
19;2814
9;2815
21;2816
7;2834
2;2836
40;2838
30;2854
12;2863
14;2867
5;2872
24;2908
81;2910
564;2911
16;2912
32;2914
72;2929
23;2930
15;2931
37;2932
20;2936
27;2952
27;2957
10;2964
67;3005
10;3006
30;3007
218;3008
169;3021
2;3028
1;3039
3;3040
16;3042
8;3048
3;3049
7;3051
2;3053
19;3056
24;3059
33;3079
38;3101
42;3102
123;3103
45;3104
6;3121
6;3122
48;3123
32;3124
13;3148
27;3157
13;3171
8;3175
13;3185
91;3196
3;3198
72;3200
28;3201
21;3202
164;3203
20;3204
32;3215
17;3216
8;3219
56;3230
71;3231
15;3232
19;3233
12;3234
29;3235
2;3236
145;3241
10;3243
33;3251
2;3254
18;3255
1;3258
15;3288
18;3293
49;3294
47;3295
29;3297
1;3298
8;3299
24;3300
5;3310
38;3328
27;3331
28;3343
2;3345
166;3346
33;3347
7;3351
30;3352
23;3384
31;3389
31;3390
209;3391
92;3392
4;3410
21;3411
6;3412
37;3418
7;3440
26;3445
6;3460
34;3485
38;3486
187;3487
54;3488
21;3498
21;3501
37;3507
9;3508
4;3527
20;3528
29;3529
10;3539
573;3578
97;3581
128;3582
38;3583
81;3584
2;3591
563;3601
24;3602
34;3603
23;3610
9;3631
27;3632
11;3635
12;3637
167;3677
53;3678
50;3679
77;3680
15;3687
14;3697
16;3698
42;3699
39;3721
1;3724
5;3735
57;3773
267;3774
22;3775
185;3776
12;3783
4;3793
14;3796
20;3797
14;3800
6;3812
8;3816
5;3821
15;3822
27;3829
29;3830
2;3849
19;3869
74;3870
3;3871
46;3873
8;3874
15;3875
9;3879
20;3880
8;3889
13;3903
34;3904
35;3906
30;3907
37;3908
155;3932
194;3965
2;3966
53;3968
11;3969
8;3970
159;3971
26;3972
1;3980
171;3991
26;3998
27;3999
19;4001
7;4002
32;4004
14;4005
1;4010
1;4012
9;4019
159;4025
59;4061
47;4063
24;4064
2;4080
9;4082
9;4084
5;4088
9;4101
1;4110
149;4111
36;4112
33;4117
5;4159
40;4160
161;4171
15;4172
30;4178
15;4179
18;4183
5;4192
4;4201
29;4209
29;4245
39;4253
38;4254
76;4255
34;4256
33;4274
24;4275
38;4299
4;4303
5;4312
81;4349
205;4350
56;4351
18;4352
9;4353
19;4356
8;4357
1;4371
52;4372
165;4379
9;4384
16;4393
3;4396
25;4398
9;4402
171;4403
13;4407
34;4445
91;4446
14;4447
49;4448
1;4449
22;4465
39;4467
12;4468
7;4484
156;4486
6;4490
24;4499
217;4541
48;4542
27;4543
19;4544
77;4545
15;4546
191;4547
519;4548
17;4552
6;4563
4;4565
21;4573
17;4576
199;4577
15;4578
12;4580
40;4589
3;4593
48;4595
31;4596
9;4600
21;4621
34;4637
40;4638
96;4639
12;4640
40;4642
13;4643
166;4644
18;4662
5;4669
12;4674
7;4679
13;4694
33;4699
44;4733
71;4734
172;4735
45;4736
5;4737
1;4743
16;4747
20;4753
34;4756
25;4758
2;4772
39;4786
40;4790
18;4792
8;4829
8;4830
87;4831
24;4832
23;4835
3;4849
11;4850
17;4851
25;4852
31;4874
2;4877
36;4884
52;4925
279;4926
25;4927
325;4928
23;4935
3;4940
13;4945
168;4946
22;4947
10;4961
12;4969
32;4979
3;5021
5;5022
67;5023
26;5024
33;5026
9;5042
10;5043
27;5044
15;5045
14;5047
41;5068
3;5072
2;5079
30;5080
52;5118
12;5119
217;5120
28;5122
1;5132
160;5134
29;5137
3;5139
35;5147
1;5157
30;5163
17;5170
46;5173
4;5213
7;5214
58;5215
6;5217
591;5218
21;5219
33;5220
22;5230
156;5237
181;5245
54;5246
27;5247
64;5248
47;5249
12;5251
36;5252
20;5257
29;5264
26;5265
9;5269
23;5270
10;5275
16;5310
13;5311
151;5312
36;5313
195;5314
10;5315
35;5316
7;5323
15;5324
26;5332
24;5344
2;5348
1;5358
11;5360
1;5361
3;5365
162;5373
170;5405
27;5406
107;5407
186;5408
26;5426
32;5441
5;5449
23;5453
3;5454
40;5501
330;5502
331;5503
81;5504
21;5518
20;5521
158;5528
33;5538
26;5548
30;5553
150;5559
2;5560
16;5567
22;5582
11;5597
41;5598
55;5599
63;5600
17;5607
5;5617
2;5639
14;5642
8;5648
6;5649
30;5650
1;5652
7;5653
8;5667
45;5693
192;5694
3;5695
238;5696
10;5705
30;5706
1;5713
149;5715
35;5716
11;5726
3;5727
9;5730
15;5732
29;5733
2;5739
22;5740
11;5745
34;5747
7;5751
159;5788
21;5789
38;5790
88;5791
187;5792
43;5809
27;5810
175;5812
34;5825
28;5839
26;5847
34;5885
53;5886
28;5887
222;5889
27;5890
29;5918
28;5919
3;5920
50;5921
46;5922
17;5923
19;5928
2;5938
19;5941
172;5943
1;5961
10;5982
43;5983
12;5984
7;5985
27;5986
67;5987
18;6017
36;6020
12;6024
20;6028
11;6035
31;6036
18;6037
25;6041
1;6042
13;6043
30;6077
56;6079
1;6080
29;6081
10;6082
19;6084
35;6093
25;6098
4;6099
25;6100
9;6103
7;6111
14;6129
29;6136
24;6173
97;6174
163;6175
125;6176
34;6181
4;6184
12;6193
580;6194
13;6196
3;6207
5;6224
30;6226
32;6228
181;6232
35;6242
9;6269
27;6270
60;6271
50;6272
21;6289
16;6291
17;6292
27;6294
31;6312
13;6314
12;6316
44;6320
1;6322
6;6325
34;6365
225;6366
47;6367
59;6368
35;6385
15;6386
31;6387
11;6388
25;6398
16;6402
30;6409
26;6410
5;6411
7;6412
6;6415
42;6461
13;6462
57;6463
233;6464
18;6469
3;6470
5;6477
183;6481
19;6482
8;6483
7;6484
2;6492
23;6502
54;6507
4;6515
45;6516
19;6552
24;6557
67;6558
54;6559
6;6561
189;6563
14;6565
22;6567
13;6573
192;6591
77;6592
9;6594
2;6604
18;6610
35;6615
25;6616
8;6617
9;6628
10;6647
13;6653
199;6655
14;6656
17;6657
42;6659
29;6660
30;6661
169;6678
18;6687
3;6691
22;6695
14;6700
9;6703
16;6709
5;6710
751;6750
76;6751
33;6752
30;6759
158;6771
22;6772
5;6793
31;6795
6;6796
6;6800
197;6845
46;6846
38;6847
35;6848
34;6865
192;6867
17;6874
11;6879
22;6884
151;6890
8;6897
23;6904
58;6941
48;6942
212;6943
22;6944
33;6963
17;6964
10;6993
187;7037
35;7038
34;7039
204;7040
9;7049
4;7050
17;7058
10;7059
42;7060
22;7062
3;7084
15;7087
37;7089
156;7092
11;7095
18;7096
5;7133
41;7134
12;7135
37;7136
19;7153
30;7156
32;7165
33;7166
1;7171
29;7174
150;7181
11;7183
25;7186
15;7191
52;7229
21;7230
74;7231
41;7232
44;7233
5;7234
167;7236
26;7239
17;7256
14;7259
4;7263
13;7264
1;7265
45;7267
31;7268
38;7272
18;7279
32;7282
21;7283
3;7290
6;7299
36;7307
13;7327
4;7329
34;7330
18;7331
57;7332
32;7346
17;7348
6;7357
34;7359
5;7361
10;7362
32;7373
10;7380
12;7382
16;7385
33;7386
3;7387
15;7388
4;7394
204;7421
96;7423
38;7424
8;7438
11;7439
25;7441
50;7443
194;7444
35;7455
22;7456
19;7461
40;7465
25;7468
20;7471
191;7473
3;7480
13;7517
187;7518
9;7519
29;7520
3;7523
38;7537
69;7540
35;7548
37;7553
8;7561
15;7567
166;7568
172;7571
29;7573
17;7580
7;7581
26;7613
71;7614
42;7615
35;7616
162;7620
9;7622
12;7633
25;7634
5;7635
5;7647
19;7664
19;7668
7;7669
10;7670
15;7672
175;7709
366;7710
14;7711
46;7712
11;7720
17;7729
5;7730
41;7731
150;7732
8;7749
4;7755
26;7759
13;7760
20;7761
13;7765
95;7805
206;7806
73;7807
62;7808
22;7811
13;7813
158;7825
8;7826
18;7827
52;7828
25;7849
4;7854
3;7862
22;7872
17;7901
184;7902
28;7904
194;7905
55;7906
37;7907
65;7908
11;7910
23;7919
32;7924
8;7925
18;7928
38;7934
13;7937
21;7939
8;7942
19;7959
159;7962
91;7997
178;7998
32;7999
45;8001
3;8002
51;8003
36;8004
5;8012
26;8029
52;8031
26;8032
9;8034
11;8035
6;8036
4;8049
14;8050
3;8052
3;8055
44;8057
15;8073
206;8093
39;8094
57;8096
16;8113
21;8114
168;8115
41;8131
1;8137
32;8138
9;8139
32;8141
25;8146
4;8151
158;8152
12;8189
31;8190
10;8191
33;8192
20;8209
15;8210
59;8211
153;8217
11;8236
27;8238
164;8243
73;8285
30;8286
230;8287
270;8288
3;8305
14;8307
18;8333
7;8341
76;8381
34;8382
150;8383
1;8384
3;8388
4;8403
20;8404
9;8406
6;8425
7;8427
14;8432
3;8433
12;8437
23;8438
8;8439
175;8477
12;8478
197;8479
16;8480
26;8483
154;8484
32;8493
4;8499
14;8500
10;8503
7;8519
46;8523
11;8534
165;8535
22;8573
64;8575
20;8576
11;8577
52;8579
18;8580
22;8597
12;8603
167;8605
4;8606
6;8607
188;8610
44;8611
18;8612
48;8626
12;8627
30;8629
3;8631
147;8632
10;8636
21;8665
29;8666
30;8668
50;8669
13;8670
52;8671
33;8698
20;8700
11;8701
8;8702
4;8704
23;8716
165;8718
19;8720
161;8722
157;8725
37;8727
31;8761
86;8762
729;8763
192;8764
9;8775
6;8781
14;8783
4;8784
8;8799
9;8801
8;8806
13;8807
6;8814
38;8819
47;8858
49;8859
26;8860
7;8877
14;8878
11;8879
189;8880
22;8904
9;8910
3;8913
169;8953
46;8954
23;8955
26;8956
5;8963
166;8974
11;8976
22;8983
20;9003
15;9009
97;9049
23;9051
32;9052
2;9059
24;9070
9;9071
175;9072
16;9091
11;9096
35;9101
33;9103
29;9104
6;9106
18;9129
97;9146
3;9147
588;9148
12;9159
20;9165
12;9167
7;9168
30;9169
20;9175
15;9190
41;9191
20;9196
12;9197
11;9201
1;9204
14;9217
103;9241
27;9242
19;9243
15;9244
16;9245
194;9246
26;9247
2;9248
5;9249
10;9274
52;9276
14;9279
67;9280
32;9281
29;9283
35;9285
3;9286
9;9288
10;9292
21;9293
7;9297
185;9303
14;9304
3;9306
32;9337
9;9339
14;9340
10;9341
30;9342
45;9343
42;9344
10;9352
34;9365
25;9367
29;9369
34;9370
16;9371
16;9373
36;9374
30;9375
20;9383
15;9392
23;9397
31;9434
47;9435
223;9436
16;9444
33;9453
3;9457
22;9476
163;9483
20;9485
26;9487
29;9525
439;9529
187;9530
27;9531
53;9532
157;9549
32;9551
13;9574
28;9578
24;9582
22;9585
1;9587
43;9625
37;9626
34;9627
51;9628
9;9644
4;9645
2;9647
5;9648
12;9671
24;9676
5;9679
8;9681
12;9721
567;9722
64;9723
233;9724
18;9725
10;9731
6;9742
7;9744
14;9758
31;9762
17;9765
1;9768
32;9769
21;9771
10;9776
39;9778
9;9779
52;9817
28;9818
27;9819
34;9821
26;9837
9;9838
32;9839
74;9840
2;9847
20;9850
6;9861
9;9869
14;9874
8;9887
32;9888
153;9892
20;9900
55;9913
18;9914
27;9915
6;9917
22;9918
32;9920
10;9942
23;9945
149;9946
52;9949
49;9950
14;9952
31;9968
21;9970
3;9982
28;9984
22;9993
4;10004
15;10009
45;10010
18;10011
55;10012
582;10014
35;10015
560;10016
20;10042
20;10045
17;10046
14;10048
13;10054
19;10071
69;10105
32;10106
72;10107
19;10108
24;10125
9;10126
24;10127
14;10138
21;10151
23;10152
40;10159
16;10162
159;10201
29;10202
77;10203
101;10204
15;10205
33;10221
146;10222
168;10223
23;10224
21;10235
17;10236
562;10251
10;10255
17;10256
12;10259
32;10297
31;10298
231;10299
60;10300
14;10316
25;10317
38;10318
17;10320
6;10323
2;10328
14;10354
269;10393
17;10394
78;10395
10;10396
12;10397
15;10400
17;10413
1;10416
4;10426
2;10429
1;10441
5;10444
8;10445
24;10449
14;10451
177;10489
1;10490
90;10491
87;10492
25;10496
33;10500
6;10504
31;10509
36;10511
187;10512
152;10534
9;10537
11;10540
11;10544
13;10546
160;10577
39;10586
2;10587
55;10588
14;10589
101;10590
53;10591
31;10592
27;10619
2;10622
4;10625
16;10634
5;10640
20;10641
4;10642
30;10644
28;10645
33;10646
24;10667
2;10670
20;10681
31;10682
207;10683
22;10684
24;10685
34;10687
13;10688
18;10691
14;10698
10;10705
146;10713
12;10714
18;10716
13;10718
17;10725
21;10726
5;10727
5;10730
152;10733
5;10737
18;10738
170;10748
230;10777
219;10778
50;10779
24;10780
16;10793
11;10799
155;10806
33;10821
150;10823
28;10824
162;10826
5;10828
1;10829
23;10831
3;10836
207;10873
164;10874
184;10875
48;10876
2;10879
152;10888
62;10893
34;10895
25;10918
10;10921
27;10924
17;10927
12;10928
3;10932
4;10945
228;10969
49;10970
18;10971
38;10972
64;10989
1;10991
4;11002
21;11006
11;11013
37;11014
29;11015
5;11018
20;11021
8;11024
22;11027
18;11028
29;11064
206;11065
16;11066
11;11068
24;11084
35;11085
7;11086
25;11096
12;11097
2;11109
26;11110
7;11112
7;11113
12;11114
8;11117
41;11161
132;11162
23;11163
349;11164
6;11171
2;11177
4;11178
153;11182
13;11183
17;11198
2;11208
22;11210
4;11212
33;11215
163;11218
3;11219
26;11242
22;11257
55;11258
38;11259
40;11260
21;11261
8;11263
23;11264
12;11267
26;11272
5;11288
31;11291
24;11293
179;11296
21;11316
53;11353
61;11354
65;11355
16;11356
9;11357
19;11358
7;11359
59;11360
19;11364
29;11385
11;11386
25;11387
6;11389
151;11390
3;11392
3;11412
59;11413
29;11417
13;11443
13;11449
37;11450
126;11451
61;11452
6;11457
1;11464
38;11469
24;11470
27;11471
153;11479
4;11483
24;11493
183;11495
7;11502
15;11503
18;11504
27;11507
156;11508
253;11545
13;11546
204;11547
68;11548
20;11552
7;11566
24;11567
36;11568
19;11573
18;11593
29;11596
9;11635
192;11641
8;11642
197;11643
58;11644
9;11655
59;11661
1;11662
12;11663
37;11664
1;11677
2;11694
1;11695
19;11696
27;11699
50;11737
49;11738
2;11739
85;11740
53;11758
11;11760
9;11780
2;11781
243;11833
44;11834
53;11835
31;11836
52;11853
11;11854
20;11855
28;11860
26;11867
3;11877
553;11884
28;11885
20;11889
29;11905
2;11927
82;11929
1;11930
32;11932
25;11933
45;11935
6;11936
27;11954
38;11962
13;11963
10;11964
7;11966
5;11967
6;11972
2;11987
30;12000
7;12025
40;12027
33;12031
51;12032
166;12035
20;12038
3;12047
7;12057
37;12058
9;12059
201;12060
31;12061
55;12062
34;12063
38;12064
3;12075
7;12077
27;12079
40;12080
149;12081
7;12084
2;12085
21;12114
37;12121
39;12122
33;12123
199;12124
12;12129
153;12134
6;12142
159;12159
8;12165
18;12166
40;12172
302;12173
8;12174
22;12178
11;12179
14;12193
71;12217
357;12218
36;12219
48;12220
10;12223
11;12235
19;12237
30;12239
5;12240
4;12252
15;12259
10;12261
9;12266
16;12268
18;12270
64;12272
8;12288
21;12299
19;12313
25;12314
34;12315
189;12316
24;12329
49;12334
34;12336
30;12337
7;12359
7;12365
6;12371
88;12409
42;12410
15;12411
40;12412
22;12428
183;12431
11;12437
9;12442
29;12448
4;12465
45;12505
54;12506
13;12507
24;12508
10;12511
29;12517
16;12521
10;12526
23;12528
22;12550
8;12557
35;12560
9;12561
2;12563
9;12564
21;12588
203;12601
15;12602
22;12603
6;12604
14;12606
22;12607
17;12608
11;12632
1;12633
28;12634
43;12636
4;12637
21;12639
3;12671
20;12697
31;12699
78;12700
22;12701
7;12702
24;12703
192;12704
36;12709
165;12721
16;12725
11;12729
6;12730
19;12731
31;12733
3;12750
24;12752
22;12793
51;12794
20;12795
96;12796
10;12805
162;12811
1;12814
26;12815
18;12816
23;12830
35;12841
162;12842
67;12890
41;12891
26;12892
2;12896
13;12909
30;12911
16;12918
161;12925
2;12933
16;12936
13;12946
6;12947
13;12961
215;12985
38;12986
67;12987
258;12988
5;12999
170;13036
1;13037
5;13040
13;13043
3;13044
42;13081
55;13082
44;13083
15;13084
39;13101
23;13102
28;13103
8;13115
19;13118
3;13132
12;13157
207;13177
39;13178
12;13179
334;13180
29;13189
21;13190
11;13197
11;13199
23;13220
15;13222
8;13223
25;13226
32;13230
1;13232
5;13234
28;13254
11;13266
9;13269
95;13273
11;13274
13;13277
158;13278
7;13284
14;13304
12;13306
19;13307
7;13309
15;13311
17;13322
6;13324
25;13327
5;13328
8;13336
31;13339
25;13365
46;13369
44;13370
19;13371
24;13372
159;13373
28;13374
192;13375
29;13376
32;13401
27;13404
1;13407
3;13410
31;13417
33;13418
18;13424
25;13429
6;13456
2;13464
170;13465
58;13466
68;13467
82;13468
9;13472
13;13475
8;13476
35;13486
26;13487
162;13488
6;13511
25;13517
15;13523
17;13524
6;13527
20;13561
8;13562
50;13563
26;13564
191;13581
18;13583
6;13588
30;13605
9;13609
10;13610
27;13614
3;13619
65;13657
32;13658
14;13659
36;13677
26;13678
29;13679
8;13702
2;13709
14;13712
15;13716
16;13731
32;13753
19;13754
40;13755
19;13771
24;13802
34;13849
26;13850
16;13851
363;13852
33;13859
28;13869
5;13871
10;13885
5;13894
16;13896
12;13906
14;13907
24;13933
2;13936
9;13947
4;13948
8;13949
34;13950
52;13951
111;13952
39;13977
64;13978
55;13979
30;13980
3;13981
10;13982
44;13984
35;13989
20;13998
15;13999
10;14001
7;14002
38;14003
2;14016
15;14041
174;14042
12;14043
18;14044
339;14045
1;14046
9;14047
16;14048
27;14049
8;14054
1;14073
14;14075
20;14077
40;14078
5;14079
6;14092
570;14096
4;14097
560;14099
28;14104
5;14137
95;14138
53;14139
36;14140
16;14152
4;14154
4;14157
30;14158
31;14160
21;14175
24;14178
6;14186
24;14187
44;14190
2;14191
8;14194
65;14233
53;14234
7;14236
4;14248
13;14255
6;14256
6;14257
3;14273
3;14288
5;14289
3;14291
23;14314
24;14317
35;14330
346;14331
33;14332
29;14349
19;14351
15;14365
37;14375
6;14376
4;14383
10;14398
33;14425
142;14427
50;14428
9;14445
31;14447
27;14462
27;14465
5;14470
154;14473
26;14474
4;14476
28;14477
34;14479
29;14484
52;14521
151;14522
39;14524
23;14534
194;14541
2;14544
8;14559
29;14562
22;14565
172;14567
3;14568
34;14570
12;14571
9;14576
24;14578
153;14617
163;14618
31;14619
34;14621
30;14622
13;14623
19;14642
10;14646
5;14652
28;14653
159;14659
8;14663
10;14666
32;14669
33;14670
20;14674
164;14675
21;14677
27;14680
35;14707
1;14714
32;14717
155;14718
55;14719
4;14720
30;14722
11;14735
17;14750
26;14751
9;14767
4;14772
36;14776
31;14779
33;14780
72;14809
2;14810
207;14811
5;14812
26;14828
37;14832
9;14838
9;14839
13;14842
36;14843
12;14853
19;14860
167;14862
31;14905
201;14906
92;14907
188;14908
520;14911
42;14925
13;14928
3;14949
23;14950
8;14953
12;14957
63;15001
129;15002
5;15003
50;15004
14;15011
17;15015
30;15021
31;15023
8;15024
3;15043
23;15046
13;15050
14;15055
22;15056
176;15097
81;15098
8;15099
48;15100
20;15102
558;15103
16;15104
7;15109
1;15118
15;15119
13;15120
5;15137
30;15145
19;15165
162;15193
56;15194
30;15195
4;15196
19;15213
5;15214
161;15215
31;15216
7;15225
23;15244
163;15247
14;15248
3;15263
19;15282
170;15289
16;15290
22;15292
10;15293
36;15295
17;15296
22;15305
50;15310
8;15311
27;15321
162;15327
2;15345
11;15351
43;15385
22;15386
53;15387
191;15388
3;15391
175;15392
22;15406
17;15420
23;15421
7;15422
165;15423
52;15424
4;15432
7;15435
32;15440
15;15442
23;15444
16;15447
163;15466
66;15481
14;15482
22;15483
79;15484
15;15501
67;15504
4;15505
13;15509
8;15527
6;15540
5;15560
63;15577
13;15578
30;15579
58;15580
6;15587
8;15598
23;15600
8;15622
5;15624
23;15625
3;15626
34;15628
24;15673
39;15674
10;15676
5;15695
11;15696
7;15730
5;15749
156;15769
28;15770
41;15772
16;15773
23;15789
23;15792
6;15810
26;15818
6;15820
164;15822
13;15865
24;15866
37;15867
304;15868
11;15883
51;15885
55;15886
163;15887
11;15891
26;15895
6;15912
167;15913
30;15916
7;15922
9;15943
14;15961
214;15964
165;15966
27;15967
30;15968
172;15993
63;15994
17;15995
10;15996
19;15998
26;16054
23;16056
12;16058
64;16059
61;16060
19;16061
15;16062
5;16063
38;16064
3;16069
32;16078
5;16089
36;16091
9;16093
9;16096
29;16097
18;16099
15;16101
4;16110
163;16113
155;16114
23;16117
34;16119
1;16120
33;16133
37;16153
195;16154
6;16155
46;16156
159;16179
3;16187
24;16196
9;16200
3;16205
7;16206
54;16249
61;16250
244;16251
38;16252
25;16258
30;16260
21;16266
20;16271
165;16272
7;16299
23;16302
12;16307
21;16332
1;16345
52;16346
274;16347
172;16348
20;16365
40;16367
30;16368
14;16369
7;16374
10;16381
9;16387
155;16390
16;16391
147;16396
162;16398
13;16399
162;16401
35;16403
197;16441
183;16442
103;16443
42;16444
4;16454
2;16455
4;16463
34;16464
21;16482
16;16491
36;16492
38;16493
13;16504
19;16537
35;16538
25;16539
2;16540
151;16550
21;16557
27;16574
15;16578
3;16586
21;16589
16;16592
18;16608
31;16633
41;16634
65;16635
28;16636
22;16637
26;16639
40;16640
19;16643
5;16655
22;16665
9;16667
16;16668
19;16669
37;16685
25;16689
20;16730
26;16731
26;16733
49;16735
52;16736
57;16768
34;16784
28;16792
17;16821
27;16825
34;16826
217;16827
181;16828
8;16839
27;16840
21;16845
24;16867
25;16868
3;16870
25;16871
12;16873
2;16874
21;16877
57;16921
39;16922
12;16923
53;16924
167;16925
34;16941
14;16942
4;16948
23;16965
5;16971
29;16973
10;16974
4;16975
24;16980
18;16990
53;17017
11;17018
69;17019
42;17020
27;17031
1;17037
14;17039
19;17040
7;17051
23;17055
38;17066
9;17067
165;17068
15;17075
48;17113
38;17115
64;17116
6;17121
25;17130
12;17153
4;17157
10;17159
20;17173
165;17209
42;17210
40;17211
60;17212
29;17230
37;17231
167;17253
41;17254
6;17270
8;17282
19;17305
16;17306
1;17307
18;17309
37;17310
175;17311
160;17312
20;17338
10;17339
33;17340
163;17341
7;17343
164;17357
21;17359
30;17367
14;17381
1;17386
173;17401
251;17402
244;17403
62;17404
16;17407
17;17408
12;17409
32;17435
28;17438
25;17439
21;17440
3;17457
11;17464
66;17497
23;17498
52;17499
351;17500
13;17517
31;17519
29;17533
19;17544
12;17546
14;17547
24;17549
10;17555
45;17593
27;17594
26;17595
67;17596
151;17603
17;17606
11;17613
40;17615
6;17637
32;17639
6;17641
3;17648
37;17654
10;17684
89;17689
37;17690
26;17691
63;17692
3;17710
74;17711
37;17712
7;17731
3;17741
102;17785
60;17786
205;17787
9;17788
4;17802
2;17805
3;17807
26;17813
9;17829
2;17832
4;17835
17;17836
12;17842
37;17881
11;17882
56;17883
198;17884
13;17903
18;17930
37;17935
20;17937
5;17939
30;17940
21;17956
30;17977
44;17978
32;17980
33;17981
16;17982
42;17983
25;17984
7;17995
18;18002
31;18007
15;18009
51;18014
28;18016
8;18023
32;18033
54;18039
20;18071
21;18073
68;18075
4;18076
18;18078
16;18079
27;18080
10;18093
157;18099
31;18101
23;18106
9;18107
6;18108
11;18109
31;18110
153;18111
1;18125
13;18129
38;18169
214;18170
23;18171
43;18172
14;18177
2;18191
25;18206
5;18213
1;18218
41;18221
6;18222
96;18265
40;18266
77;18267
37;18268
13;18269
22;18276
25;18281
5;18285
156;18286
32;18287
11;18288
1;18295
28;18314
197;18361
29;18362
80;18363
21;18364
17;18381
13;18411
17;18412
25;18425
3;18429
118;18457
51;18458
13;18459
123;18460
8;18461
11;18477
17;18482
13;18494
13;18503
16;18515
3;18516
19;18553
172;18554
78;18555
30;18556
10;18573
9;18574
51;18575
21;18576
13;18578
10;18589
6;18598
6;18601
32;18608
23;18611
33;18633
7;18634
11;18650
6;18651
3;18652
168;18655
26;18656
9;18660
12;18671
9;18672
12;18683
11;18684
6;18685
20;18686
12;18687
25;18696
10;18705
75;18709
36;18738
37;18745
12;18746
41;18747
47;18748
165;18750
6;18751
39;18752
9;18759
7;18769
16;18778
175;18780
28;18781
570;18782
26;18798
5;18802
34;18803
16;18841
169;18842
17;18843
31;18844
6;18858
6;18863
22;18889
9;18895
27;18899
125;18938
29;18939
41;18940
18;18950
32;18958
5;18960
22;18976
25;18981
191;18982
7;18986
28;18996
181;19033
5;19034
80;19035
8;19036
168;19054
9;19060
1;19063
16;19068
12;19081
16;19088
60;19129
26;19130
43;19132
19;19136
2;19144
1135;19151
19;19167
5;19174
7;19179
26;19182
66;19225
674;19226
49;19227
46;19228
182;19245
26;19262
32;19264
31;19270
7;19273
33;19276
7;19281
13;19305
85;19321
171;19322
7;19324
10;19327
8;19328
12;19329
8;19341
172;19353
20;19356
37;19357
13;19359
34;19360
562;19362
164;19367
2;19373
2;19377
36;19378
4;19379
1;19382
21;19417
17;19418
16;19419
154;19420
148;19421
16;19422
5;19423
6;19424
2;19439
72;19449
40;19450
173;19451
35;19452
23;19453
30;19454
64;19455
10;19462
20;19476
23;19478
15;19483
32;19513
181;19514
24;19515
41;19516
12;19526
67;19534
34;19535
17;19538
16;19549
28;19558
52;19561
4;19565
155;19604
6;19609
19;19610
82;19611
29;19612
1;19626
25;19627
16;19630
157;19632
32;19634
32;19658
12;19659
23;19660
22;19666
16;19705
73;19706
11;19708
16;19727
23;19738
21;19754
3;19757
9;19758
24;19763
29;19801
642;19803
28;19804
23;19810
8;19815
6;19821
11;19824
54;19837
22;19840
56;19850
6;19854
17;19859
32;19860
55;19897
31;19898
43;19899
35;19900
13;19907
13;19911
37;19917
37;19918
26;19919
2;19928
33;19934
22;19951
15;19954
3;19956
13;19987
35;19993
71;19994
16;19996
161;19997
28;19998
348;19999
10;20006
32;20020
12;20025
12;20026
22;20028
12;20029
5;20030
19;20045
163;20047
26;20048
15;20053
156;20054
13;20089
9;20090
57;20091
9;20092
230;20093
35;20094
12;20095
13;20096
12;20100
32;20109
6;20110
20;20122
20;20127
9;20131
548;20143
9;20148
166;20151
46;20185
48;20186
10;20187
81;20188
1;20189
13;20192
31;20200
7;20205
18;20206
158;20208
10;20210
27;20233
11;20236
15;20263
51;20281
5;20282
4;20283
29;20284
17;20286
4;20302
3;20303
25;20327
149;20332
33;20377
30;20378
222;20379
168;20380
25;20388
30;20398
28;20426
379;20473
85;20474
66;20475
35;20476
29;20478
518;20491
7;20493
18;20494
3;20496
9;20513
12;20519
14;20523
31;20526
155;20548
204;20570
91;20571
20;20572
50;20590
39;20591
67;20592
23;20610
8;20619
14;20625
39;20626
200;20627
17;20655
165;20665
19;20667
30;20668
54;20669
38;20670
8;20671
60;20672
11;20681
7;20683
21;20690
25;20694
6;20698
25;20703
29;20718
24;20719
34;20761
34;20762
30;20763
9;20764
14;20766
9;20767
61;20768
4;20771
10;20782
32;20793
25;20795
33;20796
27;20797
49;20798
159;20803
29;20814
9;20823
2;20824
200;20857
285;20859
84;20860
12;20878
6;20879
18;20895
17;20898
1;20908
3;20914
25;20916
69;20953
46;20954
46;20955
179;20956
22;20957
16;20973
2;20974
27;20975
31;20976
13;20977
6;20990
4;20998
2;21004
19;21009
21;21049
225;21050
24;21051
183;21052
44;21070
160;21071
2;21079
11;21087
19;21092
14;21100
19;21101
15;21103
19;21105
34;21145
70;21146
26;21147
19;21149
4;21166
183;21195
19;21197
5;21199
12;21203
13;21229
15;21241
103;21243
6;21244
28;21250
23;21252
36;21270
9;21285
10;21296
3;21298
33;21300
338;21337
48;21338
24;21339
30;21341
10;21342
19;21344
16;21346
10;21353
16;21370
43;21372
8;21373
28;21374
193;21376
189;21392
7;21416
10;21425
4;21433
26;21434
33;21435
28;21436
212;21438
1;21439
164;21449
6;21450
31;21461
66;21467
18;21470
12;21471
6;21488
19;21494
42;21529
75;21530
72;21531
191;21532
15;21544
19;21549
30;21551
20;21574
1;21576
6;21577
16;21625
191;21626
44;21627
51;21628
160;21632
28;21634
158;21651
13;21721
77;21722
41;21723
27;21724
26;21738
29;21741
154;21742
10;21765
164;21766
33;21768
27;21772
12;21773
8;21775
168;21778
31;21779
32;21791
59;21817
50;21818
13;21819
61;21820
22;21839
5;21861
6;21869
9;21870
165;21871
27;21880
21;21913
12;21914
571;21915
2;21917
22;21934
10;21936
25;21957
20;21959
2;21962
40;22001
53;22009
179;22010
29;22011
34;22012
18;22013
211;22014
18;22016
47;22041
25;22042
18;22043
6;22052
17;22055
29;22057
9;22064
2;22069
25;22071
8;22072
566;22078
19;22094
1;22102
50;22105
29;22106
70;22107
24;22109
11;22110
1;22111
19;22112
8;22113
35;22121
1;22122
5;22129
156;22138
18;22139
26;22140
17;22141
1;22142
15;22144
169;22159
13;22160
160;22164
31;22165
43;22201
54;22202
20;22203
53;22204
18;22207
4;22221
21;22223
10;22235
157;22247
26;22256
167;22257
14;22275
27;22283
34;22298
26;22300
18;22302
4;22310
6;22317
35;22319
5;22323
19;22339
9;22341
11;22344
33;22349
12;22356
10;22365
20;22393
186;22394
63;22395
15;22396
28;22413
2;22415
1;22416
22;22423
20;22424
20;22433
3;22439
7;22443
3;22449
32;22473
66;22489
15;22490
203;22492
7;22509
12;22510
26;22512
17;22523
2;22531
13;22533
15;22535
565;22538
13;22547
10;22571
60;22585
185;22586
68;22587
66;22588
14;22605
2;22606
150;22607
35;22630
2;22632
2;22634
29;22637
21;22643
15;22663
7;22682
11;22684
22;22687
64;22688
12;22714
9;22715
28;22716
5;22718
9;22719
4;22735
173;22740
19;22743
54;22777
3;22779
25;22780
19;22781
28;22782
2;22783
29;22785
21;22802
20;22813
19;22814
158;22816
15;22830
13;22835
33;22837
26;22838
34;22840
28;22863
61;22873
194;22874
12;22875
79;22876
13;22883
14;22884
24;22894
156;22895
31;22899
10;22912
32;22917
5;22923
30;22924
93;22969
41;22970
26;22971
7;22972
11;22991
26;23002
57;23015
10;23016
46;23018
10;23023
2;23026
16;23027
28;23028
11;23042
6;23065
46;23066
185;23067
29;23068
2;23073
5;23076
1;23087
29;23088
163;23101
14;23111
3;23117
6;23118
34;23121
28;23124
22;23161
41;23162
26;23164
24;23165
15;23167
32;23169
9;23181
49;23182
21;23183
13;23195
12;23211
153;23212
26;23217
10;23219
2;23258
19;23259
7;23260
6;23261
5;23277
1;23301
5;23307
4;23309
557;23314
9;23315
13;23354
57;23355
45;23356
47;23357
26;23358
35;23359
99;23360
35;23379
10;23388
15;23389
55;23390
30;23405
6;23408
13;23411
28;23424
36;23441
65;23449
35;23450
33;23452
16;23453
16;23455
595;23456
13;23470
11;23481
3;23482
4;23483
14;23492
18;23502
10;23506
5;23545
42;23546
15;23547
218;23548
39;23559
3;23561
28;23567
165;23568
8;23577
26;23591
6;23592
15;23596
103;23641
46;23642
124;23643
27;23644
9;23661
42;23662
18;23664
23;23666
27;23674
12;23678
26;23686
18;23694
18;23698
8;23700
27;23723
10;23728
24;23737
14;23738
3;23739
168;23740
1;23742
3;23758
6;23764
9;23768
5;23788
36;23793
4;23794
22;23795
6;23796
162;23798
41;23833
30;23834
21;23835
9;23836
157;23837
19;23843
11;23848
163;23854
33;23856
53;23879
2;23886
345;23929
85;23930
14;23931
13;23932
18;23935
1;23937
6;23950
29;23951
3;23961
31;23974
31;23977
1;23979
10;23988
207;24025
30;24026
36;24029
15;24030
7;24031
197;24032
19;24058
19;24060
8;24062
17;24064
7;24070
8;24087
185;24121
4;24123
9;24125
5;24126
55;24127
87;24128
23;24139
170;24143
10;24152
12;24155
157;24159
31;24162
5;24165
50;24174
15;24178
181;24180
10;24184
4;24203
3;24211
211;24217
104;24218
35;24219
173;24220
8;24221
27;24228
2;24234
13;24238
12;24240
25;24255
12;24256
21;24276
27;24293
33;24313
209;24314
37;24315
54;24316
2;24321
24;24333
29;24343
26;24359
3;24360
10;24365
35;24380
51;24409
6;24410
47;24411
12;24412
2;24431
17;24453
35;24459
13;24466
156;24496
67;24505
17;24506
121;24507
58;24508
6;24524
10;24526
12;24528
4;24529
30;24544
12;24554
9;24556
28;24558
16;24563
9;24580
52;24602
241;24603
163;24606
36;24613
61;24621
2;24622
27;24624
5;24629
21;24636
15;24640
10;24652
25;24657
12;24659
36;24691
30;24697
180;24698
3;24699
45;24700
31;24703
28;24704
7;24715
21;24730
30;24733
16;24734
6;24735
11;24755
30;24757
2;24758
20;24793
8;24795
217;24797
20;24799
32;24800
14;24814
2;24825
28;24826
201;24827
10;24829
2;24837
24;24846
26;24847
22;24851
7;24852
27;24854
252;24890
43;24891
32;24892
1;24897
23;24911
23;24931
20;24936
20;24937
36;24962
59;24985
50;24986
56;24987
36;24988
42;25005
5;25006
19;25008
1;25011
32;25021
8;25036
4;25041
161;25042
10;25071
13;25081
41;25082
179;25083
14;25084
18;25092
144;25101
16;25102
19;25103
2;25125
26;25126
43;25128
23;25131
17;25177
45;25178
38;25179
25;25180
37;25183
14;25188
29;25190
57;25197
44;25224
21;25228
20;25230
62;25273
28;25274
33;25276
9;25283
152;25294
2;25296
35;25309
23;25318
4;25320
39;25324
166;25326
3;25331
12;25369
10;25370
23;25372
6;25374
193;25375
72;25376
2;25377
18;25399
14;25401
40;25404
26;25405
11;25408
20;25409
7;25420
33;25421
36;25429
7;25465
16;25466
23;25467
29;25468
27;25469
174;25470
4;25472
8;25494
16;25498
36;25501
13;25504
4;25508
4;25511
149;25520
40;25521
15;25522
12;25527
38;25558
28;25561
52;25562
38;25563
33;25564
28;25566
2;25581
15;25584
14;25600
37;25607
154;25618
8;25649
270;25657
102;25658
229;25659
21;25660
9;25677
46;25678
2;25680
44;25690
30;25694
9;25695
8;25706
16;25707
16;25710
37;25753
33;25754
73;25755
33;25756
7;25757
18;25760
62;25773
67;25774
83;25775
19;25776
31;25803
10;25805
8;25806
153;25807
59;25849
39;25850
212;25851
57;25852
21;25857
161;25870
30;25871
11;25872
17;25895
9;25897
7;25899
15;25908
13;25945
46;25946
56;25948
157;25952
31;25966
22;25967
25;25968
17;25971
19;25981
14;25992
51;25995
41;25997
12;25998
8;26001
8;26003
2;26004
39;26041
4;26042
16;26043
45;26044
4;26045
207;26048
5;26057
189;26067
1;26074
33;26075
7;26078
5;26079
25;26080
32;26082
2;26095
8;26108
3;26110
16;26117
1;26137
15;26139
6;26140
8;26141
37;26142
145;26145
11;26159
34;26169
168;26171
21;26173
149;26190
5;26192
19;26195
31;26200
24;26232
90;26233
29;26234
31;26235
29;26236
15;26271
35;26273
16;26280
57;26329
52;26330
55;26331
55;26332
27;26335
11;26351
165;26365
559;26374
13;26378
12;26385
73;26425
5;26427
180;26428
27;26443
24;26445
10;26447
195;26521
37;26522
211;26523
196;26524
5;26528
31;26536
20;26538
10;26539
54;26541
8;26544
23;26553
9;26555
15;26564
5;26567
9;26574
28;26575
4;26576
190;26618
19;26619
220;26620
8;26627
12;26637
36;26638
11;26639
15;26646
25;26661
40;26664
31;26669
39;26713
27;26714
28;26716
6;26717
27;26719
13;26720
158;26728
18;26745
25;26746
21;26747
40;26749
14;26751
17;26757
19;26766
11;26768
20;26772
20;26774
20;26776
31;26810
165;26811
22;26812
59;26814
28;26815
2;26816
20;26819
57;26841
11;26842
40;26844
18;26845
6;26846
47;26847
2;26848
13;26851
155;26856
4;26864
13;26868
35;26870
44;26905
30;26906
197;26908
7;26925
5;26928
1;26934
2;26944
14;26945
4;26959
31;27001
401;27002
39;27003
26;27004
45;27021
11;27022
22;27023
2;27024
17;27025
13;27036
28;27048
35;27053
29;27093
207;27097
15;27098
49;27099
63;27100
7;27108
8;27119
178;27120
13;27126
28;27140
13;27141
34;27145
36;27147
23;27152
1;27154
9;27193
36;27194
2;27195
178;27196
9;27198
9;27214
50;27215
13;27216
13;27226
3;27227
34;27237
3;27240
12;27259
12;27260
3;27273
1;27289
61;27290
48;27292
5;27309
153;27310
24;27311
8;27326
20;27328
9;27337
29;27341
9;27347
173;27348
19;27366
35;27379
19;27385
12;27386
48;27387
8;27391
173;27392
23;27402
20;27404
18;27418
21;27419
177;27420
24;27423
11;27432
2;27435
9;27445
23;27446
20;27448
1;27451
154;27454
161;27468
152;27481
23;27482
215;27483
16;27484
1;27485
33;27487
190;27488
2;27513
27;27514
24;27515
15;27516
23;27518
2;27536
7;27577
175;27578
37;27579
29;27580
8;27595
49;27597
170;27598
13;27600
17;27607
27;27621
157;27625
18;27629
554;27634
160;27635
24;27636
9;27673
36;27674
13;27675
14;27680
3;27693
27;27695
86;27696
17;27700
15;27701
21;27718
4;27722
22;27732
12;27769
14;27771
209;27772
8;27778
3;27789
27;27790
11;27791
24;27814
11;27818
25;27825
6;27826
15;27865
109;27866
29;27867
166;27883
3;27885
15;27886
19;27887
14;27898
22;27909
13;27913
151;27924
19;27961
44;27962
75;27963
38;27964
5;27975
3;27982
35;28006
13;28011
23;28012
21;28036
12;28040
23;28057
7;28058
152;28059
79;28060
18;28062
12;28064
33;28069
22;28070
7;28077
29;28084
2;28085
13;28086
162;28091
188;28092
175;28094
7;28113
34;28117
4;28123
11;28131
3;28153
26;28154
25;28155
21;28156
10;28157
10;28159
28;28160
10;28169
32;28185
173;28186
13;28187
5;28188
35;28189
3;28191
24;28206
4;28209
32;28210
21;28249
21;28250
26;28251
191;28252
17;28260
35;28269
29;28270
176;28271
1;28272
12;28286
29;28292
3;28296
161;28303
13;28320
20;28324
51;28345
83;28346
1;28347
31;28348
8;28360
69;28365
47;28368
19;28392
16;28393
22;28394
20;28396
3;28398
36;28401
19;28404
12;28441
8;28443
23;28444
38;28463
13;28464
12;28486
23;28488
16;28489
19;28491
5;28495
47;28537
41;28538
7;28539
57;28540
16;28572
24;28582
3;28591
9;28596
18;28605
18;28633
41;28634
208;28635
33;28636
4;28637
18;28638
8;28643
21;28645
3;28650
3;28655
19;28656
4;28667
18;28685
24;28729
175;28730
2;28731
10;28732
44;28733
37;28734
566;28735
150;28736
10;28738
3;28748
25;28750
27;28753
156;28757
33;28765
8;28766
33;28767
20;28781
4;28788
30;28817
4;28825
11;28826
48;28827
25;28828
34;28829
33;28830
22;28831
20;28832
20;28835
9;28856
48;28857
54;28858
2;28859
39;28860
61;28861
45;28862
5;28864
7;28874
29;28878
43;28880
33;28921
204;28922
250;28923
50;28924
6;28933
10;28934
18;28942
64;28944
159;28970
19;28971
3;28977
9;29017
2;29018
41;29019
190;29020
6;29036
5;29037
47;29038
9;29040
2;29046
25;29068
21;29075
53;29113
11;29114
32;29115
60;29116
27;29148
4;29157
19;29165
2;29171
30;29192
29;29213
208;29214
81;29215
16;29216
33;29220
30;29234
32;29236
9;29256
11;29261
4;29265
4;29270
50;29309
59;29310
85;29311
12;29312
16;29327
31;29329
34;29330
10;29332
14;29337
173;29341
8;29355
30;29357
19;29361
16;29363
19;29366
17;29406
42;29407
148;29408
25;29410
22;29412
5;29414
32;29431
1;29436
16;29439
175;29440
54;29441
12;29442
25;29444
5;29457
15;29460
17;29465
32;29466
8;29467
13;29501
188;29502
32;29503
47;29504
64;29507
196;29508
3;29530
10;29533
11;29536
32;29537
33;29538
9;29539
2;29545
168;29553
2;29557
26;29561
41;29562
17;29564
109;29598
46;29599
202;29600
11;29607
24;29612
33;29620
19;29644
14;29649
11;29650
5;29656
100;29693
66;29694
7;29695
200;29696
14;29697
8;29714
158;29716
36;29717
4;29732
20;29737
17;29738
11;29744
29;29751
4;29752
39;29789
57;29790
2;29791
85;29792
4;29801
20;29809
48;29810
8;29811
30;29812
15;29815
8;29830
29;29833
5;29839
15;29840
39;29847
28;29885
27;29886
7;29887
1;29895
14;29905
15;29907
14;29908
10;29926
5;29929
35;29935
5;29940
31;29944
36;29981
10;29984
2;30002
9;30003
56;30004
63;30016
27;30027
10;30029
176;30034
39;30038
17;30077
191;30078
201;30079
24;30080
21;30081
9;30084
32;30092
6;30098
6;30101
174;30110
12;30112
25;30114
26;30115
5;30119
33;30129
8;30132
16;30149
11;30173
34;30175
6;30176
1;30177
19;30178
212;30179
41;30180
22;30196
27;30198
42;30205
14;30206
13;30207
7;30208
19;30209
7;30210
6;30212
12;30217
4;30227
12;30231
2;30232
38;30269
7;30270
31;30283
25;30289
16;30292
26;30309
21;30313
25;30317
3;30318
20;30319
13;30324
42;30365
56;30366
579;30367
15;30368
161;30370
8;30372
15;30377
11;30390
11;30409
6;30411
16;30413
5;30414
4;30420
35;30461
46;30463
180;30464
160;30472
14;30482
9;30512
173;30557
171;30558
4;30559
38;30560
26;30565
13;30567
58;30572
41;30577
13;30578
145;30580
20;30597
13;30602
5;30604
20;30615
33;30653
58;30654
177;30655
30;30656
6;30659
42;30675
34;30682
23;30697
15;30698
21;30699
11;30703
21;30705
10;30737
11;30749
27;30750
7;30751
52;30752
9;30753
182;30754
17;30755
11;30756
4;30760
5;30765
21;30781
18;30782
166;30787
22;30788
29;30793
9;30798
19;30804
39;30805
13;30806
4;30809
26;30845
30;30846
40;30847
11;30848
1;30849
5;30850
13;30851
73;30852
9;30872
4;30873
7;30878
7;30881
5;30884
37;30901
30;30904
9;30905
27;30906
24;30907
12;30915
26;30941
69;30942
47;30943
15;30946
29;30953
9;30961
9;30964
6;30991
24;30993
3;30994
33;30997
36;30999
21;31037
53;31038
41;31039
61;31040
13;31057
25;31059
8;31060
36;31074
24;31082
26;31084
4;31085
10;31087
23;31090
162;31093
31;31096
24;31128
196;31133
26;31134
36;31135
25;31136
4;31138
7;31143
53;31153
16;31154
17;31155
168;31156
169;31168
8;31177
16;31179
83;31181
149;31185
46;31229
26;31230
172;31231
166;31232
28;31248
39;31249
181;31251
3;31252
6;31254
2;31260
11;31269
31;31276
9;31282
188;31283
23;31285
244;31325
114;31326
37;31327
36;31328
18;31336
50;31347
25;31348
170;31369
14;31371
2;31372
16;31374
25;31381
98;31421
34;31422
55;31423
40;31424
8;31426
11;31427
51;31428
4;31432
18;31442
13;31456
10;31457
2;31475
4;31481
19;31484
3;31515
12;31518
30;31519
21;31520
98;31522
31;31523
11;31537
30;31539
158;31547
4;31549
24;31552
12;31554
23;31555
11;31570
2;31577
16;31579
37;31580
183;31613
64;31614
23;31615
44;31616
12;31620
10;31633
64;31635
4;31657
172;31670
13;31709
58;31710
39;31711
6;31712
17;31730
177;31731
23;31732
14;31760
36;31761
5;31763
2;31805
27;31807
20;31808
21;31825
23;31826
20;31831
17;31842
15;31848
18;31850
6;31857
23;31861
39;31901
11;31902
60;31903
92;31904
19;31908
10;31910
28;31922
32;31923
23;31924
16;31933
29;31937
28;31940
8;31949
12;31951
159;31953
15;31955
58;31957
35;31997
91;31998
23;31999
20;32013
20;32014
169;32018
180;32019
7;32020
29;32024
167;32044
31;32049
25;32050
8;32055
21;32056
19;32071
28;32078
14;32083
9;32084
20;32085
11;32093
15;32094
32;32095
41;32096
25;32097
64;32098
27;32099
3;32100
17;32119
20;32128
12;32131
38;32132
30;32133
10;32145
19;32147
7;32148
13;32153
8;32164
15;32171
147;32178
63;32189
62;32190
32;32191
25;32193
4;32194
37;32195
148;32196
8;32216
4;32222
4;32223
6;32226
4;32227
18;32241
7;32246
3;32249
25;32252
9;32260
45;32285
28;32286
37;32288
17;32303
173;32306
163;32307
6;32308
22;32329
161;32342
105;32382
22;32383
3;32384
25;32396
63;32401
13;32402
27;32404
12;32410
10;32419
27;32424
164;32426
7;32429
4;32430
3;32436
5;32438
106;32477
53;32478
9;32479
67;32480
21;32487
6;32494
32;32498
31;32499
10;32500
167;32521
9;32522
25;32523
18;32524
20;32528
18;32530
23;32531
19;32533
169;32534
4;32573
34;32574
56;32575
13;32576
2;32593
14;32604
28;32617
16;32618
3;32620
10;32625
13;32628
1;32667
24;32669
31;32670
73;32671
49;32672
10;32676
25;32683
4;32690
41;32691
45;32692
19;32713
8;32720
30;32722
28;32727
178;32765
11;32766
170;32767
13;32768
29;32769
30;32770
170;32771
38;32772
171;32799
37;32802
14;32803
23;32804
6;32805
7;32828
7;32861
1;32863
38;32864
10;32865
6;32866
35;32867
55;32868
18;32877
8;32879
161;32883
2;32890
561;32892
163;32893
29;32895
30;32896
26;32898
12;32906
3;32909
34;32913
6;32919
38;32921
38;32922
50;32957
225;32959
51;32960
6;32976
14;32978
160;32979
64;32980
28;33001
15;33004
7;33005
9;33011
29;33013
3;33050
9;33053
234;33054
24;33055
189;33056
18;33069
26;33073
33;33074
15;33075
7;33076
8;33097
23;33100
27;33103
29;33106
21;33134
20;33149
194;33150
32;33151
52;33152
162;33154
12;33169
176;33170
26;33171
27;33180
13;33194
3;33205
19;33208
26;33245
47;33246
85;33247
22;33265
23;33267
44;33268
30;33286
5;33291
16;33296
319;33297
8;33299
3;33303
345;33341
22;33342
86;33343
70;33344
15;33359
10;33361
17;33362
23;33363
30;33364
30;33377
175;33389
31;33393
12;33398
38;33400
35;33411
6;33438
153;33439
21;33440
28;33441
181;33442
38;33443
20;33444
31;33455
19;33456
9;33466
9;33470
14;33472
22;33473
27;33474
40;33475
26;33476
9;33490
12;33491
162;33493
34;33500
6;33507
4;33533
66;33534
164;33535
43;33536
59;33537
27;33538
55;33539
36;33540
16;33549
26;33558
18;33562
3;33563
80;33566
5;33567
2;33570
151;33572
7;33585
19;33587
16;33596
15;33605
211;33629
70;33630
24;33631
62;33632
2;33633
12;33636
5;33643
12;33650
160;33651
7;33656
24;33661
13;33672
607;33676
16;33677
550;33681
85;33725
59;33726
229;33727
28;33728
7;33730
44;33745
17;33748
8;33758
186;33822
182;33823
196;33824
10;33826
16;33841
169;33842
4;33843
14;33844
20;33874
12;33880
4;33903
158;33917
133;33918
73;33919
7;33920
27;33922
15;33937
9;33938
15;33939
12;33949
155;33950
7;33965
6;33971
30;33972
12;33973
23;34013
215;34014
7;34015
18;34016
22;34032
8;34048
26;34054
27;34058
2;34059
25;34064
19;34066
76;34109
41;34110
50;34111
40;34113
211;34115
3;34133
18;34136
2;34144
12;34145
4;34146
27;34157
12;34159
11;34162
30;34165
13;34172
27;34179
8;34205
12;34207
4;34208
38;34209
12;34210
172;34211
54;34212
17;34217
29;34219
153;34225
22;34238
6;34241
13;34242
5;34243
6;34261
25;34262
7;34263
18;34264
28;34301
60;34302
77;34304
170;34319
16;34321
11;34322
14;34324
4;34325
10;34397
43;34398
86;34400
6;34418
10;34419
37;34425
8;34430
28;34432
24;34441
8;34449
10;34452
23;34454
20;34493
17;34494
49;34495
58;34496
29;34498
28;34501
26;34514
6;34530
22;34546
10;34552
158;34589
71;34590
47;34591
54;34592
39;34611
22;34612
155;34625
164;34640
30;34646
166;34686
8;34688
20;34705
10;34706
27;34707
16;34708
18;34714
25;34717
21;34726
11;34739
16;34750
30;34781
10;34784
58;34785
1;34786
58;34787
29;34788
9;34799
88;34813
3;34814
19;34816
3;34821
13;34833
3;34842
158;34878
167;34879
175;34881
180;34883
1;34884
23;34885
16;34906
33;34908
58;34909
5;34910
40;34911
31;34912
3;34913
17;34916
16;34926
28;34934
5;34939
24;34941
166;34973
4;34974
231;34975
13;34976
5;34981
18;34992
61;34994
313;35021
16;35022
1;35029
