sums of daily draw-off volumes
20.5
61
37
5.8
95.5
222.2
262
131.2
28.8
207.2
31.5
47
172.8
65.5
22.2
110.5
51.2
43.2
26.8
83.2
33
42.2
52.2
37
38.5
158.5
92.8
158.5
59
117
64
71
29.5
115.8
64.8
241
68.8
136.2
60.5
83.2
57.5
228.8
38.2
22
130
213.2
108
198
57.8
97.5
39.8
63.2
180.8
85
82.2
80.5
41.8
80
30.8
29.2
163
47
132
90.2
90.2
38
31.8
60.2
52
108.5
39.8
77.8
116.8
75.2
70.2
44
85.5
22.8
117.2
74.8
122.2
64.8
32.5
50.8
47.8
82.5
122.5
32.5
110.5
60.8
92.8
40.8
106.2
22.8
51
91.8
79
46.8
63.2
102.8
43.5
188
76
248
39.5
29.5
84.2
53.5
59.2
20.8
98.2
73.5
82.5
114
59
72.8
105
50
133.2
83.8
70.8
78.8
159.8
99.8
151.5
159
52.5
76.2
29.8
60.8
43.8
90.8
82
172
35
54.5
53.5
48
29.2
19.8
94.8
42.2
34.5
52
77.2
136.5
147.8
43
76
208.8
10.2
22.5
36.5
30.2
45.5
75
106.2
27.8
57
170.2
196
114.8
43.2
61.8
39.8
63.5
44.8
81.5
73.5
66.8
134.2
71.5
116.2
50.5
208
56
89
58.2
84.5
73.8
118
88.8
40.2
72.8
78.8
48.2
209.8
55.5
30.5
150
98.2
40.5
77
62.2
55.5
10.5
73.2
79.5
101.5
19.2
36
99.8
42.5
47.2
110.2
99.5
166.5
80.5
29.8
45.2
24.8
52.5
80.2
28.8
52.5
65.5
96
62
28.8
77
131
150.5
38.2
135.5
12
91.2
30.5
259
31
133.8
35.5
51.5
28.5
64
78.2
30
88.2
43.8
112.2
74.8
83.5
66.8
35
46.8
81.2
41.2
30.2
76.5
117.5
82
29.8
11.5
15
70
61.5
191.8
121.2
93.5
29.5
128.8
27.8
58.2
87.2
39.2
120.8
88.5
70.2
21.2
51
52
8.5
89.2
18
95.5
39
56.8
192
117.8
96
62.8
70.5
77
6.2
58.8
112.2
149.8
108.5
71
45
136.5
39
77.5
80.5
59.2
41
93.2
146.2
46.2
75.8
202.8
65
158
50.8
118.5
86.8
34.5
106.2
157.8
45.5
139.5
36.2
122.2
54
58.8
92.8
16.8
70.8
93
83.5
80.5
60
134.2
35.8
29.5
24.5
99.5
76.2
46.2
165
19
65
108.8
51
14.5
81.8
144.8
47.2
38.5
77.2
216.2
33.8
132
141.5
182.8
114.5
76.2
317.2
58.2
72.2
131.8
85.2
28.8
26
77.5
133
27.2
84.8
17.2
59.2
16
53.8
130.5
93.2
52.2
42.8
sums of draw-off volumes of each hour of the day
114.3
101.5
48.8
49.1
45.5
110.3
5553.5
6449.6
2708.3
541.6
328.8
1461.3
1641.8
502.1
640.7
1210.2
1193.5
786.2
1218.8
1355.9
1317.4
1045.4
519.5
178.9
sums of draw-off volumes of each hour of weekdays
49.8
52.2
10.5
31.1
25.9
53.2
4231.8
4659.1
1460.7
333.8
261
1372.3
1570
420.5
156.2
152.3
328.1
535.1
1091.8
1137.7
913.3
625.5
110.4
69.7
sums of draw-off volumes of each hour of weekend-days
64.5
49.3
38.3
18
19.6
57.1
1321.7
1790.5
1247.6
207.8
67.8
89
71.8
81.6
484.5
1057.9
865.4
251.1
127
218.2
404.1
419.9
409.1
109.2
holidays of household(s), numbers correspond to day of year
