sums of daily draw-off volumes
308.2
113.8
147.5
187.8
195
273.5
270
100.8
90.2
91.2
216.8
193.2
231
190
38.2
292.8
63.2
170.5
165.8
288.8
153.2
222.2
125
152
272.2
223.8
129.2
161
200.5
68.5
64.2
194
230
102
197.5
123.8
151.2
259
197.2
138
192.8
116.2
222.5
209.5
166
119.5
271
278
423.2
84.5
193.8
166.2
150
146
322.2
176.5
138.8
73
150.2
123.2
82.8
201.8
317.2
142.8
169.5
159.5
86.5
284.2
159.8
167.2
125.8
149.2
121.2
80.8
210
284.8
256.2
165.5
110.8
181.2
64
135.5
75.5
172.8
97
158.5
154.5
264.2
57.2
349.2
272.2
100.8
133
212.5
110.2
139.5
72.5
226.8
388.8
116.2
209.8
94.2
93.8
153.5
268.2
132
147.8
122.8
49.5
331.2
316.5
277.8
195
105
168.5
99.5
171
153.5
153.5
146
112.2
182
249.2
143.8
225
91.5
101
174.5
143
199.8
175.5
153
174.5
100
166
194.2
135.2
77.5
155.5
180
58.5
147
178.5
170.2
133.2
104.2
301.8
104.2
122.8
103.2
182.2
260
195.5
157.5
112.8
151.5
204.5
207.8
174.5
126.2
223.2
360
96.8
129.2
111.2
101.2
138.8
81.5
122.2
292.2
111.5
208.8
83
160.2
188.5
224.2
221.2
135.2
133
62.2
134.2
91.8
90.5
191.8
153
325.5
163
108.5
128.8
299.8
134
239.2
43.8
217.2
155
238.8
207.8
99.2
119.2
119.5
144.2
153.2
265.2
109.2
271.2
63.2
184
157.2
175.8
153
54.2
85.2
128.2
276.8
90.2
120.8
45.2
144.2
100.2
88
90.2
123.2
156.5
112.8
100.2
129.8
71.5
110.2
76
168.2
158.5
149.8
177.5
213
133.5
51
246.8
90.8
130
273.8
226.8
131.8
60
162.2
60
59
240.8
129.5
92
94.5
134
315.8
306.8
81
61.5
67.2
142
215.5
413
355
58
74.2
138.8
135.2
48.8
183
115.2
73.2
313.2
69.2
268.2
163.8
110.5
329
130.5
169
149.5
80.8
287.8
270.2
114
60.2
106.8
83.2
58.5
211.8
223.2
136.2
222.8
169.5
172
165.2
186
84.5
36.2
130.2
133.5
98.5
181
302
108.8
135.2
177.2
117.5
142.5
239.8
197.8
88.5
186.2
69.2
222.2
108.2
72.5
157.5
198.2
175.2
85.5
255.2
154.2
65.5
79.2
175.2
89
92.5
180
153
207
76.8
108
73.5
49.5
137.5
310.2
158.5
199.5
169.5
135
174.5
172
149
108.5
141
137.5
248.5
256
151.8
227.5
183.8
89.2
234.8
133.5
75.5
26
203.5
139.2
153.5
302.5
150.8
168.2
149
91
233
213.5
211
176.8
sums of draw-off volumes of each hour of the day
328.7
205.3
149.8
130.6
193.8
229.6
10840.3
13495.1
5152.3
1350.1
895.7
2718.7
3389.2
960.1
1705.9
2219.9
1783.3
1575.7
2304
2601.6
3371.1
2084.3
596.4
371.2
sums of draw-off volumes of each hour of weekdays
211.3
125.9
34.5
57.6
109.3
99.5
8918.8
9566.6999999
2031.3
442.8
741.2
2396.6
3079.8
801.5
582.1
582.8
525.1
1215.7
2068.9
1839.2
2560
1144.6
204
154.2
sums of draw-off volumes of each hour of weekend-days
117.4
79.4
115.3
73
84.5
130.1
1921.5
3928.4
3121
907.3
154.5
322.1
309.4
158.6
1123.8
1637.1
1258.2
360
235.1
762.4
811.1
939.7
392.4
217
holidays of household(s), numbers correspond to day of year
