18;21
221;29
4;30
93;31
15;32
12;47
26;50
9;52
18;72
11;74
161;76
571;80
57;82
11;83
6;84
26;125
21;126
74;127
16;128
171;129
29;145
2;146
19;147
7;148
8;152
7;154
6;169
19;175
25;182
25;183
17;193
9;221
79;222
38;223
72;224
26;226
42;242
14;243
16;244
40;264
27;265
8;269
155;271
31;277
16;279
198;317
16;318
38;319
61;320
24;321
35;335
188;337
18;338
28;339
52;340
10;369
13;371
7;375
60;376
3;381
20;413
33;414
22;415
22;416
177;433
14;434
170;435
159;436
4;454
4;461
145;463
4;467
6;475
18;509
36;512
68;514
29;515
40;516
555;519
5;528
164;541
30;543
20;546
10;547
6;548
7;553
16;563
9;566
51;567
24;568
6;572
34;605
25;606
621;607
31;608
5;610
28;611
47;612
24;621
31;624
3;637
2;638
7;641
33;642
15;643
3;644
166;649
5;667
22;701
53;702
54;703
8;704
38;722
1;724
19;731
166;734
29;756
13;759
11;797
7;798
86;799
182;800
21;817
5;819
16;842
1;844
20;849
12;855
18;893
118;894
46;895
67;896
2;905
27;906
25;911
18;916
1;936
26;938
3;941
2;943
9;945
3;951
6;979
12;980
40;989
16;990
135;991
88;992
11;1019
18;1022
10;1031
28;1032
154;1034
156;1036
8;1041
27;1042
5;1044
153;1048
385;1085
75;1086
84;1087
59;1088
24;1105
23;1110
22;1113
12;1123
18;1131
11;1134
21;1141
12;1142
27;1144
8;1158
21;1181
28;1182
183;1184
84;1186
20;1187
3;1188
153;1193
11;1195
7;1200
6;1203
39;1213
19;1214
31;1215
24;1217
23;1220
19;1224
15;1226
16;1233
156;1235
35;1236
10;1237
5;1238
8;1242
162;1277
20;1278
49;1279
36;1280
14;1281
22;1282
49;1283
51;1284
49;1288
16;1303
15;1305
36;1309
65;1310
19;1311
17;1312
53;1313
12;1315
10;1316
16;1317
3;1318
7;1331
30;1337
9;1343
20;1373
11;1374
71;1375
2;1376
1;1393
15;1394
2;1396
6;1398
11;1417
14;1430
165;1469
407;1470
234;1471
22;1472
23;1490
18;1491
12;1492
27;1497
11;1508
8;1515
16;1516
25;1517
25;1520
152;1523
4;1524
5;1525
2;1526
15;1528
24;1565
39;1566
34;1567
31;1568
12;1581
57;1585
7;1586
23;1615
26;1622
226;1661
40;1662
166;1663
42;1664
30;1671
4;1672
19;1677
22;1681
24;1682
6;1683
35;1705
21;1708
23;1709
24;1716
40;1757
37;1758
10;1759
79;1760
23;1763
6;1769
26;1776
165;1777
27;1779
202;1780
16;1803
14;1805
9;1807
9;1812
9;1841
12;1847
26;1853
25;1854
10;1855
204;1857
3;1858
1;1859
572;1860
14;1887
14;1889
36;1891
154;1905
41;1909
34;1914
6;1949
8;1951
19;1954
15;1956
27;1958
20;1959
16;1963
12;1981
34;1982
20;1983
169;1985
15;1986
20;1987
18;1988
3;1992
12;1995
164;2004
14;2010
21;2012
197;2045
191;2046
24;2047
191;2048
169;2066
9;2067
13;2068
13;2079
5;2090
16;2091
2;2096
27;2097
8;2099
8;2101
16;2102
94;2141
51;2142
184;2143
19;2144
22;2155
46;2163
28;2169
40;2177
16;2189
185;2237
69;2238
56;2239
70;2240
166;2257
34;2258
1;2259
3;2282
10;2296
14;2303
21;2310
328;2333
35;2334
161;2335
345;2336
5;2340
9;2344
30;2349
9;2353
11;2355
34;2356
14;2377
11;2378
33;2379
35;2381
8;2382
52;2429
25;2430
27;2431
43;2432
24;2445
9;2449
26;2450
3;2452
20;2465
36;2473
24;2481
5;2482
32;2484
553;2485
16;2487
46;2525
52;2526
2;2527
9;2528
11;2529
170;2530
20;2531
6;2532
33;2553
17;2557
23;2558
19;2559
19;2560
7;2561
10;2563
7;2564
1;2577
1;2578
4;2581
31;2583
21;2586
2;2587
6;2588
16;2618
54;2622
107;2623
52;2624
36;2625
44;2626
1;2627
53;2628
30;2643
3;2651
48;2654
27;2655
116;2656
20;2659
1;2660
24;2675
1;2679
11;2684
11;2718
40;2719
65;2720
36;2733
21;2737
549;2752
10;2761
20;2762
27;2764
12;2771
11;2776
78;2813
56;2814
22;2815
19;2816
36;2841
35;2859
13;2865
8;2868
7;2870
10;2890
18;2894
4;2910
171;2911
43;2912
4;2930
7;2954
163;3005
184;3006
36;3007
46;3008
35;3018
6;3026
33;3027
7;3029
23;3033
1;3036
174;3051
40;3052
1;3053
8;3058
19;3060
13;3088
58;3101
152;3102
48;3103
105;3104
2;3109
22;3114
36;3121
45;3122
34;3123
19;3147
6;3148
158;3150
19;3151
30;3152
6;3154
167;3158
9;3197
36;3198
34;3200
14;3202
44;3203
7;3204
2;3229
32;3230
119;3232
34;3234
13;3235
34;3236
8;3245
14;3255
8;3259
17;3268
78;3293
49;3294
2;3295
2;3297
7;3298
180;3299
6;3300
2;3310
3;3320
33;3325
18;3326
6;3327
24;3330
24;3332
163;3347
159;3350
17;3352
54;3389
239;3390
52;3391
60;3392
2;3402
6;3403
16;3410
13;3411
22;3438
6;3444
17;3446
8;3447
27;3475
26;3485
37;3486
218;3487
26;3488
2;3500
12;3506
4;3507
166;3508
15;3529
28;3532
14;3535
22;3539
8;3540
22;3572
17;3581
44;3582
214;3583
119;3584
18;3586
10;3589
167;3601
166;3602
23;3603
2;3612
26;3630
156;3633
16;3635
19;3638
17;3639
20;3677
569;3678
27;3679
28;3680
12;3691
4;3697
17;3699
20;3700
24;3714
30;3716
26;3721
4;3728
2;3734
6;3735
52;3773
88;3774
80;3775
49;3776
2;3780
4;3790
48;3793
30;3794
17;3795
2;3813
162;3821
18;3832
20;3866
5;3867
123;3869
1;3871
18;3872
65;3874
7;3891
29;3902
37;3903
37;3906
8;3908
37;3922
164;3924
25;3926
189;3927
6;3931
25;3967
30;3968
52;3970
11;3971
1;3978
7;3986
5;4000
154;4002
42;4003
35;4004
3;4017
27;4019
28;4020
15;4024
13;4028
17;4031
5;4048
185;4061
41;4062
51;4063
19;4064
149;4069
13;4081
44;4082
1;4090
157;4092
21;4103
159;4111
14;4113
8;4114
23;4117
195;4157
259;4158
73;4159
58;4160
9;4162
4;4171
8;4178
26;4184
165;4197
8;4201
20;4204
13;4206
10;4227
7;4253
165;4254
162;4255
184;4256
25;4260
5;4263
12;4273
40;4275
1;4280
7;4282
25;4291
21;4311
3;4349
17;4350
42;4351
25;4352
38;4370
28;4372
160;4394
162;4397
3;4399
53;4445
361;4446
198;4447
21;4448
39;4454
41;4465
15;4468
22;4492
16;4494
52;4495
184;4496
34;4497
2;4500
39;4503
7;4504
175;4525
23;4541
170;4543
350;4544
47;4545
162;4546
16;4547
1;4548
10;4562
32;4564
3;4568
4;4571
12;4575
2;4576
11;4577
16;4578
27;4579
4;4580
17;4590
21;4601
9;4608
33;4633
562;4637
70;4638
37;4639
37;4640
154;4641
174;4642
1;4643
86;4644
22;4655
172;4670
9;4671
25;4672
20;4673
54;4676
27;4682
22;4691
8;4692
12;4693
155;4694
4;4697
9;4698
19;4733
33;4734
9;4735
97;4736
20;4743
29;4748
1;4753
45;4755
13;4756
11;4765
9;4777
8;4782
38;4787
6;4798
37;4816
34;4819
7;4829
196;4830
32;4831
143;4832
7;4837
39;4846
20;4850
33;4859
35;4873
10;4874
26;4881
156;4886
54;4925
182;4926
25;4927
30;4928
16;4929
11;4931
2;4938
8;4945
13;4946
29;4948
9;4955
6;4965
192;4970
4;4971
7;4976
46;4979
19;4981
12;4983
58;5021
89;5023
9;5024
26;5027
12;5041
2;5044
21;5054
155;5055
5;5061
28;5067
1;5071
151;5074
43;5076
17;5105
90;5117
15;5118
261;5119
15;5120
26;5135
10;5137
31;5138
16;5139
17;5163
23;5169
23;5170
4;5172
13;5173
23;5176
7;5191
15;5201
18;5210
60;5213
26;5214
19;5215
180;5216
34;5217
35;5220
556;5221
34;5243
1;5246
54;5249
19;5250
161;5251
34;5252
10;5260
15;5265
2;5269
9;5276
28;5290
41;5309
17;5310
7;5311
35;5312
23;5313
32;5314
28;5315
30;5316
2;5317
25;5339
4;5342
167;5343
2;5344
28;5346
14;5351
8;5363
26;5368
14;5370
172;5372
3;5375
21;5405
29;5406
85;5408
10;5426
182;5427
5;5428
6;5453
24;5455
12;5459
17;5460
164;5465
48;5501
52;5502
70;5503
61;5504
16;5524
6;5547
8;5551
11;5552
8;5557
12;5560
20;5597
234;5598
47;5599
23;5600
34;5606
29;5617
46;5618
29;5619
41;5620
6;5621
17;5628
23;5634
2;5639
10;5647
20;5648
2;5649
18;5656
191;5670
30;5674
8;5693
14;5694
100;5695
64;5696
24;5713
10;5716
26;5728
11;5741
15;5744
12;5786
72;5789
9;5791
12;5792
5;5795
16;5804
19;5810
31;5812
9;5817
35;5818
16;5822
34;5833
11;5836
5;5839
33;5845
12;5847
13;5874
5;5878
1;5885
49;5886
14;5887
25;5888
31;5890
20;5893
15;5912
59;5917
12;5918
218;5919
10;5920
31;5921
8;5922
31;5923
13;5929
16;5933
17;5937
158;5938
4;5939
16;5943
27;5945
14;5949
34;5982
29;5983
164;5984
598;5985
153;5986
37;5987
30;5988
9;5994
33;5997
16;6014
44;6016
3;6017
36;6018
29;6019
27;6020
27;6044
48;6077
68;6078
209;6079
52;6080
7;6097
56;6098
17;6099
8;6100
4;6108
13;6123
19;6126
26;6128
36;6131
8;6136
2;6173
7;6174
60;6175
63;6176
8;6179
18;6182
13;6189
4;6191
30;6193
26;6195
1;6196
15;6198
22;6200
3;6208
174;6214
3;6218
30;6219
174;6226
25;6228
243;6269
25;6270
12;6272
28;6273
13;6281
13;6285
33;6289
8;6290
16;6291
5;6292
27;6299
19;6310
10;6320
186;6322
12;6366
61;6367
4;6369
26;6370
29;6371
32;6385
74;6387
28;6388
3;6393
31;6400
3;6402
32;6415
11;6419
110;6461
12;6462
639;6463
227;6464
12;6465
14;6467
11;6470
13;6481
7;6499
18;6505
18;6509
18;6511
8;6512
19;6513
11;6518
7;6529
165;6557
2;6558
4;6559
54;6560
63;6562
25;6564
27;6571
12;6580
7;6592
4;6594
45;6595
151;6596
6;6599
47;6610
20;6620
25;6653
3;6654
244;6655
30;6656
20;6657
25;6659
166;6660
4;6662
4;6663
17;6668
18;6682
8;6689
37;6691
13;6692
29;6706
26;6716
182;6749
60;6750
42;6751
35;6752
14;6762
1;6767
15;6769
19;6770
31;6771
23;6772
34;6779
35;6794
4;6802
8;6803
23;6823
74;6845
106;6846
161;6847
53;6848
34;6851
18;6865
6;6866
14;6867
26;6868
20;6871
4;6883
3;6892
2;6896
10;6897
11;6900
29;6901
3;6902
29;6926
15;6942
142;6943
11;6944
23;6958
1;6961
28;6962
23;6979
33;6984
152;6999
28;7004
89;7037
54;7038
91;7040
8;7059
70;7084
9;7087
2;7096
11;7107
29;7133
69;7134
50;7135
62;7136
4;7145
7;7153
22;7154
13;7155
346;7156
1;7172
19;7181
17;7185
12;7186
178;7190
19;7220
28;7229
34;7230
19;7231
338;7232
49;7234
584;7235
16;7236
16;7262
6;7266
6;7268
24;7280
20;7297
162;7325
49;7326
26;7328
194;7329
212;7330
183;7331
22;7332
7;7337
11;7340
12;7342
12;7358
10;7361
6;7363
10;7371
1;7380
8;7382
12;7386
33;7387
35;7388
11;7406
157;7421
48;7423
56;7424
30;7437
159;7447
34;7457
12;7459
19;7467
28;7468
15;7469
10;7471
23;7475
34;7477
26;7480
11;7514
13;7515
191;7517
75;7518
86;7519
26;7530
3;7539
24;7543
10;7556
1;7569
3;7574
67;7613
190;7614
33;7615
206;7616
19;7620
1;7623
158;7633
6;7634
1;7652
15;7660
25;7662
4;7670
27;7693
51;7709
17;7711
43;7712
10;7718
24;7719
1;7731
10;7732
33;7743
17;7757
9;7762
4;7765
10;7767
78;7805
29;7806
55;7807
44;7808
157;7811
16;7813
5;7815
47;7826
27;7827
24;7828
27;7837
12;7847
2;7851
4;7853
15;7854
26;7885
2;7901
3;7902
13;7903
36;7905
47;7906
61;7908
6;7926
11;7933
5;7937
32;7938
23;7939
11;7940
16;7944
3;7954
7;7964
13;7973
21;7997
20;7998
147;8001
200;8003
75;8004
5;8013
21;8023
25;8030
52;8033
20;8034
11;8035
2;8036
17;8050
24;8054
4;8057
29;8058
5;8059
49;8093
40;8094
50;8095
4;8096
20;8107
10;8113
172;8114
1;8117
5;8145
4;8148
29;8149
4;8151
172;8189
40;8190
35;8191
34;8192
3;8209
170;8210
8;8212
158;8224
14;8230
163;8258
55;8285
47;8286
26;8287
193;8288
6;8305
39;8306
16;8308
1;8332
36;8333
30;8340
6;8342
15;8365
52;8381
50;8382
13;8384
172;8388
20;8401
10;8402
326;8403
171;8425
18;8427
25;8428
1;8430
157;8435
3;8438
24;8439
44;8477
4;8478
45;8480
25;8489
3;8497
6;8498
11;8499
12;8502
19;8525
25;8526
2;8527
4;8534
29;8536
29;8573
60;8574
36;8575
36;8576
589;8578
4;8579
12;8580
46;8590
3;8594
66;8605
25;8606
27;8607
6;8608
16;8609
24;8616
17;8626
175;8629
182;8630
12;8631
24;8633
8;8635
157;8649
54;8665
20;8666
29;8667
225;8668
7;8669
57;8670
20;8671
23;8672
20;8691
156;8697
63;8702
18;8703
10;8718
30;8721
22;8725
7;8726
11;8727
160;8729
3;8761
26;8762
82;8763
48;8764
48;8767
15;8781
13;8782
25;8806
36;8807
46;8811
23;8813
25;8817
13;8819
21;8857
13;8858
180;8859
5;8860
27;8876
8;8877
187;8878
17;8879
7;8887
15;8905
24;8908
19;8912
9;8914
28;8948
85;8953
54;8954
324;8955
33;8956
14;8958
13;8968
31;8973
168;8976
7;8980
32;8999
61;9001
20;9049
43;9050
111;9051
87;9052
21;9056
20;9066
2;9070
11;9082
15;9094
17;9099
21;9102
5;9104
8;9106
31;9107
29;9108
182;9145
42;9146
14;9147
34;9148
19;9165
14;9167
16;9174
18;9179
28;9192
11;9199
161;9201
19;9203
38;9241
4;9243
21;9244
3;9245
3;9246
61;9247
10;9274
21;9275
23;9276
25;9277
19;9278
30;9288
4;9294
9;9302
8;9303
11;9304
222;9337
36;9338
159;9339
7;9340
39;9341
46;9342
6;9343
6;9344
170;9346
9;9347
37;9358
26;9361
6;9369
23;9370
11;9371
14;9373
34;9374
22;9392
34;9396
13;9421
77;9433
330;9434
605;9435
205;9436
7;9446
53;9453
42;9455
11;9472
172;9479
1;9484
2;9485
5;9488
32;9492
4;9515
15;9526
66;9529
91;9530
44;9531
35;9532
34;9549
31;9559
12;9560
32;9576
40;9580
35;9582
7;9587
19;9592
15;9625
26;9626
8;9627
207;9628
4;9639
29;9645
7;9646
16;9648
31;9654
3;9670
166;9672
161;9676
161;9680
5;9682
81;9721
43;9722
42;9723
12;9724
12;9741
13;9743
6;9744
22;9748
37;9764
28;9766
7;9767
14;9769
15;9773
15;9774
30;9779
40;9817
74;9818
70;9819
73;9820
2;9829
7;9837
23;9839
3;9840
6;9850
1;9858
25;9865
20;9868
22;9874
9;9886
11;9908
36;9913
163;9914
4;9917
51;9918
30;9920
33;9948
1;9949
9;9951
36;9959
152;9960
22;9967
38;9968
28;9982
29;10008
45;10009
15;10010
49;10011
34;10012
38;10013
31;10015
11;10016
26;10026
9;10029
1;10036
9;10037
11;10041
156;10042
73;10043
60;10044
10;10045
30;10046
9;10048
29;10061
8;10063
165;10066
15;10067
28;10069
182;10071
165;10087
33;10105
74;10106
18;10107
52;10108
21;10114
14;10127
74;10128
7;10135
7;10146
12;10147
26;10151
25;10153
58;10201
69;10202
50;10203
25;10204
15;10212
7;10218
46;10221
9;10222
56;10224
19;10228
6;10246
154;10247
10;10252
13;10255
23;10257
8;10258
23;10259
71;10297
24;10298
60;10299
29;10300
24;10313
5;10320
14;10324
26;10330
31;10344
5;10352
31;10356
171;10358
12;10394
36;10396
53;10416
29;10417
7;10439
9;10443
30;10447
22;10449
198;10489
42;10490
178;10491
28;10492
5;10504
18;10508
29;10509
16;10511
29;10512
26;10523
9;10531
166;10539
555;10542
12;10543
14;10544
7;10574
23;10586
16;10588
613;10589
148;10590
151;10591
23;10592
14;10612
28;10615
28;10618
6;10619
23;10620
5;10621
16;10623
20;10630
34;10637
21;10640
28;10641
21;10643
32;10646
9;10652
11;10681
55;10682
34;10683
19;10684
13;10685
26;10686
24;10687
5;10688
31;10704
149;10705
29;10714
12;10716
20;10717
8;10719
577;10720
29;10727
7;10733
7;10737
7;10740
24;10743
24;10746
166;10778
33;10779
79;10780
184;10797
25;10798
41;10799
36;10800
20;10822
18;10823
22;10833
156;10834
5;10873
188;10874
8;10875
6;10876
27;10880
13;10888
14;10893
48;10894
29;10896
31;10899
4;10911
11;10919
32;10920
4;10923
1;10959
26;10969
198;10970
46;10971
74;10972
8;10979
4;10984
1;10987
33;10990
12;10991
154;11014
5;11017
26;11020
20;11022
33;11023
17;11024
16;11025
19;11060
18;11065
4;11066
67;11067
20;11068
14;11079
59;11085
6;11087
28;11109
163;11116
192;11161
50;11162
20;11163
51;11164
9;11165
162;11181
5;11182
20;11183
159;11206
4;11216
10;11218
2;11219
20;11238
18;11241
147;11248
157;11257
19;11258
56;11259
26;11263
56;11264
7;11269
22;11271
25;11277
14;11289
20;11292
26;11310
1;11320
27;11348
2;11354
20;11355
16;11356
35;11357
22;11359
19;11360
10;11366
169;11376
20;11380
25;11383
148;11386
15;11392
4;11407
10;11408
34;11411
25;11413
13;11414
47;11449
202;11450
82;11451
16;11452
5;11455
9;11461
155;11467
10;11470
1;11472
40;11505
6;11506
4;11507
7;11508
189;11546
100;11547
29;11548
35;11552
11;11559
5;11562
22;11566
6;11568
13;11578
14;11592
10;11597
15;11614
13;11631
181;11641
61;11643
31;11644
9;11661
160;11662
12;11671
22;11680
41;11685
16;11687
22;11690
157;11693
3;11696
43;11737
28;11738
335;11739
40;11740
151;11746
68;11757
205;11759
12;11760
21;11765
28;11782
30;11788
8;11792
18;11796
10;11807
95;11833
90;11834
28;11835
25;11836
24;11837
1;11851
74;11853
7;11854
40;11856
182;11881
8;11887
1;11897
56;11930
19;11931
16;11932
45;11933
13;11934
50;11935
71;11936
18;11938
27;11944
54;11949
157;11954
15;11961
28;11962
21;11963
32;11964
29;11965
162;11966
25;11968
14;11971
3;11976
34;11977
1;11980
10;11999
6;12004
19;12025
4;12026
70;12027
30;12028
31;12029
16;12030
33;12031
22;12038
11;12053
2;12059
44;12062
20;12063
33;12064
8;12072
10;12077
7;12080
11;12110
28;12121
80;12122
46;12123
87;12124
14;12129
17;12140
28;12143
9;12144
48;12150
5;12165
2;12167
2;12172
17;12178
10;12180
56;12217
26;12218
4;12219
63;12220
35;12224
9;12237
22;12238
11;12240
3;12241
8;12242
7;12246
5;12250
167;12258
31;12264
27;12265
16;12267
190;12268
18;12275
24;12313
18;12314
26;12315
1;12321
10;12323
11;12326
28;12334
28;12335
23;12336
12;12340
23;12353
153;12354
24;12357
9;12358
161;12362
21;12371
12;12396
28;12409
84;12410
89;12411
175;12412
25;12429
153;12431
6;12443
153;12452
12;12459
13;12463
5;12464
30;12467
14;12468
230;12505
28;12506
16;12507
34;12508
7;12528
2;12529
38;12554
158;12558
25;12564
2;12565
162;12574
31;12600
73;12602
39;12603
41;12605
35;12606
10;12608
40;12616
22;12620
5;12632
28;12634
26;12635
1;12636
52;12637
15;12639
10;12655
7;12657
167;12661
10;12671
7;12697
44;12699
31;12701
29;12702
6;12703
168;12704
24;12706
20;12710
34;12721
24;12722
9;12723
181;12730
31;12732
21;12734
8;12735
31;12736
17;12751
13;12759
90;12793
12;12794
68;12795
106;12796
5;12799
11;12812
65;12814
5;12815
38;12850
78;12889
62;12890
17;12891
26;12892
25;12905
39;12912
16;12917
2;12923
24;12931
24;12932
157;12934
19;12937
16;12939
156;12945
3;12953
192;12985
32;12986
25;12987
151;12988
5;12997
48;13005
1;13006
30;13007
26;13008
19;13011
11;13012
3;13030
4;13031
37;13035
7;13037
13;13038
11;13040
5;13041
157;13044
42;13081
262;13083
55;13084
26;13098
14;13100
6;13101
4;13103
30;13112
28;13131
20;13133
16;13135
3;13136
31;13140
4;13143
57;13178
39;13179
33;13180
17;13188
12;13197
36;13199
32;13204
11;13212
22;13222
4;13228
33;13232
3;13233
11;13236
2;13273
33;13274
14;13275
17;13276
32;13277
158;13278
5;13279
30;13280
23;13290
24;13301
10;13305
160;13306
7;13309
10;13310
15;13311
1;13322
27;13329
16;13330
15;13332
23;13335
9;13350
14;13360
176;13370
27;13371
53;13372
5;13373
158;13374
12;13403
17;13404
8;13405
38;13406
3;13420
20;13424
11;13425
1;13429
168;13430
30;13465
38;13466
83;13467
23;13468
11;13480
25;13485
22;13488
2;13492
7;13541
25;13561
47;13562
37;13563
47;13564
146;13567
18;13583
32;13584
15;13587
166;13595
4;13615
11;13618
15;13620
18;13626
8;13657
356;13658
49;13659
18;13660
21;13677
169;13678
23;13679
3;13680
2;13690
8;13697
2;13701
16;13703
30;13709
5;13712
4;13714
53;13753
120;13754
362;13755
12;13756
20;13770
7;13774
37;13776
19;13781
19;13788
12;13797
4;13806
4;13807
8;13811
4;13812
6;13826
28;13849
48;13850
43;13851
36;13852
27;13869
37;13870
14;13871
31;13880
10;13888
35;13900
165;13903
36;13916
17;13919
16;13935
38;13941
31;13945
79;13946
62;13949
18;13950
25;13951
31;13952
11;13953
24;13967
15;13978
24;13980
3;13981
9;14004
5;14005
26;14013
37;14042
7;14043
19;14045
17;14046
14;14047
26;14049
25;14064
33;14067
27;14074
32;14075
2;14078
19;14079
29;14080
8;14088
735;14093
13;14101
164;14108
223;14137
34;14138
32;14139
44;14140
30;14142
15;14157
2;14159
28;14160
9;14182
22;14228
178;14233
7;14234
51;14235
70;14236
3;14238
9;14253
2;14255
9;14256
23;14263
34;14275
7;14279
24;14281
33;14285
19;14290
26;14329
66;14330
47;14331
5;14332
4;14349
2;14350
13;14352
35;14354
3;14362
8;14380
150;14381
22;14387
32;14388
175;14425
46;14426
185;14427
75;14428
42;14445
13;14471
160;14474
13;14477
20;14495
29;14521
11;14522
24;14523
22;14524
23;14536
17;14538
9;14541
20;14542
171;14543
58;14544
3;14553
557;14557
33;14561
29;14563
6;14567
28;14578
4;14610
21;14616
39;14617
70;14618
44;14620
221;14622
8;14623
12;14624
5;14632
1;14634
31;14648
8;14649
18;14650
23;14651
9;14652
1;14653
24;14654
20;14655
16;14659
21;14668
60;14670
28;14672
24;14674
4;14675
17;14676
19;14677
17;14678
17;14679
150;14695
7;14713
40;14715
48;14716
39;14717
32;14719
180;14720
32;14747
26;14750
12;14752
27;14758
37;14768
47;14810
33;14811
78;14812
18;14822
31;14832
11;14845
160;14858
24;14860
27;14863
22;14866
62;14905
162;14907
16;14926
8;14928
30;14929
7;14931
8;14944
148;14950
165;14974
45;15001
199;15002
188;15003
113;15004
12;15005
5;15008
7;15012
11;15018
2;15019
25;15021
3;15022
23;15023
22;15024
6;15036
8;15044
21;15046
29;15054
32;15055
26;15057
23;15058
18;15059
40;15097
29;15098
270;15099
3;15100
169;15117
8;15118
28;15120
9;15129
6;15135
26;15138
4;15142
204;15147
2;15150
11;15154
22;15155
47;15194
59;15195
55;15196
2;15213
40;15214
34;15216
6;15239
53;15240
17;15242
60;15245
162;15249
163;15250
13;15265
14;15273
32;15290
25;15291
50;15293
31;15294
17;15295
13;15296
9;15297
5;15308
13;15318
160;15322
1;15323
31;15326
1;15328
10;15336
31;15341
11;15347
10;15350
2;15352
26;15354
32;15385
1;15386
29;15387
15;15388
3;15389
36;15396
38;15418
13;15419
18;15421
33;15423
7;15424
6;15437
548;15438
33;15441
18;15443
29;15445
34;15447
200;15481
56;15482
126;15483
728;15484
7;15486
153;15501
6;15510
161;15530
3;15531
154;15554
40;15577
70;15578
62;15579
13;15580
15;15598
1;15599
32;15600
225;15675
49;15676
49;15695
12;15702
13;15707
39;15711
22;15719
2;15720
10;15721
29;15724
4;15726
23;15727
26;15729
14;15731
191;15769
37;15770
72;15771
15;15772
8;15790
13;15791
10;15798
19;15813
9;15818
32;15820
12;15826
21;15827
6;15828
31;15865
176;15866
38;15868
9;15869
28;15886
20;15891
6;15905
40;15910
33;15914
6;15915
18;15921
151;15937
18;15940
8;15947
34;15961
30;15963
15;15964
25;15965
21;15968
12;15988
25;15993
23;15994
29;15995
7;15996
35;15997
22;15998
7;15999
55;16017
25;16018
1;16020
12;16023
63;16057
19;16058
10;16060
16;16061
37;16062
58;16064
18;16073
26;16079
21;16089
22;16092
1;16095
8;16096
8;16100
7;16113
4;16116
8;16117
99;16153
84;16154
18;16155
212;16156
20;16167
23;16173
27;16176
6;16214
168;16247
57;16249
47;16250
21;16252
21;16260
33;16269
19;16270
18;16271
28;16272
7;16285
161;16290
8;16305
581;16307
19;16333
21;16346
185;16347
4;16348
33;16354
11;16366
11;16367
29;16372
6;16377
4;16390
17;16391
35;16398
71;16399
224;16441
87;16442
241;16443
4;16462
30;16463
191;16464
5;16468
31;16475
13;16479
9;16490
12;16524
23;16537
51;16539
26;16540
27;16545
22;16547
40;16557
19;16558
18;16581
7;16583
10;16585
13;16590
55;16594
9;16596
48;16634
30;16635
2;16636
35;16637
43;16639
180;16640
18;16647
24;16668
24;16669
49;16670
17;16688
171;16704
8;16712
25;16728
8;16729
26;16730
10;16731
40;16732
6;16734
37;16735
54;16736
33;16761
40;16762
36;16765
18;16768
11;16770
34;16771
21;16773
1;16784
23;16785
6;16786
155;16787
1;16788
161;16792
11;16825
52;16826
64;16827
575;16828
3;16831
20;16834
1;16845
38;16846
54;16848
1;16853
27;16859
51;16880
581;16921
64;16922
67;16923
35;16924
24;16941
16;16942
6;16945
18;16955
28;16969
5;16972
10;16978
31;16980
66;17017
23;17018
26;17019
217;17020
24;17022
32;17038
10;17043
20;17065
4;17068
67;17073
26;17074
7;17075
19;17076
32;17093
19;17111
175;17113
6;17114
61;17115
159;17116
28;17124
15;17126
8;17130
29;17161
32;17209
95;17210
19;17211
12;17212
12;17229
18;17231
8;17232
25;17249
28;17260
4;17289
32;17306
13;17307
19;17308
182;17309
34;17310
24;17312
25;17331
38;17336
20;17337
63;17338
10;17340
18;17342
24;17343
16;17353
15;17359
15;17401
23;17402
68;17403
23;17404
8;17405
68;17406
59;17408
22;17421
9;17431
9;17435
12;17436
6;17437
28;17451
17;17465
8;17497
8;17498
31;17499
46;17500
11;17517
27;17519
7;17524
10;17526
1;17533
11;17534
9;17542
155;17543
11;17544
15;17555
12;17556
2;17591
326;17593
193;17595
8;17596
29;17598
18;17611
2;17614
75;17615
1;17624
12;17634
12;17644
18;17648
7;17649
23;17651
27;17652
14;17655
3;17689
213;17690
51;17691
14;17692
23;17709
38;17710
31;17723
5;17725
25;17733
161;17740
31;17743
1;17745
16;17746
50;17785
32;17786
197;17787
161;17788
47;17806
179;17807
41;17808
10;17832
560;17833
23;17840
1;17843
1;17844
191;17881
64;17882
176;17883
18;17886
3;17901
14;17903
68;17904
5;17922
57;17925
2;17928
21;17934
33;17938
48;17977
3;17979
6;17980
36;17982
13;17983
36;17984
4;18010
6;18011
3;18012
12;18013
9;18015
164;18016
17;18029
25;18031
23;18035
29;18036
12;18065
28;18073
88;18074
27;18075
157;18077
36;18078
7;18079
9;18080
3;18095
18;18105
18;18106
22;18108
17;18110
17;18112
31;18126
12;18129
13;18130
621;18169
57;18171
10;18172
37;18187
19;18188
27;18189
1;18190
191;18192
156;18214
4;18215
35;18221
26;18224
15;18225
5;18265
372;18267
72;18268
10;18275
36;18280
18;18287
3;18288
5;18311
15;18322
306;18361
33;18362
233;18363
33;18364
11;18370
23;18371
38;18391
10;18394
10;18404
202;18405
9;18412
24;18414
25;18416
46;18457
42;18458
50;18460
6;18480
10;18509
20;18510
1;18520
4;18535
9;18537
31;18553
75;18554
559;18558
24;18572
27;18573
75;18574
35;18576
23;18602
7;18606
6;18649
205;18650
28;18651
6;18652
87;18653
7;18655
26;18656
14;18682
26;18683
40;18684
154;18686
4;18705
17;18708
23;18729
46;18745
64;18746
220;18747
3;18748
21;18749
38;18750
75;18751
43;18752
3;18753
10;18758
156;18770
22;18772
5;18775
49;18777
32;18780
28;18784
6;18792
64;18802
32;18808
15;18810
4;18818
7;18841
73;18842
37;18843
228;18844
12;18862
61;18864
24;18873
28;18887
176;18891
3;18897
155;18899
23;18911
28;18937
56;18938
37;18939
197;18940
27;18957
32;18958
5;18960
3;18982
12;18995
193;19033
27;19034
21;19035
7;19036
22;19052
22;19053
12;19054
12;19080
161;19081
32;19114
20;19129
24;19130
9;19131
206;19132
12;19140
22;19142
7;19148
32;19149
3;19150
12;19151
32;19163
28;19165
10;19173
2;19174
20;19176
6;19184
1;19191
192;19225
31;19226
29;19228
28;19246
2;19247
11;19255
45;19269
22;19271
16;19277
19;19280
7;19282
175;19283
47;19321
96;19322
28;19323
74;19324
15;19325
15;19327
53;19328
18;19350
24;19354
23;19355
16;19357
10;19358
24;19374
10;19376
160;19379
33;19409
33;19417
175;19419
6;19420
164;19421
200;19422
181;19423
23;19424
147;19442
10;19450
9;19452
9;19453
8;19456
5;19465
47;19467
11;19472
1;19512
215;19513
9;19514
3;19515
48;19516
8;19522
32;19523
22;19534
5;19535
38;19559
25;19560
31;19568
7;19585
29;19603
67;19609
16;19610
150;19611
64;19612
28;19630
32;19631
45;19632
563;19642
27;19654
19;19660
16;19664
9;19665
13;19674
7;19706
37;19707
9;19721
47;19725
26;19726
14;19727
24;19728
11;19751
32;19754
8;19755
4;19760
14;19761
4;19763
16;19764
14;19796
229;19801
205;19802
100;19803
17;19804
39;19822
15;19823
58;19824
10;19852
27;19853
17;19857
5;19858
58;19897
29;19898
78;19899
64;19900
27;19902
11;19905
189;19913
8;19919
20;19924
40;19941
4;19942
27;19945
20;19947
15;19948
26;19954
13;19968
25;19971
9;19993
120;19994
157;19995
30;19996
19;19997
15;19998
21;19999
11;20000
15;20007
2;20008
10;20010
25;20026
198;20027
10;20028
17;20031
13;20045
6;20055
147;20089
23;20090
64;20091
31;20092
9;20093
9;20094
70;20095
50;20121
5;20122
51;20123
84;20124
19;20126
36;20145
3;20152
11;20159
28;20185
38;20186
30;20187
8;20196
8;20205
20;20208
8;20211
8;20230
33;20232
9;20233
27;20241
173;20281
2;20282
9;20283
59;20284
11;20302
17;20303
5;20304
9;20325
36;20331
20;20334
186;20377
46;20378
98;20379
43;20380
25;20397
4;20400
1;20404
2;20409
17;20427
31;20428
37;20431
21;20432
2;20435
32;20473
50;20474
39;20475
174;20476
17;20484
563;20489
156;20493
22;20498
28;20517
10;20528
16;20529
73;20569
23;20571
13;20572
3;20592
168;20613
21;20614
13;20617
27;20618
17;20622
3;20628
21;20642
30;20644
20;20658
63;20666
6;20667
1;20668
67;20670
11;20679
1;20680
9;20694
145;20697
27;20699
26;20700
8;20701
9;20702
17;20704
9;20705
7;20712
4;20720
2;20725
21;20761
29;20762
24;20763
34;20766
10;20781
32;20805
10;20817
21;20821
51;20857
79;20858
344;20859
15;20877
47;20879
15;20909
16;20911
2;20914
8;20923
195;20953
69;20954
34;20955
38;20956
23;20973
13;21000
1;21001
24;21007
4;21008
29;21026
70;21049
30;21050
49;21051
31;21070
5;21071
51;21072
18;21090
14;21096
30;21101
24;21104
1;21106
32;21145
34;21146
70;21147
30;21148
15;21165
12;21168
8;21181
160;21192
9;21222
53;21242
13;21243
14;21264
168;21276
184;21285
16;21289
12;21298
24;21299
31;21337
179;21338
9;21339
16;21340
24;21341
11;21342
64;21343
14;21344
19;21371
25;21373
28;21374
6;21389
161;21392
4;21393
24;21394
4;21398
7;21399
7;21418
14;21434
51;21436
18;21437
21;21439
15;21440
29;21460
166;21465
29;21466
11;21467
1;21470
31;21471
3;21472
15;21482
17;21493
16;21494
7;21495
185;21529
2;21530
52;21531
16;21532
36;21543
19;21546
27;21548
10;21549
18;21552
7;21578
26;21585
3;21587
63;21625
27;21626
31;21627
31;21628
17;21632
155;21644
38;21645
7;21646
21;21647
24;21670
17;21671
19;21677
9;21678
7;21679
53;21683
40;21721
71;21722
29;21723
62;21724
1;21726
24;21741
17;21744
19;21751
15;21769
4;21774
4;21777
182;21817
23;21818
33;21819
72;21820
9;21838
8;21839
26;21846
5;21854
20;21862
35;21870
28;21871
14;21913
40;21914
1;21915
187;21916
18;21934
13;21936
1;21943
13;21962
17;21963
48;22009
17;22013
42;22014
20;22015
43;22016
26;22017
10;22030
27;22042
18;22043
196;22044
41;22046
172;22061
13;22063
29;22106
30;22107
28;22108
2;22109
63;22110
30;22111
29;22112
161;22119
19;22137
25;22141
6;22147
11;22153
10;22157
10;22158
154;22162
16;22164
11;22166
156;22178
72;22201
153;22202
2;22203
72;22204
11;22212
49;22221
30;22222
5;22247
12;22249
18;22255
12;22256
7;22258
17;22296
90;22297
31;22298
60;22299
178;22300
9;22306
37;22317
47;22319
24;22320
24;22339
4;22343
15;22346
9;22348
164;22352
1;22355
227;22393
44;22394
186;22395
209;22396
11;22397
32;22404
46;22413
20;22414
10;22416
25;22437
2;22440
15;22443
12;22444
7;22446
6;22451
5;22490
114;22491
179;22492
14;22510
161;22511
22;22537
7;22544
32;22545
9;22585
42;22586
30;22587
34;22588
22;22590
6;22599
33;22605
28;22646
196;22681
19;22682
84;22683
177;22684
9;22685
49;22686
18;22687
7;22703
32;22712
17;22714
25;22715
7;22716
19;22717
29;22718
30;22720
4;22732
174;22733
33;22735
30;22736
27;22740
1;22744
22;22761
1;22776
163;22777
9;22779
48;22780
6;22782
21;22783
10;22809
17;22811
28;22812
2;22813
16;22835
15;22837
5;22838
5;22866
216;22873
34;22874
55;22875
61;22876
30;22896
4;22905
12;22907
24;22909
54;22918
6;22923
19;22924
8;22947
42;22969
99;22970
666;22971
41;22972
6;22989
31;22990
11;22991
14;22994
10;23013
163;23024
4;23027
18;23054
66;23065
49;23066
569;23067
54;23068
30;23087
5;23088
3;23096
31;23100
15;23106
33;23115
14;23120
20;23122
31;23161
107;23162
10;23163
34;23164
10;23182
34;23183
15;23186
162;23192
25;23201
17;23206
8;23209
37;23213
28;23214
9;23218
29;23257
44;23258
9;23259
70;23260
12;23270
13;23302
9;23308
24;23318
30;23326
3;23353
7;23354
187;23355
35;23356
3;23357
23;23359
32;23360
37;23377
31;23378
2;23384
35;23386
14;23388
6;23389
157;23391
9;23392
7;23394
5;23402
1;23408
12;23410
13;23411
27;23416
3;23418
1;23450
19;23451
12;23453
2;23454
28;23455
40;23456
8;23481
21;23491
31;23497
26;23503
2;23504
30;23505
20;23506
16;23545
4;23546
99;23547
8;23561
23;23565
28;23568
8;23598
28;23599
22;23604
1;23622
165;23640
21;23641
196;23642
26;23643
227;23644
11;23655
26;23656
2;23661
13;23663
12;23664
29;23671
10;23676
4;23686
18;23687
167;23688
18;23695
17;23700
83;23737
212;23738
7;23739
31;23740
20;23748
45;23757
6;23771
5;23774
12;23785
29;23787
15;23788
15;23789
6;23793
32;23796
10;23833
30;23834
19;23853
39;23854
2;23855
58;23856
163;23857
27;23861
5;23862
13;23868
2;23879
13;23921
4;23929
200;23930
72;23931
7;23932
18;23935
11;23937
18;23973
11;23987
24;23997
149;24024
28;24025
21;24026
1;24027
18;24028
26;24029
25;24045
170;24058
14;24059
4;24060
39;24061
7;24064
2;24069
22;24083
10;24086
171;24121
19;24122
15;24123
193;24124
11;24125
23;24126
556;24127
41;24128
24;24138
45;24154
55;24157
29;24158
5;24159
13;24160
5;24173
35;24174
23;24180
12;24194
33;24217
194;24218
160;24219
200;24220
4;24227
12;24237
39;24238
199;24239
20;24251
146;24262
10;24268
198;24274
67;24313
55;24314
37;24315
29;24316
35;24320
27;24333
10;24334
4;24359
15;24363
4;24370
34;24371
7;24372
26;24401
37;24409
40;24410
19;24411
23;24412
22;24429
48;24430
12;24432
19;24456
6;24487
21;24505
38;24506
29;24508
25;24525
28;24528
30;24533
32;24540
46;24552
7;24553
7;24558
33;24601
11;24602
88;24603
181;24604
20;24622
8;24624
4;24644
16;24645
30;24650
159;24658
18;24659
2;24684
34;24697
25;24698
3;24699
53;24700
5;24701
60;24702
25;24703
38;24704
7;24706
28;24715
237;24729
10;24730
28;24731
7;24732
31;24733
29;24734
6;24735
23;24736
165;24748
6;24749
31;24751
9;24754
51;24793
27;24794
24;24795
30;24796
13;24797
157;24798
40;24799
156;24800
6;24803
15;24804
570;24815
13;24821
34;24826
165;24827
49;24830
6;24832
172;24834
17;24846
15;24849
40;24851
52;24854
296;24889
269;24890
228;24891
588;24892
30;24910
9;24937
52;24985
25;24986
16;24987
81;24988
3;25005
5;25015
16;25030
5;25032
22;25035
2;25038
5;25041
31;25078
44;25081
14;25082
26;25083
10;25084
26;25090
41;25102
41;25103
9;25118
23;25125
8;25129
24;25131
48;25177
52;25178
213;25179
25;25180
26;25183
13;25185
12;25197
40;25198
34;25200
18;25205
11;25207
14;25218
17;25230
32;25235
82;25273
163;25274
4;25275
23;25276
10;25277
20;25278
12;25285
197;25295
4;25296
4;25312
22;25324
9;25349
8;25370
18;25372
14;25374
44;25375
13;25388
4;25403
12;25405
6;25406
4;25407
6;25408
9;25419
3;25421
23;25422
1;25428
21;25432
34;25460
56;25465
21;25466
25;25467
179;25470
30;25471
10;25481
19;25497
14;25498
34;25500
26;25501
24;25502
187;25503
28;25506
8;25518
13;25522
12;25525
12;25527
19;25561
43;25562
121;25563
11;25564
38;25573
32;25583
3;25584
4;25592
5;25598
1;25608
18;25615
166;25619
16;25634
25;25657
11;25658
53;25659
81;25660
16;25677
10;25680
32;25684
25;25705
24;25712
238;25753
87;25754
176;25755
188;25756
9;25770
12;25773
12;25775
35;25776
28;25784
154;25786
15;25787
25;25788
6;25796
58;25798
2;25802
24;25803
24;25805
160;25809
10;25849
30;25850
42;25851
22;25852
33;25857
24;25865
39;25869
5;25871
30;25896
21;25898
21;25905
27;25945
61;25946
4;25947
355;25948
5;25953
30;25967
14;25992
560;25993
17;26004
32;26035
161;26037
14;26041
10;26043
143;26045
29;26046
3;26047
29;26048
24;26064
48;26073
16;26076
8;26078
4;26079
4;26081
34;26095
41;26100
7;26101
12;26102
36;26103
26;26115
36;26137
180;26138
32;26142
8;26144
3;26163
34;26172
3;26173
18;26174
4;26175
8;26176
15;26178
25;26185
15;26189
34;26196
1;26198
23;26233
31;26234
628;26235
27;26236
7;26243
44;26254
187;26256
169;26280
171;26288
25;26289
4;26290
14;26326
50;26329
180;26330
52;26331
76;26332
19;26344
3;26350
34;26351
7;26352
4;26367
11;26379
17;26382
21;26385
7;26386
27;26388
18;26425
66;26426
55;26427
114;26428
1;26445
8;26446
19;26448
10;26449
171;26455
167;26468
37;26475
10;26479
59;26521
257;26522
58;26523
20;26524
8;26530
4;26533
9;26541
31;26543
16;26544
21;26545
22;26548
36;26551
28;26568
2;26570
2;26573
25;26574
10;26614
31;26618
16;26619
28;26620
23;26627
5;26637
40;26638
18;26640
31;26648
28;26653
5;26661
18;26663
2;26669
16;26671
17;26674
31;26675
4;26676
66;26713
54;26715
174;26716
17;26717
48;26718
44;26719
204;26720
2;26733
185;26745
11;26746
31;26747
198;26748
39;26750
35;26752
9;26756
1;26769
3;26772
23;26773
7;26775
47;26809
21;26810
13;26811
20;26812
44;26813
105;26814
195;26815
350;26816
1;26820
55;26841
16;26846
17;26847
17;26860
176;26862
4;26865
3;26905
13;26906
84;26907
9;26908
13;26910
32;26921
35;26925
13;26928
17;26929
163;26942
10;26950
27;26952
12;26957
12;26959
13;26963
34;27001
48;27002
31;27003
43;27004
2;27005
51;27021
6;27023
1;27041
25;27052
28;27097
18;27098
170;27099
86;27100
21;27117
73;27118
27;27120
2;27144
2;27151
3;27189
10;27193
43;27194
203;27195
24;27196
26;27215
3;27226
12;27238
1;27239
5;27246
3;27251
84;27289
37;27290
14;27291
30;27292
24;27293
3;27309
8;27328
7;27334
22;27338
5;27342
20;27385
28;27386
45;27387
163;27388
7;27390
162;27392
29;27416
47;27418
21;27419
31;27421
207;27422
21;27430
34;27444
32;27446
9;27478
211;27481
49;27482
41;27483
11;27484
17;27485
40;27486
56;27487
5;27507
17;27511
30;27514
35;27516
33;27517
36;27519
26;27532
28;27535
27;27540
15;27541
171;27542
36;27543
179;27577
20;27578
176;27579
29;27580
30;27585
19;27595
14;27599
5;27612
6;27626
35;27630
17;27631
15;27645
39;27674
174;27675
66;27676
172;27684
152;27692
170;27693
28;27696
31;27711
8;27723
18;27730
17;27731
10;27732
6;27740
13;27751
3;27769
4;27770
31;27771
217;27772
11;27789
29;27791
1;27807
148;27818
14;27820
20;27824
28;27825
159;27827
71;27865
15;27867
186;27868
16;27872
26;27884
28;27885
58;27886
18;27887
3;27895
165;27897
35;27911
39;27912
15;27916
13;27923
93;27961
221;27962
58;27963
26;27964
12;27971
26;27981
13;27982
26;27984
18;28009
157;28012
11;28031
25;28057
59;28058
22;28059
40;28061
168;28063
14;28064
18;28067
9;28070
16;28072
20;28091
162;28094
158;28100
8;28103
25;28108
12;28154
22;28155
20;28156
53;28157
21;28159
25;28160
9;28188
22;28189
13;28192
20;28198
18;28200
23;28206
40;28216
40;28219
24;28249
16;28250
26;28251
12;28252
6;28260
18;28269
6;28270
5;28279
6;28293
16;28296
10;28298
7;28345
37;28346
26;28347
34;28348
32;28363
206;28365
5;28368
13;28378
58;28391
9;28396
33;28397
61;28404
49;28441
235;28442
17;28443
33;28444
29;28458
10;28461
16;28463
27;28464
29;28480
35;28482
11;28485
17;28488
11;28497
6;28499
9;28500
6;28537
148;28538
51;28539
45;28540
1;28565
7;28576
22;28578
16;28581
24;28583
36;28592
38;28596
163;28633
74;28634
15;28635
340;28636
8;28647
5;28653
11;28654
52;28655
13;28679
34;28685
9;28689
33;28729
8;28730
13;28731
767;28732
40;28733
8;28734
6;28735
12;28736
1;28758
27;28761
24;28765
53;28766
6;28784
23;28786
17;28791
170;28796
5;28809
24;28825
158;28826
48;28827
9;28828
31;28829
31;28830
28;28831
25;28853
12;28858
16;28859
15;28861
11;28867
13;28879
4;28882
5;28883
39;28921
23;28922
8;28923
19;28924
20;28930
176;28943
181;28944
24;28967
13;28973
38;28978
16;29003
28;29017
25;29018
13;29019
167;29020
9;29030
5;29037
47;29039
171;29040
4;29043
4;29051
10;29061
161;29067
18;29071
15;29073
16;29088
10;29102
10;29114
167;29115
56;29116
18;29126
158;29133
9;29134
26;29159
3;29161
1;29163
12;29167
5;29211
15;29213
265;29214
54;29215
38;29216
15;29218
30;29222
28;29226
15;29235
3;29237
32;29251
4;29259
28;29260
19;29261
9;29263
10;29272
91;29309
165;29310
193;29311
11;29312
10;29314
26;29315
208;29330
40;29331
19;29332
164;29355
31;29358
1;29364
41;29405
12;29406
252;29407
13;29408
19;29410
27;29411
2;29412
9;29421
3;29424
16;29428
23;29431
28;29440
34;29441
1;29442
70;29443
17;29451
31;29457
23;29461
161;29465
9;29466
12;29485
8;29501
12;29502
20;29503
18;29504
26;29505
40;29506
24;29507
24;29508
22;29513
3;29518
2;29521
6;29532
26;29533
22;29534
57;29536
26;29537
2;29553
4;29565
59;29598
168;29604
12;29608
24;29617
190;29619
25;29620
6;29627
21;29645
10;29649
158;29650
28;29652
35;29653
9;29655
7;29681
62;29693
57;29694
6;29695
48;29696
19;29712
1;29713
6;29714
14;29722
18;29738
8;29740
23;29745
8;29748
87;29789
9;29790
52;29791
33;29792
25;29797
53;29809
28;29810
573;29811
18;29818
6;29835
4;29838
1;29846
32;29862
61;29885
35;29887
17;29888
2;29892
6;29904
17;29905
17;29906
31;29930
27;29937
158;29941
30;29943
8;29962
61;29981
7;29982
40;29983
62;29984
13;30001
31;30002
33;30012
15;30019
5;30035
15;30039
1;30077
36;30078
4;30079
179;30080
13;30081
33;30082
27;30084
27;30091
168;30092
2;30101
21;30111
34;30112
43;30113
18;30114
5;30116
19;30134
163;30164
175;30174
27;30177
45;30178
44;30179
40;30180
3;30186
15;30194
16;30203
4;30205
33;30207
4;30208
52;30209
7;30212
154;30226
11;30236
34;30269
187;30270
31;30271
28;30272
161;30281
40;30289
41;30290
160;30291
4;30292
15;30333
5;30366
71;30367
41;30368
4;30370
3;30380
6;30385
167;30398
24;30406
2;30409
9;30411
10;30418
35;30449
26;30461
79;30462
177;30463
32;30464
24;30471
524;30474
3;30476
33;30477
22;30481
44;30482
9;30500
13;30515
33;30557
152;30558
185;30559
29;30560
6;30577
11;30578
8;30598
155;30610
16;30611
22;30616
14;30635
57;30654
28;30655
17;30656
32;30666
58;30674
18;30676
1;30702
13;30704
21;30706
3;30716
20;30725
10;30737
15;30749
10;30751
58;30752
19;30753
14;30754
3;30759
1;30775
10;30777
26;30782
6;30784
20;30786
8;30787
2;30788
4;30798
5;30804
26;30807
29;30810
31;30811
14;30819
9;30828
6;30838
17;30845
20;30847
42;30848
4;30849
37;30850
18;30852
16;30872
1;30878
161;30880
7;30881
148;30886
30;30890
13;30898
5;30900
151;30901
2;30904
15;30913
39;30941
55;30942
72;30943
41;30944
6;30948
24;30958
7;30961
25;30962
3;30963
12;30964
14;30985
39;30987
4;30990
26;31037
194;31038
40;31040
1;31057
33;31059
5;31063
8;31076
15;31083
2;31086
7;31090
18;31093
21;31095
205;31133
199;31134
9;31135
211;31136
31;31137
21;31151
34;31177
6;31191
4;31194
20;31202
83;31229
83;31230
13;31231
47;31232
28;31248
24;31249
190;31250
43;31252
8;31286
7;31287
26;31288
40;31296
209;31325
37;31326
6;31327
169;31329
160;31345
31;31347
154;31348
35;31378
2;31381
25;31382
37;31421
39;31423
50;31427
10;31428
30;31432
25;31453
31;31454
16;31455
5;31459
29;31460
7;31463
23;31464
5;31482
22;31507
24;31511
14;31517
197;31518
8;31519
10;31521
25;31522
38;31524
2;31527
1;31537
12;31551
9;31553
11;31554
18;31561
28;31569
7;31572
6;31573
24;31613
100;31614
49;31615
42;31616
16;31620
18;31634
31;31646
1;31649
8;31655
5;31659
3;31709
59;31710
51;31711
7;31727
7;31731
9;31732
13;31751
11;31754
18;31757
19;31760
1;31765
8;31786
80;31805
33;31806
50;31807
155;31808
10;31827
5;31842
10;31850
189;31852
10;31853
45;31901
191;31902
57;31903
68;31904
10;31921
182;31922
14;31924
35;31946
29;31947
12;31951
24;31954
553;31956
21;31958
28;31997
155;31998
85;31999
21;32000
6;32005
19;32007
26;32010
30;32019
13;32020
34;32026
14;32037
174;32038
21;32039
7;32046
1;32047
34;32093
20;32094
53;32095
45;32096
74;32097
175;32098
41;32099
47;32100
24;32118
1;32121
21;32123
16;32126
16;32129
163;32130
26;32131
27;32148
15;32150
7;32176
4;32189
48;32190
18;32191
52;32192
12;32193
25;32194
25;32195
20;32196
17;32199
2;32214
45;32222
38;32223
28;32224
173;32226
15;32228
20;32232
31;32241
1;32242
11;32243
2;32244
38;32247
9;32249
35;32250
2;32252
36;32285
62;32287
68;32288
14;32300
24;32306
160;32307
38;32308
30;32313
33;32321
13;32326
11;32332
32;32339
17;32341
2;32344
162;32381
52;32382
65;32383
20;32384
14;32388
5;32392
166;32394
28;32398
19;32401
34;32402
65;32404
11;32429
35;32431
18;32438
4;32439
35;32477
195;32478
32;32479
21;32480
7;32493
8;32498
28;32500
2;32503
18;32524
151;32529
160;32530
24;32533
7;32534
119;32573
14;32575
60;32576
36;32591
43;32595
155;32621
8;32626
161;32640
2;32669
245;32670
19;32672
2;32686
19;32689
16;32690
2;32691
29;32692
19;32697
27;32699
27;32714
12;32719
9;32721
6;32725
36;32750
38;32766
16;32767
24;32768
50;32769
41;32771
30;32772
1;32783
16;32800
33;32801
24;32802
23;32803
3;32808
10;32819
43;32823
16;32825
152;32827
8;32830
46;32861
217;32862
12;32864
14;32865
41;32866
3;32867
40;32868
5;32878
27;32894
14;32895
3;32896
22;32897
27;32910
49;32915
1;32916
15;32917
14;32924
200;32957
45;32958
35;32959
105;32960
151;32967
5;32977
179;32978
167;32979
6;32983
54;33001
1;33005
8;33007
38;33016
166;33043
59;33053
56;33056
6;33062
18;33068
1;33070
7;33073
29;33075
22;33094
39;33098
13;33103
566;33104
29;33109
13;33111
47;33149
66;33150
191;33151
28;33152
4;33154
5;33169
24;33170
15;33172
6;33173
145;33193
27;33196
3;33197
27;33198
19;33205
222;33245
241;33246
207;33247
42;33248
19;33257
25;33265
7;33267
4;33269
9;33278
32;33296
42;33301
28;33302
32;33304
83;33341
56;33342
33;33343
227;33344
166;33352
8;33362
3;33367
33;33378
2;33385
5;33386
30;33388
4;33389
38;33394
20;33395
27;33397
14;33432
58;33437
9;33438
5;33439
21;33441
7;33442
13;33443
44;33444
22;33447
5;33456
14;33462
8;33469
15;33471
33;33473
47;33474
6;33481
19;33489
3;33490
10;33499
4;33500
11;33508
167;33515
25;33529
24;33533
46;33534
6;33535
8;33536
12;33538
18;33539
182;33540
32;33546
17;33551
158;33556
5;33558
17;33566
10;33567
64;33568
14;33569
54;33570
14;33585
8;33587
6;33589
11;33590
29;33591
1;33592
40;33629
48;33630
260;33631
36;33632
20;33636
25;33645
36;33649
32;33650
6;33651
10;33681
20;33683
1;33687
44;33727
123;33728
36;33746
26;33747
8;33759
20;33765
12;33771
8;33772
18;33782
3;33784
4;33790
7;33800
5;33821
10;33822
3;33823
11;33824
27;33841
10;33843
11;33844
1;33868
19;33880
323;33917
41;33918
61;33919
5;33920
36;33930
13;33932
2;33934
26;33936
20;33937
46;33938
2;33940
189;33962
1;33965
37;33970
5;33973
7;33976
15;33997
43;34013
32;34014
34;34015
46;34016
15;34028
19;34029
23;34033
23;34036
155;34044
1;34055
14;34058
17;34060
5;34061
28;34063
37;34064
31;34067
19;34070
11;34102
25;34109
30;34110
81;34111
197;34113
35;34115
57;34116
4;34117
31;34126
24;34140
24;34141
6;34142
13;34144
14;34145
35;34153
6;34154
21;34168
14;34206
28;34207
43;34208
564;34209
169;34210
37;34211
11;34221
17;34237
8;34238
14;34239
42;34241
38;34243
162;34244
22;34259
5;34262
25;34264
11;34265
82;34301
199;34302
15;34303
27;34304
12;34318
14;34321
164;34323
12;34328
8;34331
21;34341
14;34347
3;34352
32;34355
192;34397
55;34398
28;34399
28;34400
22;34406
34;34409
20;34411
24;34417
49;34418
11;34426
22;34440
5;34441
8;34443
158;34448
17;34449
253;34493
31;34494
21;34495
16;34496
163;34514
23;34515
9;34516
20;34549
60;34550
176;34589
16;34590
31;34591
6;34592
25;34612
8;34619
28;34634
19;34638
1;34640
12;34643
17;34645
25;34646
207;34685
218;34686
56;34687
390;34688
22;34696
4;34701
1;34707
13;34736
9;34737
9;34740
3;34741
156;34781
12;34782
9;34783
182;34784
31;34785
37;34786
40;34787
36;34788
9;34797
18;34813
25;34814
175;34815
19;34818
17;34819
7;34820
9;34839
22;34840
14;34841
17;34842
18;34843
1;34844
9;34860
72;34877
13;34878
18;34879
23;34880
1;34881
64;34882
8;34883
61;34884
1;34896
25;34908
27;34909
12;34910
25;34911
167;34914
156;34918
159;34925
3;34931
6;34956
18;34963
10;34973
49;34974
91;34975
12;34976
19;34978
153;34993
163;34995
3;35004
1;35024
162;35027
8;35028
3;35029
9;35031
