sums of daily draw-off volumes
44.8
77
50
33.2
49.2
84
210.8
28.8
87.2
57.2
183.2
184
258.2
90.2
30.5
84.5
55.2
82.2
120.2
31.8
34
211.2
78.8
79.5
38.5
125.8
96
131.5
23.2
102.2
203.5
44.5
76
109.8
95.5
127.5
174.8
55
97.2
79.5
97.5
231.8
213.2
45.5
29.5
54.8
30.5
120
206
46.8
118.2
73.2
40
36.2
70.8
60.5
147.5
18.5
43.8
81.5
86
46
97
70.8
77.8
42.8
78.5
59.8
104.8
56.8
85.8
79.5
29.8
82.8
66.8
75.5
23.5
47
34.5
56.8
87.2
77.8
119.2
60.8
30
73.5
21.8
90.2
74.2
58.8
77.5
35.2
60.5
129.8
141.5
125.8
80.8
112
92.5
107.5
136.8
75.5
65
49.8
210
225.5
149.8
73.2
51.2
46.2
40.5
165.5
73.8
40.2
12.5
97.5
35.8
124.2
57.8
39.8
96.2
60.2
150
63.5
133.2
138.8
31
30.8
70.2
38.2
146.8
213.8
48.2
104.2
50.8
114
61
19.2
44.8
54.8
62.8
22.2
82
39.8
63.2
102
48
69.2
65.5
176.2
67.5
64.8
217.5
40.2
19.5
113.2
69.8
67.2
80.8
98.8
84.5
10.5
66
21.8
27.8
35.8
35
46.2
122.2
39
69.2
41.8
57.8
132.8
51.2
30.2
87
22
144.2
134.8
100.5
125
32.5
90.8
88.2
57.8
32.8
62.5
74.2
73.2
114
37
68.5
67.8
72.5
67
80.8
33.8
64
70.2
75.5
136.2
43.2
45.5
47.2
28
57.2
45.5
126
150.5
47.8
75
88.2
27.2
17.5
25.2
50.2
56.8
75.8
21.5
12.2
10
69.5
68.8
11.8
22
27.5
55.5
133.5
69.8
192
66
76.2
70.5
84.2
33.2
40.8
42
68.8
45
26.2
20.2
92.8
35.8
41
56
36.2
48.5
310
164.8
88.8
29.8
68
47.2
32.8
109.2
83.5
162
86
149.5
51.2
26.8
30.2
51
21.8
31.8
66.5
108.5
115.8
19.2
68.8
34
100.5
23.2
36.8
114.8
17.8
72.8
68.5
93.5
34.8
38
94
43.5
44.5
23
34.5
47.2
65.2
32.2
59.5
63.5
190.2
199.8
71
104.5
211.5
248.8
30.2
121.8
116
116
46.2
58.5
35.8
28.8
88.5
114
65
54
64.8
121.5
63.2
63
105.2
22
36.2
71
136.2
62.5
108.2
85
67.5
73.2
109.2
62.8
40.2
57
166.2
70
68.8
76.8
58.8
192.2
173.5
178
111.5
105.5
87.2
122
138.2
28
185.5
61.5
39.8
101.2
45
59.5
156.8
181.8
42
107
148.8
188.2
83
28.8
52.5
116.8
37
75.2
66
41.5
126.5
73.8
42.2
sums of draw-off volumes of each hour of the day
103.8
269.2
101
139.3
43
91.6
5004.4
6780.2
2637
430
249.8
1767.9
1567.5
730.8
737.2
1379.3
1064.3
683.4
1062.2
1285.8
1327.3
938.8
496.2
89.5
sums of draw-off volumes of each hour of weekdays
56.8
57.2
64.8
124.2
18.8
66.3
4145.7
4477.7
1407.1
157
156
1698
1350.7
654.9
161.1
233.8
71.4
517.4
999.2
1055.4
814.1
588.1
154.3
6
sums of draw-off volumes of each hour of weekend-days
47
212
36.2
15.1
24.2
25.3
858.7
2302.5
1229.9
273
93.8
69.9
216.8
75.9
576.1
1145.5
992.9
166
63
230.4
513.2
350.7
341.9
83.5
holidays of household(s), numbers correspond to day of year
