25;30
5;31
25;36
35;49
3;50
51;51
26;53
9;57
8;120
6;125
75;126
15;127
4;128
25;146
160;148
9;159
6;182
17;221
29;223
32;224
3;230
9;237
1;241
2;243
52;244
36;273
17;275
2;278
32;318
49;319
16;320
4;340
32;362
65;413
16;414
14;415
8;434
13;436
19;441
6;442
16;460
40;468
1;506
27;509
1;510
36;511
13;512
25;514
24;516
35;543
174;544
57;606
41;609
45;610
28;611
17;612
6;613
7;618
15;639
29;642
25;643
2;644
9;658
562;667
27;701
11;702
18;703
33;704
26;721
151;777
29;797
56;798
9;813
8;817
16;818
12;820
19;831
2;835
24;837
17;853
6;856
62;893
39;895
60;896
23;915
15;939
30;940
39;989
42;990
11;991
4;992
567;1012
5;1033
29;1036
17;1038
19;1040
13;1085
218;1086
10;1087
4;1088
24;1105
156;1106
3;1107
11;1110
162;1132
28;1136
35;1141
21;1142
38;1143
13;1144
40;1181
181;1182
53;1183
197;1185
26;1187
31;1188
158;1213
4;1214
34;1215
184;1216
23;1217
14;1236
30;1239
29;1242
29;1247
166;1278
10;1282
9;1283
11;1284
28;1300
28;1304
4;1312
10;1313
51;1314
19;1332
25;1335
52;1373
28;1376
27;1396
15;1432
29;1469
33;1470
172;1471
20;1473
3;1477
18;1483
16;1487
13;1489
28;1490
6;1523
30;1548
19;1565
20;1566
40;1567
31;1568
26;1585
12;1593
26;1607
14;1621
3;1622
33;1661
43;1662
43;1663
71;1664
16;1681
12;1688
3;1707
71;1711
6;1713
31;1715
58;1757
33;1758
8;1759
9;1760
153;1779
157;1799
10;1800
5;1801
21;1803
4;1810
13;1812
10;1814
36;1855
45;1859
10;1860
5;1879
31;1892
13;1949
5;1950
33;1952
23;1953
3;1965
5;1984
33;1988
7;1994
5;2007
9;2011
27;2045
216;2046
569;2066
3;2068
8;2071
1;2089
21;2099
17;2141
15;2142
163;2143
37;2144
26;2161
5;2185
31;2186
21;2195
194;2237
23;2238
17;2239
47;2240
13;2260
24;2286
10;2327
29;2333
28;2334
11;2336
5;2341
34;2356
2;2361
27;2376
8;2380
13;2429
187;2430
33;2446
66;2451
35;2479
169;2486
26;2525
23;2527
1;2528
17;2531
3;2532
8;2557
214;2563
18;2564
35;2577
20;2578
19;2587
16;2621
23;2622
22;2623
1;2624
4;2626
8;2628
31;2654
19;2655
165;2656
27;2658
9;2659
19;2675
23;2677
159;2683
10;2718
13;2720
11;2726
34;2766
25;2768
189;2813
27;2816
15;2835
152;2860
5;2864
21;2865
7;2909
17;2910
45;2911
167;2912
560;2930
18;2933
33;3005
10;3006
80;3007
5;3008
30;3028
5;3054
15;3057
33;3101
2;3102
36;3103
30;3109
156;3120
16;3146
19;3153
12;3155
19;3197
60;3198
213;3201
9;3202
12;3204
17;3206
29;3215
31;3229
3;3232
22;3239
23;3247
1;3262
156;3294
18;3295
28;3297
173;3305
6;3352
1;3354
77;3389
28;3390
58;3391
155;3392
9;3412
175;3443
8;3447
162;3479
37;3486
42;3487
199;3488
27;3491
25;3516
2;3531
199;3540
6;3541
23;3581
178;3583
15;3584
4;3602
34;3677
8;3679
164;3680
31;3693
49;3698
7;3700
41;3724
30;3727
7;3730
10;3732
8;3736
29;3773
30;3774
65;3775
55;3776
26;3789
40;3793
20;3796
1;3819
30;3823
20;3824
2;3826
63;3869
46;3870
17;3871
24;3875
5;3897
3;3901
14;3902
16;3903
14;3904
4;3905
22;3907
160;3921
2;3928
32;3965
180;3966
2;3967
23;3968
209;3970
26;3971
3;3972
162;3999
27;4001
24;4003
18;4004
17;4012
13;4019
23;4022
168;4023
210;4061
555;4062
47;4063
18;4111
23;4120
20;4130
46;4157
26;4159
40;4160
10;4167
21;4170
2;4177
17;4190
3;4253
7;4254
64;4256
18;4275
12;4291
8;4294
6;4299
29;4349
13;4351
3;4395
17;4396
157;4407
27;4436
32;4445
18;4447
17;4448
13;4468
6;4481
9;4482
202;4541
20;4542
159;4543
2;4544
12;4545
13;4546
8;4547
15;4560
14;4571
16;4574
1;4593
18;4604
568;4615
7;4637
18;4638
21;4639
8;4640
16;4641
40;4644
15;4666
39;4673
19;4675
37;4676
12;4679
24;4701
6;4733
93;4734
47;4736
29;4785
12;4792
5;4823
168;4830
17;4831
80;4832
9;4842
28;4852
159;4876
7;4881
167;4926
23;4945
9;4946
7;4948
11;4952
6;4971
15;4972
40;4974
1;4976
14;4977
14;5021
60;5023
63;5024
23;5079
56;5118
23;5119
39;5120
4;5127
1;5140
4;5156
4;5168
14;5175
11;5213
28;5218
148;5219
42;5245
7;5246
10;5248
11;5250
15;5266
11;5272
12;5297
11;5303
4;5309
5;5312
173;5313
5;5348
18;5357
12;5364
2;5365
351;5405
84;5406
54;5407
20;5417
3;5422
29;5426
19;5427
10;5428
20;5452
14;5502
14;5503
2;5504
9;5508
8;5528
16;5550
11;5557
7;5597
33;5599
74;5600
37;5642
14;5643
4;5646
6;5647
5;5693
36;5694
4;5695
189;5696
28;5713
24;5715
40;5716
15;5789
14;5790
60;5791
32;5792
29;5812
161;5835
10;5839
23;5842
23;5885
14;5887
24;5889
22;5891
18;5900
20;5931
5;5937
29;5943
29;5947
17;5963
10;5981
9;5982
169;5985
13;5986
24;5987
29;5988
1;6010
11;6016
24;6018
19;6019
8;6020
2;6027
13;6034
13;6036
19;6038
7;6039
18;6076
16;6077
15;6078
14;6079
20;6080
162;6097
22;6099
2;6100
4;6121
10;6129
16;6173
24;6174
7;6175
194;6176
28;6194
20;6224
16;6227
6;6228
63;6269
1;6270
46;6271
21;6272
3;6303
25;6319
12;6325
36;6365
8;6366
55;6367
157;6385
2;6386
9;6398
6;6399
17;6409
3;6421
21;6423
72;6462
27;6464
23;6481
7;6482
7;6483
5;6507
23;6509
10;6515
52;6518
13;6520
12;6557
187;6559
5;6560
12;6561
18;6582
4;6590
162;6591
16;6592
3;6594
27;6643
13;6658
33;6660
24;6685
25;6689
36;6691
26;6694
22;6699
8;6708
5;6710
8;6714
24;6749
45;6750
40;6751
164;6752
13;6771
6;6791
14;6802
13;6804
19;6805
5;6806
49;6845
8;6847
153;6848
3;6857
23;6865
7;6880
14;6889
12;6898
37;6900
12;6904
8;6922
25;6941
6;6942
4;6943
12;6944
4;6961
35;6966
14;6991
4;7000
7;7006
14;7022
28;7037
8;7038
17;7040
25;7043
159;7057
24;7059
29;7077
9;7082
18;7093
34;7133
11;7134
44;7135
74;7136
20;7149
3;7153
7;7156
1;7162
11;7170
2;7172
4;7181
17;7182
20;7183
19;7191
12;7229
25;7230
93;7231
14;7232
13;7233
6;7234
18;7235
38;7236
21;7261
24;7263
20;7266
16;7282
2;7287
17;7330
1;7332
2;7337
7;7346
5;7357
5;7358
17;7362
20;7368
20;7375
30;7421
42;7422
62;7423
41;7424
13;7474
44;7517
49;7518
32;7519
9;7545
4;7559
23;7613
96;7614
27;7615
14;7643
9;7657
29;7664
7;7670
22;7671
5;7684
24;7709
39;7710
29;7711
51;7712
5;7720
3;7725
185;7732
8;7766
28;7805
166;7806
25;7808
25;7826
45;7853
11;7854
3;7861
8;7862
165;7901
28;7902
164;7904
9;7905
12;7907
25;7908
19;7950
25;7956
15;7960
15;7963
20;7997
10;7998
11;7999
1;8001
17;8003
166;8015
5;8031
7;8033
6;8050
3;8068
4;8093
37;8107
37;8140
29;8143
10;8151
18;8190
54;8191
170;8192
29;8202
6;8234
17;8244
31;8285
28;8286
16;8287
12;8344
31;8362
18;8382
36;8383
47;8384
27;8404
151;8426
12;8430
6;8435
33;8437
149;8477
28;8478
5;8479
80;8480
35;8497
54;8573
10;8574
36;8575
16;8576
13;8577
27;8580
4;8592
3;8602
11;8608
24;8610
34;8611
3;8630
7;8667
20;8668
173;8672
47;8697
1;8702
12;8703
47;8704
3;8720
2;8761
58;8763
4;8765
8;8776
33;8783
11;8784
2;8788
17;8799
6;8817
24;8858
27;8859
181;8879
10;8915
59;8953
156;8954
10;8955
21;8969
33;8970
11;8975
13;8988
8;9000
29;9003
10;9006
161;9008
4;9009
4;9012
12;9050
11;9051
164;9056
2;9069
162;9070
22;9071
29;9094
164;9102
40;9146
36;9147
41;9148
23;9165
18;9167
20;9177
164;9195
153;9201
8;9202
15;9241
24;9242
146;9244
11;9245
47;9248
3;9250
19;9260
28;9280
9;9283
1;9288
20;9303
32;9338
7;9339
171;9340
23;9341
172;9343
22;9369
7;9398
14;9399
35;9433
18;9434
163;9469
154;9481
2;9523
58;9529
72;9530
10;9531
168;9532
28;9534
17;9551
17;9552
21;9572
15;9575
22;9588
227;9625
36;9635
151;9645
27;9648
13;9656
9;9670
29;9679
6;9680
19;9681
30;9684
55;9721
174;9724
1;9737
10;9741
11;9743
6;9745
22;9748
8;9767
15;9768
86;9817
22;9818
13;9819
23;9834
31;9837
14;9838
32;9861
7;9862
32;9875
16;9916
176;9919
1;9947
1;9952
5;9965
4;10010
32;10013
52;10016
24;10044
554;10045
10;10048
164;10066
569;10105
44;10107
195;10108
3;10120
4;10128
6;10140
30;10141
32;10146
8;10149
11;10164
199;10201
7;10202
148;10222
19;10241
5;10250
28;10251
159;10255
34;10258
12;10297
21;10298
4;10299
11;10300
170;10309
12;10317
20;10318
2;10320
16;10352
25;10353
29;10378
7;10394
10;10395
78;10396
3;10408
17;10442
34;10443
27;10451
31;10489
22;10490
56;10492
19;10499
22;10506
13;10516
22;10525
4;10574
24;10586
5;10587
24;10588
10;10590
5;10617
32;10624
14;10635
21;10642
23;10648
167;10684
7;10686
165;10687
1;10688
166;10691
20;10692
5;10713
32;10714
9;10718
28;10719
11;10735
34;10738
17;10740
39;10777
17;10778
18;10779
11;10780
7;10799
189;10800
14;10830
25;10864
18;10873
10;10874
14;10875
54;10876
10;10892
7;10901
18;10922
5;10927
3;10969
5;10970
19;10971
15;10972
8;10991
220;11065
20;11066
27;11067
49;11068
27;11087
8;11109
39;11115
24;11161
20;11163
19;11164
11;11171
3;11186
8;11202
7;11210
21;11215
30;11216
23;11252
149;11257
30;11260
36;11263
13;11264
169;11293
34;11295
2;11296
6;11313
15;11314
20;11322
30;11355
27;11356
2;11357
40;11358
24;11360
23;11376
7;11391
33;11392
3;11397
25;11405
8;11406
9;11414
15;11449
44;11450
5;11452
23;11469
2;11472
11;11489
2;11496
31;11498
26;11503
159;11521
8;11548
150;11552
16;11567
22;11593
30;11597
18;11641
22;11643
2;11663
40;11664
153;11690
6;11697
45;11737
153;11740
19;11757
156;11759
2;11774
31;11782
3;11784
21;11786
14;11792
156;11793
4;11834
5;11835
232;11836
13;11841
14;11929
8;11932
11;11933
7;11934
34;11935
7;11936
1;11944
10;11961
21;11962
167;11964
208;11968
12;11980
33;11991
38;12025
42;12027
190;12029
27;12036
21;12037
2;12038
29;12059
199;12061
7;12064
24;12121
47;12122
8;12123
20;12127
25;12144
33;12217
5;12218
12;12230
8;12238
22;12239
22;12240
11;12266
10;12276
12;12308
10;12315
37;12316
13;12336
38;12349
163;12364
8;12369
23;12410
18;12411
16;12412
16;12431
30;12438
15;12441
18;12460
17;12462
496;12505
67;12506
9;12508
2;12528
13;12563
16;12603
181;12605
565;12606
39;12608
41;12635
13;12636
2;12679
18;12693
5;12698
27;12703
23;12727
36;12731
16;12734
6;12735
33;12736
7;12744
20;12760
168;12782
18;12794
50;12795
10;12796
160;12813
2;12814
9;12842
27;12875
27;12889
60;12891
29;12892
20;12908
7;12912
8;12934
6;12945
19;12947
152;12985
25;12986
24;12987
171;12988
10;13006
30;13008
11;13009
8;13034
25;13038
26;13081
65;13082
65;13084
21;13101
36;13102
11;13103
4;13129
16;13140
24;13177
13;13180
3;13181
29;13188
8;13230
25;13275
23;13276
31;13277
37;13278
24;13312
39;13322
32;13348
18;13369
35;13371
1;13373
15;13374
26;13387
39;13392
29;13401
3;13406
10;13408
11;13424
67;13465
18;13466
16;13467
46;13468
7;13477
6;13485
35;13496
30;13505
26;13522
8;13561
16;13581
20;13591
18;13595
11;13609
16;13619
12;13657
37;13658
192;13659
19;13660
38;13681
6;13707
15;13716
9;13718
52;13754
9;13756
32;13772
26;13776
17;13784
2;13799
21;13809
78;13850
8;13852
6;13869
161;13899
6;13945
21;13948
15;13952
148;13971
3;13979
16;13981
169;13983
20;13984
10;13986
6;14041
20;14044
20;14045
3;14048
23;14056
8;14058
12;14071
17;14073
19;14074
20;14092
44;14094
8;14137
16;14138
159;14139
28;14140
19;14159
8;14160
16;14183
15;14184
3;14188
5;14198
29;14233
173;14234
4;14235
24;14236
22;14265
10;14284
32;14330
93;14331
380;14332
170;14350
14;14352
11;14380
1;14385
4;14386
32;14425
47;14426
171;14427
12;14428
8;14465
160;14522
24;14524
21;14531
7;14535
17;14542
18;14570
12;14578
32;14606
16;14609
49;14617
14;14619
1;14620
32;14621
30;14622
54;14623
2;14624
12;14628
13;14650
472;14651
44;14653
24;14655
24;14656
31;14659
17;14678
3;14680
33;14698
4;14713
18;14716
1;14746
26;14748
19;14749
27;14757
8;14758
1;14761
8;14770
16;14773
8;14811
45;14812
15;14821
4;14833
6;14861
227;14905
40;14906
77;14907
39;14908
27;14925
18;14962
25;14964
26;15001
4;15002
36;15003
10;15004
155;15022
15;15031
16;15052
17;15055
41;15097
24;15098
29;15100
158;15118
17;15142
192;15193
7;15195
32;15196
28;15214
15;15215
9;15216
8;15230
19;15237
13;15248
31;15289
3;15290
47;15292
22;15295
22;15296
4;15304
22;15324
24;15326
31;15331
23;15335
161;15348
5;15350
25;15385
4;15386
12;15387
37;15388
1;15392
4;15409
14;15418
174;15423
27;15426
12;15430
28;15447
4;15482
38;15512
93;15577
18;15578
42;15579
24;15580
12;15597
75;15600
13;15669
20;15673
3;15676
2;15678
5;15710
1;15728
20;15729
23;15731
2;15766
59;15770
28;15772
13;15777
2;15804
7;15806
25;15865
57;15866
42;15867
1;15886
18;15916
1;15961
32;15963
33;15968
21;15969
27;15993
3;15995
23;16000
4;16057
27;16063
47;16064
47;16090
12;16091
16;16097
14;16100
18;16120
22;16134
6;16153
29;16154
178;16155
160;16156
31;16179
18;16202
20;16204
25;16210
9;16249
35;16250
36;16251
54;16252
22;16297
40;16345
2;16346
154;16347
4;16364
15;16397
30;16399
32;16400
4;16441
40;16442
45;16443
40;16461
38;16495
23;16537
1;16539
181;16540
14;16558
3;16583
9;16587
27;16633
4;16637
28;16638
34;16639
159;16640
192;16669
9;16676
18;16689
29;16690
2;16691
29;16694
35;16708
9;16729
20;16730
39;16735
11;16755
23;16757
22;16763
17;16765
26;16768
3;16788
8;16804
39;16826
6;16828
30;16835
30;16836
5;16878
3;16889
27;16918
20;16921
45;16922
84;16923
60;16924
16;16940
10;16941
7;16943
31;16954
31;16965
12;16975
5;16979
35;17019
6;17020
9;17032
28;17040
10;17075
37;17113
20;17114
3;17115
12;17116
20;17126
162;17133
155;17149
158;17158
6;17159
4;17160
23;17209
20;17210
57;17211
5;17212
167;17230
1;17231
33;17234
24;17241
4;17245
157;17252
21;17253
27;17268
33;17306
38;17308
28;17310
9;17311
32;17330
6;17337
34;17339
24;17341
3;17342
18;17343
162;17366
15;17369
158;17382
156;17402
11;17406
6;17407
27;17408
6;17433
12;17435
12;17436
12;17438
21;17453
36;17454
40;17458
3;17463
28;17491
3;17497
15;17498
32;17500
21;17519
17;17520
14;17556
163;17575
3;17593
77;17594
28;17595
9;17596
18;17614
34;17615
31;17620
32;17689
68;17690
18;17691
21;17692
9;17713
170;17741
25;17743
10;17747
12;17785
24;17786
34;17787
9;17788
29;17794
48;17807
8;17808
22;17818
28;17829
17;17830
2;17881
45;17882
28;17883
11;17884
1;17936
27;17939
17;17945
3;17977
30;17979
35;17981
43;17982
12;18004
23;18014
10;18015
26;18016
8;18019
7;18033
22;18035
15;18039
16;18040
12;18073
29;18075
5;18077
30;18079
30;18080
5;18106
4;18107
175;18108
4;18116
3;18135
15;18169
33;18170
31;18171
8;18172
15;18192
9;18215
166;18216
16;18224
26;18265
19;18266
353;18267
13;18268
12;18309
25;18315
8;18322
34;18361
21;18362
37;18363
9;18364
31;18395
5;18418
11;18424
85;18457
7;18458
57;18459
27;18460
11;18477
6;18478
35;18493
15;18500
31;18507
12;18554
21;18555
172;18571
10;18573
8;18576
19;18577
6;18598
4;18600
19;18611
1;18649
37;18650
11;18651
26;18652
24;18655
19;18656
3;18661
162;18682
7;18702
1;18739
28;18745
32;18748
10;18749
31;18750
17;18777
37;18780
16;18783
5;18784
52;18795
3;18802
4;18804
32;18805
175;18842
20;18843
67;18844
6;18860
24;18891
15;18894
16;18907
18;18939
32;18940
25;18957
29;18966
2;18980
12;18984
17;18985
3;19034
16;19035
15;19046
9;19050
5;19054
151;19078
15;19091
42;19092
1;19129
19;19130
208;19131
15;19132
7;19149
4;19150
11;19153
9;19161
7;19180
33;19214
193;19227
11;19228
25;19239
39;19281
1;19282
11;19310
31;19321
4;19322
160;19323
37;19325
25;19326
4;19332
1;19348
3;19351
40;19356
9;19367
3;19372
154;19376
36;19377
19;19383
8;19386
69;19418
10;19422
2;19423
29;19424
14;19427
12;19452
3;19461
21;19476
13;19479
23;19513
52;19514
46;19515
18;19516
8;19534
29;19535
6;19560
7;19609
27;19610
45;19611
10;19612
13;19630
15;19631
1;19639
30;19641
6;19655
16;19656
2;19659
17;19666
4;19692
20;19706
26;19725
11;19726
26;19727
12;19750
13;19756
5;19782
39;19803
1;19804
1;19833
4;19834
172;19850
7;19852
53;19897
36;19898
7;19899
22;19900
33;19907
31;19951
32;19993
168;19994
28;19997
32;20000
25;20028
16;20029
160;20032
9;20036
24;20047
5;20051
5;20052
19;20074
554;20089
7;20090
1;20091
18;20092
3;20094
60;20185
64;20186
26;20187
17;20188
2;20195
8;20205
7;20208
7;20239
57;20281
18;20282
30;20283
153;20301
11;20317
5;20330
26;20338
23;20377
161;20379
16;20380
145;20425
8;20427
39;20473
33;20475
9;20476
28;20494
11;20562
35;20570
22;20572
2;20614
12;20665
16;20667
16;20697
2;20700
7;20704
17;20718
11;20719
17;20721
3;20728
1;20761
39;20768
161;20794
178;20858
2;20860
26;20908
20;20912
1;20915
21;20943
29;20953
7;20954
15;20956
12;20973
25;20975
22;20983
2;20991
11;20998
159;21003
28;21050
2;21052
29;21072
5;21096
22;21104
7;21145
5;21146
3;21163
22;21168
12;21194
3;21242
10;21269
26;21288
1;21299
10;21337
3;21338
6;21342
14;21371
12;21372
24;21375
153;21376
28;21381
10;21392
18;21397
34;21436
6;21438
32;21462
22;21466
1;21471
4;21472
16;21485
160;21487
17;21530
5;21532
8;21543
17;21583
18;21603
6;21628
5;21645
37;21646
22;21648
38;21721
13;21722
39;21723
10;21737
10;21777
7;21807
13;21817
8;21818
162;21819
7;21828
12;21840
6;21867
6;21870
1;21872
10;21914
14;21915
36;21916
45;21932
178;21933
26;21934
21;21935
155;21936
19;21957
30;21966
43;22009
24;22010
12;22012
30;22013
13;22016
21;22037
35;22044
24;22045
2;22046
37;22047
19;22056
19;22063
19;22105
12;22107
577;22108
17;22110
3;22111
38;22112
36;22142
12;22143
22;22161
4;22162
28;22168
3;22190
26;22202
5;22203
39;22204
163;22221
23;22232
5;22254
13;22299
17;22300
4;22313
28;22316
171;22318
4;22319
38;22347
22;22350
8;22354
36;22393
160;22394
21;22395
2;22396
30;22402
2;22414
7;22431
12;22438
12;22447
14;22489
19;22490
31;22491
1;22494
14;22510
8;22520
21;22533
32;22534
19;22537
1;22539
175;22540
2;22541
24;22585
75;22586
2;22587
23;22605
3;22607
6;22632
17;22682
17;22683
21;22684
11;22686
12;22693
35;22717
20;22722
30;22733
36;22761
4;22770
6;22779
1;22780
33;22782
9;22783
14;22784
1;22806
12;22808
25;22812
27;22813
177;22873
2;22874
17;22875
28;22890
10;22912
5;22921
11;22923
19;22925
6;22932
16;22969
3;22970
53;22972
34;22991
1;22992
13;23014
22;23022
38;23025
19;23067
7;23068
11;23072
12;23082
27;23086
11;23087
18;23114
34;23162
13;23164
6;23183
10;23218
18;23220
25;23257
16;23258
32;23259
28;23277
144;23278
8;23287
32;23301
33;23305
36;23313
17;23326
24;23330
3;23354
3;23357
4;23358
8;23359
2;23360
27;23368
3;23388
19;23389
4;23391
10;23400
26;23405
10;23412
15;23451
21;23452
13;23454
19;23456
31;23481
4;23483
26;23486
29;23501
6;23519
63;23545
47;23546
44;23548
28;23566
6;23567
9;23581
3;23595
5;23597
19;23600
52;23641
21;23663
53;23664
19;23678
9;23718
39;23737
74;23738
9;23739
24;23758
7;23759
13;23760
1;23781
18;23782
11;23834
604;23835
30;23836
15;23854
5;23863
9;23879
566;23886
6;23922
10;23929
28;23930
198;23931
12;23932
31;23933
203;23949
3;23950
164;23976
4;23985
9;24025
24;24026
32;24031
37;24057
19;24059
1;24061
20;24062
26;24063
11;24078
145;24081
31;24086
2;24111
15;24122
7;24125
17;24127
35;24128
6;24153
30;24155
1;24159
6;24180
6;24217
11;24220
193;24239
34;24258
17;24268
11;24273
10;24313
33;24314
31;24315
35;24316
27;24333
9;24339
8;24358
36;24361
25;24409
17;24411
34;24412
5;24418
6;24429
21;24431
11;24436
12;24463
229;24505
21;24506
35;24508
29;24525
34;24549
37;24550
14;24556
10;24561
28;24567
13;24601
11;24602
61;24603
26;24604
58;24624
32;24646
30;24648
15;24650
19;24651
4;24652
25;24654
13;24655
27;24658
7;24698
29;24699
166;24700
14;24703
1;24704
11;24705
11;24725
20;24731
9;24733
161;24735
13;24736
29;24739
168;24755
9;24758
10;24793
36;24794
156;24795
1;24799
13;24825
11;24828
22;24829
31;24832
17;24837
19;24847
28;24852
170;24889
7;24890
27;24892
14;24912
173;24917
148;24934
20;24941
4;24947
35;24949
11;24985
5;24986
12;24988
154;24995
14;25007
9;25036
8;25082
1;25083
39;25084
12;25104
31;25136
16;25139
23;25177
44;25179
22;25197
26;25198
6;25209
14;25273
27;25276
15;25289
24;25293
4;25294
24;25295
58;25296
27;25318
11;25331
3;25370
1;25371
2;25372
6;25375
18;25376
7;25378
7;25385
9;25403
23;25404
4;25408
7;25414
29;25466
25;25467
3;25468
5;25469
28;25498
20;25499
9;25500
2;25502
6;25521
22;25562
19;25563
15;25564
18;25566
18;25577
2;25582
14;25583
158;25607
29;25658
12;25659
122;25660
23;25677
165;25679
27;25680
13;25706
33;25715
10;25716
24;25753
149;25754
49;25755
23;25775
167;25790
19;25799
32;25808
1;25849
45;25850
1;25872
30;25904
25;25934
187;25945
15;25946
16;25947
32;25948
38;26043
15;26044
24;26046
12;26057
26;26059
16;26067
5;26075
4;26123
26;26140
184;26142
167;26144
5;26169
13;26170
2;26173
1;26195
27;26233
1;26236
55;26253
10;26291
46;26330
29;26331
15;26351
5;26352
11;26378
7;26380
28;26383
1;26386
5;26392
39;26425
40;26426
28;26428
45;26445
147;26476
160;26483
6;26523
13;26524
28;26542
3;26560
8;26561
13;26575
11;26617
24;26618
27;26620
4;26626
30;26634
192;26637
3;26662
30;26714
147;26716
35;26720
1;26748
4;26749
1;26751
18;26768
23;26769
15;26770
9;26809
23;26810
18;26811
56;26812
36;26816
165;26832
22;26834
10;26848
24;26863
2;26864
9;26871
35;26905
13;26906
19;26907
13;26908
20;26917
8;26926
8;26928
5;26955
7;26957
11;26961
23;27001
20;27002
5;27004
6;27022
2;27023
39;27027
29;27047
4;27052
24;27058
6;27077
20;27097
206;27098
27;27099
55;27100
35;27109
12;27112
1;27118
6;27119
8;27120
26;27193
18;27194
28;27195
57;27196
20;27213
4;27214
7;27216
14;27235
43;27289
35;27291
26;27292
7;27311
8;27312
19;27324
22;27334
14;27340
4;27346
10;27389
25;27390
27;27417
6;27419
4;27437
19;27438
1;27442
1;27481
1;27482
10;27487
17;27491
20;27512
50;27519
1;27530
4;27533
2;27534
32;27543
27;27577
30;27578
79;27580
13;27599
15;27607
15;27622
5;27627
5;27631
11;27675
46;27676
10;27686
34;27713
9;27722
1;27730
150;27731
36;27770
9;27771
9;27774
18;27798
15;27814
14;27817
28;27822
3;27857
12;27865
28;27866
13;27885
5;27887
168;27888
9;27921
57;27962
64;27963
11;27964
3;27983
18;27984
30;27985
6;27994
7;27997
28;28015
30;28019
156;28061
26;28062
29;28063
19;28071
159;28089
9;28090
152;28093
32;28096
179;28111
17;28135
580;28153
23;28155
22;28156
20;28157
13;28158
8;28159
30;28160
10;28161
29;28165
25;28186
22;28203
25;28249
148;28250
26;28268
17;28269
7;28270
26;28297
35;28299
175;28345
14;28347
152;28348
13;28359
20;28378
9;28398
2;28401
33;28404
50;28441
569;28442
51;28443
162;28461
14;28492
18;28537
584;28538
1;28539
164;28540
14;28558
21;28559
24;28572
166;28585
3;28588
28;28633
53;28636
6;28652
2;28656
30;28677
2;28680
41;28729
16;28730
10;28731
13;28732
175;28733
14;28734
2;28735
9;28759
158;28762
5;28764
30;28767
3;28781
4;28789
7;28790
169;28828
8;28829
13;28831
25;28832
11;28833
4;28851
173;28857
24;28859
12;28863
2;28864
23;28883
12;28911
38;28921
17;28922
22;28923
164;28924
27;28930
19;28972
159;28974
6;28977
21;29017
20;29018
58;29019
8;29030
8;29037
17;29041
36;29045
17;29067
25;29113
2;29115
146;29135
15;29147
1;29158
13;29161
32;29170
50;29213
27;29215
24;29231
7;29233
2;29236
28;29240
5;29249
3;29286
6;29309
39;29311
15;29329
35;29355
17;29358
71;29405
12;29407
157;29410
4;29412
21;29440
16;29443
12;29454
20;29459
41;29460
9;29492
172;29501
9;29505
5;29507
33;29508
23;29521
32;29534
3;29535
5;29536
147;29537
7;29539
2;29544
9;29556
27;29592
4;29597
5;29598
2;29599
11;29600
37;29619
165;29620
9;29644
35;29693
51;29694
40;29695
45;29696
34;29702
2;29704
1;29737
8;29740
18;29774
47;29790
25;29791
54;29792
71;29811
16;29834
21;29843
7;29847
5;29861
214;29885
60;29887
173;29888
34;29931
6;29981
183;29984
36;30002
4;30003
5;30025
9;30039
10;30040
31;30077
173;30078
6;30081
10;30082
9;30110
17;30129
6;30132
169;30173
50;30174
20;30176
25;30177
25;30179
57;30180
24;30212
3;30220
3;30226
45;30233
19;30269
14;30270
39;30271
4;30277
10;30292
2;30316
15;30365
2;30366
42;30367
36;30385
27;30415
23;30421
164;30462
29;30463
7;30464
28;30484
27;30506
29;30512
365;30557
51;30558
27;30559
64;30560
13;30578
24;30579
1;30613
24;30653
43;30654
12;30656
33;30675
77;30676
15;30680
15;30701
31;30711
12;30752
18;30753
186;30754
66;30755
26;30756
12;30762
26;30763
15;30785
9;30787
22;30806
35;30809
6;30810
16;30823
4;30845
9;30849
23;30850
24;30851
2;30852
16;30856
8;30876
19;30879
19;30881
160;30884
7;30905
33;30908
79;30941
12;30942
73;30943
18;30944
29;30953
14;30962
14;30970
31;30997
40;31038
25;31039
188;31040
9;31059
31;31090
156;31133
190;31134
27;31135
27;31153
21;31154
16;31156
23;31230
11;31231
158;31232
12;31252
26;31257
5;31270
13;31273
3;31284
19;31325
41;31326
41;31327
5;31345
9;31377
12;31379
34;31383
104;31423
7;31425
9;31427
30;31444
49;31456
29;31457
20;31495
36;31496
145;31520
48;31522
171;31523
37;31524
158;31538
29;31541
17;31550
4;31576
3;31613
175;31615
37;31628
1;31635
5;31636
27;31647
18;31648
14;31662
6;31709
6;31710
11;31711
19;31712
8;31731
12;31742
27;31759
27;31762
159;31766
40;31805
26;31806
40;31826
19;31836
7;31845
12;31851
163;31860
46;31901
153;31903
4;31904
20;31921
5;31922
7;31960
351;31997
27;31998
37;31999
171;32000
161;32014
17;32019
5;32053
160;32093
21;32095
24;32097
22;32098
32;32099
161;32100
7;32111
53;32127
137;32129
34;32130
43;32152
10;32190
14;32191
7;32192
41;32195
4;32208
28;32211
19;32222
19;32238
563;32241
7;32250
30;32258
47;32285
20;32286
14;32287
21;32288
34;32290
11;32295
14;32296
2;32299
6;32301
27;32306
17;32308
167;32329
16;32335
11;32336
9;32341
6;32381
151;32382
30;32383
12;32384
17;32403
38;32432
168;32435
70;32480
30;32497
35;32500
58;32525
156;32534
157;32573
169;32574
20;32575
23;32577
16;32594
25;32599
30;32616
24;32624
24;32632
60;32669
33;32670
33;32671
30;32676
28;32692
158;32708
164;32712
47;32728
11;32750
26;32766
15;32769
29;32772
2;32781
6;32799
18;32800
4;32811
1;32822
19;32862
11;32864
6;32866
38;32867
33;32885
21;32896
559;32897
30;32898
25;32924
160;32958
34;32959
30;32960
22;32980
63;33053
30;33054
16;33055
25;33074
25;33102
165;33149
33;33150
34;33151
21;33168
10;33170
22;33171
18;33192
31;33195
33;33197
29;33204
9;33206
13;33225
1;33245
25;33246
74;33248
14;33249
24;33266
14;33271
1;33292
4;33300
10;33304
4;33341
48;33342
155;33344
8;33364
23;33371
24;33438
8;33439
149;33444
14;33446
163;33458
192;33469
30;33470
13;33473
30;33475
4;33498
15;33534
22;33536
2;33537
10;33538
2;33539
18;33542
5;33545
3;33557
1;33560
36;33565
18;33566
174;33569
4;33571
27;33572
9;33579
33;33586
14;33590
156;33595
24;33596
154;33598
29;33631
91;33632
36;33651
6;33652
6;33683
162;33710
23;33726
47;33727
8;33728
19;33746
6;33775
163;33776
20;33821
10;33822
179;33823
10;33828
1;33837
172;33844
8;33865
32;33873
163;33879
79;33918
11;33919
64;33920
564;33933
13;33947
4;33954
14;33966
4;33971
9;34013
22;34014
25;34015
4;34016
15;34029
37;34030
6;34033
2;34036
16;34047
30;34056
164;34059
2;34069
26;34111
14;34114
25;34116
5;34144
3;34146
42;34164
40;34198
3;34207
16;34208
17;34209
7;34212
24;34223
10;34231
23;34237
12;34242
4;34244
47;34262
7;34264
7;34294
38;34301
14;34302
14;34321
26;34322
21;34323
22;34351
325;34360
7;34397
13;34400
70;34420
8;34438
24;34444
6;34450
20;34456
29;34494
184;34495
7;34501
26;34514
18;34537
31;34548
2;34549
4;34552
27;34589
83;34590
7;34591
23;34592
15;34594
24;34609
8;34610
25;34611
26;34612
14;34618
12;34647
25;34686
38;34687
52;34688
14;34708
20;34727
8;34729
1;34730
8;34735
164;34754
37;34769
29;34781
3;34782
3;34783
26;34785
19;34786
21;34787
47;34788
11;34797
14;34813
34;34817
26;34820
38;34821
33;34834
1;34844
23;34877
44;34878
18;34880
8;34881
26;34882
44;34912
31;34914
9;34915
20;34929
19;34930
33;34936
20;34940
6;34973
39;34974
12;34975
39;34976
24;34979
25;34994
24;34995
