sums of daily draw-off volumes
117.8
121.5
93.2
145.5
216
42.5
125.5
70
140.8
162.5
96.2
133.5
129.2
195.8
91.5
110.8
106.8
57.2
73
129.5
243
141
115.5
140
114.2
70.5
94.5
104.2
196.2
152.2
110
85.2
133
63.2
80.2
80.2
58.8
259
90.5
91.5
284.8
73.8
66.5
187
184
139.2
286.5
262.8
113
53.2
119
118.8
58.5
73.5
135
83.8
184.5
82
127.2
135.2
181.8
185
127.8
63.5
43.8
50.2
105
177.2
123.5
183.2
63.8
104.5
65.2
143.5
51.8
157.2
102.5
250.8
206.2
136.2
131.2
87.8
365.8
119.5
139.2
59
52.8
114.2
169
113.2
190.5
100.8
215.5
68.2
117
259.8
186.2
90
130.5
168.2
102.5
124
44.2
70.5
153.5
162.2
206.2
67.2
87
104.5
227.5
146.2
51.5
42
117.8
121
232.8
303
33.8
81.2
82.8
245.8
94
81.5
197.5
110.8
104.2
165.8
125.8
186.2
45
66
135.8
90.2
160.5
30.5
186.5
134
154.2
66
289.2
146.8
171
38.8
244.5
167.5
280.8
68.5
82.8
172.5
52.5
37.5
147
260
88.2
36.2
73.8
80.8
135.2
74.2
96.5
65.8
53.8
84.2
62
148
98.5
148.5
71.8
127
84.5
122.8
96.8
199.2
126.5
81.5
87
52.5
37.8
80.8
146.5
142
133
130.2
94.8
260
115.2
167.2
57.2
51.2
105
125
36.2
82
173
49.2
176.5
52.5
98
173
93
44.2
162.2
53.8
118.8
77.5
128.5
142.8
65.2
165.5
307
42
93.5
244
69
102
209.5
46.2
46.8
98.5
45.8
114.8
87.2
47.8
116
99.8
154.8
32.2
48.5
83.5
76.5
132.8
56.2
105.5
127.8
76.2
110
92.8
106.8
142.8
45.2
53.8
98.8
102.5
233
32.5
17.8
54
81
109
123.2
122.5
66.5
106.2
187
37.2
163.2
73
118
112.5
174.8
57.2
163
55.5
67
60.8
107
84
69.8
80.5
190
118.5
137.8
102.2
59.8
33.2
61
186.8
129.8
50
118
166.8
136.8
94.2
111.8
124.2
131.8
222
65
212.8
139.5
89.5
85.8
200.5
209.5
117.8
431.2
136.8
60.2
105.5
107.5
94.5
62.2
76.2
118.5
113.2
39.5
166.8
110.8
49.2
45
65.5
71
100.2
66.5
162.5
65
327
65.2
63.5
57.8
307
60
98.5
135.5
142.5
75.2
75.5
169
145.5
49
90.5
169.8
40
85.5
129
192.5
58.8
115
150.5
140.8
172.5
87.5
144
130.5
151
129.8
103.8
154
58
91
207.5
87.2
134.5
108
100.5
295.2
112.2
135.2
277.2
108.2
103.2
114.8
181.8
121.8
sums of draw-off volumes of each hour of the day
120.2
84.3
70.9
171.3
172.3
72.4
7312
10494.8
4121.1
871.5
497.8
2090.8
2752.3
902.6
936.1
1835.8
1222.9
1414.2
1608.7
1966.8
2279.8
1860.8
631.5
160.3
sums of draw-off volumes of each hour of weekdays
84.2
20.4
36.3
69.6
72.9
34.4
6230.6
7501.2
1973.8
480.4
372
2035.4
2563
733.4
369.2
327.7
260.5
1093.7
1385.1
1507.8
1502.5
805.3
320.7
66.9
sums of draw-off volumes of each hour of weekend-days
36
63.9
34.6
101.7
99.4
38
1081.4
2993.6
2147.3
391.1
125.8
55.4
189.3
169.2
566.9
1508.1
962.4
320.5
223.6
459
777.3
1055.5
310.8
93.4
holidays of household(s), numbers correspond to day of year
