sums of daily draw-off volumes
147.8
68.8
146
137.5
76.5
105
283.8
117.8
80.5
119.2
189.8
105.2
180.8
140.5
158.2
82.2
233.8
140
67
137
139.8
120
219.8
163.5
137.2
58
96.2
143
110.2
93.8
150.5
92.5
72.8
190.5
130.5
62.5
193.8
103.2
252.2
231.2
133
193.2
139
68.2
106
80.8
59.2
285.5
63
59.5
84.5
63.5
60.8
111.2
160.8
138.8
91
105.8
103.5
290.2
138.8
50.5
208.5
53
60
339.2
84.2
77
239.5
108.2
62.8
76.2
85.8
44.8
53.8
131
137
347.2
83
117.8
161.2
92.2
104.2
150.5
55.5
167.2
59.5
109.2
232.5
211.2
136.8
104
148.8
364.2
135.2
73
135.5
137
206
182
93.5
97.5
156.8
83.5
141.8
185.8
117.5
84.2
35
47.8
45.8
96
96.5
96.5
108.2
157.5
146
151.5
134.5
66.5
113.5
67.2
66.5
98.2
116.5
74.2
69.8
187.8
73
170.8
111.8
164.2
40
61.2
131.5
121
76.8
154
156.5
88
220.8
123
104.8
128.2
121.2
217.8
51.5
146.8
53.2
158.8
87
77.5
129.2
169.8
97.5
33.5
191.8
79.5
117
169.5
54.5
74
89.2
133.2
104.5
81.2
179
75.5
123.2
144.2
50.8
140
92.5
142.5
123.8
146.5
186.8
47
105.2
128.5
96.2
88.5
68.5
50
79.8
61
68.5
145.8
132.5
63.8
144
294.2
85.5
139.8
174.8
154
44
36.2
37.2
92.2
96.5
115
127.5
100.2
118.8
49
67.5
110.8
107.8
106.2
81.8
219.5
87
57.2
152.8
172.2
31
161
52
64
87.2
159.8
36.2
72.5
72.8
65.2
74.5
116.5
226.8
56.2
179.5
85.8
107.2
120
106.2
240.8
144.5
252.2
63
118.8
58.5
38.8
127.8
297.5
224.8
102
43.2
43
77.8
138.2
45
51
168.2
143
106.2
36.2
47.5
97.5
101.8
104
81.2
89
95
240
195.8
117.8
143.8
58
53.8
78.2
191.2
70.2
200.8
67
302.2
174.8
78.5
86.2
368
170
71
29.2
92
52
53.5
97.2
143.8
53.8
91.8
240
192.8
200
114
43.2
41.8
30
96.2
199.5
128.8
41
49
40.5
44.8
59.5
50.2
78.5
154.5
535.8
100.2
36
103.8
36.5
77.2
78
65.8
144.2
147.2
118
88
80.5
250.8
75.2
169.5
92.8
287.8
245.8
54.2
101.8
122
45.2
57.2
132.2
32.2
135.8
103
149.8
193.2
265
243.2
85
146.8
118
109.5
118.8
135.8
37.2
194.2
247.2
182.8
283.8
127
118
54.2
206.2
82.8
97.5
123.8
70.5
246.8
65
61
136.2
112.2
103.2
103.2
sums of draw-off volumes of each hour of the day
127.8
183.5
63.4
60.3
222.4
120.5
7939
9798.5
4343.5
887.8
514.6
2284.8
2647.8
851.4
1199.6
1644
1715.2
1015.8
1954.9
2117.7
2052.7
1492.3
517.8
223.9
sums of draw-off volumes of each hour of weekdays
87.3
55.4
39
44.6
14.7
56.7
6547.5
6729.5
2271.8
252.5
381.4
2043.2
2546.9
735.1
397.7
261.4
338.7
722.6
1620.1
1732.1
1613.3
900.6
232.7
89.7
sums of draw-off volumes of each hour of weekend-days
40.5
128.1
24.4
15.7
207.7
63.8
1391.5
3069
2071.7
635.3
133.2
241.6
100.9
116.3
801.9
1382.6
1376.5
293.2
334.8
385.6
439.4
591.7
285.1
134.2
holidays of household(s), numbers correspond to day of year
