200;29
34;31
17;32
22;50
26;51
11;52
14;71
162;73
31;82
20;85
54;87
19;125
19;126
29;127
23;133
32;145
55;146
27;169
12;173
34;175
2;183
23;184
198;223
218;224
22;235
26;238
41;242
29;243
12;266
4;276
34;278
7;309
8;317
191;318
33;319
31;320
3;321
10;337
78;339
159;340
30;375
163;414
29;415
11;430
4;433
32;436
16;437
20;439
14;457
9;461
5;463
3;467
11;509
16;510
192;511
21;513
21;515
44;516
10;541
38;542
19;565
8;566
37;569
3;571
550;595
163;605
27;607
17;608
30;609
37;610
5;611
53;612
1;621
9;632
20;637
162;638
4;641
49;642
5;657
3;665
10;679
50;701
48;702
62;703
168;704
25;721
49;723
3;744
13;749
17;753
26;754
167;797
5;798
8;799
14;800
19;803
5;814
5;817
23;818
26;820
21;845
4;848
25;856
65;893
67;894
41;895
60;896
21;898
8;904
169;913
17;914
13;937
15;952
1;959
28;975
185;989
379;990
111;992
4;1009
9;1010
16;1011
9;1023
18;1047
30;1085
21;1086
13;1087
211;1088
24;1093
16;1105
31;1108
26;1122
13;1132
23;1138
13;1142
29;1182
6;1183
10;1184
35;1186
29;1187
3;1197
24;1214
6;1215
39;1216
25;1217
4;1220
150;1234
158;1236
166;1238
32;1241
7;1247
30;1267
13;1277
10;1278
3;1279
7;1281
1;1283
10;1284
14;1309
170;1310
2;1312
33;1313
46;1316
8;1319
160;1320
11;1329
12;1331
10;1332
14;1333
8;1337
308;1373
55;1375
14;1376
12;1395
18;1396
12;1407
4;1419
5;1421
11;1422
165;1423
10;1425
19;1426
15;1449
52;1469
76;1470
3;1471
80;1472
15;1489
29;1490
9;1491
6;1492
2;1495
9;1497
17;1505
9;1515
7;1519
7;1559
8;1565
213;1566
7;1567
234;1568
21;1572
6;1580
33;1582
149;1584
19;1587
15;1595
12;1611
159;1616
29;1621
23;1624
15;1661
200;1662
40;1663
169;1664
13;1673
52;1682
3;1683
12;1708
36;1712
7;1714
13;1716
77;1757
20;1758
36;1759
22;1760
4;1770
25;1776
15;1780
5;1797
10;1801
14;1808
24;1811
12;1812
4;1815
18;1854
204;1855
14;1856
181;1858
9;1869
18;1886
35;1888
14;1889
13;1890
1;1895
17;1910
24;1911
25;1926
18;1939
30;1951
27;1952
20;1954
11;1955
6;1956
35;1971
20;1981
179;1983
25;1984
4;1985
4;1986
59;1996
20;2002
25;2004
30;2007
15;2008
6;2009
82;2045
161;2046
41;2047
12;2048
1;2054
5;2065
2;2066
5;2068
2;2075
169;2096
38;2141
24;2142
565;2143
9;2144
22;2158
19;2161
6;2162
157;2163
1;2170
8;2174
5;2175
25;2182
167;2237
47;2238
23;2249
187;2258
19;2259
182;2260
18;2289
11;2295
43;2333
26;2334
13;2335
189;2336
19;2355
39;2356
2;2374
23;2378
17;2380
19;2387
3;2389
156;2391
17;2429
28;2430
74;2432
11;2435
14;2449
36;2454
50;2476
2;2483
18;2500
29;2526
23;2527
84;2528
21;2529
12;2531
14;2532
6;2549
10;2557
41;2559
61;2561
2;2562
12;2563
26;2577
9;2580
17;2585
17;2622
29;2623
182;2624
27;2625
4;2627
22;2628
7;2653
35;2656
4;2658
15;2659
68;2660
162;2669
26;2717
10;2718
18;2719
183;2720
59;2731
20;2738
5;2740
7;2747
18;2749
19;2761
36;2762
3;2769
27;2770
8;2773
2;2774
30;2806
50;2813
28;2814
33;2815
19;2836
18;2842
22;2870
162;2874
13;2876
151;2881
16;2886
20;2909
69;2911
52;2912
8;2918
34;2924
10;2929
35;2931
14;2937
5;2938
14;2944
168;2953
6;2968
17;3005
45;3006
35;3007
3;3008
22;3026
16;3027
10;3034
10;3041
172;3049
5;3051
21;3056
7;3057
7;3062
21;3102
39;3103
73;3104
28;3108
10;3121
22;3122
9;3123
3;3125
8;3139
4;3145
1;3146
44;3150
14;3157
4;3159
11;3160
85;3197
14;3198
363;3199
1;3201
4;3202
138;3203
27;3204
18;3205
3;3228
48;3229
23;3231
13;3233
12;3237
13;3257
2;3297
23;3298
161;3299
168;3300
15;3306
7;3316
14;3326
3;3327
19;3328
31;3329
5;3331
32;3352
3;3354
14;3356
25;3358
37;3389
44;3390
17;3402
14;3408
37;3411
18;3412
26;3439
11;3441
15;3442
31;3446
41;3485
60;3486
63;3487
13;3500
8;3504
55;3505
167;3506
6;3507
29;3509
16;3533
164;3536
153;3539
4;3581
35;3582
12;3583
1;3584
5;3591
11;3601
20;3602
38;3603
188;3604
27;3623
1;3624
19;3634
20;3635
32;3636
21;3677
23;3678
21;3679
56;3680
566;3683
4;3695
23;3696
2;3697
17;3698
5;3708
14;3722
167;3726
55;3730
30;3731
5;3733
8;3773
199;3774
2;3775
4;3776
68;3793
10;3794
14;3796
8;3805
6;3810
13;3819
7;3824
561;3826
19;3827
6;3829
7;3849
13;3870
164;3871
21;3876
160;3885
39;3902
1;3904
51;3905
11;3906
18;3908
6;3917
6;3925
28;3927
7;3931
12;3947
4;3956
5;3965
14;3966
9;3969
24;3970
25;3971
33;3972
13;3986
575;4002
4;4003
20;4004
13;4017
4;4025
10;4026
8;4028
29;4061
169;4063
173;4064
65;4081
8;4082
37;4083
28;4084
9;4085
31;4113
3;4114
4;4117
45;4157
10;4158
62;4160
9;4161
3;4173
12;4176
28;4178
19;4179
6;4180
19;4181
4;4195
1;4199
16;4212
9;4213
18;4214
12;4221
119;4253
31;4254
3;4255
172;4256
20;4273
30;4275
8;4276
3;4297
8;4301
30;4303
30;4349
21;4350
39;4351
49;4352
28;4361
28;4370
19;4372
26;4375
28;4392
12;4393
19;4397
24;4405
4;4445
11;4446
73;4447
50;4448
12;4466
2;4471
18;4473
15;4482
19;4497
33;4501
8;4518
31;4532
11;4533
52;4542
159;4543
60;4544
8;4545
37;4546
51;4547
569;4549
29;4563
4;4575
32;4576
20;4577
23;4578
31;4579
17;4598
9;4638
19;4639
56;4640
32;4641
26;4642
8;4643
4;4668
28;4670
17;4676
18;4683
25;4689
5;4692
5;4694
3;4723
27;4733
38;4735
13;4736
65;4753
25;4754
27;4767
32;4779
8;4784
39;4829
51;4830
26;4831
34;4832
34;4838
9;4842
10;4843
15;4848
50;4849
33;4852
9;4859
18;4875
10;4876
68;4925
20;4926
12;4928
4;4935
18;4943
2;4945
5;4948
23;4953
18;4968
27;4975
10;4980
28;4984
19;4992
13;5021
80;5022
30;5023
2;5024
10;5040
12;5042
25;5043
20;5045
16;5073
10;5077
9;5078
16;5079
9;5097
7;5117
38;5118
211;5119
58;5120
26;5137
31;5138
30;5151
14;5161
7;5173
10;5174
4;5176
24;5194
3;5213
162;5214
17;5215
30;5216
28;5217
11;5218
7;5220
30;5226
9;5228
16;5230
27;5241
19;5244
28;5246
7;5248
38;5249
32;5250
42;5251
20;5256
17;5257
14;5261
31;5268
11;5269
20;5273
13;5282
35;5309
18;5310
172;5312
20;5313
12;5341
2;5343
183;5344
51;5347
23;5348
19;5367
7;5368
27;5405
45;5406
1;5407
202;5408
22;5426
42;5428
21;5457
1;5462
3;5464
27;5495
25;5501
54;5502
29;5504
40;5523
35;5536
18;5546
186;5548
9;5550
1;5583
29;5597
14;5598
16;5599
36;5600
7;5617
28;5618
17;5624
4;5631
33;5641
3;5643
2;5648
25;5649
19;5650
1;5651
31;5654
148;5655
24;5676
23;5693
62;5694
35;5695
25;5696
167;5714
71;5716
15;5720
155;5724
22;5740
3;5743
559;5746
19;5781
9;5789
56;5790
32;5791
369;5792
9;5810
22;5811
15;5812
24;5847
21;5885
8;5886
30;5888
2;5890
41;5891
3;5910
14;5920
3;5921
4;5922
24;5923
5;5924
23;5936
23;5937
1;5939
10;5972
26;5981
177;5982
19;5983
14;5984
23;5985
30;5986
14;5988
26;5991
11;6015
14;6016
168;6017
24;6018
188;6019
10;6020
37;6034
17;6038
26;6042
23;6077
57;6078
62;6079
54;6080
8;6102
3;6122
5;6124
30;6173
69;6174
34;6175
17;6176
17;6193
29;6198
3;6216
28;6219
13;6232
75;6269
87;6270
50;6271
60;6272
209;6290
51;6291
23;6292
24;6295
156;6297
8;6315
562;6316
52;6319
23;6368
15;6382
33;6385
13;6387
29;6388
21;6396
2;6397
16;6398
10;6401
155;6417
20;6423
85;6461
68;6462
28;6463
26;6464
14;6466
2;6468
17;6482
27;6497
23;6508
18;6516
23;6529
174;6557
54;6560
19;6561
39;6562
21;6564
3;6574
2;6576
26;6586
169;6588
212;6590
84;6592
30;6593
23;6595
26;6596
15;6607
35;6613
3;6619
4;6625
12;6653
4;6656
59;6657
8;6658
26;6660
8;6668
35;6673
150;6683
17;6685
29;6687
1;6690
5;6692
30;6698
27;6712
18;6715
14;6728
53;6749
27;6750
24;6751
76;6752
40;6769
11;6771
2;6775
4;6796
30;6845
11;6846
67;6847
164;6858
25;6879
8;6892
24;6941
21;6942
49;6943
32;6961
31;6963
28;6985
5;6986
149;6987
4;6992
61;7037
31;7038
17;7040
28;7058
24;7083
18;7096
33;7133
5;7134
29;7135
50;7136
7;7139
5;7154
13;7155
26;7156
16;7164
31;7181
9;7204
5;7230
55;7231
17;7232
97;7233
9;7235
69;7236
29;7239
36;7246
22;7258
25;7261
19;7263
11;7264
16;7265
17;7267
23;7268
40;7284
25;7285
8;7326
2;7327
10;7329
46;7330
7;7331
28;7332
12;7336
157;7358
4;7359
32;7362
47;7363
25;7375
170;7378
8;7394
14;7400
21;7421
40;7422
577;7423
153;7424
165;7427
2;7443
49;7444
6;7454
158;7468
165;7469
22;7471
4;7474
5;7477
23;7508
20;7517
194;7518
19;7519
19;7520
9;7561
25;7565
23;7575
50;7614
206;7615
1;7616
11;7619
32;7632
2;7636
30;7653
12;7657
16;7658
23;7659
36;7660
15;7667
13;7670
24;7672
27;7710
45;7711
43;7712
2;7728
20;7731
25;7732
24;7754
34;7759
165;7761
33;7765
18;7766
160;7767
21;7768
28;7774
6;7805
31;7806
11;7807
64;7808
15;7822
2;7850
25;7853
21;7855
32;7856
4;7862
158;7863
32;7901
4;7902
22;7903
16;7904
9;7905
18;7906
12;7907
164;7908
6;7917
28;7933
30;7935
17;7942
23;7959
2;7962
34;7964
148;7975
24;7986
28;7997
57;7998
4;7999
10;8000
38;8001
5;8002
8;8003
15;8004
12;8021
2;8026
10;8032
163;8035
32;8036
1;8056
29;8059
16;8060
22;8093
9;8094
37;8096
46;8116
32;8137
2;8140
14;8145
41;8151
19;8153
14;8189
79;8190
178;8191
18;8192
40;8199
20;8209
48;8212
3;8218
28;8227
16;8228
5;8234
180;8237
18;8239
22;8244
24;8285
16;8286
54;8287
26;8288
6;8306
2;8307
11;8308
25;8323
36;8332
26;8334
12;8338
155;8381
20;8382
17;8383
6;8384
51;8402
161;8429
27;8433
218;8477
41;8478
33;8479
74;8480
151;8497
49;8498
13;8499
6;8513
147;8523
172;8527
9;8528
17;8535
16;8573
30;8575
30;8576
582;8578
30;8579
40;8580
4;8582
25;8586
8;8599
9;8610
9;8611
4;8623
2;8625
11;8632
31;8635
14;8636
9;8666
194;8667
14;8668
11;8669
27;8670
62;8671
22;8676
25;8688
35;8696
58;8698
3;8699
27;8700
8;8703
14;8706
4;8723
34;8728
15;8761
32;8762
200;8763
43;8764
42;8782
19;8789
16;8806
2;8808
22;8815
25;8818
174;8857
80;8858
176;8859
82;8860
26;8861
8;8888
3;8908
31;8909
15;8915
580;8953
8;8954
366;8955
50;8956
6;8966
3;8967
15;8971
189;8973
4;8974
24;8976
21;9004
31;9008
160;9017
13;9049
221;9050
85;9051
72;9052
4;9064
20;9066
14;9067
26;9072
4;9075
17;9093
25;9096
40;9097
9;9142
6;9146
37;9147
155;9148
25;9153
7;9154
1;9165
16;9170
4;9191
9;9196
23;9201
8;9218
56;9241
38;9244
12;9246
390;9275
14;9276
22;9279
2;9280
4;9315
12;9337
32;9338
17;9340
22;9341
17;9342
204;9343
62;9344
1;9348
9;9349
6;9359
24;9361
32;9373
19;9375
8;9376
19;9384
20;9389
14;9394
26;9403
44;9433
58;9434
69;9435
68;9436
560;9455
19;9476
4;9492
2;9500
27;9529
19;9530
19;9531
50;9532
14;9536
2;9538
25;9544
165;9550
151;9551
203;9552
31;9572
1;9573
12;9575
9;9583
13;9625
241;9626
62;9627
1;9628
3;9633
10;9645
7;9669
8;9670
29;9675
5;9710
1;9722
40;9723
188;9724
28;9730
13;9742
20;9743
12;9744
29;9745
47;9771
7;9775
178;9817
2;9818
162;9819
196;9820
5;9826
9;9830
45;9840
16;9850
14;9866
45;9914
33;9915
36;9916
20;9917
21;9918
58;9920
9;9927
3;9938
14;9946
30;9948
26;9949
21;9952
11;9966
7;9971
27;10009
1;10011
155;10012
52;10013
19;10014
4;10015
4;10016
13;10036
17;10042
3;10043
161;10044
33;10045
6;10057
12;10065
42;10068
18;10070
64;10105
26;10106
20;10107
48;10108
22;10113
4;10125
36;10127
162;10128
1;10141
170;10155
26;10158
164;10161
2;10201
7;10202
162;10203
4;10204
96;10221
17;10223
162;10226
20;10253
20;10298
181;10299
29;10300
9;10317
5;10318
32;10320
7;10322
23;10341
5;10349
26;10352
43;10394
7;10396
24;10415
18;10416
19;10420
29;10434
40;10489
54;10490
14;10491
27;10492
17;10511
10;10513
13;10542
9;10544
7;10548
27;10587
15;10588
9;10589
14;10592
13;10617
26;10621
23;10623
56;10641
9;10682
38;10684
23;10685
194;10686
18;10694
2;10710
42;10716
13;10735
32;10739
13;10740
52;10777
15;10778
175;10779
42;10780
8;10798
3;10799
6;10800
2;10817
19;10818
14;10825
19;10828
31;10831
24;10873
32;10874
41;10875
15;10891
50;10921
27;10923
15;10927
182;10929
25;10969
27;10970
62;10971
12;10972
14;10975
13;10981
6;10987
30;10990
160;10994
3;10996
5;11002
4;11008
30;11018
28;11021
14;11022
189;11065
1;11066
2;11067
8;11068
9;11081
11;11085
10;11088
25;11100
3;11103
20;11104
4;11105
187;11112
161;11119
152;11161
32;11162
63;11164
33;11167
9;11173
46;11181
28;11184
4;11191
173;11193
20;11206
24;11218
2;11257
11;11258
29;11259
17;11260
20;11261
6;11262
6;11264
27;11288
17;11289
163;11291
23;11292
229;11309
4;11311
17;11315
28;11318
7;11320
2;11351
28;11353
164;11355
27;11356
2;11357
41;11358
20;11360
14;11362
35;11364
13;11383
183;11386
5;11387
4;11391
35;11449
38;11450
20;11451
18;11454
36;11457
34;11471
10;11488
35;11502
35;11506
5;11507
31;11545
188;11546
3;11548
18;11549
3;11556
46;11566
27;11567
26;11589
29;11591
28;11595
18;11596
37;11597
17;11641
78;11643
37;11644
14;11662
24;11663
34;11693
1;11697
36;11698
28;11699
14;11735
61;11737
5;11738
134;11740
26;11754
6;11758
20;11786
68;11833
38;11834
75;11835
77;11836
12;11853
39;11854
17;11855
5;11879
3;11881
34;11882
25;11883
53;11929
44;11930
161;11932
22;11934
24;11936
15;11960
17;11961
10;11963
62;11967
7;11968
3;11978
33;11991
15;11992
36;12005
31;12026
30;12032
7;12049
6;12059
10;12060
39;12061
41;12063
24;12064
1;12065
26;12080
22;12081
24;12086
52;12121
174;12122
5;12144
18;12157
17;12159
1;12167
6;12175
6;12180
36;12217
179;12218
26;12219
5;12221
7;12238
11;12239
32;12243
11;12250
18;12261
11;12263
151;12264
19;12265
7;12266
20;12267
5;12268
33;12270
180;12274
48;12313
26;12314
11;12315
59;12316
28;12319
20;12336
19;12342
47;12358
7;12361
21;12364
6;12372
7;12387
36;12409
161;12410
18;12411
19;12413
166;12416
20;12424
26;12427
6;12429
167;12430
4;12448
16;12459
22;12465
15;12466
30;12505
31;12506
219;12507
49;12508
2;12509
17;12522
6;12526
11;12527
9;12528
29;12532
3;12537
18;12540
23;12555
33;12601
51;12604
85;12605
14;12606
8;12613
38;12616
20;12627
7;12631
5;12633
4;12635
30;12636
29;12644
146;12650
27;12654
159;12657
1;12658
22;12697
24;12700
56;12701
9;12704
4;12732
3;12742
9;12750
11;12751
21;12752
1;12760
31;12794
5;12795
17;12813
9;12814
37;12840
146;12846
66;12889
193;12890
199;12891
3;12892
18;12911
31;12927
5;12938
11;12946
4;12982
60;12985
66;12986
32;12988
10;12998
38;13005
167;13007
35;13008
9;13016
22;13029
25;13033
3;13044
13;13048
4;13081
32;13082
40;13083
35;13084
13;13087
15;13101
30;13103
25;13117
36;13129
10;13131
37;13133
30;13134
409;13177
83;13178
60;13180
24;13186
1;13188
18;13197
11;13220
10;13225
18;13265
19;13272
39;13274
7;13275
184;13276
164;13277
11;13278
42;13279
25;13280
8;13292
12;13296
30;13306
14;13308
2;13318
35;13329
16;13335
2;13367
21;13369
16;13372
37;13374
4;13375
22;13376
5;13378
2;13382
4;13384
27;13390
1;13405
157;13406
22;13408
6;13409
6;13420
20;13421
28;13465
366;13466
179;13467
39;13468
8;13485
35;13486
25;13493
17;13511
2;13512
157;13516
27;13521
71;13562
17;13563
123;13564
12;13578
28;13582
10;13583
157;13584
13;13589
25;13609
36;13620
5;13657
3;13658
40;13659
1;13669
158;13674
32;13675
20;13678
27;13679
15;13680
27;13690
39;13705
18;13710
24;13712
10;13716
26;13753
8;13754
28;13755
11;13756
32;13766
3;13773
186;13774
152;13776
33;13802
21;13806
13;13809
7;13825
50;13850
4;13851
4;13852
30;13865
27;13869
6;13871
5;13877
149;13881
150;13899
18;13901
6;13904
16;13907
13;13916
8;13945
173;13947
40;13948
19;13949
23;13950
185;13952
21;13970
26;13976
7;13977
1;13979
164;13980
38;13981
40;13983
52;13984
23;13992
29;14003
22;14007
11;14042
28;14043
27;14045
27;14046
11;14047
16;14048
16;14076
20;14078
21;14080
29;14104
29;14137
219;14138
167;14139
30;14140
39;14143
20;14149
34;14160
2;14186
32;14187
15;14193
36;14233
27;14234
48;14235
25;14256
10;14266
26;14277
9;14278
25;14279
7;14304
1;14331
3;14332
29;14349
24;14350
14;14351
33;14352
155;14360
14;14361
4;14372
15;14376
147;14379
165;14380
31;14391
16;14410
60;14426
35;14427
28;14428
2;14445
9;14455
19;14458
17;14481
145;14482
17;14484
281;14522
3;14523
1;14541
3;14548
3;14574
19;14575
41;14617
10;14618
10;14619
18;14621
22;14623
160;14650
30;14651
18;14662
9;14671
2;14674
164;14676
29;14678
4;14679
77;14713
61;14715
20;14716
50;14717
3;14718
167;14719
29;14720
10;14731
155;14740
25;14745
4;14751
8;14752
18;14765
3;14766
11;14767
15;14776
23;14781
26;14787
64;14810
180;14811
7;14812
21;14824
67;14830
6;14856
19;14867
23;14905
5;14906
5;14908
30;14916
38;14926
21;14927
3;14933
9;14954
173;15001
68;15002
193;15003
53;15004
22;15016
11;15021
17;15052
24;15054
40;15055
166;15063
2;15097
28;15098
22;15099
27;15117
13;15120
161;15129
4;15140
8;15146
1;15147
26;15150
2;15155
24;15166
14;15170
39;15193
46;15194
95;15195
28;15212
166;15213
62;15216
6;15239
12;15251
25;15289
44;15290
19;15291
10;15292
153;15293
42;15295
187;15296
35;15302
16;15306
5;15322
28;15324
21;15325
9;15326
33;15327
3;15329
26;15340
3;15341
11;15348
8;15350
61;15385
38;15388
9;15389
28;15391
51;15392
16;15410
1;15419
14;15440
34;15478
28;15481
11;15482
74;15484
23;15501
6;15503
29;15504
24;15521
11;15534
12;15535
12;15538
8;15540
24;15542
34;15565
39;15577
46;15578
56;15579
44;15580
46;15597
24;15598
18;15599
22;15600
11;15620
1;15621
7;15622
9;15631
21;15673
85;15674
14;15675
50;15676
169;15680
156;15694
3;15696
22;15699
13;15732
168;15769
17;15770
70;15771
35;15772
7;15788
14;15789
25;15791
35;15795
7;15803
6;15813
30;15825
4;15828
67;15865
84;15867
26;15868
22;15885
40;15886
12;15887
5;15888
12;15911
7;15912
22;15919
28;15921
8;15938
176;15961
15;15962
34;15964
132;15965
175;15967
51;15968
10;15980
10;15985
25;15997
15;15999
8;16000
29;16006
28;16014
7;16047
6;16057
1;16058
6;16060
14;16063
170;16064
9;16091
4;16092
8;16093
15;16095
3;16102
7;16108
31;16116
21;16117
27;16154
21;16155
208;16156
6;16159
12;16171
2;16173
156;16174
31;16203
30;16204
11;16249
19;16250
199;16251
32;16252
10;16274
20;16280
157;16282
22;16292
30;16295
11;16298
33;16300
33;16305
27;16346
8;16347
81;16348
13;16365
8;16366
23;16368
11;16370
6;16384
2;16392
12;16396
12;16400
40;16441
25;16442
39;16443
16;16444
4;16459
13;16461
179;16463
158;16488
58;16491
28;16492
1;16538
202;16540
9;16558
21;16573
8;16581
33;16582
20;16583
6;16586
27;16590
12;16594
31;16595
18;16614
19;16615
15;16634
37;16635
4;16636
10;16637
29;16638
12;16657
23;16666
156;16667
27;16669
20;16671
167;16672
31;16692
2;16696
6;16717
29;16731
23;16732
13;16735
18;16736
4;16740
29;16752
164;16764
167;16766
38;16767
4;16786
158;16826
170;16827
8;16833
13;16842
32;16846
22;16847
9;16869
9;16870
147;16872
18;16873
15;16915
12;16921
166;16922
219;16923
40;16924
9;16925
11;16931
7;16937
42;16941
154;16944
21;16951
27;16970
24;16980
31;17017
22;17019
16;17020
16;17038
2;17059
36;17070
24;17073
3;17075
38;17076
6;17109
44;17113
34;17114
50;17116
3;17134
50;17136
32;17147
14;17158
9;17161
163;17164
3;17165
13;17168
31;17208
24;17209
334;17211
51;17212
2;17226
13;17230
8;17244
6;17254
15;17260
30;17263
2;17286
41;17305
25;17306
31;17307
19;17308
13;17309
34;17310
27;17311
3;17312
32;17337
27;17341
36;17344
39;17358
23;17360
33;17366
11;17401
18;17402
74;17403
12;17404
37;17407
14;17408
29;17418
37;17423
24;17434
61;17439
37;17440
7;17488
56;17497
11;17498
80;17500
17;17519
5;17529
8;17543
4;17544
33;17547
14;17548
35;17550
4;17555
26;17594
22;17595
60;17596
4;17610
10;17612
12;17613
15;17614
21;17645
30;17651
57;17689
158;17691
38;17692
11;17706
17;17712
38;17728
75;17785
72;17787
13;17807
21;17808
30;17816
5;17844
28;17849
30;17881
4;17883
211;17884
1;17891
15;17896
13;17904
21;17961
71;17981
24;17982
2;17983
13;17989
26;18006
166;18009
17;18014
165;18016
3;18019
34;18036
13;18039
28;18040
25;18073
22;18076
1;18077
176;18079
16;18080
11;18105
59;18107
188;18114
32;18133
28;18169
30;18170
48;18171
34;18172
11;18189
6;18190
8;18191
28;18192
13;18208
31;18217
14;18220
4;18222
28;18241
28;18253
6;18260
181;18265
24;18266
9;18267
54;18268
12;18276
29;18286
151;18290
20;18291
4;18296
10;18313
18;18315
2;18317
7;18338
9;18361
740;18363
215;18364
37;18383
4;18409
6;18410
1;18413
158;18417
3;18458
68;18459
45;18460
185;18477
3;18508
17;18510
5;18513
16;18514
80;18553
27;18554
4;18555
167;18556
37;18557
3;18558
25;18574
178;18575
18;18580
20;18599
209;18649
23;18651
194;18652
53;18653
11;18655
36;18656
22;18672
13;18680
20;18685
24;18686
11;18688
12;18701
9;18703
3;18704
27;18709
32;18714
23;18745
23;18746
77;18747
144;18748
9;18749
17;18750
21;18752
8;18777
36;18782
40;18783
19;18787
164;18789
26;18801
9;18805
36;18842
8;18843
49;18844
9;18859
16;18869
58;18898
17;18937
28;18939
49;18940
20;18956
21;18957
1;18960
6;18983
3;18984
26;19034
21;19035
39;19036
3;19048
21;19060
5;19078
34;19083
103;19129
25;19130
60;19131
30;19132
10;19150
27;19151
28;19164
27;19173
39;19180
20;19181
4;19225
29;19226
6;19227
158;19228
20;19230
27;19238
32;19245
16;19247
17;19248
29;19273
3;19279
10;19280
26;19283
9;19295
27;19300
165;19302
31;19322
41;19323
53;19325
41;19326
8;19327
38;19328
9;19332
3;19335
12;19357
6;19362
17;19370
9;19390
13;19414
3;19416
39;19417
69;19418
32;19421
73;19423
4;19433
167;19450
23;19451
14;19453
2;19454
17;19462
30;19471
24;19477
30;19513
17;19514
16;19515
16;19519
15;19536
157;19542
150;19564
193;19609
36;19610
11;19611
161;19632
15;19636
23;19643
4;19653
32;19655
15;19705
13;19706
34;19707
37;19708
11;19725
21;19726
38;19728
1;19735
18;19750
8;19755
65;19801
23;19803
65;19804
11;19822
25;19823
10;19824
5;19828
14;19829
11;19843
19;19850
22;19854
195;19897
19;19899
5;19900
10;19901
13;19909
21;19918
173;19941
4;19952
3;19955
31;19993
27;19994
25;19995
29;19996
6;19997
155;19998
11;19999
25;20000
1;20019
7;20025
32;20029
18;20030
17;20031
14;20049
9;20050
24;20053
29;20090
180;20091
15;20092
17;20093
63;20094
16;20095
18;20121
43;20122
23;20142
21;20149
19;20185
56;20186
28;20187
42;20188
54;20205
8;20206
20;20229
29;20231
71;20241
37;20281
207;20282
51;20283
37;20284
161;20294
5;20303
24;20304
9;20309
154;20319
169;20322
24;20334
212;20377
33;20378
22;20379
55;20380
8;20397
6;20399
1;20421
11;20436
71;20473
7;20475
54;20476
56;20493
3;20496
38;20514
182;20569
12;20570
269;20571
6;20572
31;20575
32;20586
40;20589
15;20592
16;20616
6;20620
2;20628
8;20643
5;20662
20;20665
25;20666
2;20667
188;20669
152;20670
175;20672
19;20680
33;20697
17;20698
7;20700
14;20702
20;20704
1;20721
3;20724
25;20762
21;20765
3;20767
29;20788
2;20795
4;20796
18;20797
22;20805
188;20857
176;20858
37;20859
20;20860
17;20873
1;20880
12;20898
2;20901
11;20907
13;20908
167;20911
5;20953
7;20954
20;20955
50;20956
12;20965
1;20973
16;20974
6;20975
24;20997
48;21000
10;21005
9;21008
15;21049
26;21050
13;21051
21;21069
158;21096
23;21108
26;21145
16;21146
175;21147
60;21148
4;21163
23;21165
35;21193
10;21201
5;21221
22;21241
179;21242
18;21243
169;21244
5;21258
26;21261
10;21262
16;21263
17;21266
164;21290
8;21300
20;21337
20;21338
22;21340
2;21341
38;21342
4;21343
4;21344
3;21369
11;21373
9;21374
12;21399
27;21433
30;21435
158;21439
1;21466
8;21469
19;21471
30;21472
3;21489
7;21494
7;21496
20;21529
70;21530
56;21531
25;21532
4;21534
21;21545
10;21548
20;21549
38;21550
1;21577
26;21579
5;21625
11;21626
1;21627
21;21628
36;21645
1;21646
7;21647
97;21648
23;21652
6;21661
40;21675
2;21677
11;21681
31;21721
26;21722
38;21723
74;21724
33;21742
5;21743
37;21744
27;21769
6;21775
21;21778
58;21817
34;21818
235;21820
1;21837
28;21838
26;21855
38;21857
21;21863
25;21873
18;21914
18;21915
567;21916
171;21924
27;21933
10;21934
17;21936
3;21954
18;21957
21;21958
2;21964
13;21968
22;21970
13;22009
39;22010
64;22012
17;22013
15;22022
7;22023
5;22038
26;22046
29;22048
10;22065
17;22105
172;22106
21;22107
6;22108
23;22109
1;22110
6;22111
25;22112
169;22123
22;22125
16;22131
15;22141
7;22142
27;22143
166;22157
15;22160
10;22162
11;22202
55;22203
185;22204
26;22221
33;22223
12;22236
21;22256
5;22297
26;22298
32;22299
44;22300
10;22312
152;22317
39;22319
32;22320
20;22333
58;22341
11;22342
29;22393
222;22394
14;22396
20;22402
4;22411
1;22435
30;22437
160;22445
37;22473
9;22489
28;22490
94;22491
158;22492
31;22497
6;22512
26;22538
29;22539
7;22543
33;22585
558;22587
44;22588
25;22601
13;22605
28;22606
34;22607
15;22608
11;22621
6;22634
15;22637
163;22641
18;22643
8;22663
47;22681
89;22686
34;22687
2;22688
30;22709
23;22715
20;22716
39;22718
152;22720
23;22734
22;22735
15;22737
32;22739
42;22740
5;22763
29;22776
190;22779
181;22780
192;22781
38;22782
19;22784
1;22792
14;22797
5;22808
61;22811
30;22813
8;22815
171;22816
3;22835
25;22837
27;22838
10;22847
4;22856
35;22873
48;22874
64;22875
21;22876
12;22888
1;22893
31;22899
9;22914
19;22917
8;22920
30;22970
30;22971
175;22972
5;22989
166;22990
6;22991
14;23015
15;23018
8;23025
26;23027
23;23065
38;23066
52;23068
68;23087
27;23109
26;23120
19;23163
22;23170
2;23172
6;23181
31;23182
12;23183
19;23193
17;23207
16;23209
11;23217
206;23257
14;23258
17;23259
40;23260
11;23261
157;23277
7;23278
22;23279
2;23280
16;23308
19;23310
21;23342
22;23354
48;23355
54;23356
42;23357
166;23358
41;23359
562;23375
2;23382
20;23385
8;23386
15;23402
154;23405
16;23410
19;23414
45;23451
207;23452
30;23455
1;23456
8;23494
566;23497
23;23504
19;23510
26;23545
11;23546
11;23547
171;23548
16;23565
24;23566
48;23567
26;23570
3;23591
22;23597
39;23601
11;23604
37;23641
49;23642
5;23644
20;23675
24;23687
13;23688
25;23695
14;23737
30;23738
44;23739
33;23740
17;23757
3;23759
31;23760
89;23833
22;23834
19;23835
13;23836
27;23851
11;23853
19;23854
1;23855
34;23856
38;23877
20;23883
5;23884
13;23885
77;23929
28;23930
65;23931
1;23946
16;23947
16;23949
312;23951
7;23973
17;23984
14;23986
20;24018
8;24025
29;24027
20;24029
22;24031
8;24052
23;24057
20;24059
22;24064
8;24081
8;24116
26;24121
7;24122
40;24123
24;24126
33;24128
4;24134
10;24159
31;24165
2;24168
19;24175
53;24217
14;24218
204;24219
34;24220
5;24237
2;24239
8;24240
12;24244
180;24266
161;24270
62;24313
30;24314
360;24315
17;24316
36;24334
7;24359
60;24367
55;24409
65;24410
18;24411
6;24431
195;24432
9;24448
19;24456
8;24463
38;24467
12;24468
11;24505
33;24507
54;24508
5;24517
5;24549
16;24550
21;24555
23;24601
35;24602
24;24603
40;24604
16;24624
15;24645
11;24656
5;24657
8;24658
13;24659
5;24688
33;24697
30;24698
13;24699
21;24700
62;24701
7;24703
46;24704
29;24705
15;24710
3;24731
29;24735
26;24746
15;24750
7;24757
24;24758
25;24759
40;24793
30;24794
10;24795
24;24798
33;24800
24;24808
5;24823
1;24826
1;24827
6;24828
20;24830
28;24832
2;24837
36;24848
147;24853
27;24889
65;24892
20;24898
35;24909
13;24910
162;24911
29;24933
20;24934
12;24937
5;24940
26;24945
2;24960
43;24985
46;24986
17;24987
10;25005
168;25035
3;25038
6;25039
3;25040
29;25054
44;25081
40;25082
53;25083
26;25084
13;25103
154;25104
4;25106
6;25128
16;25152
13;25177
205;25178
30;25180
28;25185
16;25198
30;25199
2;25207
26;25219
29;25225
1;25229
15;25257
15;25273
51;25274
66;25275
7;25276
14;25314
571;25317
14;25318
195;25322
9;25325
3;25332
15;25347
9;25355
159;25367
33;25369
73;25370
35;25372
2;25373
173;25374
16;25375
4;25376
9;25397
31;25403
60;25405
44;25407
19;25416
9;25425
36;25426
4;25430
20;25431
32;25440
8;25451
9;25466
14;25467
177;25470
2;25499
22;25502
20;25519
194;25522
5;25523
20;25528
22;25561
34;25562
241;25563
25;25564
15;25583
22;25584
10;25586
27;25591
11;25599
9;25606
159;25616
19;25658
22;25659
52;25660
19;25661
3;25678
26;25689
23;25690
20;25701
24;25705
24;25715
106;25753
35;25754
32;25764
1;25767
14;25773
27;25798
12;25826
46;25849
26;25850
24;25851
69;25852
1;25868
14;25876
30;25897
43;25898
12;25903
7;25905
29;25908
26;25945
43;25946
233;25947
28;25948
13;25951
12;25957
9;25960
5;25965
6;25968
32;25992
7;25993
29;25998
10;26001
155;26002
157;26013
6;26042
13;26045
13;26046
192;26047
2;26048
22;26070
22;26073
11;26101
370;26137
24;26138
31;26139
21;26140
30;26141
36;26142
23;26143
158;26147
4;26158
9;26159
15;26171
22;26176
14;26190
46;26197
49;26233
33;26234
44;26235
25;26236
25;26240
27;26254
1;26255
1;26264
31;26280
19;26284
11;26285
2;26289
174;26329
27;26330
622;26331
13;26332
31;26349
28;26350
7;26352
155;26378
152;26383
201;26425
4;26426
71;26427
15;26428
157;26432
12;26434
164;26442
17;26445
21;26446
4;26448
26;26471
7;26482
21;26521
4;26522
222;26524
13;26541
35;26542
5;26571
14;26575
43;26617
29;26618
1;26619
29;26620
3;26639
17;26652
34;26672
171;26681
18;26683
571;26715
66;26717
18;26718
211;26719
17;26720
13;26736
169;26746
159;26747
13;26748
26;26752
14;26760
26;26763
167;26766
2;26776
1;26787
30;26810
174;26812
8;26814
169;26816
28;26841
17;26844
9;26845
167;26846
18;26847
15;26848
5;26859
4;26861
35;26865
22;26906
72;26907
55;26908
16;26925
8;26927
22;26932
36;26936
14;26951
13;26955
26;26962
11;27001
39;27002
30;27003
13;27004
8;27019
2;27051
14;27057
201;27097
39;27099
25;27100
24;27111
7;27121
22;27144
34;27146
16;27150
47;27193
57;27195
21;27212
10;27213
6;27230
10;27237
1;27242
56;27252
10;27289
34;27290
51;27291
18;27292
13;27298
21;27299
16;27303
12;27305
21;27335
18;27340
12;27385
38;27388
38;27389
21;27390
170;27391
27;27392
15;27417
12;27420
4;27421
29;27424
3;27430
20;27439
27;27481
15;27482
12;27484
164;27485
23;27486
49;27487
192;27488
19;27508
30;27515
16;27526
20;27533
4;27539
4;27544
2;27571
49;27577
46;27579
1;27587
35;27597
23;27600
24;27622
35;27636
34;27652
27;27673
12;27675
42;27676
42;27681
24;27693
24;27694
150;27725
12;27726
21;27756
29;27769
5;27770
187;27771
24;27772
9;27782
3;27783
164;27788
73;27790
21;27791
148;27792
156;27810
25;27815
9;27817
15;27819
35;27822
36;27826
48;27865
27;27866
83;27867
567;27868
2;27911
14;27913
6;27915
9;27917
15;27924
50;27961
19;27962
600;27963
7;27964
30;27967
16;27984
6;28007
27;28013
27;28016
18;28018
167;28057
32;28059
12;28061
14;28064
11;28087
17;28090
2;28091
14;28093
12;28099
7;28112
168;28119
6;28153
31;28156
14;28159
33;28160
1;28185
14;28188
31;28189
25;28192
12;28213
2;28214
4;28215
31;28241
6;28250
13;28251
56;28252
3;28269
10;28289
13;28292
5;28294
11;28298
4;28301
15;28303
16;28347
50;28348
10;28366
2;28394
21;28401
21;28404
21;28441
32;28442
154;28443
2;28455
2;28462
8;28463
32;28464
10;28466
6;28476
37;28487
20;28488
16;28492
7;28493
38;28497
64;28537
39;28538
29;28539
12;28540
12;28558
174;28559
28;28573
390;28582
19;28587
9;28589
16;28590
6;28595
167;28633
7;28634
39;28635
39;28636
32;28653
170;28654
18;28656
4;28691
39;28701
25;28730
35;28731
3;28732
1;28734
21;28736
9;28744
5;28760
1;28766
41;28767
7;28783
1;28788
15;28791
21;28828
58;28829
2;28831
15;28848
6;28858
31;28861
17;28863
39;28864
7;28887
3;28921
31;28923
38;28924
17;28943
34;28944
1;28956
22;28965
16;28978
24;29017
29;29018
13;29019
9;29020
10;29038
16;29040
33;29061
24;29062
21;29073
34;29113
50;29114
9;29115
70;29116
8;29122
15;29136
34;29165
18;29168
22;29213
6;29214
32;29215
28;29216
31;29235
13;29254
4;29264
36;29266
29;29271
51;29309
60;29310
22;29311
34;29312
13;29329
11;29330
34;29332
9;29352
1;29353
33;29356
18;29361
23;29366
5;29368
17;29405
31;29406
16;29407
30;29408
171;29409
75;29410
205;29412
18;29418
28;29441
23;29443
4;29459
152;29496
50;29502
29;29503
203;29506
606;29507
9;29511
162;29533
569;29536
161;29540
156;29555
4;29556
6;29558
36;29559
11;29571
91;29597
58;29598
19;29599
8;29600
1;29637
2;29641
24;29646
17;29647
6;29649
164;29655
15;29694
63;29695
1;29714
11;29723
6;29725
27;29741
12;29743
5;29744
4;29747
10;29790
31;29791
17;29792
33;29801
33;29809
38;29810
57;29811
21;29823
160;29834
6;29837
7;29839
1;29846
1;29847
16;29882
35;29885
36;29887
20;29888
17;29906
20;29907
2;29916
11;29981
61;29982
76;29983
52;29984
13;30002
39;30003
15;30017
9;30019
11;30027
14;30033
8;30037
157;30078
14;30079
32;30080
23;30081
16;30084
17;30101
13;30106
4;30107
36;30114
35;30173
5;30174
25;30176
40;30180
8;30184
17;30200
3;30207
29;30208
22;30209
2;30210
33;30211
16;30212
5;30215
23;30235
205;30269
58;30270
6;30271
10;30272
40;30291
3;30292
15;30300
191;30306
20;30310
19;30313
10;30318
39;30365
196;30366
19;30367
53;30368
155;30374
13;30385
24;30388
9;30400
12;30406
7;30410
42;30411
20;30417
28;30461
169;30462
15;30463
84;30464
20;30484
156;30516
10;30557
60;30558
199;30559
26;30573
3;30575
31;30578
9;30596
14;30606
37;30653
12;30654
9;30655
29;30656
30;30673
11;30674
10;30676
11;30680
12;30703
161;30707
21;30727
8;30747
3;30749
13;30750
26;30751
34;30752
162;30753
43;30754
75;30755
210;30756
5;30766
30;30782
11;30790
22;30792
53;30804
54;30806
14;30807
3;30808
189;30809
27;30811
23;30818
34;30845
16;30850
7;30869
30;30870
1;30879
1;30880
12;30881
8;30886
3;30893
6;30895
160;30908
42;30941
17;30944
4;30963
14;30964
552;30966
1;30970
28;30990
20;31000
2;31033
12;31037
186;31038
22;31039
4;31040
32;31042
29;31057
4;31058
20;31059
36;31065
10;31078
9;31081
5;31091
32;31114
6;31118
63;31133
154;31134
3;31135
28;31136
12;31143
13;31151
14;31153
59;31154
23;31161
4;31180
555;31189
170;31190
15;31194
179;31229
130;31231
242;31232
162;31249
36;31250
1;31252
30;31261
160;31275
26;31280
17;31284
7;31326
30;31327
32;31328
33;31336
26;31346
8;31347
28;31348
32;31370
14;31375
7;31383
31;31421
23;31422
64;31423
2;31424
22;31426
13;31427
161;31428
12;31452
3;31455
7;31456
28;31460
21;31480
20;31483
36;31519
172;31521
66;31522
19;31523
53;31524
10;31526
16;31529
8;31535
27;31550
71;31553
3;31554
7;31573
25;31613
52;31615
12;31616
9;31635
6;31646
26;31660
28;31665
15;31668
4;31670
4;31671
12;31703
6;31709
38;31710
14;31711
36;31712
8;31720
1;31726
10;31749
33;31759
35;31764
36;31767
10;31791
32;31805
56;31806
200;31807
200;31808
23;31825
5;31827
3;31832
14;31901
11;31902
18;31939
11;31956
39;31958
8;31959
28;31960
69;31997
162;32000
38;32017
149;32019
13;32020
26;32042
28;32048
45;32053
13;32064
10;32067
12;32073
10;32086
11;32093
21;32094
36;32095
11;32097
29;32098
146;32099
23;32100
4;32125
19;32128
17;32131
25;32132
13;32154
15;32155
10;32156
52;32190
9;32191
26;32193
19;32195
15;32196
7;32213
207;32222
28;32223
165;32224
12;32226
16;32228
7;32246
1;32248
25;32252
10;32253
374;32286
156;32288
20;32305
76;32306
34;32307
22;32308
13;32313
7;32314
18;32328
6;32337
18;32338
29;32344
22;32365
10;32372
17;32381
270;32382
25;32383
34;32384
561;32385
8;32403
13;32425
7;32426
2;32429
9;32431
40;32434
29;32439
13;32445
43;32477
172;32478
56;32479
610;32480
22;32493
1;32498
18;32499
20;32527
24;32531
7;32533
31;32573
23;32574
138;32575
17;32576
20;32594
37;32595
23;32596
20;32616
2;32617
29;32632
27;32669
205;32670
22;32671
100;32672
27;32687
10;32691
13;32692
26;32720
153;32721
4;32734
171;32765
9;32766
25;32768
2;32769
26;32770
47;32771
18;32772
15;32777
9;32789
20;32794
28;32800
1;32801
33;32803
25;32804
16;32819
22;32820
5;32827
166;32850
14;32864
15;32866
7;32895
11;32897
169;32907
32;32918
24;32922
192;32957
100;32958
64;32959
4;32960
7;32965
19;32978
17;32980
7;33003
35;33005
30;33013
180;33053
6;33054
17;33055
42;33056
166;33057
30;33065
17;33073
9;33075
18;33086
27;33102
18;33109
13;33113
38;33149
22;33150
9;33151
23;33188
10;33195
28;33206
19;33207
20;33219
208;33245
196;33246
21;33247
15;33248
16;33260
161;33267
25;33268
30;33269
18;33279
26;33289
30;33294
11;33300
179;33341
18;33342
32;33362
712;33363
19;33386
6;33389
23;33396
4;33439
16;33440
164;33441
60;33442
30;33443
60;33444
4;33457
6;33469
25;33470
15;33471
8;33472
8;33473
62;33475
5;33476
19;33478
149;33479
22;33489
19;33493
40;33497
15;33498
13;33533
158;33534
53;33535
3;33536
31;33537
5;33538
48;33539
8;33540
1;33549
166;33563
37;33565
6;33566
176;33567
163;33569
24;33570
15;33571
7;33585
26;33587
35;33594
160;33596
12;33625
62;33629
54;33631
3;33632
329;33651
17;33652
24;33666
6;33679
1;33684
157;33700
29;33725
20;33726
30;33727
23;33728
151;33745
24;33748
5;33758
16;33773
2;33777
9;33780
6;33784
61;33821
17;33822
24;33823
28;33824
4;33838
56;33842
10;33843
17;33870
25;33917
24;33918
174;33919
185;33920
147;33929
17;33933
3;33937
9;33939
11;33940
7;33963
48;33964
147;33965
28;33966
4;34011
7;34012
14;34013
19;34014
199;34015
11;34016
8;34021
29;34029
5;34034
31;34045
4;34063
9;34085
10;34109
48;34112
35;34113
23;34114
5;34115
16;34116
39;34123
3;34135
20;34141
27;34143
11;34145
11;34146
52;34147
16;34154
1;34162
15;34163
49;34169
4;34205
7;34206
47;34207
35;34208
199;34209
18;34210
9;34211
23;34212
32;34218
11;34239
28;34240
7;34241
5;34242
24;34244
11;34262
22;34265
13;34272
40;34301
45;34302
9;34303
80;34304
11;34319
36;34321
21;34322
8;34347
4;34348
10;34352
2;34355
16;34365
51;34397
568;34398
62;34399
8;34400
33;34417
37;34419
24;34423
162;34442
22;34445
2;34448
18;34454
9;34493
33;34494
23;34495
30;34496
8;34514
54;34515
14;34524
25;34539
28;34542
25;34544
11;34551
173;34589
8;34591
41;34610
8;34612
3;34626
6;34639
5;34643
39;34685
7;34686
39;34688
21;34717
159;34720
6;34727
184;34729
36;34730
11;34732
37;34736
6;34741
6;34781
47;34782
8;34783
10;34784
2;34785
5;34786
156;34787
34;34788
3;34797
34;34815
43;34816
5;34817
31;34819
27;34828
26;34840
12;34844
29;34862
25;34877
1;34878
7;34880
23;34881
61;34883
4;34884
40;34896
1;34909
174;34911
24;34912
24;34938
18;34965
1;34973
239;34974
67;34976
9;34978
52;34993
1;34998
25;35011
1;35032
