2;29
37;30
113;31
65;32
2;44
29;49
2;50
3;51
7;52
21;53
15;75
1;84
27;85
7;86
29;89
9;108
135;125
70;126
6;127
27;128
27;139
20;145
199;146
28;148
23;152
4;158
5;163
8;164
28;176
9;182
3;183
6;190
46;221
8;222
222;223
63;224
15;234
36;237
17;243
45;244
31;261
44;269
5;271
17;273
13;279
45;317
34;318
36;319
56;320
2;334
12;336
4;337
22;338
32;346
22;352
18;365
23;366
15;370
11;371
24;374
11;375
11;376
22;399
176;413
101;414
224;415
36;416
3;429
11;434
172;435
31;436
11;447
2;448
16;459
4;460
177;472
43;509
19;510
19;511
11;512
24;513
37;514
29;516
3;528
3;539
171;541
84;542
163;543
30;544
40;545
9;546
56;548
12;562
22;564
32;569
29;570
3;577
2;606
113;607
105;608
26;609
4;610
28;611
40;612
1;614
12;617
32;624
17;637
23;638
15;640
70;642
26;643
6;646
174;647
4;649
6;651
16;661
8;664
23;690
50;701
91;702
24;703
16;704
3;711
8;716
4;717
12;721
7;723
8;724
4;727
25;746
23;748
3;751
39;753
35;755
9;757
169;796
165;797
38;798
108;800
7;812
7;816
159;817
11;818
38;819
17;820
14;832
20;833
13;837
19;841
51;842
9;846
2;847
165;893
46;894
65;895
107;896
7;903
11;913
18;914
15;916
3;920
36;942
572;943
24;946
14;947
66;989
233;990
70;991
14;992
29;1009
9;1038
10;1041
17;1044
167;1061
41;1085
73;1086
37;1087
45;1088
12;1097
27;1106
34;1107
24;1114
9;1130
33;1142
13;1144
15;1145
161;1179
181;1181
60;1182
5;1184
173;1185
19;1186
15;1187
7;1188
5;1205
6;1207
9;1208
57;1213
32;1215
37;1216
32;1217
29;1218
164;1219
31;1220
8;1233
10;1234
32;1236
36;1243
4;1277
188;1278
29;1279
165;1280
26;1281
62;1282
11;1283
25;1284
13;1291
26;1305
179;1309
8;1311
16;1312
31;1314
1;1315
32;1316
27;1318
29;1323
4;1330
16;1331
30;1337
5;1338
94;1373
55;1374
31;1375
29;1376
572;1381
17;1393
10;1394
71;1395
158;1396
16;1402
153;1419
5;1426
17;1427
11;1428
28;1444
21;1469
69;1470
217;1471
31;1472
7;1489
31;1490
17;1492
27;1512
30;1517
19;1521
2;1525
25;1526
187;1527
27;1528
72;1565
81;1566
19;1567
26;1568
20;1577
56;1586
39;1587
11;1588
11;1596
8;1598
2;1599
16;1606
168;1614
37;1619
37;1625
188;1661
64;1662
56;1663
66;1664
11;1670
1;1674
43;1676
15;1684
67;1705
29;1712
24;1718
14;1756
38;1757
382;1758
65;1759
239;1760
19;1772
30;1777
25;1778
8;1780
18;1786
5;1796
9;1802
33;1807
17;1808
34;1814
32;1815
10;1837
158;1843
42;1853
226;1854
24;1855
21;1856
375;1858
37;1859
26;1860
7;1866
12;1880
45;1885
30;1886
9;1887
18;1888
42;1889
21;1890
13;1892
12;1897
6;1905
27;1908
4;1915
15;1920
32;1922
29;1949
15;1950
241;1951
40;1952
21;1953
181;1954
5;1955
25;1956
6;1963
11;1971
56;1982
19;1983
18;1984
7;1985
8;1987
14;1988
16;2007
7;2012
17;2013
82;2045
1;2046
157;2047
93;2048
47;2067
51;2068
27;2091
157;2096
7;2098
35;2110
32;2129
174;2141
6;2142
220;2143
86;2144
22;2150
62;2162
15;2163
15;2164
19;2166
12;2186
28;2193
44;2237
73;2238
7;2239
21;2240
64;2257
14;2258
32;2260
171;2268
8;2273
33;2283
7;2286
150;2288
14;2289
33;2295
50;2333
31;2334
71;2335
79;2336
8;2344
20;2350
2;2352
13;2353
19;2354
14;2361
19;2374
24;2387
25;2391
38;2429
76;2430
52;2431
25;2432
3;2439
12;2453
25;2459
2;2474
9;2476
15;2479
16;2480
13;2483
163;2485
24;2488
55;2526
51;2528
88;2529
42;2530
16;2531
15;2532
7;2534
28;2549
12;2555
13;2558
7;2560
32;2563
175;2564
22;2565
31;2577
7;2578
155;2581
22;2582
1;2584
13;2587
24;2601
40;2621
171;2622
33;2623
103;2625
42;2627
12;2628
13;2647
33;2650
19;2652
163;2653
32;2659
7;2670
3;2679
56;2683
9;2701
57;2717
90;2718
7;2719
370;2720
2;2724
10;2728
6;2739
12;2740
5;2763
14;2764
12;2767
38;2771
26;2776
36;2813
78;2814
94;2815
55;2816
10;2833
31;2834
27;2835
22;2836
32;2842
32;2846
17;2851
4;2854
8;2855
23;2859
37;2865
4;2869
18;2870
12;2882
72;2909
157;2910
15;2911
41;2912
196;2919
23;2927
64;2929
156;2930
3;2931
20;2955
7;2956
7;2957
22;2964
1;2965
2;2967
1;2968
34;3005
38;3006
75;3007
111;3008
6;3022
4;3026
23;3028
24;3030
14;3039
12;3055
11;3056
18;3058
157;3061
154;3062
17;3064
59;3101
45;3102
32;3103
98;3104
1;3115
9;3122
37;3124
32;3139
2;3146
5;3148
1;3149
16;3151
17;3153
51;3156
27;3157
36;3158
29;3160
7;3190
8;3196
161;3197
151;3198
59;3199
5;3200
4;3201
37;3202
38;3204
33;3225
22;3230
8;3231
24;3232
162;3234
11;3235
2;3242
31;3243
19;3245
4;3256
18;3259
6;3260
28;3293
27;3294
188;3295
36;3296
192;3297
27;3298
31;3299
7;3300
159;3317
10;3323
28;3325
12;3327
66;3328
22;3329
28;3330
28;3332
12;3346
11;3349
16;3352
40;3354
63;3389
172;3391
4;3392
158;3395
7;3398
7;3409
22;3410
56;3411
41;3412
13;3420
10;3431
15;3433
12;3435
10;3436
15;3438
21;3447
51;3485
20;3486
218;3487
43;3488
154;3494
3;3496
2;3497
185;3506
19;3507
177;3508
9;3538
15;3540
21;3543
221;3581
17;3582
161;3583
72;3584
19;3588
163;3589
8;3592
160;3601
16;3602
32;3603
22;3604
158;3610
571;3618
8;3625
10;3626
30;3628
166;3633
21;3639
11;3642
36;3677
55;3678
81;3679
46;3680
27;3697
18;3698
30;3699
29;3700
4;3722
5;3728
16;3729
15;3736
4;3763
10;3767
212;3773
31;3774
66;3775
41;3776
6;3790
26;3794
43;3795
12;3796
6;3806
4;3810
3;3819
20;3820
17;3822
9;3823
18;3824
13;3828
8;3831
6;3860
614;3869
36;3871
20;3872
47;3873
6;3874
169;3875
217;3876
563;3889
13;3892
26;3901
2;3903
2;3904
31;3906
19;3907
69;3908
30;3913
14;3924
64;3926
4;3927
30;3935
2;3936
29;3946
15;3950
38;3965
32;3966
30;3967
17;3968
191;3969
215;3970
6;3971
40;3997
18;4002
43;4004
19;4007
12;4012
165;4015
2;4017
156;4024
46;4061
59;4062
82;4063
16;4064
14;4081
17;4083
25;4084
152;4088
32;4097
3;4101
30;4111
24;4115
176;4118
8;4119
3;4120
48;4157
39;4158
104;4159
131;4160
21;4166
10;4174
70;4177
40;4179
3;4204
15;4210
14;4213
33;4214
25;4253
72;4254
11;4255
85;4256
70;4273
26;4285
16;4287
16;4297
13;4298
1;4301
28;4302
10;4304
25;4309
12;4310
15;4321
41;4349
61;4350
343;4351
566;4352
10;4368
8;4369
35;4371
182;4372
27;4380
24;4386
13;4389
30;4396
24;4399
20;4401
5;4406
13;4437
90;4445
146;4446
23;4447
20;4448
4;4454
11;4465
24;4466
29;4468
34;4489
20;4493
20;4499
37;4500
25;4537
12;4541
59;4543
157;4544
76;4545
37;4546
227;4547
31;4548
12;4553
4;4567
10;4571
169;4572
155;4573
57;4575
66;4578
16;4579
27;4580
19;4592
19;4593
4;4594
26;4595
4;4596
30;4599
1;4600
4;4611
157;4619
20;4638
90;4639
183;4640
14;4641
176;4642
25;4643
18;4644
15;4669
150;4670
15;4671
2;4673
6;4674
55;4675
9;4679
28;4681
4;4689
4;4692
25;4694
39;4705
210;4733
300;4735
4;4736
5;4752
28;4753
11;4756
28;4760
53;4791
15;4828
43;4829
8;4830
48;4831
10;4832
1;4847
18;4849
32;4850
27;4851
36;4852
15;4855
32;4857
6;4867
33;4874
29;4881
14;4885
171;4887
53;4888
25;4896
42;4925
31;4926
219;4927
54;4928
18;4933
7;4943
4;4944
5;4945
27;4946
24;4947
2;4949
23;4963
3;4964
23;4971
22;4974
5;4976
26;4981
71;5022
238;5023
19;5024
21;5025
27;5041
37;5043
13;5044
9;5048
158;5052
7;5063
79;5067
32;5070
4;5076
34;5080
22;5117
64;5118
55;5119
243;5120
33;5123
8;5129
67;5137
35;5139
34;5140
1;5142
4;5160
23;5165
10;5167
32;5184
5;5207
35;5213
3;5214
15;5216
32;5217
14;5218
19;5219
184;5220
4;5226
37;5236
4;5240
12;5245
7;5246
20;5247
27;5248
5;5249
8;5256
29;5265
6;5273
2;5275
6;5276
34;5309
17;5310
19;5311
65;5312
32;5313
18;5314
56;5315
47;5316
20;5319
6;5322
37;5336
33;5341
24;5342
24;5343
54;5344
28;5345
36;5354
7;5360
12;5361
18;5362
18;5368
31;5369
162;5371
18;5376
108;5405
23;5406
243;5407
156;5408
9;5413
13;5423
32;5425
48;5426
35;5428
32;5450
28;5451
38;5452
8;5453
35;5458
44;5464
19;5489
45;5501
19;5502
38;5503
72;5504
71;5521
37;5523
29;5525
23;5534
40;5540
13;5544
4;5551
17;5559
17;5560
3;5577
128;5597
33;5598
44;5599
47;5600
32;5605
7;5606
25;5615
226;5617
2;5618
20;5619
27;5621
8;5625
14;5631
6;5643
564;5646
25;5647
28;5649
6;5651
24;5653
72;5693
7;5694
79;5695
28;5696
34;5700
2;5709
48;5713
39;5714
30;5715
5;5733
16;5738
18;5742
11;5743
29;5744
6;5746
24;5747
26;5752
6;5788
49;5789
126;5791
10;5792
9;5810
29;5812
17;5816
29;5826
27;5837
25;5840
2;5844
5;5866
20;5885
43;5886
82;5887
157;5888
83;5889
59;5890
149;5891
9;5892
35;5903
34;5908
31;5914
11;5917
6;5918
291;5919
8;5920
173;5921
28;5922
6;5928
25;5933
1;5937
3;5939
27;5943
32;5944
23;5947
10;5968
8;5969
34;5982
7;5983
34;5984
10;5985
28;5986
40;5987
22;5988
725;6013
37;6014
10;6017
28;6019
10;6021
19;6030
7;6034
6;6035
11;6037
9;6041
39;6043
616;6077
217;6078
1;6079
13;6080
17;6094
51;6098
23;6100
4;6104
6;6112
13;6126
10;6129
3;6131
11;6133
6;6134
13;6136
1;6154
231;6173
66;6174
74;6175
54;6176
574;6188
10;6195
9;6199
161;6223
28;6224
23;6225
28;6228
22;6230
4;6232
6;6239
17;6249
33;6253
573;6264
84;6269
65;6270
211;6271
56;6272
35;6275
19;6279
159;6285
29;6290
41;6291
8;6292
36;6316
6;6323
11;6324
5;6356
20;6365
40;6366
252;6367
59;6368
20;6380
65;6385
11;6392
159;6393
11;6394
8;6405
195;6409
13;6412
47;6414
42;6420
22;6424
2;6428
16;6446
170;6461
34;6462
24;6464
18;6473
33;6479
41;6481
25;6482
20;6483
167;6484
7;6507
11;6511
1;6514
169;6519
10;6522
14;6535
5;6551
67;6557
13;6558
33;6559
38;6562
66;6563
12;6564
1;6569
6;6583
29;6593
24;6595
29;6608
31;6611
45;6613
39;6615
7;6618
21;6630
23;6637
5;6638
48;6653
24;6654
10;6655
16;6656
30;6657
43;6658
8;6659
2;6671
31;6675
14;6685
2;6686
28;6687
13;6689
26;6690
28;6705
26;6707
71;6712
2;6714
35;6749
54;6750
185;6751
247;6752
3;6769
31;6772
16;6794
18;6798
2;6800
3;6801
30;6803
31;6807
6;6811
2;6840
24;6845
54;6846
155;6847
54;6848
207;6866
41;6868
17;6878
9;6885
14;6892
31;6894
61;6899
227;6941
82;6942
76;6943
76;6944
5;6956
12;6961
21;6962
120;6964
1;6978
11;6987
21;6988
1;6991
14;7025
9;7030
16;7037
55;7038
170;7039
38;7040
22;7052
92;7057
557;7058
56;7059
38;7060
12;7079
3;7081
9;7082
13;7084
12;7089
15;7091
4;7096
4;7120
30;7133
33;7134
42;7135
14;7136
6;7138
29;7142
23;7154
9;7155
22;7159
3;7174
163;7190
33;7192
6;7214
18;7229
208;7230
6;7231
18;7232
10;7233
185;7234
48;7235
1;7241
12;7246
203;7258
157;7259
44;7262
9;7265
170;7266
23;7267
24;7268
19;7269
1;7272
9;7273
9;7289
162;7295
5;7317
47;7325
8;7326
18;7327
39;7328
18;7329
34;7330
8;7332
18;7335
3;7336
9;7351
9;7356
44;7358
29;7359
26;7361
15;7362
3;7364
10;7371
30;7380
17;7381
5;7382
26;7386
23;7388
62;7421
72;7422
51;7423
67;7424
30;7441
38;7444
18;7456
42;7473
9;7475
23;7482
8;7503
16;7517
31;7518
51;7519
43;7520
3;7521
12;7530
165;7534
2;7537
13;7538
46;7539
166;7540
13;7559
18;7562
184;7564
44;7567
2;7570
160;7571
18;7572
288;7613
72;7614
38;7615
38;7616
4;7625
12;7626
4;7627
27;7633
68;7635
7;7636
25;7648
185;7657
19;7659
27;7665
27;7668
10;7669
3;7670
11;7709
51;7710
710;7711
87;7712
17;7713
20;7718
5;7738
149;7744
13;7745
36;7749
14;7755
3;7757
6;7758
17;7759
28;7760
5;7766
24;7767
10;7793
68;7805
89;7806
81;7807
38;7808
35;7817
165;7818
27;7825
29;7826
24;7827
36;7828
28;7838
32;7840
5;7853
18;7855
13;7882
21;7902
52;7903
5;7904
45;7907
223;7908
4;7918
9;7928
24;7931
38;7934
22;7935
27;7936
44;7938
16;7946
2;7954
14;7962
7;7964
160;7973
202;7997
91;7998
165;7999
29;8000
22;8001
15;8002
10;8006
3;8014
4;8022
27;8030
47;8031
21;8032
39;8033
32;8036
11;8037
31;8049
3;8050
167;8051
2;8052
19;8054
22;8055
12;8056
19;8059
399;8093
51;8094
106;8095
215;8096
23;8104
32;8109
6;8115
4;8123
37;8133
10;8137
15;8142
22;8144
1;8146
9;8148
44;8151
12;8189
92;8191
30;8192
25;8199
27;8204
30;8206
24;8209
18;8210
13;8211
29;8212
34;8230
9;8237
16;8241
21;8285
31;8286
25;8287
213;8288
16;8293
12;8307
6;8310
18;8312
21;8314
25;8320
8;8323
18;8324
26;8331
24;8333
17;8338
24;8344
11;8360
5;8374
11;8378
54;8381
75;8383
44;8384
13;8389
35;8390
14;8404
7;8405
15;8425
175;8426
16;8427
31;8430
8;8431
4;8432
19;8435
8;8436
53;8439
8;8440
237;8477
90;8478
4;8479
48;8480
41;8498
36;8499
51;8500
15;8523
3;8524
28;8525
16;8527
29;8528
39;8533
36;8535
1;8546
2;8550
13;8573
256;8574
14;8575
52;8576
180;8577
8;8578
23;8579
16;8580
1;8584
28;8593
8;8600
31;8604
9;8605
14;8606
44;8607
21;8608
78;8609
3;8612
19;8615
6;8619
3;8625
23;8626
30;8630
9;8631
19;8633
35;8663
23;8665
29;8666
59;8667
67;8669
205;8670
80;8671
58;8672
14;8674
21;8686
1;8689
11;8697
7;8698
32;8699
33;8700
13;8701
12;8702
162;8719
16;8722
5;8723
35;8727
17;8733
46;8761
43;8762
176;8763
253;8764
16;8766
22;8770
11;8779
20;8782
50;8783
7;8784
9;8786
15;8789
36;8796
26;8797
8;8799
6;8811
4;8817
159;8824
30;8833
20;8840
87;8857
271;8858
65;8859
53;8860
15;8862
332;8877
120;8878
34;8879
2;8880
32;8882
6;8902
36;8903
2;8906
9;8907
12;8913
8;8915
18;8916
30;8953
273;8954
48;8955
159;8967
52;8973
169;8974
27;8975
50;8976
22;8983
30;8992
16;8994
3;8998
54;8999
16;9006
26;9010
22;9022
12;9038
11;9049
17;9050
10;9051
39;9052
32;9054
15;9058
27;9062
26;9065
35;9070
41;9071
151;9072
24;9073
1;9086
15;9093
22;9094
16;9097
22;9098
5;9102
27;9103
17;9106
145;9107
55;9145
125;9146
68;9147
2;9155
5;9165
67;9166
53;9167
28;9182
3;9186
23;9190
10;9199
334;9200
92;9241
40;9242
14;9243
227;9244
1;9245
24;9246
182;9247
66;9248
31;9274
6;9275
2;9277
31;9278
25;9279
170;9280
55;9283
16;9300
21;9302
24;9303
23;9304
36;9322
9;9333
46;9338
41;9340
50;9341
43;9342
42;9344
9;9369
31;9374
12;9375
162;9385
6;9390
44;9392
6;9397
43;9400
12;9414
39;9433
88;9434
6;9435
29;9436
10;9439
30;9454
31;9474
21;9478
28;9482
23;9483
7;9484
10;9491
7;9529
69;9530
572;9531
198;9532
38;9538
17;9549
42;9552
24;9556
3;9557
29;9560
10;9571
1;9573
31;9579
16;9581
22;9584
15;9585
7;9588
37;9625
26;9626
201;9627
31;9628
1;9635
20;9645
10;9646
23;9647
16;9648
150;9657
13;9667
31;9673
16;9674
15;9676
63;9679
6;9682
12;9683
28;9721
68;9722
26;9723
19;9724
29;9737
5;9741
26;9742
20;9743
172;9744
8;9747
156;9763
31;9768
32;9778
2;9779
15;9782
8;9785
36;9817
40;9818
262;9819
67;9820
19;9821
35;9837
8;9838
15;9840
22;9848
10;9862
3;9869
1;9871
9;9872
26;9873
4;9874
17;9891
8;9902
23;9913
17;9914
3;9915
26;9916
7;9917
5;9918
567;9919
24;9920
33;9945
24;9946
3;9947
39;9949
20;9951
41;9952
563;9955
19;9960
156;9966
11;9967
5;9972
10;9975
48;9976
5;9982
235;10009
6;10010
35;10011
14;10012
13;10015
91;10016
2;10041
7;10043
19;10044
31;10045
21;10046
157;10048
7;10067
12;10068
24;10071
235;10105
51;10106
155;10107
158;10108
22;10125
34;10126
159;10127
20;10128
11;10141
36;10145
16;10149
8;10156
1;10158
331;10161
20;10164
98;10201
163;10202
213;10203
28;10204
23;10205
28;10209
7;10215
50;10221
24;10222
11;10224
5;10247
15;10249
30;10251
15;10257
159;10259
817;10297
9;10299
14;10300
25;10311
15;10318
46;10320
18;10341
20;10345
29;10346
29;10351
17;10352
24;10354
32;10393
60;10394
35;10395
22;10396
7;10411
25;10413
3;10414
23;10415
27;10430
14;10435
26;10446
20;10449
37;10451
60;10489
52;10490
220;10491
6;10492
14;10508
11;10511
27;10514
10;10525
4;10538
10;10543
13;10545
17;10556
33;10582
159;10585
23;10586
29;10587
32;10588
35;10589
51;10591
40;10592
23;10603
28;10617
18;10618
20;10619
194;10622
6;10624
167;10639
24;10640
7;10641
17;10643
10;10644
18;10647
3;10650
6;10679
13;10681
22;10682
45;10683
1;10684
50;10685
14;10686
22;10687
76;10688
144;10700
29;10704
162;10713
9;10714
3;10716
15;10717
13;10718
153;10719
15;10720
36;10725
16;10732
25;10733
23;10734
21;10738
20;10739
29;10740
24;10742
6;10743
161;10749
50;10777
33;10778
183;10779
79;10780
6;10790
10;10792
40;10797
22;10798
42;10799
31;10800
20;10802
8;10821
5;10824
362;10825
2;10829
8;10830
43;10836
65;10873
216;10874
39;10875
198;10876
17;10882
28;10894
10;10895
35;10907
23;10911
166;10919
178;10922
19;10927
22;10928
22;10929
5;10931
14;10969
55;10970
38;10971
382;10972
23;10977
7;10989
164;10990
54;10991
47;10992
17;11007
11;11009
5;11012
2;11013
34;11015
32;11017
4;11019
25;11020
1;11023
2;11025
11;11027
201;11065
225;11066
24;11067
43;11068
157;11078
9;11085
161;11086
21;11092
34;11097
10;11107
37;11108
3;11116
98;11162
55;11163
74;11164
16;11178
18;11179
3;11181
13;11182
33;11198
1;11203
6;11210
24;11214
13;11218
31;11257
16;11259
9;11260
28;11261
70;11262
13;11263
10;11264
6;11275
9;11282
32;11290
21;11292
10;11293
127;11294
14;11298
28;11301
156;11302
29;11310
6;11311
18;11313
12;11320
16;11321
11;11324
4;11331
25;11350
30;11353
69;11354
162;11355
151;11356
7;11357
11;11358
183;11359
29;11360
13;11368
161;11385
46;11387
19;11388
31;11389
20;11390
167;11392
31;11396
181;11406
23;11409
4;11436
128;11449
52;11450
56;11451
37;11452
8;11455
1;11458
3;11461
5;11472
18;11476
14;11477
6;11478
40;11494
6;11501
9;11502
13;11503
8;11505
147;11506
193;11545
119;11546
73;11547
161;11548
12;11554
4;11555
155;11566
7;11568
1;11580
25;11587
19;11589
40;11596
30;11597
4;11598
8;11603
7;11619
17;11640
92;11641
199;11643
172;11644
30;11650
34;11655
24;11661
31;11662
14;11673
18;11688
30;11691
1;11695
12;11696
13;11699
96;11737
51;11738
84;11739
17;11740
157;11747
26;11758
24;11759
21;11760
27;11763
12;11767
37;11770
7;11780
29;11787
8;11788
41;11791
38;11792
22;11793
18;11794
189;11833
11;11834
259;11835
26;11836
1;11853
196;11855
13;11856
3;11864
6;11865
38;11878
31;11883
11;11884
26;11885
11;11886
17;11887
2;11911
38;11929
201;11930
53;11931
99;11932
190;11934
187;11935
56;11936
170;11948
19;11961
12;11963
6;11966
30;11967
4;11970
21;11973
20;11977
65;11986
27;11998
172;12020
40;12025
28;12026
7;12027
35;12028
33;12029
33;12030
7;12032
19;12033
17;12035
11;12047
20;12058
31;12060
27;12061
30;12062
10;12077
15;12078
15;12087
71;12121
44;12122
81;12123
7;12124
29;12128
7;12130
12;12141
15;12142
38;12153
5;12156
18;12159
30;12162
5;12163
25;12167
2;12171
158;12179
10;12183
22;12217
51;12218
118;12219
79;12220
10;12226
20;12237
25;12238
33;12239
31;12240
14;12250
1;12254
165;12268
15;12271
12;12275
2;12290
254;12313
6;12314
20;12315
615;12316
28;12320
15;12325
10;12333
31;12334
51;12335
18;12336
23;12343
24;12352
6;12353
15;12358
27;12359
8;12364
23;12367
7;12368
68;12370
21;12371
32;12372
38;12409
47;12410
46;12411
57;12412
18;12423
13;12429
24;12430
33;12431
18;12432
2;12445
4;12453
5;12454
17;12463
204;12505
25;12506
424;12507
85;12508
25;12525
3;12527
14;12528
18;12537
20;12543
1;12551
26;12553
3;12558
37;12561
20;12563
9;12572
1;12573
12;12581
6;12590
26;12601
199;12602
44;12603
15;12604
37;12605
183;12607
53;12608
29;12633
32;12634
2;12635
42;12636
30;12637
6;12639
11;12649
12;12652
9;12655
33;12656
3;12657
160;12660
14;12661
31;12662
8;12681
11;12691
10;12697
11;12698
12;12699
24;12700
17;12701
21;12702
6;12703
21;12726
153;12729
82;12733
45;12735
15;12748
5;12749
25;12756
6;12758
29;12760
59;12793
51;12795
28;12796
20;12814
9;12815
5;12816
15;12830
2;12837
19;12846
23;12847
20;12852
12;12871
15;12889
9;12890
18;12891
76;12892
16;12895
4;12900
33;12911
2;12912
5;12914
3;12915
30;12928
31;12933
31;12938
1;12944
166;12945
30;12946
34;12979
44;12985
203;12986
18;12988
30;13005
31;13007
16;13008
165;13009
16;13025
26;13031
164;13038
13;13039
11;13044
42;13081
45;13082
34;13084
2;13086
7;13088
3;13092
197;13101
8;13119
10;13126
22;13129
25;13131
31;13134
28;13135
76;13177
13;13178
44;13179
48;13180
194;13197
16;13198
9;13199
40;13200
27;13219
21;13223
7;13228
26;13230
5;13233
8;13235
3;13236
7;13252
30;13269
14;13274
10;13275
21;13276
26;13278
56;13279
70;13280
167;13288
29;13296
11;13302
24;13305
569;13306
33;13307
14;13308
170;13309
23;13310
3;13312
16;13317
6;13318
19;13326
17;13328
46;13332
18;13335
165;13369
33;13370
52;13371
94;13372
19;13373
11;13375
67;13376
5;13385
10;13390
14;13401
42;13403
18;13406
29;13407
12;13408
4;13411
11;13415
163;13418
164;13421
29;13423
17;13425
35;13430
19;13431
36;13465
170;13466
254;13467
44;13485
23;13486
9;13488
13;13489
30;13499
11;13509
155;13510
51;13512
163;13513
32;13520
10;13521
15;13524
7;13554
170;13561
66;13562
8;13563
4;13564
9;13571
9;13576
19;13581
36;13583
1;13601
8;13606
10;13607
4;13608
10;13609
164;13618
162;13620
18;13625
2;13642
17;13655
21;13658
449;13659
194;13660
35;13677
154;13681
6;13687
30;13701
2;13704
11;13707
28;13708
22;13709
47;13753
45;13754
16;13755
73;13756
82;13773
157;13774
196;13775
334;13776
23;13777
12;13795
11;13801
175;13808
10;13809
1;13811
29;13849
262;13851
31;13852
3;13866
12;13869
8;13870
43;13871
26;13877
24;13884
22;13886
5;13896
9;13897
23;13901
29;13945
39;13946
30;13947
222;13948
48;13949
6;13950
66;13951
40;13952
9;13959
8;13970
6;13977
1;13978
25;13980
9;13981
26;13982
17;13990
13;13997
10;13998
12;13999
4;14003
32;14006
41;14007
14;14017
40;14023
36;14041
82;14042
13;14043
61;14044
173;14045
27;14046
28;14047
27;14048
12;14060
9;14062
25;14073
17;14075
62;14078
5;14079
13;14092
157;14095
8;14100
20;14103
3;14104
40;14137
720;14138
61;14139
72;14140
30;14142
20;14143
21;14150
156;14151
598;14157
15;14159
58;14160
28;14184
21;14186
31;14188
36;14190
48;14233
62;14235
42;14236
20;14244
13;14246
160;14250
55;14254
24;14255
22;14256
148;14261
38;14277
6;14282
15;14286
9;14304
18;14312
30;14327
88;14329
48;14330
95;14331
30;14332
7;14333
157;14336
9;14341
29;14347
17;14349
14;14350
186;14351
158;14355
31;14372
21;14375
13;14377
17;14379
42;14382
13;14386
17;14387
67;14425
45;14426
235;14427
75;14428
4;14448
4;14462
160;14466
33;14475
4;14478
64;14521
48;14522
64;14523
35;14524
161;14537
1;14540
4;14541
40;14542
19;14543
37;14544
32;14557
7;14566
1;14573
8;14580
10;14607
14;14618
81;14619
15;14620
7;14622
7;14623
14;14624
10;14637
31;14648
59;14649
9;14651
26;14653
8;14655
4;14656
32;14664
14;14674
13;14679
2;14705
185;14713
5;14714
191;14715
27;14716
45;14717
11;14718
71;14720
16;14726
19;14740
26;14745
30;14747
27;14748
162;14749
14;14751
10;14752
1;14763
19;14769
11;14780
93;14809
187;14811
34;14812
12;14826
9;14829
10;14831
160;14843
7;14849
42;14855
24;14856
18;14858
21;14859
151;14863
24;14864
8;14866
5;14867
28;14868
1;14872
17;14893
24;14905
507;14906
11;14907
81;14908
14;14912
7;14917
22;14925
164;14926
2;14928
5;14937
12;14940
38;14943
3;14947
31;14960
21;14961
1;15000
24;15001
42;15002
93;15003
59;15004
14;15005
26;15017
14;15022
32;15023
3;15024
15;15032
21;15041
18;15043
11;15046
11;15050
157;15051
4;15054
7;15081
61;15097
69;15098
196;15099
3;15100
35;15117
36;15120
31;15122
16;15146
9;15148
162;15155
192;15193
84;15194
103;15195
71;15196
25;15206
9;15213
26;15214
181;15215
2;15225
4;15229
4;15231
12;15239
4;15245
14;15252
11;15275
16;15289
39;15291
12;15292
286;15293
17;15294
33;15296
10;15298
2;15309
8;15315
10;15321
31;15322
6;15323
25;15324
39;15325
5;15326
13;15327
1;15328
5;15340
40;15349
31;15385
9;15386
26;15387
173;15388
22;15390
20;15391
51;15392
18;15406
155;15419
19;15420
42;15421
7;15422
7;15423
7;15424
22;15431
5;15438
23;15439
13;15442
28;15444
21;15445
20;15446
3;15448
191;15481
22;15482
8;15483
132;15484
36;15490
36;15492
30;15502
23;15503
12;15515
2;15518
14;15532
154;15577
72;15578
28;15579
51;15580
189;15586
32;15595
12;15597
24;15598
51;15600
17;15612
10;15622
8;15624
6;15626
32;15631
13;15673
26;15674
31;15675
79;15676
55;15693
44;15694
187;15695
6;15696
2;15724
3;15725
20;15729
26;15730
16;15731
25;15769
40;15770
74;15771
158;15772
22;15783
41;15789
39;15790
29;15791
78;15792
5;15813
28;15819
25;15822
21;15823
20;15826
15;15866
45;15867
27;15881
27;15888
30;15901
5;15903
29;15909
10;15911
31;15912
6;15920
1;15921
27;15959
165;15961
103;15962
8;15963
31;15965
42;15966
15;15967
31;15968
43;15993
31;15995
6;15996
16;15998
50;15999
16;16007
170;16014
20;16015
5;16016
18;16018
163;16021
19;16034
163;16057
23;16059
40;16060
36;16061
92;16062
21;16063
26;16064
27;16088
2;16089
550;16090
31;16091
23;16092
14;16095
26;16096
10;16100
36;16102
16;16105
3;16107
2;16111
8;16116
19;16117
6;16150
201;16153
228;16154
58;16155
84;16156
4;16174
7;16186
35;16194
30;16198
10;16199
15;16200
29;16207
1;16210
5;16211
15;16230
25;16249
19;16250
169;16251
12;16252
7;16255
32;16258
3;16269
171;16271
26;16272
29;16280
37;16292
11;16293
19;16296
28;16300
30;16306
42;16308
16;16326
26;16336
237;16345
166;16346
45;16347
37;16348
33;16361
46;16365
24;16368
18;16392
10;16395
21;16402
7;16426
30;16441
128;16442
52;16443
201;16444
19;16450
4;16456
31;16457
61;16461
29;16464
169;16469
5;16479
173;16480
17;16485
57;16487
10;16493
18;16495
19;16510
4;16528
79;16537
199;16538
21;16539
50;16540
14;16544
8;16557
18;16558
167;16559
8;16560
3;16582
14;16586
32;16590
8;16634
23;16636
20;16637
70;16639
21;16640
31;16647
16;16650
19;16665
161;16667
224;16670
29;16672
22;16679
12;16685
32;16688
11;16692
16;16693
24;16694
1;16715
88;16729
54;16730
164;16731
19;16732
5;16734
13;16744
2;16751
34;16753
17;16761
29;16762
10;16763
26;16765
7;16766
13;16768
1;16778
21;16781
13;16784
57;16786
19;16787
16;16791
31;16825
74;16826
6;16827
40;16828
2;16845
6;16846
352;16847
12;16848
16;16864
32;16876
47;16883
66;16921
47;16922
33;16923
42;16924
9;16927
14;16942
168;16943
166;16954
30;16959
5;16961
10;16970
22;16972
1;16975
17;16976
21;16989
6;17017
22;17018
38;17019
5;17020
11;17038
65;17040
29;17042
38;17057
2;17067
1;17068
27;17074
20;17076
35;17113
13;17114
129;17115
30;17116
29;17134
29;17135
13;17163
1;17164
21;17165
1;17183
51;17209
91;17210
25;17211
24;17212
14;17230
16;17231
171;17232
30;17238
3;17244
6;17257
1;17258
1;17259
10;17260
32;17266
18;17287
32;17305
55;17306
43;17308
8;17309
11;17310
17;17311
25;17312
19;17332
35;17337
7;17339
47;17341
188;17342
49;17343
49;17344
18;17355
15;17359
10;17365
1;17367
22;17373
7;17387
28;17401
5;17402
71;17403
91;17404
20;17405
34;17406
29;17407
27;17408
14;17411
16;17413
15;17433
22;17435
555;17436
18;17438
22;17442
14;17447
15;17459
22;17460
4;17496
38;17497
46;17498
27;17499
194;17500
33;17510
39;17517
17;17519
22;17520
13;17529
3;17537
36;17539
39;17543
33;17551
74;17593
90;17594
746;17595
14;17596
21;17614
12;17616
4;17635
18;17643
1;17651
3;17666
223;17689
64;17690
31;17691
48;17692
199;17698
29;17704
35;17711
2;17712
25;17720
38;17722
4;17741
10;17746
10;17747
4;17748
20;17749
51;17785
56;17786
34;17787
184;17788
15;17800
1;17807
21;17808
18;17829
159;17837
2;17841
8;17843
197;17881
52;17883
146;17884
8;17901
31;17904
48;17917
22;17919
10;17922
7;17929
3;17930
189;17935
19;17938
4;17942
9;17954
17;17977
20;17978
54;17979
20;17980
14;17981
181;17982
18;17983
164;17984
7;17993
26;18000
10;18009
2;18010
168;18011
61;18014
3;18015
15;18017
8;18030
172;18034
17;18038
27;18073
161;18075
34;18077
92;18078
24;18079
1;18080
14;18087
6;18095
14;18101
163;18102
29;18105
31;18106
34;18107
22;18111
4;18112
3;18119
166;18125
19;18133
52;18169
27;18170
5;18171
97;18172
6;18174
1;18183
4;18189
3;18190
64;18191
13;18192
37;18214
15;18215
12;18223
11;18228
34;18265
14;18266
57;18267
44;18268
24;18269
27;18279
21;18282
29;18285
16;18290
12;18309
4;18318
25;18319
70;18361
90;18362
75;18363
599;18364
14;18378
4;18382
29;18385
1;18394
18;18396
24;18398
11;18401
7;18422
38;18457
212;18458
48;18459
20;18460
5;18463
170;18468
7;18471
27;18477
13;18479
5;18480
19;18486
4;18501
28;18502
8;18504
27;18509
9;18511
7;18515
12;18534
6;18553
23;18554
111;18555
30;18556
21;18574
23;18582
18;18599
5;18604
6;18608
24;18612
37;18649
84;18650
8;18651
13;18652
41;18653
11;18654
3;18656
17;18659
29;18682
6;18684
21;18685
18;18686
48;18688
32;18690
17;18701
3;18704
32;18745
81;18746
35;18747
61;18751
153;18752
30;18753
6;18755
4;18760
24;18765
14;18767
5;18777
27;18778
324;18779
34;18780
23;18781
21;18782
74;18784
3;18788
13;18796
28;18798
155;18806
13;18810
14;18835
220;18841
103;18842
74;18843
417;18844
14;18845
23;18861
10;18883
7;18888
12;18889
26;18915
68;18937
172;18938
26;18939
8;18940
1;18942
157;18958
10;18959
27;18960
10;18977
206;18982
16;18989
3;18990
167;18993
12;18996
21;19033
79;19034
15;19035
101;19036
182;19054
17;19055
20;19057
24;19065
189;19072
162;19074
12;19086
154;19087
17;19089
8;19090
12;19091
4;19100
5;19118
238;19129
11;19130
23;19131
30;19132
17;19144
18;19145
19;19150
159;19151
7;19152
16;19173
17;19177
169;19186
22;19188
225;19226
390;19227
14;19228
13;19246
38;19248
35;19261
29;19271
20;19274
6;19280
8;19282
21;19309
53;19322
60;19324
17;19325
26;19326
181;19328
18;19331
8;19342
5;19349
13;19350
10;19355
36;19356
21;19357
3;19358
7;19359
36;19360
11;19361
31;19362
33;19372
19;19373
24;19378
26;19381
11;19382
21;19400
23;19408
38;19417
9;19418
11;19419
26;19420
31;19422
155;19423
24;19424
14;19427
25;19436
7;19446
7;19450
23;19451
15;19454
12;19456
7;19458
5;19466
32;19471
156;19472
7;19475
20;19498
38;19513
11;19514
6;19515
209;19516
23;19527
2;19533
17;19534
167;19536
14;19547
7;19558
4;19561
24;19569
10;19570
19;19609
567;19610
578;19611
54;19612
22;19614
25;19630
154;19631
32;19632
28;19639
17;19656
2;19658
31;19662
158;19664
15;19701
56;19705
57;19706
94;19707
21;19708
34;19715
16;19727
11;19749
164;19754
10;19756
14;19757
5;19763
51;19801
32;19802
223;19803
3;19804
68;19821
60;19822
23;19823
28;19834
11;19835
15;19851
26;19858
32;19897
46;19898
161;19900
20;19917
155;19919
31;19920
21;19933
166;19944
26;19945
22;19950
24;19954
49;19994
27;19996
5;19997
11;19998
55;19999
148;20000
2;20002
163;20023
64;20026
183;20027
10;20028
25;20029
21;20030
26;20038
25;20045
151;20047
1;20050
21;20051
15;20055
22;20056
4;20075
69;20089
5;20090
1;20091
36;20092
193;20093
23;20095
28;20096
3;20109
22;20117
4;20121
30;20123
5;20124
76;20125
185;20126
3;20127
14;20136
1;20139
147;20141
7;20145
30;20146
182;20147
19;20149
31;20150
60;20151
13;20185
22;20186
237;20187
1;20196
12;20198
7;20205
7;20206
9;20208
7;20212
6;20231
23;20232
228;20234
6;20237
14;20241
60;20281
210;20282
199;20283
41;20284
9;20298
23;20303
38;20304
50;20338
2;20357
72;20377
20;20378
23;20379
43;20380
11;20383
16;20396
2;20397
37;20406
17;20417
5;20419
11;20422
18;20423
1;20424
149;20431
7;20432
4;20457
33;20473
41;20474
3;20475
66;20476
18;20494
52;20495
54;20496
1;20501
22;20518
34;20521
10;20522
5;20526
4;20529
6;20537
177;20569
38;20570
134;20571
30;20572
4;20578
4;20580
19;20589
10;20590
21;20591
163;20593
5;20602
2;20621
27;20623
44;20625
28;20664
50;20665
22;20666
8;20667
57;20668
69;20669
169;20672
13;20674
14;20698
50;20701
5;20702
19;20703
195;20704
16;20717
12;20718
19;20723
6;20725
4;20726
13;20740
41;20761
204;20764
167;20765
72;20766
67;20767
34;20768
19;20772
22;20793
10;20794
2;20795
183;20798
25;20805
8;20806
30;20813
16;20817
158;20819
2;20820
26;20824
38;20857
48;20858
22;20859
205;20860
21;20878
14;20879
18;20881
6;20890
29;20904
4;20906
30;20914
14;20916
28;20953
78;20954
29;20955
29;20957
155;20971
9;20973
26;20974
66;20975
11;20981
30;20985
36;20990
153;20997
15;21000
39;21001
1;21003
148;21005
174;21006
158;21007
9;21011
148;21016
26;21018
39;21049
340;21050
63;21051
36;21052
20;21060
21;21071
11;21080
17;21093
161;21094
3;21095
13;21097
24;21100
12;21104
15;21107
7;21129
74;21145
112;21146
34;21147
195;21148
13;21151
17;21153
34;21165
15;21166
158;21167
4;21168
8;21192
160;21195
29;21200
172;21203
31;21204
42;21241
62;21242
325;21243
36;21244
5;21261
19;21262
200;21263
164;21289
29;21299
15;21337
194;21338
13;21339
30;21341
22;21342
38;21343
10;21351
161;21362
22;21373
13;21374
18;21376
17;21393
34;21416
213;21433
38;21434
23;21435
5;21436
23;21437
37;21438
32;21439
28;21440
17;21441
11;21445
6;21465
12;21466
3;21467
31;21468
48;21470
19;21473
8;21485
157;21493
15;21495
164;21529
177;21530
24;21531
81;21532
3;21534
19;21537
5;21543
12;21550
7;21551
3;21573
23;21574
25;21577
1;21578
161;21582
1;21584
16;21585
162;21588
63;21625
29;21626
37;21627
224;21628
4;21637
23;21638
29;21645
12;21646
18;21647
1;21648
25;21669
25;21671
4;21674
19;21675
3;21676
28;21705
212;21721
68;21723
38;21724
27;21728
13;21730
1;21740
13;21741
18;21742
18;21743
161;21753
26;21761
12;21768
33;21769
12;21771
64;21817
224;21818
32;21819
632;21820
15;21833
173;21846
18;21855
6;21864
36;21866
152;21867
11;21873
23;21913
84;21914
3;21915
10;21916
3;21929
22;21932
6;21934
28;21935
31;21936
16;21958
17;21959
4;21962
6;21964
21;21966
2;21974
36;21975
26;22009
57;22010
37;22011
57;22012
50;22013
31;22014
4;22015
69;22016
25;22027
54;22042
155;22043
19;22047
14;22062
145;22064
16;22065
3;22066
6;22074
13;22091
38;22105
5;22106
171;22107
190;22108
40;22110
28;22111
33;22112
10;22128
12;22130
169;22137
61;22140
25;22141
6;22143
35;22144
161;22162
4;22164
3;22165
157;22171
11;22175
16;22201
178;22202
10;22203
618;22204
10;22206
27;22213
10;22222
42;22223
12;22224
13;22225
19;22230
13;22246
12;22251
15;22254
10;22260
36;22297
40;22298
42;22299
8;22300
21;22301
16;22308
39;22316
18;22317
37;22320
30;22329
11;22330
9;22346
8;22348
9;22349
22;22351
17;22354
35;22392
10;22393
600;22394
47;22395
22;22396
2;22412
3;22413
2;22415
11;22443
13;22446
30;22448
13;22450
205;22489
13;22491
45;22492
36;22504
21;22506
11;22507
63;22511
4;22512
3;22528
15;22533
24;22536
11;22540
2;22542
26;22585
12;22586
46;22587
58;22588
18;22595
178;22605
3;22607
9;22608
1;22629
1;22632
23;22633
32;22637
8;22639
5;22642
19;22644
18;22678
6;22681
7;22682
48;22684
1;22685
24;22686
31;22688
27;22695
30;22710
20;22716
14;22717
36;22718
177;22728
3;22729
17;22738
18;22744
22;22777
40;22778
60;22779
37;22780
17;22781
19;22782
15;22784
17;22787
29;22809
47;22810
19;22813
14;22821
9;22829
19;22832
14;22848
22;22866
19;22872
22;22873
206;22874
42;22875
44;22876
9;22888
4;22893
21;22895
195;22896
161;22907
11;22916
8;22922
30;22923
24;22925
36;22928
184;22969
54;22970
36;22971
58;22972
3;22983
27;22986
166;22990
7;22991
50;22992
5;23007
162;23014
35;23016
2;23020
28;23021
28;23065
114;23066
34;23067
83;23068
11;23076
4;23086
25;23087
32;23088
2;23092
2;23102
5;23104
2;23109
17;23110
29;23111
2;23118
7;23121
27;23122
15;23124
26;23142
27;23161
190;23162
33;23163
23;23164
22;23165
26;23180
22;23181
29;23182
9;23183
54;23184
11;23204
14;23205
20;23207
17;23211
6;23215
12;23219
121;23257
36;23258
58;23259
160;23260
5;23268
81;23277
9;23278
7;23280
14;23285
4;23301
5;23353
11;23354
47;23355
87;23357
35;23359
48;23360
18;23361
19;23367
1;23380
34;23386
51;23388
197;23390
42;23391
8;23392
5;23406
18;23407
163;23408
2;23413
14;23444
111;23449
31;23450
23;23451
50;23452
1;23453
189;23455
30;23456
30;23460
6;23464
23;23465
11;23473
21;23474
11;23482
46;23483
15;23486
27;23491
17;23495
25;23509
2;23512
22;23545
65;23546
96;23547
16;23548
2;23563
26;23568
33;23586
26;23588
16;23590
12;23591
161;23601
1;23602
12;23616
15;23641
19;23642
81;23643
176;23644
17;23648
17;23655
30;23661
12;23662
3;23663
1;23664
11;23683
9;23684
37;23685
162;23687
14;23690
13;23695
1;23698
11;23706
34;23725
18;23729
8;23737
94;23738
348;23739
58;23740
28;23749
16;23754
19;23755
10;23757
21;23759
7;23772
17;23780
9;23782
14;23786
18;23787
10;23789
35;23794
55;23833
29;23834
210;23835
268;23836
25;23837
8;23839
25;23854
29;23855
9;23856
6;23864
30;23875
8;23879
3;23880
38;23881
152;23889
26;23892
21;23895
3;23908
30;23929
24;23930
37;23931
8;23932
3;23945
1;23950
4;23964
13;23972
32;23973
6;23974
3;23976
4;23977
30;23981
37;23983
159;23988
5;24006
14;24020
69;24025
77;24026
198;24028
50;24029
15;24030
18;24031
17;24032
2;24033
1;24037
37;24052
28;24057
29;24058
26;24059
187;24060
6;24061
11;24062
166;24078
38;24085
34;24121
24;24123
3;24124
1;24125
25;24141
12;24142
8;24148
2;24149
16;24154
181;24156
57;24157
35;24158
27;24174
166;24175
1;24176
1;24181
182;24183
34;24192
15;24197
186;24217
51;24218
21;24219
21;24220
20;24222
27;24229
22;24230
10;24234
50;24237
43;24238
6;24240
27;24244
151;24254
25;24256
28;24268
19;24275
12;24301
74;24313
29;24314
263;24315
233;24316
1;24331
83;24333
178;24334
41;24336
28;24359
148;24371
31;24372
88;24409
181;24410
63;24411
145;24412
8;24423
8;24429
15;24430
31;24431
170;24443
10;24448
8;24459
14;24462
1;24463
62;24505
39;24506
49;24507
21;24508
13;24522
4;24525
183;24526
162;24527
22;24531
18;24539
7;24550
4;24551
29;24552
148;24556
7;24557
22;24559
31;24560
47;24601
49;24602
50;24603
99;24604
161;24606
23;24621
51;24623
10;24627
9;24645
9;24647
16;24651
8;24655
16;24656
15;24657
12;24688
39;24695
16;24698
18;24700
29;24701
54;24702
68;24704
13;24709
14;24714
21;24729
596;24730
16;24731
19;24732
16;24740
25;24747
6;24750
2;24755
11;24779
92;24793
578;24794
24;24795
247;24796
26;24797
13;24799
314;24800
20;24815
35;24826
42;24827
16;24828
44;24829
10;24831
14;24845
22;24850
187;24852
2;24872
11;24889
17;24890
16;24891
207;24892
9;24898
6;24904
4;24907
37;24909
10;24910
16;24912
18;24916
8;24925
2;24934
182;24936
3;24937
12;24945
165;24986
650;24988
23;24992
7;25007
24;25024
19;25030
13;25031
3;25035
32;25036
17;25039
5;25041
5;25066
54;25081
189;25082
204;25083
5;25084
4;25088
34;25101
26;25102
43;25103
27;25123
168;25127
24;25129
13;25131
7;25134
9;25140
57;25177
63;25178
24;25180
16;25185
303;25197
8;25209
28;25225
29;25227
19;25234
49;25273
132;25274
181;25275
85;25276
24;25278
11;25292
21;25294
48;25295
7;25318
15;25320
14;25321
20;25324
6;25369
24;25370
5;25371
45;25372
11;25373
41;25374
5;25375
26;25376
19;25377
4;25385
25;25401
8;25402
8;25404
38;25407
3;25408
4;25424
168;25426
11;25465
38;25466
32;25467
30;25468
8;25470
25;25472
167;25497
26;25498
198;25499
26;25500
72;25502
25;25503
37;25504
3;25505
21;25516
30;25519
12;25522
22;25528
17;25561
46;25562
211;25563
72;25564
33;25572
20;25581
14;25582
17;25583
11;25584
18;25608
120;25657
48;25658
42;25659
225;25660
158;25661
11;25670
176;25677
8;25680
1;25692
9;25699
20;25701
31;25702
3;25703
27;25706
29;25708
16;25711
32;25713
14;25715
6;25725
6;25746
198;25753
18;25754
45;25755
28;25756
1;25765
16;25769
2;25773
8;25774
10;25775
8;25780
1;25788
31;25796
21;25798
8;25799
26;25801
18;25806
21;25809
8;25811
6;25812
38;25849
150;25850
268;25851
94;25852
1;25859
3;25864
36;25868
15;25869
35;25870
191;25871
30;25872
152;25885
11;25887
8;25893
10;25895
27;25901
10;25902
375;25945
196;25946
42;25947
180;25948
6;25949
31;25959
26;25965
15;25966
150;25968
10;25988
9;25997
36;26002
57;26041
57;26042
24;26043
6;26044
37;26045
38;26046
36;26047
22;26048
159;26077
35;26078
40;26080
25;26098
6;26099
39;26123
91;26137
20;26140
3;26141
26;26142
15;26143
30;26144
13;26145
6;26151
4;26154
31;26170
27;26171
10;26172
20;26173
205;26175
47;26176
24;26194
6;26196
166;26198
2;26212
45;26233
22;26234
2;26235
35;26236
13;26253
23;26255
20;26256
14;26271
53;26277
1;26278
10;26290
1;26291
21;26292
107;26329
8;26330
563;26331
359;26332
7;26335
82;26349
8;26351
1;26359
21;26368
150;26375
6;26376
8;26378
23;26385
18;26386
170;26388
343;26425
60;26426
93;26427
57;26428
31;26444
37;26445
5;26446
10;26448
7;26452
17;26463
8;26468
8;26472
2;26475
13;26476
8;26477
13;26478
30;26521
46;26522
19;26523
74;26524
13;26528
186;26541
3;26542
53;26544
166;26545
28;26563
30;26570
36;26577
40;26578
36;26579
12;26591
6;26613
6;26617
381;26618
191;26619
244;26620
558;26627
156;26637
7;26639
12;26640
11;26647
1;26670
37;26673
18;26677
4;26702
154;26713
4;26715
35;26716
235;26717
50;26718
44;26719
3;26721
11;26725
2;26745
10;26746
36;26749
13;26750
29;26751
3;26752
6;26761
35;26765
150;26770
32;26771
17;26773
4;26775
30;26803
14;26809
54;26810
21;26811
44;26813
12;26814
45;26815
9;26816
25;26832
3;26842
182;26843
39;26846
30;26847
38;26850
4;26860
8;26862
2;26903
54;26905
15;26906
252;26907
22;26908
38;26909
6;26918
3;26926
23;26944
26;26949
16;26954
2;26958
179;27001
59;27002
656;27003
18;27004
2;27016
6;27022
16;27023
52;27024
9;27033
10;27042
10;27047
45;27048
21;27050
174;27054
28;27085
4;27090
97;27097
50;27098
48;27099
51;27100
1;27112
166;27117
9;27118
174;27120
12;27137
2;27146
14;27148
102;27193
342;27194
19;27195
27;27196
13;27206
4;27213
169;27214
35;27215
13;27216
27;27237
41;27238
8;27239
152;27244
17;27247
26;27248
13;27251
6;27259
46;27289
12;27290
113;27291
27;27292
22;27302
6;27306
68;27309
191;27310
7;27311
161;27312
13;27316
4;27318
162;27319
160;27329
6;27335
7;27337
10;27339
16;27342
23;27382
19;27385
13;27386
15;27387
60;27388
92;27389
166;27390
21;27392
7;27407
15;27417
18;27421
2;27423
32;27424
11;27431
8;27435
24;27438
170;27441
15;27445
28;27446
23;27448
1;27481
236;27482
35;27483
31;27487
27;27488
6;27495
14;27496
28;27497
12;27508
34;27515
36;27516
22;27517
11;27518
4;27519
16;27520
1;27522
11;27524
3;27534
4;27537
19;27544
32;27545
100;27577
98;27578
49;27579
77;27580
151;27598
20;27599
25;27600
11;27602
27;27613
175;27619
15;27622
40;27628
1;27648
64;27673
56;27674
32;27675
60;27676
38;27677
28;27691
17;27694
3;27695
15;27696
162;27727
19;27769
195;27770
66;27771
65;27772
20;27790
21;27791
31;27793
16;27800
24;27805
33;27808
171;27820
17;27821
8;27824
21;27827
60;27865
80;27866
50;27867
67;27868
4;27883
9;27884
23;27886
47;27887
67;27888
15;27910
17;27915
36;27916
29;27917
23;27919
47;27920
16;27940
25;27961
79;27962
83;27963
210;27964
20;27968
21;27975
4;27976
19;27980
42;27981
40;27984
4;27994
5;28011
5;28015
162;28046
42;28057
30;28058
52;28059
17;28061
17;28062
171;28063
3;28069
8;28083
7;28085
25;28086
25;28089
26;28090
7;28093
162;28094
48;28096
2;28106
13;28108
35;28112
9;28117
4;28118
35;28132
31;28139
7;28153
108;28154
36;28155
228;28156
15;28157
11;28158
71;28159
15;28160
17;28168
16;28183
4;28185
10;28187
29;28191
21;28192
18;28204
1;28207
15;28208
15;28211
7;28212
6;28213
7;28214
159;28215
215;28249
169;28250
24;28251
46;28252
31;28255
65;28269
155;28271
48;28272
3;28278
28;28288
1;28294
19;28295
562;28304
559;28306
29;28307
6;28329
20;28345
42;28346
184;28347
71;28348
1;28349
13;28365
26;28367
8;28368
158;28398
559;28399
12;28403
195;28441
74;28442
62;28443
27;28444
3;28450
47;28461
13;28463
6;28464
30;28470
2;28475
36;28483
1;28488
27;28491
34;28498
104;28537
35;28538
51;28539
32;28540
3;28541
11;28552
166;28557
45;28559
15;28560
16;28561
12;28570
164;28578
26;28582
17;28583
170;28588
29;28596
20;28621
47;28633
47;28634
47;28635
184;28636
15;28637
5;28639
14;28653
9;28654
9;28662
9;28667
13;28672
179;28674
35;28677
29;28679
5;28680
3;28685
20;28687
20;28688
44;28691
73;28730
78;28732
62;28733
24;28734
54;28736
5;28740
29;28746
2;28755
50;28764
163;28765
30;28766
38;28770
3;28781
28;28783
7;28784
13;28790
34;28792
1;28805
71;28825
12;28826
38;28827
11;28828
32;28829
70;28830
182;28831
30;28832
26;28835
9;28847
3;28855
3;28859
2;28860
67;28861
17;28863
75;28864
29;28872
5;28873
5;28879
10;28921
428;28922
43;28923
49;28924
7;28932
221;28942
25;28947
34;28964
5;28973
31;28975
29;28978
6;28990
25;29012
61;29017
198;29018
19;29019
46;29020
159;29033
38;29038
8;29043
23;29063
9;29074
10;29075
108;29113
58;29114
110;29115
270;29116
33;29124
5;29133
185;29134
12;29136
5;29139
13;29149
16;29158
3;29159
61;29162
10;29168
198;29213
19;29214
211;29215
24;29234
29;29235
41;29236
34;29252
19;29258
149;29262
161;29267
24;29269
40;29309
32;29310
116;29311
62;29312
11;29314
150;29329
3;29331
13;29353
37;29356
14;29357
9;29359
28;29362
7;29364
6;29396
39;29405
58;29407
22;29408
55;29409
55;29411
12;29412
17;29415
11;29423
14;29430
14;29437
2;29438
214;29440
32;29441
10;29443
10;29444
5;29451
7;29452
48;29458
5;29459
27;29460
6;29461
12;29462
27;29463
19;29467
26;29468
32;29476
149;29477
28;29478
20;29479
64;29501
11;29502
15;29503
20;29504
31;29505
96;29506
5;29507
48;29508
7;29517
38;29521
27;29533
8;29535
178;29536
19;29555
16;29560
10;29562
88;29597
99;29598
10;29599
71;29600
30;29611
27;29618
13;29619
34;29620
5;29623
27;29638
4;29641
10;29645
35;29647
12;29650
26;29681
37;29693
51;29694
95;29695
87;29696
155;29706
6;29710
60;29713
34;29714
28;29715
47;29739
24;29751
30;29752
61;29789
141;29790
87;29791
46;29792
10;29800
169;29811
17;29812
22;29816
151;29825
6;29831
151;29838
9;29841
26;29842
199;29885
232;29886
57;29887
27;29888
35;29889
33;29903
48;29908
24;29914
7;29915
40;29920
6;29940
18;29943
1;29944
208;29981
188;29982
24;29983
112;29984
28;29991
14;30001
25;30002
11;30003
633;30004
24;30005
4;30026
12;30034
37;30037
6;30039
25;30067
163;30077
219;30078
160;30081
16;30082
197;30083
10;30084
18;30100
43;30113
29;30116
7;30123
31;30129
230;30134
19;30136
29;30138
11;30155
19;30173
23;30174
96;30175
148;30176
37;30178
71;30179
19;30180
176;30194
34;30195
27;30202
10;30205
31;30206
25;30207
34;30208
1;30209
24;30210
30;30211
7;30212
9;30225
7;30226
40;30229
28;30230
16;30231
29;30232
3;30235
35;30236
25;30269
91;30270
157;30271
49;30272
68;30289
152;30290
21;30291
27;30293
6;30311
25;30315
11;30317
24;30318
26;30323
12;30324
42;30327
19;30365
30;30366
67;30367
253;30368
38;30386
5;30387
17;30407
167;30412
9;30416
159;30418
71;30461
74;30462
76;30463
177;30464
36;30466
29;30467
40;30482
32;30483
21;30484
1;30488
2;30494
6;30505
3;30514
153;30515
36;30557
582;30558
49;30559
7;30560
12;30565
20;30567
15;30574
12;30579
12;30593
18;30602
3;30603
6;30605
32;30607
164;30610
3;30630
264;30653
37;30654
15;30655
106;30656
4;30660
2;30672
15;30673
33;30674
11;30675
1;30676
20;30694
3;30697
25;30699
34;30706
6;30709
18;30749
40;30750
23;30751
7;30752
344;30753
12;30754
180;30756
2;30769
15;30777
19;30781
20;30783
35;30784
12;30788
33;30797
10;30804
17;30805
16;30812
2;30832
161;30845
50;30846
105;30848
39;30849
7;30850
15;30852
7;30854
12;30856
176;30861
36;30866
20;30869
6;30871
49;30877
34;30880
150;30881
35;30884
9;30887
19;30892
31;30898
2;30902
10;30904
21;30905
12;30906
13;30908
8;30911
15;30941
339;30942
2;30943
67;30944
34;30950
565;30951
22;30962
9;30963
13;30964
30;30970
17;30989
28;30990
9;30992
10;30998
13;31004
62;31037
70;31038
13;31039
25;31040
4;31051
10;31059
31;31060
32;31061
4;31076
38;31087
8;31088
42;31091
21;31094
7;31095
14;31096
39;31134
60;31135
64;31136
22;31139
19;31148
4;31155
157;31156
17;31158
165;31173
7;31180
25;31181
9;31183
18;31189
21;31190
6;31192
101;31229
85;31230
90;31231
82;31232
160;31241
30;31249
45;31250
52;31251
10;31252
13;31263
45;31279
7;31281
3;31285
27;31287
568;31325
82;31326
55;31327
195;31328
20;31344
30;31345
28;31346
15;31347
15;31356
10;31375
7;31376
7;31377
13;31380
37;31381
30;31384
27;31421
194;31422
8;31423
12;31424
52;31425
26;31426
209;31427
10;31428
31;31430
18;31435
6;31442
24;31452
25;31453
30;31455
23;31457
17;31458
591;31459
8;31460
164;31472
29;31476
163;31477
57;31479
16;31483
162;31507
15;31509
1;31518
43;31519
45;31520
52;31521
16;31523
5;31524
5;31527
25;31538
8;31547
19;31550
154;31552
28;31553
10;31554
159;31556
9;31572
10;31573
59;31575
31;31576
25;31577
30;31613
32;31614
45;31615
175;31616
17;31619
14;31623
28;31633
19;31634
12;31635
11;31654
15;31657
27;31660
7;31664
7;31665
2;31666
153;31667
7;31670
19;31671
10;31672
37;31709
31;31710
340;31711
37;31712
153;31721
16;31726
25;31727
161;31728
25;31730
13;31735
17;31749
4;31753
12;31754
7;31755
24;31759
2;31767
23;31778
26;31802
51;31805
29;31806
181;31807
69;31808
19;31817
45;31826
8;31827
11;31838
14;31841
7;31844
16;31852
2;31855
4;31856
25;31859
17;31860
33;31864
190;31901
75;31902
80;31903
198;31904
27;31921
16;31922
39;31924
29;31926
18;31928
8;31945
159;31947
36;31951
10;31957
14;31958
22;31997
58;31998
348;31999
39;32000
20;32017
14;32018
9;32019
17;32020
4;32028
10;32036
41;32041
3;32046
189;32047
5;32049
15;32053
39;32093
13;32094
41;32095
46;32096
52;32097
575;32099
24;32103
162;32105
1;32114
80;32125
41;32127
595;32130
48;32131
13;32145
14;32148
187;32189
16;32190
352;32192
15;32193
185;32194
178;32196
9;32198
33;32222
36;32223
1;32225
26;32226
7;32228
20;32230
10;32233
26;32241
29;32244
16;32250
56;32285
55;32286
242;32287
14;32288
154;32291
27;32302
40;32308
152;32309
32;32310
2;32313
39;32319
10;32325
9;32329
28;32331
4;32332
13;32338
2;32341
189;32381
51;32382
5;32383
187;32384
33;32394
5;32396
19;32401
32;32403
13;32409
16;32426
61;32427
16;32428
14;32429
19;32430
24;32431
29;32439
75;32477
70;32478
74;32479
95;32480
9;32495
28;32498
6;32499
7;32500
2;32509
47;32517
4;32522
171;32526
37;32530
39;32534
167;32536
321;32573
337;32574
187;32575
655;32576
29;32585
24;32595
32;32596
5;32598
17;32601
8;32609
6;32612
14;32618
8;32629
97;32669
81;32670
17;32671
27;32672
3;32676
24;32684
32;32690
11;32692
9;32697
2;32713
6;32714
3;32716
26;32718
3;32721
57;32725
168;32748
99;32766
179;32767
2;32768
43;32770
16;32772
18;32785
27;32793
48;32797
5;32798
70;32800
11;32801
18;32803
6;32804
31;32805
30;32822
10;32828
17;32835
23;32836
1;32844
32;32861
13;32862
166;32863
212;32864
3;32865
32;32866
764;32867
14;32868
14;32869
20;32890
19;32893
5;32894
26;32896
37;32898
28;32899
3;32918
14;32919
2;32921
255;32957
54;32958
37;32959
79;32960
27;32977
222;32978
6;32979
15;32980
11;32992
29;32995
3;33001
36;33002
14;33003
51;33007
54;33010
9;33042
38;33053
13;33054
27;33055
206;33056
10;33066
12;33071
6;33073
317;33074
2;33075
168;33076
7;33089
13;33097
174;33102
33;33104
16;33105
8;33109
3;33110
14;33111
36;33149
123;33150
10;33151
16;33152
32;33165
9;33169
29;33170
40;33171
5;33182
10;33185
193;33190
10;33192
1;33200
10;33202
29;33223
35;33226
18;33230
25;33239
68;33245
207;33246
7;33247
30;33248
28;33258
29;33264
32;33265
31;33266
5;33267
17;33273
21;33276
22;33290
26;33292
10;33293
15;33294
47;33298
21;33299
18;33303
156;33307
194;33341
590;33342
9;33343
50;33344
15;33345
15;33347
18;33351
14;33361
208;33362
12;33385
3;33386
8;33388
21;33390
19;33392
30;33393
186;33399
154;33400
31;33413
151;33438
11;33439
2;33440
341;33441
69;33442
77;33443
7;33444
9;33449
4;33451
561;33458
3;33460
7;33468
9;33469
11;33470
7;33472
14;33473
509;33474
73;33475
24;33478
22;33491
33;33496
7;33497
12;33533
12;33534
31;33535
37;33536
23;33537
162;33540
11;33548
17;33561
2;33564
20;33565
14;33566
24;33567
7;33568
189;33569
48;33572
12;33576
18;33587
18;33591
158;33593
40;33594
173;33595
6;33629
33;33630
221;33631
13;33632
12;33650
25;33652
34;33675
30;33679
21;33681
33;33685
22;33686
64;33725
25;33726
33;33727
29;33728
568;33731
25;33733
14;33745
2;33746
37;33748
4;33754
58;33774
6;33778
9;33781
327;33821
33;33822
19;33823
46;33824
7;33828
24;33842
241;33843
560;33844
34;33867
26;33868
3;33872
29;33876
15;33917
172;33918
15;33919
24;33920
18;33938
11;33939
43;33940
9;33947
16;33955
1;33965
30;33971
19;33972
24;34013
57;34014
103;34015
16;34016
21;34019
190;34033
11;34038
17;34048
22;34057
1;34064
25;34066
21;34067
9;34068
5;34070
80;34109
67;34110
30;34111
173;34112
68;34113
29;34114
68;34116
4;34121
9;34133
27;34140
30;34141
167;34143
183;34144
13;34145
26;34147
24;34148
30;34159
19;34162
13;34163
42;34168
33;34205
27;34206
5;34207
75;34208
144;34209
1;34210
37;34211
21;34212
21;34215
25;34219
2;34224
169;34238
202;34239
2;34243
7;34249
3;34251
3;34252
7;34257
3;34259
148;34260
56;34261
18;34262
22;34265
171;34266
170;34267
33;34268
154;34280
23;34301
83;34302
64;34303
71;34304
12;34309
4;34318
44;34321
23;34322
70;34323
41;34324
20;34328
168;34346
169;34348
13;34353
19;34356
10;34358
24;34367
162;34386
9;34397
63;34398
236;34399
18;34400
19;34402
11;34406
37;34417
8;34419
14;34420
54;34441
22;34442
49;34444
15;34445
10;34448
10;34451
22;34452
2;34453
29;34455
175;34494
9;34495
219;34496
8;34509
5;34513
83;34514
37;34515
35;34537
16;34538
27;34539
18;34544
7;34547
6;34549
1;34552
33;34589
44;34590
51;34591
20;34592
30;34594
33;34608
27;34609
24;34610
12;34611
18;34612
14;34613
24;34618
36;34620
30;34635
29;34636
7;34640
5;34642
6;34643
17;34647
38;34648
4;34674
24;34685
47;34686
88;34687
111;34688
157;34692
24;34705
162;34708
13;34720
2;34721
16;34725
174;34731
44;34733
21;34734
19;34767
19;34781
352;34782
29;34783
5;34785
257;34787
52;34788
151;34790
5;34796
15;34814
12;34816
11;34818
5;34824
2;34831
37;34835
20;34836
17;34838
31;34842
8;34843
10;34844
20;34863
33;34878
376;34879
32;34880
71;34881
64;34883
16;34884
15;34893
9;34898
12;34900
21;34901
160;34905
38;34909
4;34910
1;34914
57;34915
29;34925
40;34933
564;34935
6;34937
180;34939
26;34940
58;34973
107;34974
57;34975
259;34976
4;34986
31;34994
1;34995
65;34996
9;35005
7;35008
159;35018
168;35019
9;35022
12;35024
15;35028
21;35031
