sums of daily draw-off volumes
90
151.8
140.5
94.5
246.5
209
182.8
96
211.8
270.8
112
132.5
277.2
231.8
309.8
184.5
150.8
141
242
295
192
164.2
172.8
167.8
93.8
118.2
198
187.8
164.5
132
199.8
174.5
124.2
202.5
242
156.5
229.2
466.5
90.5
137.2
496
257
171.8
132
102.5
351
117.8
310.8
250
169.5
154
133.8
187.2
157.8
118.5
204
213
111
317.2
118.5
82.2
335.2
273.5
251
322.8
345.8
242.8
186.5
114.8
117.8
165.2
167.2
163.2
283.8
102.8
335.5
111
103
248.8
213.5
299
171.2
141.5
288.2
243.5
89.8
126.2
151.5
168.2
227.8
233.8
226.8
288
249.2
177.5
193.2
262.5
145
83.5
275.2
167.8
161.2
139.2
418.5
168.5
314.2
217.2
265.8
82.8
111
234.2
288.2
236
260.8
232
231.2
88.5
168
340.8
138.8
212.8
173.5
178.8
209.5
300
137.5
139.2
149
326
80.5
228.8
247.2
125.2
62.8
120.5
192.8
113.5
134.2
349.8
253.2
254
176.2
242.8
295.5
124.2
173.2
208
476.8
165.5
260
156.8
130.2
88.5
218
208.5
239.8
136.2
156.2
182.8
152.2
180.5
126.5
171.5
127
151.2
56.5
240
296.8
178.2
168.8
169.8
257.5
154.2
184.8
152.2
154.5
162.8
66
75.2
118.8
167.2
256.2
136
245
186.2
137.2
184
246.5
211
86.8
76.8
235.5
161.8
69.8
97
290
223.5
227.2
254.2
187.8
194.5
167.5
162
138
421.8
124.2
135
176
256
294.5
148
157.5
108.5
88.2
169.5
189
274.8
112.2
342
193.8
265.8
220.5
138.2
190
221
129
170
340.8
78
192
293
251.2
90.8
197
113.2
109.8
119.2
94.5
213.5
204.2
109.8
135.2
123.8
197.8
170.8
122
157.2
191
235.5
98.5
248.5
202.2
180.5
280.2
185.5
205.2
140.8
241
423.8
140
239.5
203
136.8
151.8
110
195.8
114.8
244
120
269.8
269
135.5
195.8
65.5
382.8
178
193
407
219.2
139.5
114.8
314.2
164
253.5
257.8
190.5
145.8
197.2
118.8
176.8
143.5
143.2
216.2
220.5
488.5
275
139.2
224
188.5
173.2
172
222
149
222.2
227.2
130.5
188.2
205.5
116.2
170
224
181.8
331.5
299
247.5
184
191
180.2
242
144.8
200.8
257.2
293.2
95.2
158.2
187.5
278
435
220.2
157.5
226
145
224.8
198.5
436
286.5
219.8
178.2
207.8
410.8
99.5
195.2
361.2
223.2
269
131
224.2
386.5
495.5
257
112.5
218.5
337.2
93.2
130.5
275.5
351.2
253
197.5
161.5
124.5
221.8
264.2
443.5
245.5
sums of draw-off volumes of each hour of the day
109.8
242.9
200.6
181
221.4
165.2
13081.2
16177.1
6616.6
1554.5
773.1
4334.7
3993.3
1759.2
2444.7
3313.4
3001.4
1682.2
2157
3540.2
3469.2
2501.8
1145.5
225.9
sums of draw-off volumes of each hour of weekdays
67.6
89.7
86.9
61.5
110.6
41.7
10939
11426.5
3077.1
947.8
593.9
4123.8
3501.1
1504.6
672
479.6
986.6
1213.8
1906.2
2732.7
2555.4
1261.4
444.5
50.8
sums of draw-off volumes of each hour of weekend-days
42.2
153.2
113.7
119.5
110.8
123.5
2142.2
4750.6
3539.5
606.7
179.2
210.9
492.2
254.6
1772.7
2833.8
2014.8
468.4
250.8
807.5
913.8
1240.4
701
175.1
holidays of household(s), numbers correspond to day of year
