sums of daily draw-off volumes
11.8
56.2
22.5
55.5
71.2
29.8
66.5
10
156.5
5.8
18
65.2
22
31.8
36.2
54.8
52.2
14.5
60.8
103.8
36
64
56.5
30.2
17.5
42.2
71.2
50.5
30.5
12.2
57.8
102.8
67.2
15.5
58
50
38.2
172.8
119
55.8
63.2
17.5
27.5
88.5
34.8
19.5
19.5
69.8
33.5
14.2
59.8
55.2
44
25
33.8
13.5
56
62.5
201.5
25.8
49.8
16
13.5
53.8
19.8
40.2
81
22
70.8
37.8
8.2
68.5
50.5
75
17.8
155.5
36.8
22.8
62.2
18
7.8
17.2
272.5
70.5
9.2
49.8
21
25.2
92
38.5
55
9.8
18.5
19.2
20.2
55.2
52
42
16.2
28.8
55.8
77.2
70.8
26
24.5
6.5
27.2
32.5
18
21.2
12.8
20.2
12
58
13.8
24.2
13.5
97
61.2
22.5
6.2
16.5
14.5
20.2
75.8
200.8
26.2
60.8
33
17
14.2
217.2
66.8
51
14.5
52
60.2
53.8
29
21
58.8
8
22.8
15.8
59
44.8
15
24.5
17
15.8
6.5
14.5
37.8
24
10.5
23
50
71
100.5
135
50
12.5
23.8
88.8
39.2
33.8
60
51.2
115.5
5.5
11.8
32.5
14.5
27.2
25
17.2
11.8
1.2
8.5
26.5
8
18.2
13.5
65
41.5
13.5
16.8
35.5
54.5
14.2
13
41.2
161
80
12
30.8
7
24.8
6.8
12.8
52
95
36
25.5
24.8
91.2
18.5
29.2
19.8
9.2
44.8
10.5
17.2
11
21.2
52.5
80.5
19.5
11.8
14.8
8.2
14.8
59
18.5
53.2
61.8
26.2
30.2
36.5
58.8
19.5
6.8
8.8
16.5
32.5
20.2
52.8
8.5
5
29.2
27
14.8
54
34.2
58.2
12.5
8
51.2
20
59
5.8
23.2
22
49.5
11.5
60.5
13.8
4.2
24.5
13.8
16.5
11.5
5.2
17.2
92.5
10
18.2
29
23
24.8
49.8
16
26.2
21.8
17
122.5
60.5
29.2
100.2
30.2
26.2
0.8
3
28
54.5
11.5
6.2
26
8
24.2
26
9.8
25.2
9.8
181
32.8
27.5
59.2
191
35.5
70
15.8
4
59.5
55.8
62.8
47.5
18
14.8
10.5
55.8
44
99.5
30.8
40
14.5
41
99.8
43
136
22.8
22.5
52.2
24.8
22.8
81.2
17
11.2
59.5
29.5
10
9
12.5
0
36.5
11.2
61.5
45.2
31.2
64.2
24.5
18
55.5
60.8
190
10.8
23
7.8
38
36.2
30.8
29.8
26.5
19
147
98.2
115.8
52
8
22.2
51.8
78.8
12
62.2
26
sums of draw-off volumes of each hour of the day
40.5
66.5
94.6
25.2
4
103.7
1928.9
3909.1
1401.4
314.9
233.6
943.7
779.7
430.5
253.9
761.2
431.2
548.3
478.6
613.2
628.1
508.2
343.7
39.7
sums of draw-off volumes of each hour of weekdays
19.9
17.9
62.3
6
3.8
65.7
1545.5
2845.4
718.8
145.2
122.2
819.3
707.2
365.1
85.8
125.3
89.6
521.2
462.2
431.7
431.7
182
217.4
0
sums of draw-off volumes of each hour of weekend-days
20.6
48.6
32.3
19.2
0.2
38
383.4
1063.7
682.6
169.7
111.4
124.4
72.5
65.4
168.1
635.9
341.6
27.1
16.4
181.5
196.4
326.2
126.3
39.7
holidays of household(s), numbers correspond to day of year
