sums of daily draw-off volumes
119
200.8
119.8
308
83
322.8
285.5
99.8
206.5
240
278.5
102.5
284.2
234
231
250.2
360.5
132.2
306
402.2
300.2
100
282.2
195.5
208
111
159.8
450.5
304
195.2
147.8
176.5
114
227.8
266
132.2
124.5
174.2
267
217.5
285.5
260.8
130.2
212.5
208
271
196
182
102.2
163.8
326
104.8
150.2
243.2
246.2
260.8
132.8
338.5
322.5
193.8
194.5
156.8
352.2
108
215.5
262.5
169.2
140.2
65
251.8
203.2
80
163.5
163.2
308.8
96.8
373.8
66.2
256
145
219.5
185.2
361
274.8
139.8
106.2
225.5
326
406
241
220.2
200.2
231
264.5
226.2
198.2
221
354.5
120.5
370.2
195.8
174.8
102.8
135.2
284.2
163.2
231.5
153.8
127.5
195.2
146.5
234.5
138.8
79.8
142.2
132
359
182.2
101
108.5
83
296.2
102.5
197.5
87.2
131.2
301.5
206.8
236
237.5
281.5
295.8
191.5
194.8
242.2
126
241.5
130
147.2
163
308.8
144.2
442.8
195.8
244
479
204.2
328
172
126.2
187.2
126
364.8
372.5
149.2
108.8
148.8
148
115.2
170.5
153.5
353.8
236.2
137.5
176.8
160.5
291.8
199.2
119.2
111
54.8
148.5
149.2
65.5
184.8
187.8
96
176.2
110.5
124.5
320.8
112
154.2
54.5
185.5
379
244
258.5
94
217.2
97.2
142
240.5
73.8
142
212.2
188.2
110.5
213.5
181.8
162
109.5
262.8
173.2
141.5
163.5
128.5
161
334.5
179.5
202.8
129
86.5
255.5
117.8
103.8
203.5
160.5
195.2
272.8
195.8
160.8
170
110.2
131.8
483.2
321.2
138
135.2
185.5
104.8
210.2
128.8
73.8
100.8
146.8
160
129.2
170.8
336.8
57.5
108
160
138.8
259.2
221.2
118.5
291.5
119.8
89.5
303.5
150
128.5
259.8
196.5
78
189.8
216.2
78.2
276
69
172.8
67.8
216
171.5
213.5
430
243.5
118
121.5
179
367.8
148.5
234.5
180.5
140
69.8
80.5
189.8
176
62.2
303
362.5
309
286.8
113.8
329.8
139
207
234.8
525
271.2
309
156.8
106.5
115
272
196.5
316.8
194.2
304
114.2
58.5
204.5
275.8
90.8
203.2
308.2
132.2
84
130.8
117.5
350.2
204
222.2
163.2
70.5
171.8
106
176.5
231
399.5
127.8
204.8
208.8
130
202.8
251.2
340
219.8
169.8
158.8
196.2
97
170.5
200.5
274.2
197
91.5
95.5
295.5
176.2
234
248.5
288.2
170.8
320.5
695.5
151.8
205.5
198.8
64
316.2
312.2
95.8
180.2
162.5
126.2
125.8
378.8
154.5
283.2
215.2
522
181
sums of draw-off volumes of each hour of the day
304.7
352.2
110.6
179.1
210.5
289.2
13548.4
16354.2
6440
1318.7
1160.1
4172.4
4155.7
1739.9
1934.8
3257.1
2451.9
2596.7
2456.9
3050.7
2866.3
2744.8
949.3
273.8
sums of draw-off volumes of each hour of weekdays
272.6
213.4
54.7
32.5
99.8
221.2
11063.8
11423.9
3193.7
718
850.4
3998.2
3982.3
1256.7
567.4
569.8
716.2
1969.8
2227.4
2451.1
2163.8
1295
275.8
86.8
sums of draw-off volumes of each hour of weekend-days
32.1
138.8
55.9
146.6
110.7
68
2484.6
4930.3
3246.3
600.7
309.7
174.2
173.4
483.2
1367.4
2687.3
1735.7
626.9
229.5
599.6
702.5
1449.8
673.5
187
holidays of household(s), numbers correspond to day of year
