43;29
45;30
64;31
81;32
15;38
30;46
20;49
32;50
5;73
8;76
13;77
4;78
18;83
53;85
24;87
21;88
30;105
194;125
55;126
15;127
126;128
6;141
77;146
20;147
13;153
7;157
167;171
10;173
16;174
29;179
14;182
24;186
15;209
116;221
29;222
55;223
20;224
29;240
30;241
34;242
31;243
11;244
16;249
32;253
5;261
20;265
6;268
10;271
4;272
7;275
9;278
25;317
203;318
78;319
220;320
2;323
8;326
26;332
16;337
157;338
162;339
19;340
10;345
17;353
159;357
11;358
3;359
6;362
3;363
46;365
11;367
15;370
13;371
11;372
7;373
4;375
90;413
19;414
40;415
60;416
13;433
5;434
29;436
4;440
26;445
21;449
21;452
4;464
37;509
16;510
206;511
237;512
61;513
90;514
45;515
8;520
153;537
321;543
5;545
22;547
9;548
24;549
3;564
31;566
23;568
6;585
152;605
22;606
28;607
78;608
35;609
180;610
47;611
3;612
4;613
6;629
42;637
39;638
10;639
20;640
216;641
39;642
20;643
69;644
2;646
27;650
22;653
29;658
17;662
3;663
15;666
11;667
13;701
30;702
207;703
35;704
21;711
10;721
5;722
8;724
9;740
19;747
24;751
2;752
1;757
14;758
1;760
207;797
204;798
180;799
76;800
10;803
33;820
28;842
7;845
16;848
30;852
27;853
8;854
40;893
358;894
48;895
49;896
33;908
33;913
10;914
67;915
16;921
20;939
20;940
27;942
162;943
25;944
12;949
13;950
27;952
28;989
40;990
71;991
68;992
2;1002
162;1006
34;1008
34;1009
10;1010
21;1012
4;1026
9;1033
569;1035
28;1038
20;1042
9;1043
5;1046
18;1069
30;1085
38;1086
11;1087
42;1088
24;1093
13;1097
17;1105
40;1106
22;1107
17;1132
34;1137
9;1139
37;1142
29;1143
29;1147
163;1181
188;1182
51;1183
47;1184
62;1186
200;1187
29;1188
12;1201
164;1204
5;1214
13;1216
9;1219
2;1220
18;1238
157;1239
7;1243
10;1244
26;1277
30;1278
45;1280
57;1281
46;1284
165;1290
15;1299
1;1306
2;1310
32;1311
47;1312
62;1313
41;1314
52;1316
28;1326
24;1331
6;1333
13;1334
48;1337
171;1338
7;1339
18;1343
2;1365
157;1373
100;1374
64;1375
65;1376
156;1390
16;1393
193;1394
22;1395
7;1399
38;1400
18;1403
17;1420
28;1428
21;1429
20;1430
12;1454
116;1469
232;1470
391;1471
89;1472
16;1477
20;1489
46;1492
14;1493
16;1516
14;1522
33;1523
2;1526
745;1565
61;1566
35;1567
46;1568
8;1574
34;1577
10;1584
18;1585
31;1586
19;1587
188;1607
36;1610
195;1617
16;1620
26;1661
7;1662
155;1663
64;1664
13;1671
10;1681
12;1682
2;1683
16;1698
26;1703
26;1710
170;1711
2;1716
21;1737
202;1757
22;1758
199;1759
195;1760
4;1761
23;1765
13;1777
39;1778
30;1779
6;1784
10;1790
30;1794
40;1803
7;1805
153;1806
7;1807
21;1808
11;1811
9;1813
159;1815
23;1816
1;1831
169;1837
96;1853
43;1854
8;1855
176;1856
18;1857
40;1858
41;1859
10;1860
34;1866
23;1870
26;1875
24;1877
25;1885
5;1888
1;1889
565;1892
26;1896
13;1903
36;1911
14;1912
21;1914
28;1915
166;1916
20;1921
16;1923
2;1933
40;1949
14;1951
494;1952
33;1953
161;1955
63;1956
32;1959
6;1961
4;1979
39;1981
26;1982
21;1983
37;1986
52;1987
21;1989
11;1991
3;1992
16;1996
41;2001
5;2002
25;2004
19;2008
52;2045
181;2046
5;2047
3;2055
24;2057
6;2061
18;2062
33;2065
1;2066
6;2093
7;2099
21;2102
43;2104
234;2141
241;2142
71;2143
212;2144
35;2148
6;2153
26;2161
2;2162
69;2163
37;2164
27;2168
13;2172
10;2177
17;2178
18;2179
32;2186
33;2189
9;2192
13;2193
11;2194
13;2198
78;2237
49;2238
308;2239
80;2240
5;2242
6;2244
2;2258
3;2259
34;2260
19;2284
14;2287
26;2288
158;2294
32;2333
234;2334
254;2335
46;2336
1;2341
4;2342
13;2349
171;2353
31;2354
11;2364
32;2382
3;2386
17;2424
50;2429
169;2430
40;2431
49;2432
23;2451
18;2452
18;2473
20;2475
16;2478
24;2486
11;2507
23;2522
36;2525
4;2526
42;2528
98;2529
41;2530
9;2531
22;2545
9;2547
191;2557
35;2558
12;2559
8;2561
57;2563
7;2583
34;2584
11;2621
179;2622
254;2623
21;2624
45;2625
50;2626
169;2627
36;2628
149;2634
13;2635
1;2646
31;2651
33;2653
190;2654
19;2657
46;2658
322;2660
34;2674
24;2678
163;2680
12;2683
77;2717
89;2718
66;2719
36;2720
37;2725
5;2730
152;2737
15;2738
16;2739
15;2740
12;2750
26;2752
574;2755
20;2759
49;2761
2;2765
10;2768
11;2775
4;2776
9;2801
18;2813
57;2814
26;2815
456;2816
10;2827
33;2833
13;2834
7;2835
19;2843
9;2845
34;2846
9;2858
1;2859
19;2867
61;2872
233;2909
28;2910
35;2911
25;2912
4;2913
7;2923
5;2926
170;2931
6;2932
28;2954
38;2955
12;2960
17;2983
211;3005
27;3006
35;3007
46;3008
11;3009
5;3011
11;3016
173;3022
20;3025
36;3027
1;3028
5;3050
30;3051
26;3054
28;3056
5;3064
19;3067
10;3101
46;3102
96;3103
8;3104
2;3113
23;3115
84;3122
12;3123
21;3124
12;3126
20;3130
9;3138
11;3139
14;3142
17;3144
38;3147
33;3149
191;3197
56;3199
42;3200
21;3201
46;3202
31;3204
150;3222
162;3230
163;3232
9;3233
30;3234
1;3235
6;3236
3;3249
104;3293
209;3294
9;3296
72;3297
29;3298
37;3299
69;3300
27;3321
9;3325
176;3326
29;3330
7;3343
164;3345
32;3346
2;3351
42;3355
13;3356
34;3358
74;3389
68;3390
89;3391
62;3392
4;3406
11;3409
158;3411
20;3423
9;3441
6;3443
21;3444
7;3447
131;3485
83;3486
76;3487
40;3488
11;3500
22;3503
2;3505
24;3506
37;3508
2;3528
10;3529
12;3530
10;3537
16;3541
22;3542
17;3581
245;3582
204;3583
52;3584
2;3589
21;3601
14;3603
51;3604
10;3632
37;3634
9;3637
29;3638
1;3639
5;3640
23;3649
25;3658
163;3666
22;3675
62;3677
74;3678
67;3679
120;3680
24;3689
19;3696
7;3697
47;3698
4;3699
10;3700
6;3705
151;3715
30;3721
157;3725
10;3726
15;3727
12;3729
1;3730
19;3735
4;3748
64;3773
171;3774
36;3775
186;3776
1;3778
26;3779
22;3785
12;3793
20;3794
61;3796
12;3813
1;3819
62;3820
168;3821
18;3827
3;3830
3;3831
5;3868
566;3869
84;3870
38;3871
155;3872
57;3873
11;3875
2;3876
32;3880
13;3883
33;3885
8;3900
6;3901
7;3902
49;3903
31;3906
1;3908
19;3913
9;3925
16;3927
8;3946
21;3965
69;3966
5;3967
30;3968
59;3969
3;3970
16;3971
12;3972
12;3980
174;3998
16;4000
5;4001
151;4002
25;4003
172;4004
39;4017
24;4018
18;4019
160;4021
18;4024
6;4027
2;4050
65;4061
44;4063
203;4064
6;4066
23;4081
44;4083
6;4084
21;4085
5;4090
14;4093
21;4094
23;4106
1;4107
26;4110
3;4111
2;4119
12;4120
123;4157
87;4158
68;4159
369;4160
3;4171
24;4179
35;4180
19;4183
17;4188
6;4193
35;4201
10;4204
6;4205
16;4206
12;4208
1;4211
7;4213
12;4215
7;4245
251;4253
77;4254
73;4255
33;4256
16;4267
3;4270
15;4273
144;4274
50;4275
22;4276
22;4279
20;4282
21;4290
35;4297
14;4299
29;4308
48;4349
241;4350
60;4351
203;4352
1;4354
7;4355
51;4366
77;4370
14;4371
18;4372
162;4378
6;4388
8;4389
6;4392
28;4393
13;4396
22;4399
53;4400
9;4402
28;4407
11;4408
18;4413
83;4445
45;4446
82;4447
239;4448
14;4450
11;4457
184;4465
21;4469
30;4474
30;4490
45;4501
83;4541
7;4542
12;4543
33;4544
24;4545
3;4546
20;4547
49;4548
34;4551
3;4568
56;4573
146;4574
12;4575
17;4576
25;4577
53;4578
4;4579
35;4580
26;4588
16;4599
6;4601
64;4602
11;4626
23;4632
17;4637
33;4639
74;4640
51;4641
8;4642
18;4644
19;4650
9;4670
27;4672
21;4673
19;4674
6;4675
13;4676
15;4690
25;4692
18;4696
2;4701
83;4733
96;4734
76;4735
23;4736
23;4743
8;4744
6;4753
8;4754
20;4755
21;4761
199;4779
13;4783
40;4784
38;4790
1;4792
188;4829
31;4830
79;4831
270;4832
13;4841
169;4843
56;4849
45;4852
31;4857
19;4868
28;4875
3;4880
165;4882
4;4885
38;4886
2;4887
154;4888
9;4889
14;4899
88;4925
55;4926
93;4927
42;4928
3;4946
4;4947
20;4948
2;4950
5;4959
2;4969
17;4971
36;4972
28;4973
10;4979
66;5021
163;5022
97;5023
66;5024
30;5026
33;5035
39;5040
18;5041
6;5042
25;5055
24;5062
24;5065
4;5068
6;5077
67;5117
168;5118
59;5119
16;5120
38;5124
165;5127
172;5137
27;5139
17;5140
187;5152
27;5170
30;5173
163;5214
49;5215
4;5216
3;5217
420;5218
11;5219
16;5227
20;5246
41;5248
36;5249
24;5250
54;5251
27;5256
10;5260
31;5267
22;5268
12;5272
31;5273
11;5276
4;5306
23;5309
14;5310
44;5311
28;5312
3;5313
18;5314
23;5315
44;5316
26;5319
12;5320
26;5332
1;5333
5;5334
18;5341
19;5342
23;5343
32;5344
9;5345
25;5346
22;5348
15;5349
9;5354
9;5359
550;5367
29;5368
11;5371
1;5373
8;5387
43;5406
47;5407
15;5408
5;5423
167;5424
41;5425
23;5426
35;5427
15;5428
21;5430
34;5432
9;5442
15;5443
16;5451
14;5454
13;5460
10;5466
2;5475
572;5497
85;5501
239;5502
212;5504
4;5521
11;5524
35;5535
39;5541
8;5546
10;5549
46;5550
4;5552
10;5554
43;5559
34;5560
165;5571
226;5597
74;5599
76;5600
3;5605
14;5606
13;5609
171;5616
17;5617
42;5619
38;5624
28;5633
170;5641
27;5643
163;5644
14;5648
31;5653
18;5654
49;5693
233;5695
32;5696
45;5714
325;5715
24;5716
9;5725
25;5738
33;5744
85;5789
51;5790
38;5791
80;5792
3;5794
1;5806
6;5809
186;5810
41;5811
63;5812
12;5838
4;5839
12;5844
23;5845
173;5847
27;5885
12;5886
57;5887
16;5888
11;5889
46;5890
36;5891
49;5892
1;5894
29;5903
46;5907
9;5918
173;5919
14;5920
13;5921
7;5923
11;5924
30;5941
18;5942
22;5944
36;5956
5;5979
28;5981
2;5982
70;5983
91;5984
15;5985
380;5986
9;5988
160;6001
2;6003
7;6013
12;6014
37;6015
15;6016
194;6017
14;6020
8;6041
158;6043
166;6044
20;6077
167;6078
53;6079
17;6080
28;6082
29;6093
37;6097
5;6098
2;6099
9;6100
9;6101
33;6114
1;6121
12;6129
7;6130
2;6133
1;6138
64;6173
80;6174
5;6175
55;6176
23;6186
162;6190
1;6194
162;6195
6;6196
152;6206
20;6210
24;6217
23;6222
53;6224
30;6225
2;6240
90;6269
364;6270
174;6271
35;6272
23;6281
9;6286
20;6289
13;6290
158;6291
5;6292
13;6297
13;6302
29;6303
24;6314
5;6320
42;6322
28;6323
5;6327
9;6340
31;6365
231;6366
111;6367
33;6368
10;6386
4;6387
12;6389
1;6391
195;6409
11;6413
3;6414
9;6419
17;6420
48;6461
42;6462
61;6463
221;6464
38;6465
3;6468
1;6469
16;6481
5;6482
3;6483
16;6484
12;6494
33;6505
19;6509
4;6510
14;6511
15;6512
10;6519
6;6557
16;6558
47;6559
27;6560
47;6561
36;6562
2;6576
13;6586
2;6592
4;6593
22;6594
16;6602
2;6607
20;6620
2;6627
28;6644
16;6645
12;6646
50;6653
191;6655
491;6656
8;6657
5;6658
24;6659
48;6660
3;6666
5;6684
24;6685
10;6689
9;6690
16;6692
21;6705
1;6706
5;6708
4;6710
33;6712
1;6713
210;6749
30;6750
9;6751
247;6752
20;6769
26;6770
9;6771
8;6772
179;6793
26;6796
17;6798
15;6801
17;6803
26;6845
25;6846
35;6847
34;6848
2;6856
8;6858
15;6865
12;6866
24;6868
24;6873
35;6877
16;6883
21;6889
3;6890
23;6892
6;6894
11;6898
7;6941
84;6942
157;6943
61;6944
13;6951
50;6961
47;6964
52;6972
10;6980
2;6986
73;6987
20;6988
31;6991
7;6992
29;6993
11;6999
15;7011
39;7029
21;7037
33;7038
91;7039
35;7040
23;7057
11;7059
85;7060
17;7062
156;7064
12;7069
10;7077
33;7079
2;7086
15;7089
20;7091
31;7095
4;7096
99;7133
596;7134
50;7135
216;7136
5;7138
5;7145
16;7153
47;7154
9;7155
1;7157
34;7166
11;7167
32;7177
8;7179
38;7180
4;7183
2;7184
25;7187
3;7190
34;7192
17;7204
23;7229
4;7230
64;7231
5;7234
45;7235
54;7236
12;7241
7;7263
14;7264
13;7265
16;7268
26;7273
21;7279
14;7286
23;7292
29;7295
29;7300
30;7325
44;7326
59;7327
7;7328
49;7329
173;7331
74;7332
2;7357
18;7358
25;7360
194;7363
29;7368
26;7369
30;7371
8;7372
61;7378
6;7379
38;7380
565;7386
28;7388
4;7408
63;7421
13;7422
47;7423
35;7424
10;7442
17;7443
13;7444
15;7471
48;7476
13;7509
157;7517
387;7518
176;7519
107;7520
23;7537
1;7538
9;7539
21;7542
34;7544
26;7565
29;7567
21;7569
1;7573
6;7574
13;7575
278;7613
29;7614
55;7615
68;7616
3;7633
10;7634
4;7635
37;7638
19;7649
6;7657
14;7663
22;7664
19;7669
16;7671
2;7690
223;7709
36;7710
245;7711
47;7712
19;7729
32;7730
161;7731
21;7752
1;7753
8;7756
15;7762
45;7764
23;7767
14;7805
72;7806
30;7807
28;7808
11;7816
27;7820
8;7825
203;7826
8;7827
13;7828
36;7850
1;7852
8;7853
25;7854
17;7855
37;7857
2;7858
3;7860
12;7862
166;7863
20;7872
39;7901
45;7902
36;7903
56;7904
178;7905
8;7906
59;7907
267;7908
31;7919
16;7921
29;7922
4;7923
13;7924
19;7926
11;7932
59;7933
13;7934
111;7936
158;7938
160;7939
13;7940
20;7941
2;7942
23;7943
7;7946
21;7954
18;7955
18;7958
10;7961
17;7992
4;7997
20;7998
13;7999
176;8000
63;8001
62;8002
13;8003
36;8004
4;8010
3;8029
53;8030
3;8031
20;8032
497;8034
26;8035
3;8041
16;8046
7;8053
2;8054
48;8055
9;8058
4;8060
64;8093
23;8095
85;8096
38;8113
38;8114
50;8115
3;8116
147;8118
16;8127
13;8141
44;8143
38;8152
27;8189
177;8190
6;8191
29;8192
29;8195
43;8209
23;8212
7;8213
19;8230
17;8232
10;8234
2;8242
24;8243
12;8246
17;8285
212;8286
28;8287
4;8288
29;8289
7;8290
21;8299
17;8300
21;8301
18;8302
44;8304
218;8305
165;8308
19;8330
13;8332
53;8334
2;8338
14;8344
109;8381
607;8382
102;8383
106;8384
4;8391
10;8392
58;8397
36;8399
12;8401
12;8403
151;8404
11;8425
22;8426
3;8429
28;8432
16;8440
17;8448
178;8477
444;8478
24;8479
26;8480
19;8492
35;8498
192;8499
36;8520
8;8522
36;8523
12;8526
548;8528
26;8529
2;8532
38;8536
40;8573
49;8574
40;8575
378;8576
52;8577
14;8578
81;8579
66;8580
5;8581
4;8589
24;8602
16;8605
1;8607
60;8608
57;8610
5;8616
3;8624
14;8628
6;8630
2;8633
8;8635
39;8637
27;8652
157;8653
21;8664
15;8665
39;8667
30;8668
63;8669
170;8672
6;8686
48;8697
34;8698
45;8699
6;8700
7;8701
29;8703
19;8704
8;8708
5;8718
152;8727
53;8761
14;8762
54;8763
40;8764
4;8772
14;8781
5;8782
172;8783
180;8784
25;8791
12;8806
6;8812
154;8816
18;8817
35;8818
15;8826
32;8855
106;8857
69;8858
55;8859
110;8860
160;8875
14;8877
38;8879
16;8880
12;8888
6;8901
5;8903
256;8904
18;8905
24;8907
3;8919
187;8953
34;8954
73;8955
61;8956
8;8973
28;8974
5;8975
13;8979
19;8986
12;8997
1;9001
25;9003
10;9004
27;9007
2;9008
553;9024
1;9049
85;9050
50;9051
49;9052
168;9062
19;9069
192;9071
2;9072
23;9085
190;9093
48;9096
8;9101
48;9102
22;9106
36;9145
43;9146
195;9147
53;9148
213;9165
172;9166
3;9168
32;9178
31;9197
8;9199
2;9201
5;9204
37;9226
4;9231
211;9241
223;9242
28;9243
7;9245
23;9247
33;9248
1;9258
12;9259
14;9274
173;9275
8;9276
8;9277
20;9278
42;9279
5;9290
28;9296
7;9300
80;9337
134;9338
79;9339
123;9340
126;9342
21;9344
1;9346
169;9349
11;9355
29;9357
191;9369
1;9371
6;9373
192;9374
7;9375
32;9376
164;9382
1;9391
28;9398
6;9400
17;9402
249;9433
2;9434
11;9435
21;9436
12;9449
30;9450
17;9452
17;9453
20;9454
30;9455
3;9467
36;9480
14;9484
2;9487
4;9488
13;9489
1;9490
900;9529
61;9530
181;9531
204;9532
8;9544
17;9549
35;9552
3;9566
21;9567
9;9579
17;9581
25;9586
203;9625
3;9626
36;9627
219;9628
27;9633
190;9645
30;9648
5;9666
3;9669
14;9673
11;9674
17;9676
17;9677
8;9679
50;9721
212;9722
64;9723
25;9724
13;9742
83;9743
26;9744
2;9750
11;9765
9;9766
16;9767
13;9772
175;9779
80;9818
20;9819
94;9820
21;9829
42;9838
145;9861
7;9863
2;9874
24;9913
2;9916
52;9917
27;9918
27;9919
11;9920
18;9924
10;9935
27;9945
8;9946
170;9948
29;9949
32;9950
67;9951
8;9968
29;9972
50;10009
216;10010
28;10011
89;10012
11;10013
194;10014
317;10015
5;10016
6;10041
49;10042
28;10044
15;10046
9;10047
37;10048
31;10058
33;10061
7;10062
2;10063
10;10068
206;10105
39;10106
23;10107
80;10108
160;10121
26;10123
2;10126
30;10127
7;10128
40;10143
9;10151
14;10154
11;10158
6;10159
97;10201
206;10202
166;10203
222;10204
160;10206
26;10221
10;10222
16;10223
18;10256
5;10261
8;10293
40;10297
64;10298
37;10299
127;10300
12;10301
6;10314
42;10317
219;10319
14;10321
11;10345
4;10348
31;10349
23;10393
16;10394
132;10395
102;10396
23;10413
12;10415
33;10416
29;10433
16;10434
19;10439
2;10441
37;10447
14;10448
28;10449
24;10451
16;10472
130;10489
59;10490
203;10491
59;10492
16;10508
33;10509
12;10510
37;10511
19;10525
27;10539
170;10543
13;10570
25;10571
16;10573
26;10585
74;10588
18;10589
23;10590
42;10591
32;10592
16;10599
3;10603
9;10605
9;10612
72;10618
67;10619
33;10620
8;10623
10;10625
33;10627
2;10637
21;10638
34;10644
18;10674
11;10681
273;10682
116;10684
38;10685
207;10686
32;10687
15;10688
8;10690
20;10710
15;10716
5;10717
18;10719
22;10720
9;10730
3;10737
27;10740
61;10742
22;10743
18;10746
33;10777
26;10778
20;10779
38;10780
36;10786
21;10792
13;10793
21;10794
19;10797
38;10798
17;10799
5;10800
155;10801
19;10802
1;10810
60;10819
5;10821
1;10824
13;10833
6;10836
8;10846
61;10873
1;10874
63;10875
8;10877
12;10883
27;10893
25;10894
24;10895
3;10912
2;10914
27;10919
21;10921
5;10927
40;10928
79;10969
8;10970
23;10971
84;10972
10;10975
22;10980
6;10989
29;10990
29;10991
11;11013
23;11019
168;11021
35;11025
34;11026
2;11027
6;11028
39;11065
48;11066
190;11067
28;11068
36;11073
39;11074
11;11085
25;11088
16;11092
8;11104
31;11112
8;11116
5;11121
11;11122
33;11123
366;11161
199;11162
98;11163
185;11164
32;11180
47;11181
8;11182
64;11183
165;11184
1;11196
22;11200
18;11205
11;11208
7;11213
156;11214
25;11215
32;11219
8;11256
51;11257
7;11258
13;11259
24;11260
41;11261
67;11262
2;11263
33;11264
18;11275
166;11276
4;11286
7;11292
27;11293
180;11296
12;11297
13;11310
10;11311
14;11316
32;11317
18;11335
21;11345
51;11353
85;11354
8;11355
65;11356
14;11357
7;11358
20;11359
2;11360
6;11367
5;11382
27;11386
12;11389
4;11390
12;11391
24;11392
17;11407
6;11414
56;11449
53;11450
68;11451
100;11452
33;11469
32;11470
15;11471
11;11476
25;11481
5;11494
16;11496
20;11505
28;11545
37;11546
36;11547
41;11548
17;11562
34;11565
20;11568
11;11577
11;11591
15;11593
29;11594
18;11596
29;11599
6;11603
57;11641
85;11642
176;11643
4;11644
10;11647
27;11655
3;11662
18;11663
30;11664
19;11666
573;11687
9;11689
15;11691
159;11694
57;11737
40;11738
61;11739
73;11740
31;11756
37;11757
1;11758
3;11759
21;11771
6;11782
7;11785
8;11786
10;11787
14;11789
17;11790
24;11792
13;11817
4;11827
14;11831
66;11833
276;11834
203;11835
80;11836
6;11840
1;11847
11;11849
1;11850
36;11854
27;11856
9;11878
28;11883
3;11888
12;11891
44;11929
53;11930
74;11931
9;11932
30;11933
26;11934
18;11935
5;11936
3;11961
31;11962
7;11965
5;11967
8;11968
1;11984
27;11990
1;11991
7;11995
59;12025
39;12026
70;12028
44;12029
56;12031
15;12032
18;12050
3;12051
46;12058
23;12060
44;12061
17;12062
26;12063
13;12068
9;12077
5;12079
14;12081
24;12087
628;12121
82;12122
237;12123
85;12124
14;12132
9;12141
51;12142
16;12144
10;12160
1;12168
20;12169
10;12171
25;12176
18;12179
95;12217
29;12218
79;12219
92;12220
22;12224
145;12226
27;12237
10;12238
32;12255
19;12262
10;12265
48;12268
39;12271
156;12275
24;12276
72;12313
339;12314
166;12315
228;12316
10;12318
9;12323
5;12329
10;12333
23;12334
16;12335
5;12336
18;12350
4;12351
5;12363
31;12368
3;12380
3;12409
221;12410
89;12411
21;12412
11;12414
39;12429
35;12430
47;12431
17;12432
1;12437
156;12440
13;12443
14;12445
30;12454
166;12455
37;12464
10;12465
16;12466
24;12468
10;12505
217;12507
391;12508
38;12524
172;12526
36;12528
23;12548
34;12549
11;12558
163;12562
31;12572
3;12601
152;12603
26;12604
19;12605
263;12606
230;12607
44;12608
3;12611
26;12630
47;12634
2;12635
7;12637
1;12638
2;12639
42;12640
39;12653
13;12656
14;12658
174;12660
35;12661
26;12664
15;12669
15;12695
16;12697
180;12699
67;12700
31;12701
40;12702
37;12703
36;12704
7;12716
7;12729
18;12730
195;12732
46;12733
9;12735
10;12740
11;12752
41;12755
60;12793
93;12794
29;12795
68;12796
166;12811
5;12813
153;12814
25;12815
57;12816
25;12824
2;12835
28;12837
28;12838
7;12843
13;12847
8;12848
5;12849
7;12857
17;12865
588;12889
29;12890
19;12891
107;12892
36;12899
4;12905
6;12910
56;12911
18;12912
15;12933
24;12935
11;12936
8;12939
18;12940
13;12947
10;12971
11;12976
35;12985
76;12986
69;12987
23;12988
26;12994
154;13006
28;13008
4;13011
20;13030
7;13035
18;13037
23;13038
66;13081
177;13082
67;13083
169;13084
6;13086
1;13097
31;13098
17;13099
4;13101
36;13102
152;13103
155;13105
8;13116
32;13125
2;13129
7;13132
36;13133
59;13177
20;13178
56;13179
69;13180
20;13184
156;13197
33;13198
38;13200
4;13201
30;13205
19;13224
16;13225
10;13273
72;13274
49;13275
61;13276
4;13277
32;13278
18;13279
19;13280
7;13281
29;13305
8;13306
8;13307
86;13308
1;13309
20;13317
5;13323
6;13326
154;13332
1;13354
204;13369
2;13370
10;13371
17;13373
152;13375
10;13376
19;13380
31;13392
21;13398
21;13403
3;13404
25;13405
15;13407
39;13421
38;13422
20;13426
24;13439
32;13457
177;13465
286;13466
63;13467
181;13468
10;13471
153;13481
3;13486
17;13487
8;13488
164;13492
66;13497
10;13512
32;13515
4;13516
1;13519
28;13521
31;13556
6;13561
27;13562
43;13563
77;13564
174;13568
10;13571
12;13576
40;13582
21;13583
15;13587
38;13591
27;13605
6;13606
17;13608
6;13609
5;13615
22;13622
38;13649
72;13657
35;13658
17;13659
206;13660
4;13675
194;13677
14;13678
46;13679
17;13686
30;13698
2;13699
562;13702
164;13703
24;13704
156;13705
6;13708
22;13710
162;13711
6;13740
22;13743
154;13753
107;13754
21;13755
27;13756
9;13759
33;13770
29;13773
3;13774
20;13775
9;13784
196;13789
54;13798
13;13801
10;13804
3;13805
38;13808
29;13812
115;13849
79;13850
65;13851
182;13852
25;13857
39;13868
172;13869
21;13870
28;13871
21;13890
26;13894
10;13899
159;13900
4;13901
15;13903
15;13906
17;13945
6;13946
201;13947
20;13949
47;13950
205;13951
2;13952
29;13957
163;13974
6;13978
18;13979
19;13981
165;13982
43;13984
13;13985
6;13988
4;13993
558;13999
21;14000
157;14003
32;14005
172;14007
12;14008
30;14022
40;14041
92;14042
38;14043
51;14044
16;14045
46;14046
18;14047
39;14048
33;14050
22;14065
182;14071
30;14073
3;14075
28;14077
27;14078
38;14079
4;14080
33;14081
19;14094
4;14095
24;14103
175;14137
594;14138
88;14140
27;14149
36;14155
42;14157
24;14158
2;14159
159;14160
153;14188
12;14190
205;14233
41;14234
65;14235
30;14236
159;14251
24;14253
26;14254
18;14255
44;14256
11;14264
8;14274
19;14277
17;14281
15;14285
6;14287
42;14329
63;14330
62;14331
68;14332
40;14349
9;14350
41;14351
159;14352
10;14375
11;14387
10;14425
117;14426
26;14427
32;14428
22;14431
8;14432
16;14436
29;14445
3;14446
156;14447
13;14448
17;14456
10;14457
9;14464
22;14469
26;14474
28;14476
189;14483
16;14489
120;14521
41;14522
14;14523
31;14524
170;14539
24;14542
59;14543
38;14571
3;14573
4;14577
56;14617
587;14618
52;14619
24;14620
62;14621
47;14622
26;14623
27;14624
168;14627
22;14642
9;14647
25;14649
13;14652
162;14654
15;14655
49;14656
19;14658
23;14663
35;14676
38;14678
8;14713
28;14714
53;14715
52;14716
46;14717
32;14718
188;14719
18;14721
74;14746
153;14747
552;14749
6;14750
206;14752
1;14761
5;14768
2;14770
12;14771
6;14772
28;14773
5;14775
15;14784
2;14809
112;14810
198;14811
30;14812
3;14813
3;14818
151;14823
13;14829
19;14830
8;14844
8;14846
23;14849
18;14861
3;14862
6;14863
30;14905
31;14906
174;14907
35;14908
20;14912
5;14925
27;14926
23;14927
27;14928
24;14949
15;14950
3;14954
2;14960
19;14963
74;15001
53;15002
191;15004
4;15016
194;15023
20;15025
2;15032
10;15042
23;15052
2;15054
22;15060
19;15097
72;15098
267;15099
38;15100
34;15117
26;15118
27;15120
17;15139
5;15142
3;15143
17;15144
20;15145
8;15146
8;15150
20;15151
4;15153
7;15155
65;15194
189;15195
36;15196
23;15213
21;15215
42;15216
25;15233
11;15238
8;15244
33;15247
5;15248
3;15251
5;15271
9;15275
18;15276
78;15289
23;15290
28;15291
22;15292
44;15294
37;15295
82;15296
58;15321
31;15322
30;15324
22;15341
19;15346
18;15347
158;15349
8;15375
30;15385
28;15386
5;15387
10;15388
20;15389
69;15390
68;15391
47;15392
166;15395
8;15413
29;15417
5;15419
25;15420
46;15423
28;15424
7;15425
14;15437
1;15443
210;15481
15;15482
835;15483
43;15484
8;15488
26;15501
22;15503
63;15504
154;15510
6;15530
22;15534
11;15537
27;15561
19;15577
178;15578
55;15580
157;15589
17;15597
39;15598
46;15599
79;15600
25;15602
9;15616
20;15617
3;15619
14;15624
13;15627
30;15629
161;15630
18;15634
30;15636
5;15638
40;15673
34;15674
67;15675
21;15676
1;15679
10;15693
4;15694
163;15696
16;15700
14;15716
159;15722
9;15726
2;15728
10;15730
125;15769
80;15770
39;15771
12;15772
26;15774
41;15789
11;15791
5;15792
4;15793
16;15814
158;15817
189;15821
1;15823
110;15865
37;15866
53;15867
27;15868
30;15872
7;15881
40;15884
8;15885
15;15886
23;15887
11;15900
19;15912
19;15914
161;15916
29;15919
28;15921
25;15924
42;15961
23;15962
13;15963
171;15964
28;15965
37;15966
67;15967
38;15968
18;15984
590;15993
1;15994
39;15997
48;16000
25;16008
13;16013
1;16019
9;16021
2;16029
2;16031
231;16057
32;16058
37;16059
14;16060
31;16061
1;16062
171;16063
54;16064
9;16076
40;16078
30;16084
34;16090
45;16091
25;16093
1;16105
7;16110
6;16113
8;16115
21;16119
74;16153
90;16154
47;16155
24;16156
6;16173
92;16174
33;16175
16;16176
30;16179
38;16197
27;16198
79;16249
42;16250
20;16251
54;16252
2;16260
35;16269
9;16271
8;16283
9;16300
10;16307
160;16308
16;16309
23;16345
20;16346
13;16347
55;16348
26;16365
2;16368
29;16374
14;16390
3;16391
34;16402
62;16442
86;16443
11;16444
3;16446
1;16452
40;16459
148;16462
20;16464
170;16467
16;16482
1;16487
4;16491
26;16492
6;16498
79;16537
37;16538
36;16539
197;16540
56;16558
14;16559
28;16578
15;16582
4;16586
66;16592
65;16595
21;16623
32;16635
7;16637
39;16638
14;16639
47;16640
24;16665
2;16669
4;16670
7;16671
46;16672
1;16687
18;16691
22;16725
10;16729
72;16730
39;16731
15;16732
157;16733
30;16734
56;16735
23;16737
31;16751
111;16763
3;16764
4;16765
18;16766
25;16777
24;16782
24;16785
19;16786
11;16787
14;16789
4;16790
27;16791
33;16825
13;16827
218;16828
165;16839
19;16845
11;16846
5;16848
32;16849
165;16869
27;16870
17;16875
23;16878
23;16883
47;16921
24;16922
111;16923
94;16924
30;16932
10;16941
18;16943
7;16963
21;16966
11;16971
11;16973
48;17017
247;17018
46;17019
21;17020
40;17027
38;17038
40;17040
25;17057
23;17058
8;17061
7;17063
2;17067
159;17068
1;17070
2;17099
40;17113
74;17114
87;17115
67;17116
17;17130
42;17133
14;17135
5;17136
2;17160
27;17161
41;17162
4;17168
20;17171
94;17209
37;17210
35;17211
166;17212
27;17228
45;17229
9;17230
18;17232
40;17249
21;17254
6;17278
7;17292
39;17305
198;17306
50;17307
26;17308
27;17309
68;17310
4;17311
34;17316
7;17327
624;17337
34;17338
10;17339
28;17340
12;17341
33;17342
12;17344
4;17348
16;17354
20;17362
5;17363
2;17364
23;17367
24;17386
56;17401
48;17403
64;17404
10;17405
50;17407
24;17408
24;17424
28;17431
23;17434
18;17437
27;17438
32;17439
20;17440
18;17497
92;17498
28;17499
46;17500
14;17506
2;17512
8;17517
165;17523
2;17536
173;17540
1;17541
5;17542
5;17545
52;17546
1;17551
5;17555
37;17595
3;17596
26;17602
5;17613
36;17615
4;17630
15;17638
17;17640
24;17646
24;17648
22;17652
5;17664
27;17689
30;17690
51;17691
75;17692
18;17701
360;17709
25;17710
32;17711
1;17712
10;17715
19;17718
9;17721
27;17738
15;17742
8;17743
31;17745
4;17760
228;17785
92;17786
409;17787
11;17788
7;17796
161;17797
5;17805
21;17807
167;17808
168;17810
19;17812
191;17836
7;17837
14;17841
16;17842
350;17881
309;17882
19;17883
23;17884
21;17904
7;17905
41;17913
17;17921
34;17929
58;17932
20;17933
25;17938
21;17939
31;17940
2;17972
12;17977
43;17978
232;17979
164;17980
163;17982
15;17983
18;17986
40;17987
14;17992
5;18004
26;18009
2;18010
152;18011
3;18013
39;18014
8;18015
2;18016
5;18023
11;18030
24;18031
22;18033
32;18039
4;18061
6;18074
28;18075
26;18076
47;18077
6;18078
20;18079
16;18083
16;18105
22;18110
34;18111
27;18112
8;18114
2;18125
33;18132
41;18134
23;18136
17;18138
19;18169
186;18170
28;18171
150;18172
32;18188
48;18189
175;18190
193;18191
26;18202
10;18217
2;18221
14;18265
54;18266
46;18267
35;18268
13;18285
50;18286
25;18287
24;18298
24;18306
31;18312
1;18315
36;18317
13;18319
23;18321
185;18361
39;18362
55;18363
7;18364
33;18371
8;18381
10;18382
12;18383
19;18385
25;18389
40;18405
1;18406
24;18408
3;18409
6;18410
14;18412
26;18415
12;18418
29;18419
20;18420
52;18457
191;18458
50;18459
195;18460
9;18465
50;18477
30;18478
161;18479
70;18480
21;18492
9;18496
7;18498
23;18501
18;18504
26;18507
28;18509
21;18513
1;18514
52;18553
26;18554
62;18555
30;18556
7;18562
30;18576
25;18599
37;18605
4;18608
18;18609
4;18610
20;18639
21;18643
67;18652
68;18653
2;18655
22;18656
23;18671
4;18672
24;18682
38;18683
30;18685
1;18689
24;18701
5;18703
23;18707
168;18708
28;18709
169;18739
182;18745
31;18746
25;18747
18;18748
4;18749
1;18750
5;18752
3;18763
39;18775
43;18777
59;18779
27;18780
19;18782
149;18783
16;18785
21;18788
1;18802
18;18805
19;18808
13;18841
74;18842
33;18843
427;18844
5;18846
1;18862
153;18863
13;18891
11;18892
9;18894
14;18899
72;18937
7;18938
189;18939
22;18940
20;18954
24;18958
5;18974
5;18976
24;18985
21;18986
26;18987
27;18989
65;19034
602;19035
37;19036
7;19053
37;19054
28;19056
21;19062
19;19079
4;19090
34;19091
47;19129
63;19130
403;19131
24;19132
14;19141
10;19145
5;19148
31;19151
15;19152
23;19159
13;19173
25;19177
7;19181
14;19186
10;19187
23;19196
200;19225
106;19227
87;19228
36;19246
155;19247
15;19248
8;19264
2;19265
17;19273
20;19279
2;19284
6;19321
28;19322
10;19323
54;19324
23;19325
14;19326
49;19327
47;19328
11;19343
14;19346
15;19353
24;19354
12;19355
10;19357
60;19359
9;19360
9;19371
43;19384
41;19418
49;19419
54;19421
38;19422
12;19423
5;19425
5;19431
162;19433
40;19450
25;19451
31;19452
179;19453
11;19454
178;19455
2;19456
17;19471
175;19474
27;19477
96;19513
91;19515
5;19516
16;19517
23;19519
46;19533
16;19557
6;19559
3;19564
42;19565
149;19567
155;19568
19;19570
26;19572
37;19610
81;19611
59;19612
169;19618
26;19629
46;19630
27;19631
2;19640
7;19648
23;19652
29;19655
5;19658
2;19659
27;19663
26;19664
4;19698
359;19705
64;19706
60;19707
15;19708
18;19724
20;19727
63;19728
14;19734
16;19749
3;19754
2;19761
16;19762
3;19801
32;19802
7;19803
84;19804
7;19821
35;19822
39;19824
33;19830
36;19836
2;19845
8;19847
33;19849
8;19852
26;19854
161;19856
8;19881
27;19897
84;19898
59;19899
51;19900
13;19903
41;19917
158;19920
1;19929
8;19942
161;19951
1;19952
2;19953
1;19954
4;19955
25;19956
2;19972
25;19977
5;19987
477;19996
52;19997
21;19998
203;19999
27;20000
1;20003
11;20009
1;20021
11;20026
2;20027
169;20028
26;20029
15;20031
38;20032
14;20037
29;20043
33;20049
157;20052
19;20055
3;20089
20;20090
38;20091
184;20092
28;20093
6;20094
34;20095
39;20096
2;20110
33;20116
166;20119
4;20122
32;20126
31;20127
3;20128
13;20135
2;20143
2;20144
12;20146
7;20147
1;20148
28;20151
30;20153
17;20185
168;20186
76;20187
37;20188
1;20197
10;20202
7;20205
16;20206
27;20208
30;20231
28;20232
59;20235
159;20236
157;20238
19;20241
16;20281
31;20283
33;20301
26;20302
13;20303
29;20310
5;20320
154;20325
3;20329
162;20332
11;20333
26;20334
7;20336
16;20377
21;20378
11;20379
17;20380
12;20390
10;20393
21;20397
20;20399
160;20421
13;20427
38;20434
7;20435
456;20473
45;20474
42;20475
27;20476
34;20478
166;20486
36;20493
62;20495
24;20496
8;20505
29;20511
7;20513
11;20516
12;20521
8;20523
22;20526
5;20529
28;20530
64;20569
232;20570
73;20571
11;20572
23;20591
29;20598
37;20603
2;20627
24;20645
27;20666
21;20667
10;20668
69;20669
24;20671
25;20672
3;20693
27;20697
15;20698
15;20699
52;20701
29;20702
3;20704
10;20717
27;20720
30;20725
4;20734
3;20761
1;20762
378;20763
45;20764
22;20765
8;20766
193;20767
2;20768
10;20793
5;20794
17;20798
31;20799
38;20800
14;20802
6;20805
19;20822
22;20824
75;20857
213;20858
38;20859
83;20860
169;20881
2;20901
17;20903
21;20910
24;20923
18;20949
51;20953
330;20954
81;20955
101;20956
23;20958
28;20973
30;20974
53;20975
2;20976
7;20987
20;20989
6;21006
19;21007
12;21011
27;21029
4;21049
39;21050
101;21051
588;21052
9;21053
13;21065
26;21069
35;21070
15;21071
6;21072
162;21086
12;21089
48;21094
6;21098
51;21145
22;21146
220;21147
4;21148
34;21151
28;21154
28;21166
176;21167
24;21175
5;21178
15;21183
13;21187
28;21188
24;21191
9;21192
11;21193
43;21194
4;21195
15;21197
12;21202
17;21204
5;21241
80;21243
67;21244
151;21251
27;21261
9;21263
156;21267
25;21272
24;21277
35;21286
22;21290
4;21291
14;21294
14;21297
10;21300
21;21317
27;21327
27;21337
21;21338
56;21339
49;21340
17;21341
8;21342
32;21343
47;21344
30;21347
17;21369
20;21371
22;21372
33;21374
31;21375
12;21380
1;21387
160;21390
10;21391
33;21395
6;21399
27;21422
18;21433
1;21434
49;21435
2;21436
31;21437
22;21438
10;21439
24;21440
27;21453
5;21465
32;21466
15;21467
14;21468
6;21469
21;21471
37;21472
24;21476
30;21485
21;21491
3;21492
1;21495
21;21498
13;21529
55;21530
197;21531
10;21532
15;21537
10;21541
177;21552
50;21574
164;21625
741;21626
569;21627
166;21628
50;21645
30;21646
23;21647
9;21650
9;21660
21;21667
37;21669
8;21670
32;21671
9;21675
18;21681
23;21690
24;21693
158;21721
62;21722
62;21723
420;21724
173;21730
15;21738
310;21742
11;21744
15;21766
8;21770
18;21771
33;21779
23;21817
51;21818
31;21819
42;21820
13;21837
311;21838
1;21839
10;21840
22;21849
21;21851
17;21863
10;21874
32;21905
25;21913
43;21914
54;21915
16;21916
5;21934
49;21935
5;21956
164;21957
32;21958
16;21960
38;21963
20;21965
23;21966
16;21980
3;21982
32;22009
224;22010
18;22011
48;22012
18;22013
68;22015
11;22016
24;22033
20;22037
77;22041
43;22044
13;22045
2;22046
9;22048
10;22049
12;22059
1;22060
22;22061
36;22062
16;22064
19;22066
12;22068
7;22071
22;22105
40;22106
20;22107
28;22108
20;22109
4;22110
74;22111
31;22112
14;22123
7;22128
40;22137
27;22138
14;22141
5;22144
17;22157
20;22158
10;22159
6;22160
14;22162
6;22165
277;22201
37;22202
22;22203
21;22204
157;22221
52;22222
38;22224
28;22234
170;22241
9;22245
30;22246
21;22297
40;22298
17;22299
20;22300
23;22303
20;22304
25;22313
6;22314
18;22318
29;22319
14;22324
28;22331
170;22339
1;22341
4;22347
65;22348
14;22354
31;22393
43;22394
22;22395
75;22396
9;22401
28;22413
3;22415
28;22438
22;22445
34;22450
18;22489
56;22490
44;22492
11;22503
172;22509
6;22510
31;22511
14;22540
18;22543
33;22548
4;22583
52;22585
106;22586
80;22587
21;22588
164;22605
35;22607
27;22611
6;22621
21;22626
32;22634
39;22635
6;22657
155;22662
11;22681
35;22682
20;22683
2;22685
49;22686
10;22687
3;22700
6;22707
15;22713
18;22714
151;22716
17;22719
20;22722
26;22734
16;22736
15;22739
14;22741
5;22742
38;22744
8;22749
58;22778
13;22779
12;22781
185;22782
25;22784
14;22787
17;22803
11;22809
45;22810
6;22814
28;22815
19;22818
29;22826
23;22829
19;22832
6;22835
7;22840
15;22873
214;22874
153;22875
24;22876
161;22880
26;22884
10;22892
4;22893
12;22895
8;22920
2;22921
6;22923
19;22929
9;22931
20;22939
34;22969
190;22970
15;22971
13;22972
14;22976
151;22981
159;22986
4;22989
216;22990
160;22991
68;22992
35;22994
31;22997
32;23003
22;23020
23;23021
15;23024
161;23027
4;23028
46;23066
52;23067
75;23068
18;23087
4;23090
6;23093
6;23114
23;23115
47;23161
68;23162
182;23163
36;23164
6;23169
30;23181
26;23182
8;23183
6;23193
11;23205
6;23218
6;23219
3;23248
58;23257
71;23258
89;23259
20;23260
6;23276
61;23277
5;23278
58;23279
2;23284
12;23290
21;23305
34;23306
34;23309
156;23313
10;23315
5;23332
20;23342
16;23346
70;23353
15;23356
64;23357
61;23358
35;23359
3;23385
58;23389
24;23392
10;23400
25;23407
2;23408
27;23409
38;23411
15;23412
30;23413
37;23416
45;23449
175;23450
154;23453
32;23456
1;23467
150;23477
42;23481
164;23482
6;23486
18;23488
4;23489
15;23493
20;23494
14;23498
6;23501
161;23505
10;23507
4;23513
16;23514
7;23545
231;23546
73;23547
200;23548
39;23553
5;23559
31;23564
4;23565
28;23566
38;23567
7;23568
161;23590
26;23593
22;23598
13;23602
23;23628
58;23641
18;23642
41;23643
22;23644
1;23650
1;23662
17;23668
32;23685
27;23687
11;23692
170;23694
11;23695
26;23700
16;23704
557;23717
39;23737
41;23738
194;23739
72;23740
21;23757
21;23758
176;23759
8;23780
11;23781
5;23783
16;23788
5;23791
35;23833
47;23834
52;23835
206;23836
10;23846
5;23853
33;23854
50;23855
2;23877
24;23880
15;23891
22;23920
57;23929
33;23931
51;23932
19;23949
13;23952
5;23955
6;23956
7;23970
22;23976
19;23977
50;23979
21;23980
3;23981
15;23982
15;23996
109;24025
11;24026
19;24027
41;24028
75;24029
589;24030
16;24031
16;24032
43;24058
35;24059
4;24063
2;24064
155;24065
16;24067
33;24081
3;24082
38;24084
7;24086
2;24087
39;24121
66;24122
27;24123
16;24124
40;24125
31;24126
167;24128
29;24130
22;24153
35;24154
74;24155
24;24157
26;24160
4;24183
42;24217
34;24218
9;24220
160;24237
15;24238
157;24239
17;24240
8;24244
26;24248
18;24265
22;24266
6;24276
121;24313
29;24314
144;24315
52;24316
24;24318
28;24333
34;24334
563;24357
20;24363
7;24366
4;24370
11;24371
2;24372
184;24409
200;24410
49;24411
14;24417
173;24426
15;24429
1;24431
40;24432
15;24434
3;24455
27;24460
38;24462
27;24467
15;24505
37;24506
37;24507
101;24508
2;24514
3;24526
20;24527
17;24528
6;24552
30;24556
5;24561
39;24563
61;24601
81;24602
32;24603
93;24604
160;24611
204;24622
10;24623
2;24642
3;24644
14;24645
33;24650
18;24654
15;24656
33;24657
63;24697
186;24698
100;24699
178;24700
29;24701
60;24702
45;24704
37;24718
24;24724
3;24728
9;24730
20;24732
18;24734
68;24735
25;24736
2;24784
45;24793
64;24794
19;24795
14;24796
12;24798
4;24799
41;24800
4;24812
6;24815
6;24826
11;24827
14;24829
34;24831
3;24845
9;24847
25;24864
3;24865
75;24889
17;24890
593;24891
3;24892
185;24910
155;24911
12;24938
20;24942
28;24946
13;24948
27;24985
23;24986
12;24987
29;24988
8;24989
30;24995
28;25005
31;25006
1;25008
21;25010
34;25025
32;25042
26;25069
27;25081
47;25082
250;25083
53;25084
20;25085
30;25086
11;25091
6;25104
11;25106
160;25110
14;25114
6;25132
29;25133
1;25136
13;25172
1;25177
29;25178
4;25179
43;25180
15;25181
154;25197
1;25229
11;25236
45;25273
203;25274
190;25275
87;25276
23;25282
18;25288
2;25294
222;25296
25;25302
20;25319
16;25323
9;25325
4;25328
1;25369
221;25370
28;25372
39;25373
75;25374
11;25375
15;25376
27;25402
166;25404
22;25405
29;25406
14;25414
21;25422
2;25426
15;25432
205;25465
28;25466
28;25467
26;25469
53;25470
200;25471
25;25496
13;25497
1;25499
9;25500
19;25502
10;25504
31;25517
29;25522
21;25524
154;25528
2;25529
261;25561
366;25562
31;25563
209;25564
31;25574
1;25581
38;25582
166;25584
29;25587
161;25590
181;25607
15;25608
164;25609
55;25611
12;25612
13;25645
16;25655
190;25657
142;25658
8;25659
92;25660
19;25675
166;25677
38;25680
13;25689
155;25692
4;25694
31;25702
16;25703
2;25707
14;25708
9;25713
30;25714
16;25715
152;25754
59;25755
42;25756
15;25765
14;25773
156;25775
5;25786
2;25796
4;25807
5;25810
18;25811
13;25849
205;25850
103;25851
13;25852
8;25869
15;25870
88;25872
17;25885
11;25894
4;25902
9;25917
22;25931
12;25945
178;25946
46;25947
9;25948
25;25956
172;25961
18;25965
13;25966
2;25972
38;25992
157;25993
4;25997
6;26001
14;26002
26;26028
12;26042
176;26043
55;26044
14;26045
17;26046
47;26047
31;26048
24;26054
3;26056
57;26073
28;26074
162;26075
18;26076
333;26077
26;26078
46;26079
3;26087
162;26093
41;26094
15;26097
21;26098
154;26102
26;26137
67;26138
35;26139
33;26140
1;26142
1;26143
37;26144
22;26147
36;26154
21;26160
5;26190
13;26191
30;26193
10;26195
180;26196
28;26197
23;26198
26;26199
165;26233
81;26234
21;26235
229;26236
36;26246
14;26254
9;26256
25;26262
14;26264
169;26280
165;26286
3;26289
7;26290
233;26329
89;26330
82;26331
47;26332
33;26351
9;26352
14;26361
12;26376
159;26379
28;26384
16;26385
81;26425
40;26426
49;26427
198;26428
4;26433
28;26438
42;26445
1;26446
36;26447
3;26457
5;26465
11;26474
7;26476
10;26477
28;26478
17;26481
11;26521
50;26522
23;26523
67;26524
21;26531
25;26537
34;26542
18;26544
5;26565
22;26568
3;26578
10;26607
22;26608
19;26617
76;26619
70;26620
1;26638
15;26639
10;26640
20;26648
27;26662
30;26667
21;26668
1;26669
8;26706
19;26709
44;26713
42;26714
83;26715
12;26716
13;26717
32;26719
7;26720
46;26745
11;26746
10;26748
10;26749
11;26750
8;26756
9;26761
28;26765
29;26766
2;26769
167;26770
7;26771
161;26774
36;26809
56;26810
48;26811
37;26812
14;26813
8;26814
30;26816
20;26817
32;26824
32;26825
20;26826
29;26838
14;26841
42;26842
174;26848
16;26855
22;26861
27;26862
31;26863
3;26864
13;26870
59;26905
32;26906
12;26907
33;26925
16;26926
8;26927
25;26928
2;26947
1;26950
26;26952
14;26953
21;26954
3;26979
16;27000
46;27001
46;27002
135;27003
644;27004
7;27010
192;27021
21;27023
31;27024
3;27030
22;27032
7;27037
24;27048
15;27065
18;27097
169;27098
36;27099
384;27100
25;27113
5;27117
4;27120
4;27132
154;27139
33;27141
29;27142
554;27143
1;27149
17;27151
17;27152
46;27193
179;27194
602;27195
56;27196
25;27201
25;27207
16;27213
22;27215
35;27216
17;27219
27;27226
9;27228
13;27247
155;27251
9;27252
61;27289
62;27290
14;27291
118;27292
37;27304
7;27307
20;27309
9;27310
21;27311
21;27312
563;27315
13;27334
154;27335
8;27337
29;27338
10;27348
1;27379
39;27385
27;27389
17;27390
15;27391
17;27392
12;27393
8;27398
8;27399
6;27413
164;27415
30;27417
17;27419
15;27422
30;27423
4;27432
6;27437
4;27439
12;27443
3;27447
20;27456
36;27481
198;27482
26;27483
162;27484
30;27486
164;27487
7;27488
11;27498
16;27514
1;27515
41;27516
321;27518
48;27519
1;27527
59;27535
5;27536
163;27540
21;27543
9;27547
62;27577
12;27578
217;27579
54;27580
30;27581
29;27591
37;27600
25;27614
9;27621
9;27624
9;27625
20;27632
43;27635
28;27656
7;27673
202;27674
246;27675
18;27677
5;27685
33;27694
33;27695
158;27702
3;27703
38;27710
27;27725
17;27728
13;27731
52;27769
221;27770
14;27771
75;27772
12;27781
164;27786
7;27789
190;27790
7;27791
9;27795
168;27818
13;27824
1;27825
6;27827
616;27865
40;27866
582;27867
200;27868
43;27872
16;27888
4;27911
26;27914
557;27915
16;27935
45;27961
32;27962
352;27963
57;27964
22;27978
19;27981
173;27982
183;27983
26;27984
34;27999
11;28002
36;28005
25;28007
25;28009
2;28017
43;28018
1;28053
17;28057
156;28058
6;28060
216;28061
45;28062
19;28063
23;28064
17;28065
6;28075
23;28089
165;28091
7;28092
190;28095
30;28096
165;28109
27;28114
69;28116
10;28118
22;28120
22;28121
31;28142
24;28153
34;28154
31;28155
79;28156
14;28157
81;28158
170;28159
28;28160
17;28185
22;28189
8;28190
11;28198
1;28199
13;28205
12;28207
19;28208
12;28213
20;28215
9;28226
41;28249
45;28250
210;28251
37;28252
25;28272
3;28284
6;28296
39;28299
11;28305
15;28345
49;28346
27;28347
1;28348
5;28352
39;28356
15;28359
14;28363
18;28365
15;28367
58;28368
4;28394
7;28398
166;28399
23;28401
4;28402
98;28441
60;28442
69;28443
207;28444
5;28449
9;28454
4;28455
170;28461
22;28462
9;28469
169;28471
7;28485
27;28488
61;28491
154;28498
17;28500
154;28514
55;28538
194;28539
19;28540
17;28553
7;28558
10;28559
23;28560
11;28572
9;28580
18;28582
12;28583
14;28584
63;28585
2;28588
161;28591
17;28595
9;28610
23;28631
269;28633
27;28634
152;28635
41;28636
7;28637
16;28638
35;28646
176;28648
6;28651
24;28653
65;28656
176;28670
1;28674
52;28679
23;28680
19;28682
29;28684
1;28685
2;28688
32;28689
29;28690
25;28691
28;28692
11;28706
152;28721
45;28731
43;28732
27;28733
43;28734
20;28735
24;28745
7;28749
17;28753
16;28757
2;28761
29;28762
36;28765
16;28766
164;28767
51;28768
20;28769
13;28782
21;28787
20;28789
12;28810
65;28825
183;28826
25;28827
32;28828
45;28829
16;28830
87;28832
29;28836
177;28843
156;28854
16;28857
25;28858
52;28860
47;28861
8;28863
13;28869
13;28877
13;28878
29;28883
1;28884
161;28885
11;28886
234;28921
61;28922
31;28923
34;28927
30;28942
25;28943
2;28944
10;28969
17;28972
13;28977
42;29017
5;29018
36;29019
14;29036
42;29037
22;29039
9;29045
14;29064
12;29071
26;29073
12;29074
49;29113
40;29114
262;29115
44;29116
24;29126
19;29131
36;29134
46;29135
13;29136
32;29140
27;29145
12;29159
5;29162
6;29163
30;29166
4;29168
2;29169
167;29171
551;29205
60;29213
19;29214
46;29215
20;29216
1;29222
25;29233
50;29235
66;29236
161;29248
50;29257
21;29265
33;29272
12;29308
13;29309
15;29310
105;29311
20;29312
17;29320
47;29330
6;29331
11;29332
5;29337
4;29355
24;29358
13;29359
57;29361
3;29364
6;29365
5;29367
24;29402
11;29405
14;29408
21;29409
48;29410
215;29411
24;29412
6;29414
5;29433
38;29438
10;29439
10;29441
11;29442
1;29443
24;29444
173;29448
176;29462
2;29470
3;29500
35;29501
84;29502
51;29503
19;29504
10;29505
31;29506
6;29507
55;29508
26;29509
24;29523
174;29534
45;29535
36;29536
164;29537
7;29538
175;29539
24;29540
24;29548
172;29554
29;29556
39;29561
16;29597
42;29598
92;29599
76;29600
188;29617
33;29619
8;29633
28;29642
2;29645
28;29648
16;29656
8;29668
22;29693
21;29695
79;29696
14;29708
36;29710
47;29714
23;29715
53;29716
9;29722
2;29726
13;29739
9;29743
80;29789
78;29790
24;29791
45;29792
29;29809
24;29811
20;29812
11;29826
17;29842
14;29843
21;29844
160;29847
8;29885
177;29886
10;29887
4;29899
10;29904
31;29905
27;29906
37;29907
20;29919
25;29925
27;29928
10;29931
19;29933
17;29936
10;29938
38;29942
7;29960
228;29981
175;29982
34;29983
75;29984
16;29998
12;30001
68;30003
7;30008
15;30028
11;30030
28;30031
2;30033
570;30037
146;30039
7;30042
22;30077
11;30078
37;30079
208;30080
24;30081
199;30082
21;30083
22;30084
15;30086
19;30088
29;30089
13;30090
12;30109
21;30110
3;30112
52;30113
6;30114
3;30116
15;30118
25;30127
8;30129
2;30132
21;30138
28;30140
68;30173
201;30174
32;30175
6;30176
18;30177
37;30178
18;30180
13;30183
20;30188
8;30193
145;30203
47;30207
7;30208
173;30211
12;30212
4;30219
15;30226
23;30227
7;30229
35;30233
214;30269
49;30270
59;30271
232;30272
2;30281
16;30290
17;30315
34;30321
30;30324
32;30365
24;30366
64;30367
28;30368
6;30381
1;30383
6;30385
4;30386
10;30388
15;30404
12;30409
12;30411
16;30420
25;30421
27;30423
14;30438
158;30461
236;30462
41;30463
42;30464
15;30474
18;30476
20;30481
4;30483
29;30486
5;30491
31;30492
25;30506
6;30508
15;30514
6;30518
22;30520
8;30532
22;30557
117;30558
9;30559
87;30560
32;30562
7;30566
9;30569
2;30577
51;30578
1;30579
15;30580
24;30588
9;30607
9;30609
8;30611
14;30614
52;30653
29;30654
112;30655
71;30656
199;30673
10;30674
27;30675
3;30679
147;30699
12;30700
27;30704
17;30710
406;30749
11;30750
218;30751
35;30752
54;30754
10;30755
5;30758
48;30781
2;30785
10;30786
35;30788
38;30801
26;30807
5;30810
21;30814
8;30818
2;30832
79;30845
156;30846
22;30847
39;30848
40;30849
17;30851
187;30852
34;30864
549;30876
12;30878
36;30879
46;30882
10;30884
37;30892
48;30898
23;30899
36;30900
36;30902
181;30903
160;30941
66;30943
47;30944
2;30946
10;30958
12;30962
173;30963
1;30975
30;30984
6;30985
4;30990
2;31036
53;31037
9;31038
234;31039
39;31057
35;31060
45;31061
22;31076
3;31082
6;31084
169;31087
47;31089
2;31093
153;31095
34;31131
83;31133
248;31134
20;31135
92;31136
18;31153
15;31154
22;31155
27;31156
19;31166
19;31174
43;31177
15;31180
168;31182
3;31187
9;31191
25;31229
15;31230
9;31232
165;31239
11;31249
49;31250
16;31254
31;31274
29;31277
2;31278
153;31282
15;31288
28;31297
171;31302
27;31325
1;31326
17;31327
180;31328
33;31345
38;31346
11;31348
31;31358
157;31364
3;31368
18;31369
25;31370
5;31371
15;31380
18;31381
33;31384
4;31393
166;31396
61;31421
172;31422
8;31423
37;31424
53;31425
30;31426
26;31428
3;31430
2;31447
59;31453
11;31456
157;31457
2;31458
15;31460
166;31463
30;31476
3;31480
185;31517
26;31518
33;31519
94;31520
4;31522
248;31523
14;31529
18;31532
13;31537
22;31549
20;31550
25;31551
147;31552
27;31553
76;31555
15;31556
152;31569
7;31571
156;31572
19;31575
9;31576
8;31578
21;31579
21;31580
91;31613
11;31614
183;31615
35;31616
53;31633
38;31634
5;31635
9;31636
27;31643
13;31648
6;31649
25;31658
10;31662
4;31663
8;31665
3;31667
20;31668
169;31670
146;31671
4;31672
19;31678
31;31708
210;31709
8;31710
39;31711
23;31712
14;31721
17;31729
5;31730
6;31731
179;31732
24;31736
22;31747
38;31753
22;31754
26;31765
15;31767
45;31805
157;31806
33;31807
38;31808
154;31813
1;31825
1;31827
2;31831
34;31832
37;31849
27;31851
29;31852
24;31855
22;31859
24;31863
7;31864
61;31901
38;31902
184;31903
185;31904
23;31908
10;31911
16;31918
20;31921
8;31922
12;31923
15;31924
9;31940
15;31941
5;31951
18;31953
156;31954
10;31958
19;31990
21;31997
34;31998
2;31999
135;32000
3;32006
57;32017
1;32018
12;32020
23;32046
23;32049
10;32052
21;32053
27;32054
157;32084
3;32093
46;32094
48;32095
10;32096
16;32098
184;32099
12;32102
15;32110
19;32113
10;32122
5;32125
16;32128
31;32129
12;32143
16;32147
26;32149
8;32150
42;32151
6;32153
39;32167
17;32168
2;32185
27;32189
48;32190
150;32191
21;32192
13;32193
61;32194
176;32195
27;32201
21;32203
9;32204
37;32221
1;32222
28;32224
5;32227
2;32233
13;32241
17;32242
29;32243
13;32244
34;32246
10;32251
2;32254
33;32285
57;32286
28;32287
156;32288
27;32290
18;32295
3;32297
42;32304
12;32305
46;32306
567;32308
9;32313
43;32330
35;32331
21;32338
14;32378
365;32381
66;32382
22;32383
39;32384
9;32391
161;32401
2;32403
21;32404
4;32409
11;32417
6;32427
14;32431
37;32434
5;32436
1;32438
11;32440
33;32464
21;32469
35;32477
54;32478
40;32479
96;32480
23;32483
23;32489
9;32498
11;32522
17;32525
2;32527
2;32535
13;32551
44;32573
40;32574
35;32575
73;32576
7;32579
14;32588
49;32594
19;32595
2;32596
6;32600
4;32623
2;32624
9;32626
5;32628
39;32630
21;32632
22;32661
58;32669
248;32670
361;32671
28;32672
14;32676
17;32677
8;32687
23;32689
172;32691
41;32692
20;32695
32;32703
48;32715
23;32716
27;32717
17;32718
22;32722
1;32727
8;32743
27;32766
157;32767
47;32768
10;32769
50;32770
41;32771
46;32772
26;32777
5;32787
21;32789
34;32797
27;32799
24;32800
19;32801
49;32802
29;32803
15;32804
11;32821
17;32826
11;32827
31;32829
3;32833
4;32843
6;32858
33;32861
38;32863
42;32864
25;32865
11;32866
10;32867
190;32868
28;32879
14;32895
186;32898
11;32899
206;32900
33;32905
32;32918
9;32919
25;32920
30;32923
351;32957
80;32958
65;32959
98;32960
30;32962
68;32977
6;32978
62;32979
25;32988
168;33003
35;33004
6;33013
25;33045
75;33053
79;33054
348;33055
23;33056
10;33058
158;33060
19;33067
204;33074
23;33076
158;33083
8;33098
10;33103
13;33112
5;33136
229;33149
39;33150
69;33151
88;33152
4;33155
17;33169
18;33170
17;33171
13;33177
36;33189
29;33194
38;33196
13;33198
12;33199
13;33201
21;33202
22;33207
187;33245
32;33246
22;33247
373;33248
28;33249
22;33253
23;33257
32;33265
42;33266
47;33267
153;33271
160;33279
161;33299
26;33319
15;33334
203;33341
651;33342
164;33343
967;33344
11;33357
17;33362
190;33363
5;33370
1;33375
8;33379
13;33386
13;33390
16;33391
155;33392
1;33393
9;33395
155;33399
7;33400
155;33405
22;33437
65;33438
12;33439
36;33440
54;33441
24;33442
43;33443
19;33444
28;33463
17;33468
24;33469
4;33470
25;33471
54;33472
19;33473
161;33474
4;33514
29;33515
17;33521
23;33533
156;33534
38;33535
26;33536
9;33537
19;33538
13;33547
23;33561
13;33566
70;33567
75;33568
18;33569
13;33570
43;33571
12;33575
163;33577
4;33580
16;33585
3;33586
35;33589
164;33629
44;33630
12;33631
381;33632
22;33641
32;33649
30;33650
23;33651
6;33652
8;33653
25;33673
18;33679
4;33688
26;33690
26;33725
17;33726
57;33727
24;33728
7;33744
5;33745
40;33747
1;33748
21;33755
1;33766
29;33780
28;33792
7;33813
60;33821
577;33822
67;33823
84;33824
168;33841
12;33843
3;33850
9;33854
3;33865
16;33867
28;33869
9;33870
2;33877
164;33879
20;33880
36;33883
4;33909
50;33917
60;33918
252;33919
15;33920
25;33934
22;33937
148;33947
6;33958
20;33961
24;33962
24;33963
561;33967
10;33968
17;33973
11;33976
4;34013
87;34014
41;34015
24;34016
27;34020
53;34034
48;34035
22;34036
1;34061
27;34065
25;34070
6;34071
18;34080
1;34098
93;34109
9;34110
202;34111
44;34113
47;34114
99;34115
24;34116
9;34132
41;34142
14;34143
3;34145
11;34146
6;34147
37;34153
18;34164
11;34166
36;34170
16;34172
2;34188
76;34206
46;34207
19;34208
73;34209
175;34210
37;34211
31;34237
14;34238
13;34240
35;34245
19;34247
16;34249
12;34252
19;34261
18;34262
25;34263
12;34266
8;34268
26;34301
48;34302
40;34303
32;34304
26;34321
20;34322
30;34324
36;34326
27;34329
6;34335
148;34338
20;34348
20;34349
20;34352
6;34362
55;34397
68;34398
58;34399
17;34400
23;34403
2;34414
5;34415
12;34418
28;34419
152;34421
5;34433
22;34440
17;34441
9;34445
30;34448
225;34493
180;34494
25;34495
54;34496
25;34507
5;34510
65;34514
33;34515
18;34516
38;34523
10;34525
2;34528
25;34530
28;34534
15;34536
15;34543
560;34545
153;34546
2;34551
37;34552
7;34589
77;34590
47;34591
26;34594
13;34596
166;34601
14;34604
17;34609
7;34610
41;34611
45;34612
8;34618
12;34621
11;34622
28;34630
35;34644
64;34646
24;34683
246;34685
53;34686
11;34687
92;34688
13;34692
9;34695
11;34707
10;34708
21;34711
568;34725
3;34739
38;34740
26;34741
8;34743
19;34778
40;34781
77;34782
15;34783
92;34784
170;34786
19;34787
18;34788
25;34790
149;34804
28;34814
17;34815
7;34817
6;34836
1;34838
21;34839
3;34840
154;34843
29;34877
11;34878
184;34879
197;34880
22;34881
3;34882
588;34883
188;34884
40;34895
19;34904
579;34909
4;34910
3;34911
14;34912
14;34913
12;34915
146;34934
35;34936
29;34973
237;34974
66;34975
135;34976
4;34988
25;34998
11;35018
3;35021
36;35025
10;35028
4;35030
164;35031
