sums of daily draw-off volumes
17.8
32.2
34.8
23
18
64.5
68.2
3.5
155.2
25.8
26
19.8
32
16
65.8
22.5
59.5
56.2
66
20.8
33.8
98.2
56.2
23.2
39
33.8
82.5
73.5
30
33.8
18.2
27.5
14.5
140
57
20.8
25
11.2
21.8
9.8
34
21.8
73
13
85.8
52
9.8
63.2
19
16
48.2
3.5
15.8
0
39.2
18
165.8
27.2
25
20.2
176.2
15.2
13
72.8
27.5
68.8
42.2
20.8
12
96.2
70
79
22.8
3.8
73.5
12.5
206
55.8
32
16
51.8
64.2
56.5
72.2
8.8
30.8
28.2
13
67.2
40.5
69.2
11.8
24.8
2.8
60
16.8
49.5
58.2
89.5
12.2
22
69.2
11.8
62.2
155
58.5
29
42
42.8
165.5
24
11
49.8
50.2
4.2
9.8
65.5
104.8
44
105.2
4.8
22.2
58.5
52.2
8.2
125
59.2
30.8
16.5
46.5
17.2
43.2
5
24.8
7.8
56.2
4.5
45.2
26
20.5
25.5
56.2
25.8
58.5
161.8
78.2
14.5
14.2
93
20.8
27.2
9
30.5
12.2
54.8
97
10.8
14.8
11
19
24.5
14.2
64.2
35.8
3.8
136.8
241.2
22.8
14.5
34.8
15.8
12.8
5.2
15
20.2
53.5
28.2
142.8
22.5
53
6.5
22.5
22.2
17.2
69
5.2
8.5
24.2
65.8
12.8
22.2
42.8
17.5
21.8
6.2
77.2
56.8
59.8
47.8
14.5
11.5
51.5
15.5
26
49.8
14.2
55
61.5
1.5
63
48.5
6.8
23.8
49.5
100
21.2
8.8
24.2
16.8
8.2
4.5
29.2
87.2
42.8
30.2
16.5
21.2
49.8
62
67.2
10.8
6.8
3.2
56.8
5.2
58.2
76.5
76
20.2
13.8
28.5
11.2
29
76
17.2
23.5
61.5
5.8
12.5
62
42.5
10.5
58.5
15.2
8.8
10.8
7.5
66
18.5
58.5
12.2
62.2
53
109
18.8
21
61.8
10.5
16.2
14
97
7.5
18.2
28.5
25
15
57.2
5.2
10.5
39.8
19.2
7.8
56
113.2
33
24
77.5
117.8
8.5
10.5
21.8
78
23.8
22.2
49.2
33.8
23.8
8.5
61
12
103.2
41
168
15
14.5
24.5
10.2
11
11.2
29.8
12
12
16
21.2
22.8
11
10.5
0.2
27.2
24
39
112.5
15.8
28.2
30.8
21.8
30.5
27
3.8
53.5
17
20.5
67.8
65.8
26.5
24.5
55.8
25.2
36.5
63.5
10.2
46.5
15
14.8
20.5
24.2
192.5
57.2
56.5
67.5
23
93.8
20
18.5
57.5
62.8
23.2
110
25.2
54.2
246.2
24
8.8
52.2
79
sums of draw-off volumes of each hour of the day
51.4
176.6
67.3
55.4
21.4
20.2
2594
3504.6
1465.7
602.8
269.4
626.3
732.8
251.3
431.8
563.3
449.5
454.1
587.6
744.5
658.6
345.1
146.6
25.7
sums of draw-off volumes of each hour of weekdays
37.4
17
19.5
6.2
19.2
10.6
2203.4
2473.2
875.9
386.7
237.7
608.5
700.1
220.7
86
103
83.7
327.7
565.7
622.2
437.6
168.6
62.1
11.9
sums of draw-off volumes of each hour of weekend-days
14
159.6
47.8
49.2
2.2
9.6
390.6
1031.4
589.8
216.1
31.7
17.8
32.7
30.6
345.8
460.3
365.8
126.4
21.9
122.3
221
176.5
84.5
13.8
holidays of household(s), numbers correspond to day of year
