40;29
70;30
67;31
1;32
19;33
42;49
2;51
7;53
173;54
47;78
14;84
74;125
15;127
16;128
2;132
172;146
9;148
162;155
24;158
7;167
23;171
161;178
18;181
40;222
82;223
17;224
19;227
235;241
6;243
3;248
168;252
9;271
2;273
28;276
22;279
28;317
36;318
19;319
264;320
15;328
153;333
6;337
5;338
25;339
2;358
11;364
7;367
38;369
16;371
40;392
9;395
59;413
13;415
65;416
34;424
154;427
32;433
18;434
21;435
12;436
25;459
9;466
21;467
34;470
50;509
12;510
160;512
20;513
84;514
22;531
1;535
14;537
1;544
6;546
32;547
16;548
31;561
10;570
13;572
9;605
14;606
4;608
6;609
13;610
22;638
3;639
49;643
15;644
28;658
12;662
14;682
37;702
20;703
1;704
21;711
11;740
16;746
18;747
1;748
30;756
20;782
8;797
36;798
62;799
352;800
3;807
10;818
30;819
10;829
11;843
31;845
3;847
2;854
31;893
3;894
167;895
42;896
10;911
17;916
11;938
21;946
10;950
8;951
16;969
26;989
38;990
19;991
7;1009
13;1022
21;1036
32;1038
8;1047
43;1085
54;1086
8;1087
26;1088
10;1098
14;1102
21;1107
34;1109
12;1130
14;1139
10;1182
28;1184
38;1185
160;1186
14;1187
2;1198
4;1218
30;1219
12;1233
3;1242
21;1277
15;1278
44;1279
17;1281
28;1282
9;1283
7;1288
22;1310
10;1314
2;1320
5;1324
10;1337
25;1340
11;1373
17;1374
86;1375
14;1376
23;1393
2;1394
39;1395
4;1427
10;1429
4;1469
52;1472
24;1478
34;1489
10;1492
4;1514
24;1522
10;1566
211;1567
28;1568
152;1569
18;1582
13;1585
15;1586
18;1587
1;1588
45;1595
170;1604
19;1609
7;1615
19;1621
21;1661
571;1662
28;1663
158;1664
15;1680
158;1681
1;1694
32;1706
39;1711
12;1714
5;1736
31;1759
18;1760
27;1765
5;1777
14;1780
10;1790
4;1810
1;1816
154;1853
36;1854
164;1855
17;1856
169;1859
2;1889
7;1892
158;1912
1;1924
14;1938
60;1949
26;1950
30;1953
171;1954
51;1955
163;1956
1;1957
162;1980
5;1982
7;1983
162;1984
26;2001
6;2006
166;2007
33;2046
3;2047
5;2048
34;2065
2;2067
36;2085
31;2102
1;2116
55;2141
35;2142
17;2143
193;2144
2;2145
149;2149
17;2161
21;2163
10;2168
8;2174
13;2237
18;2238
19;2239
40;2240
9;2243
8;2249
7;2257
34;2260
1;2268
6;2271
6;2277
2;2282
11;2288
21;2289
18;2296
28;2321
31;2333
178;2334
30;2335
11;2336
6;2337
14;2348
37;2354
5;2355
22;2356
165;2361
31;2379
26;2384
24;2386
11;2389
3;2390
44;2429
35;2431
55;2432
8;2440
1;2451
27;2452
12;2455
30;2465
4;2475
3;2487
12;2525
16;2527
24;2529
47;2531
38;2532
1;2538
6;2555
6;2568
19;2576
6;2578
10;2608
31;2622
30;2623
78;2624
7;2627
16;2628
15;2632
10;2638
10;2642
18;2652
75;2653
35;2654
173;2656
157;2660
15;2664
9;2666
25;2677
19;2717
25;2719
21;2720
8;2732
19;2737
23;2740
20;2761
11;2765
5;2774
1;2813
8;2815
15;2816
7;2835
21;2836
3;2863
3;2866
29;2867
12;2869
29;2871
20;2909
37;2910
53;2911
54;2912
1;2920
42;2922
20;2932
160;2950
169;2955
5;2956
17;2962
177;2968
2;3005
32;3006
353;3007
20;3008
35;3012
61;3027
17;3028
26;3050
9;3052
11;3053
4;3056
31;3063
37;3101
11;3102
18;3103
4;3104
173;3117
11;3121
34;3124
4;3145
36;3149
12;3152
26;3153
9;3154
8;3156
19;3158
14;3197
45;3199
56;3200
57;3202
18;3203
18;3204
156;3205
29;3208
11;3214
7;3227
14;3229
9;3230
32;3233
8;3234
9;3250
10;3255
16;3257
15;3258
13;3261
21;3290
10;3293
27;3295
43;3296
19;3297
38;3298
22;3299
15;3325
4;3331
26;3332
16;3341
14;3346
161;3350
15;3354
26;3389
66;3390
216;3391
168;3409
11;3418
16;3422
13;3433
7;3439
18;3441
1;3463
24;3485
2;3486
28;3487
26;3488
7;3499
41;3507
11;3508
1;3513
16;3537
21;3543
20;3544
29;3581
38;3582
31;3583
38;3584
22;3594
5;3601
35;3603
1;3604
2;3615
33;3618
34;3628
23;3632
49;3636
7;3637
22;3638
16;3640
9;3677
1;3678
12;3680
28;3689
158;3700
1;3707
13;3713
27;3714
14;3721
23;3723
7;3724
24;3725
29;3726
19;3727
15;3731
15;3750
1;3770
173;3773
30;3774
73;3776
32;3777
14;3793
31;3794
196;3796
14;3814
145;3829
57;3831
5;3860
53;3870
198;3871
11;3872
18;3874
50;3875
175;3876
14;3903
51;3905
42;3906
14;3908
24;3924
19;3925
29;3932
21;3966
4;3967
11;3968
78;3969
6;3971
50;3972
9;3973
4;3996
37;3999
21;4000
57;4001
40;4002
18;4004
152;4006
22;4061
29;4062
20;4063
184;4064
19;4082
13;4084
1;4095
7;4107
6;4115
37;4116
18;4118
18;4147
24;4157
220;4158
9;4159
17;4160
14;4212
12;4213
53;4214
98;4253
54;4254
128;4255
18;4257
160;4275
186;4298
26;4310
13;4328
42;4349
54;4350
56;4351
15;4352
3;4354
10;4360
39;4371
7;4399
23;4404
10;4406
9;4445
44;4446
47;4447
48;4448
8;4455
5;4457
10;4465
10;4466
34;4468
15;4481
11;4497
14;4500
5;4504
9;4531
36;4541
10;4542
5;4543
27;4544
14;4545
21;4546
9;4547
8;4548
159;4566
24;4575
8;4576
554;4577
1;4578
27;4580
9;4587
3;4593
10;4594
30;4637
16;4638
412;4640
11;4641
31;4642
52;4643
5;4644
33;4652
19;4672
34;4674
29;4675
15;4683
3;4694
30;4700
4;4705
25;4729
55;4733
195;4735
69;4736
7;4739
28;4753
56;4755
18;4757
9;4759
30;4767
26;4777
31;4778
29;4785
47;4829
29;4831
25;4832
9;4846
150;4849
2;4851
36;4852
25;4873
144;4874
9;4880
15;4881
5;4886
4;4887
2;4898
21;4902
11;4925
83;4926
20;4927
34;4928
15;4947
10;4962
3;4965
150;4971
11;4977
7;4978
61;4980
9;4984
157;4995
64;5021
81;5022
23;5023
67;5024
30;5041
168;5042
8;5044
28;5046
38;5080
17;5090
15;5117
40;5118
17;5119
29;5120
10;5137
28;5138
4;5139
4;5140
23;5149
29;5164
18;5166
552;5168
1;5171
21;5174
16;5207
27;5210
33;5213
35;5214
26;5215
19;5216
9;5217
26;5219
14;5220
31;5238
26;5248
12;5249
30;5250
1;5251
2;5252
24;5254
153;5265
11;5271
40;5309
33;5310
181;5312
25;5313
17;5314
55;5316
25;5332
44;5334
46;5342
18;5343
35;5344
2;5345
9;5348
6;5364
15;5365
9;5366
12;5369
7;5405
19;5406
10;5407
29;5416
171;5425
27;5427
17;5428
54;5449
7;5451
155;5460
2;5464
32;5501
6;5502
19;5503
3;5504
19;5506
32;5515
12;5521
26;5523
13;5524
19;5525
1;5545
15;5549
18;5557
59;5597
17;5598
16;5599
22;5600
34;5610
7;5614
50;5618
4;5623
156;5630
13;5632
1;5635
9;5642
1;5643
1;5647
16;5649
172;5652
47;5693
71;5694
152;5695
191;5696
1;5709
24;5716
17;5727
2;5733
20;5734
33;5738
12;5743
26;5747
8;5748
26;5749
45;5789
18;5792
39;5794
19;5809
25;5810
36;5811
22;5812
16;5836
148;5841
38;5843
24;5885
29;5886
12;5887
56;5888
16;5889
159;5890
11;5891
12;5892
3;5913
175;5917
3;5918
19;5919
172;5921
3;5923
155;5924
34;5926
33;5932
10;5944
183;5946
7;5950
3;5954
75;5981
36;5982
89;5984
604;5985
22;5986
60;5987
38;5988
582;6013
187;6017
31;6019
36;6022
17;6034
38;6043
23;6077
28;6078
61;6079
76;6080
15;6092
3;6094
26;6098
3;6101
558;6102
6;6127
78;6173
9;6174
98;6175
197;6176
5;6177
27;6192
22;6193
19;6194
66;6195
7;6196
6;6207
25;6210
22;6215
86;6270
45;6271
18;6272
18;6288
5;6289
8;6291
7;6300
33;6317
32;6318
14;6319
8;6328
36;6365
7;6366
8;6367
162;6368
7;6369
3;6385
24;6386
5;6387
19;6414
40;6417
13;6421
12;6423
15;6433
56;6461
59;6462
165;6463
201;6464
29;6483
14;6486
7;6490
24;6499
21;6506
4;6509
13;6516
11;6536
2;6556
33;6557
14;6558
157;6559
9;6560
201;6561
30;6562
37;6563
37;6564
5;6571
167;6573
63;6591
2;6609
4;6610
11;6613
2;6617
18;6619
5;6639
31;6651
8;6655
2;6656
25;6657
45;6658
17;6659
49;6673
6;6675
39;6683
31;6687
7;6690
6;6692
16;6696
29;6706
2;6708
10;6710
7;6711
42;6715
41;6749
6;6750
39;6752
17;6764
11;6766
163;6771
15;6788
5;6798
162;6807
9;6808
19;6845
36;6846
205;6847
20;6848
29;6853
22;6858
4;6859
22;6865
22;6867
19;6889
39;6894
26;6895
7;6896
28;6900
17;6910
45;6941
210;6942
25;6943
42;6944
13;6962
21;6963
7;6969
44;6992
33;7037
208;7038
22;7039
236;7040
17;7044
155;7058
16;7059
14;7060
7;7085
17;7091
14;7093
15;7098
40;7133
66;7134
14;7135
24;7136
32;7137
13;7142
26;7153
22;7154
19;7156
25;7190
169;7230
44;7231
61;7232
3;7233
1;7259
11;7262
5;7264
181;7266
33;7267
731;7268
29;7271
14;7275
13;7284
3;7299
11;7326
151;7329
38;7330
35;7332
16;7339
5;7351
25;7360
28;7369
9;7377
12;7379
18;7386
1;7405
37;7421
49;7422
39;7423
5;7424
4;7427
4;7441
176;7442
18;7443
17;7464
20;7467
8;7468
12;7469
6;7470
61;7472
25;7480
76;7517
36;7518
41;7519
14;7520
9;7526
11;7534
20;7537
19;7538
16;7540
6;7544
22;7562
1;7565
40;7569
8;7570
4;7613
49;7614
183;7615
163;7616
24;7622
38;7634
10;7635
10;7660
569;7665
17;7669
62;7709
32;7710
36;7711
91;7712
17;7718
5;7732
570;7754
562;7755
12;7762
14;7763
5;7765
24;7768
21;7805
59;7806
14;7807
8;7808
34;7827
167;7836
10;7842
4;7848
17;7851
35;7861
167;7865
37;7901
42;7903
18;7904
168;7905
30;7906
38;7907
21;7909
21;7934
27;7936
595;7954
22;7956
3;7957
23;7962
11;7997
8;7999
10;8000
164;8001
48;8002
14;8004
10;8009
151;8025
332;8031
14;8032
9;8033
5;8034
36;8035
13;8036
13;8051
4;8052
175;8053
7;8054
105;8093
8;8094
166;8095
39;8111
12;8113
4;8114
56;8115
17;8127
6;8139
36;8142
12;8143
169;8150
32;8160
28;8189
35;8190
59;8191
9;8192
18;8202
181;8209
162;8210
8;8211
5;8212
16;8242
170;8247
181;8285
52;8287
34;8288
167;8295
6;8296
11;8305
2;8306
22;8308
2;8312
7;8322
21;8334
15;8343
3;8344
70;8381
157;8382
152;8383
23;8384
8;8390
38;8403
34;8412
162;8428
12;8432
20;8438
7;8477
109;8478
3;8480
21;8496
27;8497
193;8498
18;8511
10;8521
29;8523
10;8533
6;8536
36;8575
41;8576
33;8577
25;8578
27;8579
1;8586
25;8611
20;8626
151;8627
30;8631
10;8632
20;8648
2;8665
165;8667
26;8668
185;8669
15;8672
22;8683
179;8686
40;8697
56;8701
6;8713
13;8721
65;8761
256;8762
34;8763
33;8771
11;8783
9;8784
27;8791
14;8798
1;8799
10;8807
25;8808
38;8812
192;8857
82;8858
9;8859
218;8860
3;8867
34;8877
32;8879
13;8895
32;8906
58;8909
2;8916
24;8953
22;8954
48;8974
170;8988
30;8999
31;9000
34;9002
20;9007
5;9011
22;9012
3;9044
22;9049
54;9050
52;9051
16;9069
10;9070
2;9071
9;9082
27;9095
2;9096
6;9101
25;9134
659;9146
17;9148
21;9165
25;9167
5;9168
5;9172
4;9221
25;9241
39;9243
45;9245
25;9246
27;9247
30;9248
9;9258
30;9259
25;9274
71;9276
15;9277
52;9280
1;9294
15;9297
32;9300
13;9322
24;9337
159;9338
14;9339
170;9340
16;9344
24;9369
41;9372
1;9374
13;9375
19;9384
26;9391
27;9393
21;9395
162;9399
24;9433
68;9436
52;9454
17;9455
23;9456
22;9465
2;9470
1;9471
3;9478
22;9481
40;9483
160;9489
26;9491
5;9500
61;9531
193;9551
6;9552
27;9561
27;9580
37;9584
27;9585
9;9626
210;9627
224;9628
159;9636
3;9647
156;9663
3;9669
2;9673
11;9674
11;9675
175;9676
24;9677
6;9679
38;9683
2;9684
28;9722
28;9723
18;9724
6;9741
5;9742
25;9743
4;9753
4;9765
6;9766
12;9768
89;9817
41;9818
62;9820
26;9824
5;9833
4;9837
38;9838
11;9840
22;9849
8;9851
24;9864
17;9867
24;9913
85;9914
69;9916
56;9917
23;9919
22;9920
12;9922
37;9938
13;9945
16;9950
31;9951
150;9952
17;9953
14;9957
26;9966
15;9967
160;9968
14;9969
12;9971
26;9997
49;10012
38;10013
36;10014
35;10015
38;10016
10;10020
2;10041
58;10042
15;10043
22;10046
19;10051
3;10063
8;10067
6;10071
15;10081
69;10105
3;10106
70;10107
14;10125
33;10131
3;10145
22;10161
20;10201
157;10202
16;10203
8;10204
17;10212
9;10221
13;10246
4;10247
8;10249
27;10255
213;10297
29;10298
29;10299
52;10300
12;10317
23;10319
36;10320
25;10327
29;10342
11;10343
565;10359
5;10373
166;10393
24;10396
10;10412
22;10413
10;10415
36;10416
15;10418
24;10446
1;10447
33;10448
19;10449
22;10450
45;10452
12;10474
15;10489
29;10490
23;10491
68;10492
30;10509
187;10512
5;10520
12;10532
15;10541
18;10547
18;10548
77;10585
167;10586
10;10588
47;10589
34;10590
6;10591
9;10592
13;10619
163;10627
162;10637
161;10638
12;10640
9;10641
5;10645
25;10647
148;10651
6;10681
23;10683
69;10684
2;10685
5;10686
25;10687
16;10688
16;10691
10;10710
19;10714
10;10716
15;10717
186;10719
58;10738
4;10739
27;10777
27;10778
1;10779
339;10780
2;10800
24;10809
30;10822
1;10829
27;10832
195;10873
40;10874
22;10875
20;10876
29;10911
29;10918
9;10919
8;10923
18;10930
9;10968
32;10969
45;10970
6;10972
165;10975
5;10977
171;10989
42;10990
6;10991
32;10992
1;11021
37;11025
29;11065
24;11066
24;11068
33;11086
12;11087
16;11088
161;11096
4;11102
11;11109
11;11119
10;11121
10;11161
56;11162
10;11163
160;11164
9;11165
1;11180
7;11181
27;11184
22;11194
29;11207
13;11216
28;11257
184;11258
161;11260
6;11261
15;11262
37;11263
7;11264
2;11266
29;11290
31;11292
27;11296
15;11312
6;11314
24;11319
6;11320
7;11353
13;11354
5;11355
25;11356
24;11357
11;11358
33;11359
43;11360
16;11377
33;11385
49;11387
169;11391
14;11392
11;11409
25;11416
34;11449
17;11450
11;11460
30;11482
3;11497
35;11502
39;11507
8;11508
36;11521
27;11533
185;11545
8;11546
23;11547
1;11561
20;11562
6;11565
32;11568
10;11591
160;11641
64;11642
11;11643
579;11644
2;11651
11;11662
23;11663
13;11674
9;11687
13;11688
14;11700
108;11737
18;11738
33;11739
201;11740
6;11752
33;11758
12;11759
52;11760
6;11761
7;11766
21;11769
32;11774
20;11776
14;11786
4;11789
20;11793
11;11799
8;11833
26;11834
52;11835
26;11836
20;11849
24;11853
11;11854
30;11856
17;11864
10;11865
17;11882
12;11883
24;11886
7;11900
21;11921
23;11929
28;11930
5;11931
20;11932
25;11933
36;11934
14;11935
4;11936
17;11943
13;11961
173;11964
8;11965
20;11966
9;11968
12;11981
17;11983
9;11991
40;12029
26;12032
9;12037
13;12047
186;12057
22;12058
35;12061
19;12083
14;12084
36;12121
198;12122
45;12123
2;12124
165;12125
40;12128
18;12140
4;12142
19;12143
3;12144
25;12155
38;12175
243;12217
330;12219
41;12220
3;12222
28;12237
2;12239
33;12243
4;12257
31;12265
30;12273
19;12276
11;12313
12;12314
66;12315
2;12320
24;12324
23;12334
1;12336
22;12346
4;12352
24;12353
2;12356
16;12357
14;12363
3;12365
16;12366
160;12368
33;12371
164;12409
45;12410
51;12411
42;12430
168;12456
16;12457
5;12464
27;12468
7;12477
198;12505
115;12506
180;12507
59;12508
4;12550
3;12554
8;12556
1;12558
31;12560
33;12563
31;12564
14;12602
24;12603
23;12604
30;12605
37;12608
31;12631
32;12639
27;12641
1;12642
14;12653
1;12656
23;12662
9;12664
25;12673
9;12685
6;12697
6;12698
28;12699
27;12701
169;12704
22;12705
16;12710
12;12717
4;12731
30;12734
48;12735
17;12736
6;12750
146;12764
27;12772
205;12794
26;12796
2;12808
175;12813
40;12814
11;12815
35;12816
23;12845
16;12847
88;12889
74;12890
55;12891
237;12892
173;12898
1;12907
20;12910
26;12911
48;12912
34;12933
7;12935
6;12936
174;12938
13;12945
25;12946
6;12985
559;12986
50;12987
37;12988
12;13008
17;13024
152;13025
5;13035
4;13036
6;13038
3;13041
221;13081
24;13082
10;13083
24;13084
11;13101
1;13102
154;13103
28;13104
26;13121
10;13128
21;13130
1;13132
38;13135
5;13137
21;13157
6;13177
17;13178
74;13179
39;13180
10;13198
20;13199
160;13207
19;13208
72;13221
33;13222
2;13224
12;13227
6;13228
158;13258
23;13272
216;13273
40;13275
13;13276
23;13278
13;13279
16;13280
114;13305
16;13306
10;13308
41;13309
14;13311
34;13325
1;13369
10;13370
37;13371
30;13372
1;13373
17;13374
8;13375
6;13401
151;13404
4;13408
8;13421
26;13422
32;13423
28;13444
70;13465
212;13466
193;13467
22;13468
45;13485
28;13487
5;13488
7;13503
1;13511
153;13512
19;13519
90;13561
49;13562
155;13563
12;13571
7;13581
4;13584
162;13608
94;13657
16;13658
1;13659
12;13660
4;13669
19;13680
12;13681
31;13689
3;13694
170;13701
18;13712
58;13753
10;13754
9;13755
16;13756
11;13758
3;13766
18;13773
1;13774
2;13775
10;13778
2;13795
17;13805
25;13812
76;13849
6;13850
46;13851
2;13859
3;13870
2;13871
2;13882
22;13898
23;13902
22;13945
30;13947
50;13948
49;13949
59;13952
14;13970
27;13975
164;13977
34;13979
2;13981
28;13983
4;13988
19;13998
5;13999
8;14000
2;14001
12;14002
3;14005
9;14008
37;14014
164;14042
11;14044
6;14047
163;14074
572;14075
6;14078
16;14080
172;14089
4;14097
7;14098
7;14099
13;14101
24;14137
24;14138
34;14139
18;14143
112;14157
12;14158
4;14159
2;14160
3;14182
14;14184
8;14185
3;14189
29;14193
12;14196
345;14233
22;14234
63;14235
46;14236
6;14241
70;14253
15;14254
40;14262
16;14272
2;14276
9;14281
17;14282
3;14284
20;14285
20;14287
9;14291
8;14292
7;14293
22;14330
35;14331
14;14376
19;14380
22;14425
58;14426
68;14427
19;14431
3;14451
11;14469
26;14471
2;14476
34;14479
6;14484
52;14521
66;14522
9;14523
42;14541
4;14564
412;14565
9;14568
1;14569
6;14600
53;14617
155;14619
20;14621
26;14622
29;14623
177;14624
9;14631
21;14649
4;14650
195;14651
2;14652
12;14654
45;14655
8;14656
2;14670
15;14714
155;14716
10;14717
156;14718
38;14719
27;14720
16;14747
2;14749
11;14750
175;14752
19;14773
19;14774
28;14809
46;14810
45;14812
15;14831
41;14832
7;14835
14;14877
67;14905
13;14906
1;14908
25;14926
12;14950
15;14952
5;14963
10;14966
28;15001
10;15002
32;15003
26;15004
167;15021
33;15023
6;15024
2;15046
22;15097
30;15099
49;15100
18;15105
30;15114
35;15117
6;15130
18;15135
154;15143
2;15145
159;15146
3;15194
41;15195
2;15196
33;15214
12;15216
62;15248
26;15289
569;15290
20;15291
25;15294
52;15296
3;15302
7;15310
7;15321
4;15322
10;15323
2;15326
2;15327
93;15328
10;15329
26;15346
30;15349
18;15379
12;15385
18;15386
7;15387
49;15388
21;15389
19;15391
43;15392
1;15397
32;15417
65;15419
20;15422
3;15440
33;15448
15;15482
219;15483
32;15484
17;15492
155;15495
31;15496
9;15497
29;15501
162;15502
11;15503
30;15530
17;15533
7;15537
190;15578
40;15580
19;15583
1;15584
21;15597
25;15598
23;15600
32;15624
4;15635
31;15674
19;15675
181;15676
24;15682
17;15720
7;15725
15;15726
14;15765
179;15769
89;15770
1;15771
29;15777
24;15783
47;15791
163;15792
4;15806
31;15816
10;15817
21;15819
9;15866
6;15867
15;15885
21;15898
1;15914
26;15915
5;15916
30;15922
22;15961
29;15963
5;15965
17;15967
14;15972
45;15994
13;16009
3;16017
10;16024
17;16057
20;16061
14;16062
20;16091
1;16092
30;16093
12;16113
10;16120
45;16153
90;16156
12;16172
24;16173
24;16177
3;16199
18;16211
15;16212
17;16250
7;16251
60;16252
12;16269
20;16270
6;16272
5;16276
10;16277
8;16290
25;16298
22;16302
9;16346
180;16347
41;16348
9;16360
34;16366
25;16383
21;16390
14;16391
8;16393
8;16394
8;16396
25;16401
32;16441
86;16442
166;16443
86;16444
30;16445
25;16456
25;16462
5;16464
8;16479
13;16485
12;16488
11;16489
32;16490
17;16537
6;16538
1;16540
25;16547
27;16557
23;16558
8;16560
155;16568
15;16582
15;16586
21;16594
12;16595
2;16598
15;16622
31;16631
19;16633
6;16634
2;16635
49;16636
201;16637
8;16638
16;16639
14;16640
11;16663
9;16664
4;16730
5;16733
21;16734
24;16735
191;16736
5;16742
179;16759
13;16766
155;16767
38;16769
1;16775
18;16782
2;16784
18;16790
19;16825
30;16826
126;16827
51;16828
22;16845
34;16846
6;16868
7;16875
41;16878
77;16921
27;16922
62;16923
11;16924
27;16944
15;16971
158;16980
8;17017
12;17018
157;17019
188;17020
17;17037
23;17038
26;17039
61;17040
8;17057
20;17067
5;17072
11;17075
1;17076
4;17114
235;17115
22;17116
12;17152
6;17153
10;17161
160;17165
29;17170
25;17172
13;17175
23;17209
12;17210
57;17211
70;17212
51;17229
169;17230
44;17232
3;17233
1;17234
10;17256
11;17306
55;17311
22;17312
14;17339
39;17340
157;17341
6;17352
11;17359
17;17363
1;17379
20;17393
1;17401
28;17403
28;17404
34;17405
170;17407
11;17408
10;17435
6;17438
22;17439
165;17454
16;17466
3;17492
22;17493
12;17498
15;17499
216;17500
4;17514
6;17517
25;17519
12;17543
4;17545
5;17553
48;17593
44;17594
161;17616
8;17625
3;17646
10;17649
15;17650
8;17689
8;17690
810;17691
190;17692
5;17703
3;17709
6;17710
19;17712
18;17737
34;17785
78;17786
22;17787
10;17788
27;17805
36;17818
9;17824
12;17833
30;17844
28;17859
6;17879
19;17881
20;17883
6;17884
39;17900
164;17902
155;17904
4;17933
19;17934
158;17935
10;17953
15;17959
38;17968
38;17979
26;17980
15;17981
14;17982
4;17983
10;17984
5;17994
20;18010
11;18011
52;18014
7;18015
8;18074
52;18076
8;18078
17;18079
3;18082
3;18088
36;18098
31;18105
23;18106
33;18109
6;18126
156;18129
7;18132
40;18169
11;18172
26;18175
29;18176
2;18177
146;18190
7;18192
7;18215
6;18226
16;18232
3;18265
28;18266
19;18267
18;18268
14;18270
24;18272
21;18287
12;18294
571;18304
6;18311
156;18313
5;18317
9;18361
9;18362
3;18363
5;18364
33;18381
30;18383
34;18413
152;18414
4;18418
3;18457
2;18459
87;18460
24;18480
29;18481
16;18503
69;18553
49;18554
18;18555
29;18556
4;18573
19;18580
26;18592
25;18606
167;18608
24;18650
27;18651
157;18652
35;18653
9;18655
57;18656
7;18667
32;18681
66;18683
9;18686
20;18701
5;18702
16;18707
15;18712
5;18741
29;18745
70;18746
22;18748
8;18749
159;18751
1;18752
166;18778
4;18780
16;18782
2;18783
5;18787
30;18800
25;18804
565;18841
86;18843
177;18844
22;18847
28;18862
199;18863
163;18864
8;18880
31;18883
17;18890
186;18891
31;18937
51;18938
17;18939
29;18940
12;18955
15;18957
15;18958
40;18959
11;18971
15;18991
17;18995
9;19032
211;19033
50;19034
47;19035
62;19036
41;19055
1;19057
12;19066
31;19080
10;19090
9;19092
13;19095
42;19129
14;19130
21;19132
12;19149
18;19150
33;19152
1;19153
6;19175
7;19180
17;19181
20;19184
16;19187
3;19188
37;19207
56;19225
44;19227
11;19228
12;19245
25;19247
14;19284
162;19322
24;19323
11;19325
23;19326
10;19327
14;19328
7;19343
31;19344
158;19356
1;19358
12;19359
6;19375
11;19376
19;19378
31;19418
28;19420
26;19421
7;19422
165;19423
5;19424
30;19439
15;19441
23;19452
14;19456
18;19471
14;19488
26;19513
44;19514
214;19515
2;19516
29;19523
50;19534
9;19535
52;19536
153;19543
5;19562
3;19572
40;19609
179;19610
18;19611
56;19629
5;19631
11;19636
18;19661
56;19705
67;19706
16;19707
58;19708
24;19727
10;19734
15;19755
7;19760
4;19762
152;19764
14;19787
46;19801
41;19803
29;19804
23;19824
19;19825
24;19839
36;19853
27;19859
8;19897
5;19899
13;19904
28;19917
10;19918
20;19943
10;19949
37;19952
22;19996
50;19997
11;20000
24;20023
10;20041
6;20049
33;20053
1;20054
172;20072
45;20089
3;20091
200;20092
2;20094
18;20096
17;20121
31;20122
159;20125
27;20126
5;20146
158;20148
2;20151
29;20185
25;20186
158;20188
2;20205
48;20207
21;20227
13;20233
21;20235
23;20240
13;20281
25;20282
174;20283
30;20284
20;20301
1;20303
10;20304
36;20327
14;20377
27;20378
35;20379
64;20380
165;20397
169;20398
8;20400
35;20421
11;20428
35;20431
4;20435
17;20449
25;20473
5;20474
220;20475
28;20476
15;20479
5;20492
166;20493
25;20496
13;20514
23;20520
4;20531
25;20535
36;20566
37;20569
12;20570
2;20571
7;20572
33;20574
37;20590
3;20591
8;20597
26;20601
2;20622
4;20639
26;20666
19;20667
55;20668
20;20671
168;20672
23;20691
7;20698
40;20701
67;20704
14;20713
36;20725
6;20728
23;20763
31;20764
11;20765
17;20766
12;20767
25;20768
22;20770
25;20782
162;20795
6;20797
33;20798
11;20822
201;20857
29;20858
165;20859
8;20860
27;20869
40;20877
27;20880
26;20914
24;20916
73;20953
12;20954
55;20955
5;20956
24;20975
37;20976
34;20994
43;21001
21;21002
36;21049
29;21050
26;21051
43;21052
15;21063
24;21071
6;21085
1;21102
9;21104
31;21108
63;21145
17;21146
5;21147
4;21148
37;21160
159;21161
21;21167
10;21186
31;21188
15;21241
23;21242
30;21244
21;21261
20;21263
187;21264
3;21282
19;21289
30;21295
18;21298
18;21337
29;21338
14;21339
55;21340
12;21353
25;21363
4;21370
29;21372
22;21373
162;21375
38;21378
170;21379
16;21393
24;21434
55;21435
34;21436
34;21437
19;21438
19;21439
557;21460
1;21464
13;21467
28;21468
1;21472
11;21529
31;21530
4;21531
18;21532
23;21537
24;21547
15;21551
3;21576
26;21579
8;21586
63;21625
25;21626
25;21627
18;21628
159;21630
18;21636
164;21640
163;21643
32;21647
2;21655
16;21657
14;21660
19;21672
155;21681
15;21682
175;21721
98;21722
25;21723
161;21724
19;21740
13;21741
28;21751
34;21766
38;21773
145;21774
13;21778
163;21780
28;21817
36;21818
13;21819
174;21820
21;21827
8;21835
161;21837
14;21839
31;21840
7;21866
15;21868
16;21871
167;21875
93;21913
34;21914
28;21915
33;21926
20;21932
6;21951
4;21957
5;21958
21;22009
33;22010
70;22012
8;22013
21;22041
32;22043
6;22048
7;22067
9;22068
14;22070
549;22106
167;22107
8;22109
24;22111
31;22118
163;22119
58;22140
21;22141
7;22142
23;22162
5;22201
66;22202
28;22203
91;22204
34;22222
15;22223
25;22245
15;22268
25;22297
28;22298
40;22299
24;22301
4;22304
31;22319
5;22320
32;22335
32;22337
18;22350
3;22351
68;22394
39;22395
44;22396
8;22401
14;22413
6;22414
22;22415
10;22428
19;22438
4;22439
4;22442
3;22445
12;22450
10;22456
57;22489
6;22491
162;22492
5;22500
167;22504
13;22509
9;22512
30;22524
9;22525
180;22535
9;22538
20;22542
12;22547
197;22585
208;22586
1;22587
89;22588
4;22599
11;22608
38;22682
8;22683
32;22684
3;22685
53;22688
28;22713
22;22717
2;22719
5;22731
9;22736
11;22778
18;22779
22;22780
26;22781
17;22782
8;22784
3;22830
6;22831
16;22838
16;22839
19;22873
166;22874
177;22875
1;22886
30;22891
29;22893
28;22894
30;22895
15;22896
15;22913
37;22920
28;22923
9;22932
5;22969
374;22970
11;22971
18;22972
10;22989
15;22990
60;23013
1;23014
25;23021
18;23065
33;23067
31;23068
26;23085
154;23086
10;23087
25;23088
169;23089
5;23090
11;23115
45;23161
198;23162
28;23164
5;23173
8;23176
1;23177
30;23183
8;23184
29;23205
14;23257
8;23258
183;23259
37;23260
4;23267
5;23306
34;23307
29;23315
28;23319
11;23354
24;23355
5;23356
14;23358
12;23359
43;23360
26;23379
6;23384
34;23385
7;23386
6;23388
2;23390
33;23392
3;23395
150;23405
2;23411
10;23427
22;23431
9;23437
27;23449
20;23450
16;23451
11;23453
36;23454
12;23456
16;23483
25;23485
23;23505
37;23545
60;23546
68;23547
41;23548
7;23562
18;23566
214;23567
18;23575
14;23641
36;23642
67;23643
52;23644
22;23647
4;23648
14;23653
6;23661
13;23663
7;23664
15;23672
3;23690
13;23691
15;23692
27;23693
28;23695
15;23731
10;23737
72;23738
7;23739
26;23740
17;23751
558;23757
6;23779
3;23782
21;23788
30;23794
40;23834
56;23835
24;23836
35;23856
16;23882
562;23888
19;23892
36;23900
23;23929
20;23931
29;23932
9;23945
6;23949
3;23951
166;23965
16;23973
159;23979
1;24014
28;24026
22;24027
43;24029
24;24030
39;24031
16;24032
15;24046
25;24057
14;24060
15;24075
169;24078
16;24086
7;24110
9;24122
45;24123
591;24124
199;24125
30;24126
156;24154
24;24157
32;24158
10;24159
34;24160
28;24180
17;24217
64;24219
94;24220
27;24233
22;24237
8;24238
5;24240
26;24265
13;24266
155;24269
3;24313
27;24314
23;24315
21;24333
53;24334
5;24338
25;24348
8;24357
20;24364
32;24366
14;24367
153;24371
32;24409
183;24410
2;24411
27;24412
9;24428
28;24432
11;24449
7;24454
27;24461
6;24505
9;24506
20;24507
9;24508
2;24511
3;24513
23;24516
32;24526
65;24527
158;24528
16;24529
8;24546
3;24555
5;24558
7;24591
2;24601
28;24602
33;24603
35;24604
5;24606
21;24611
15;24624
29;24642
13;24649
44;24697
18;24698
29;24699
7;24700
23;24701
23;24702
73;24703
26;24723
10;24728
2;24729
19;24731
4;24732
26;24733
33;24735
1;24736
1;24737
35;24755
21;24758
20;24759
21;24763
10;24783
18;24794
30;24795
49;24796
11;24798
9;24800
25;24811
20;24825
31;24826
6;24828
11;24829
7;24848
25;24852
18;24891
58;24892
1;24910
2;24935
19;24936
14;24946
33;24985
40;24986
52;24987
71;24988
19;25008
15;25029
150;25030
20;25037
16;25059
26;25071
12;25081
44;25082
81;25083
33;25084
1;25105
7;25125
1;25127
16;25177
34;25178
595;25179
169;25180
9;25181
36;25197
3;25199
9;25216
15;25222
33;25223
32;25229
173;25274
16;25276
5;25292
4;25293
4;25294
28;25295
15;25321
6;25322
29;25330
28;25344
73;25369
178;25370
165;25373
29;25374
23;25375
40;25389
10;25403
27;25404
4;25406
10;25425
5;25437
20;25465
13;25466
15;25468
8;25469
13;25470
3;25471
12;25472
5;25496
30;25498
166;25500
3;25501
19;25504
184;25521
13;25524
23;25562
4;25563
58;25564
13;25574
5;25581
29;25582
10;25604
57;25611
6;25652
8;25657
60;25658
45;25659
14;25660
2;25677
33;25679
7;25680
4;25705
28;25706
29;25754
43;25756
13;25776
12;25787
25;25810
32;25849
24;25850
151;25851
9;25852
6;25857
148;25872
22;25875
12;25889
25;25896
59;25945
12;25946
30;25947
81;25948
36;25965
26;25991
34;25993
15;25995
16;26000
35;26002
164;26003
16;26004
9;26025
21;26031
3;26034
12;26043
46;26044
28;26046
1;26047
5;26048
1;26060
34;26076
27;26080
33;26093
207;26100
21;26103
29;26137
17;26138
32;26139
15;26145
4;26159
14;26171
6;26172
11;26173
16;26177
3;26184
31;26193
17;26203
17;26230
20;26233
36;26234
2;26238
27;26254
6;26255
16;26289
3;26329
15;26330
50;26331
44;26332
34;26348
12;26349
18;26350
25;26351
60;26352
7;26354
2;26368
25;26382
26;26384
16;26388
3;26426
153;26427
61;26428
18;26445
10;26446
4;26448
20;26453
1;26458
15;26477
6;26510
2;26521
12;26523
1;26524
14;26542
4;26543
20;26570
159;26617
74;26618
29;26619
358;26620
9;26638
21;26640
9;26659
31;26664
171;26669
25;26673
8;26684
3;26714
7;26715
23;26716
51;26718
11;26746
28;26751
10;26755
27;26765
34;26767
13;26776
53;26809
8;26814
20;26815
33;26816
39;26839
24;26841
17;26843
25;26846
11;26862
36;26865
18;26868
11;26888
17;26905
77;26906
173;26907
27;26908
1;26926
13;26934
4;26949
15;26952
10;26962
18;26964
5;26977
25;27001
26;27002
54;27003
65;27004
29;27007
1;27017
29;27020
1;27022
25;27030
23;27042
34;27047
7;27048
25;27050
23;27052
28;27053
5;27056
52;27098
38;27099
265;27100
17;27119
18;27144
3;27146
31;27153
19;27193
4;27194
64;27195
27;27196
21;27207
12;27210
25;27215
8;27241
27;27249
11;27261
357;27289
205;27290
34;27291
29;27292
16;27342
17;27375
39;27385
16;27386
150;27387
24;27389
46;27391
162;27392
5;27418
25;27422
33;27423
31;27442
22;27443
20;27447
25;27476
27;27481
48;27482
21;27484
33;27485
66;27486
21;27488
157;27517
149;27518
12;27524
10;27525
10;27534
5;27537
8;27540
26;27541
19;27542
35;27578
70;27579
8;27580
30;27589
3;27597
3;27599
14;27621
13;27623
27;27635
4;27673
5;27674
191;27675
235;27676
6;27693
1;27694
37;27723
69;27769
227;27771
35;27772
27;27773
25;27783
22;27789
27;27813
13;27817
10;27821
3;27823
13;27825
26;27828
20;27865
79;27867
17;27868
2;27870
52;27887
21;27892
11;27910
5;27917
12;27920
17;27921
21;27922
21;27952
29;27961
21;27962
34;27964
3;27972
7;27980
3;27982
19;27983
16;27984
146;27991
19;28001
11;28006
1;28008
18;28058
7;28059
12;28061
14;28062
173;28064
158;28069
20;28071
147;28079
7;28089
70;28090
20;28093
46;28095
20;28096
6;28117
7;28121
53;28153
28;28154
37;28155
30;28156
9;28157
20;28159
48;28160
39;28185
15;28186
10;28189
29;28190
12;28194
26;28206
12;28208
26;28214
37;28215
1;28216
11;28249
13;28250
10;28251
36;28252
38;28271
52;28272
24;28287
12;28293
19;28294
11;28298
2;28302
15;28305
39;28307
25;28315
15;28339
36;28345
14;28346
11;28347
55;28348
19;28351
27;28365
16;28366
17;28367
10;28368
29;28390
10;28396
18;28404
6;28441
170;28442
20;28444
15;28452
18;28460
52;28463
33;28464
15;28474
9;28491
20;28537
44;28539
83;28540
30;28557
10;28561
28;28595
20;28633
48;28634
161;28635
40;28636
1;28653
13;28654
35;28655
4;28679
10;28680
22;28729
54;28730
170;28731
19;28732
18;28733
20;28735
12;28762
37;28764
4;28765
12;28768
1;28789
26;28807
49;28826
11;28828
29;28829
31;28830
38;28831
34;28832
16;28833
31;28836
20;28841
1;28844
164;28845
13;28853
37;28855
23;28857
37;28861
9;28875
27;28921
46;28922
9;28923
191;28924
1;28933
173;28941
36;28943
15;28944
5;28966
6;28970
11;28978
10;28979
29;29017
24;29018
3;29019
45;29020
153;29034
12;29037
30;29038
5;29039
2;29040
14;29067
31;29073
19;29074
16;29113
24;29114
54;29116
13;29120
2;29132
16;29133
1;29159
17;29164
162;29170
166;29213
13;29214
16;29215
7;29219
25;29228
12;29231
29;29233
34;29234
7;29235
175;29236
9;29238
8;29267
24;29310
219;29311
12;29312
165;29319
15;29325
19;29329
25;29330
82;29331
28;29357
4;29358
3;29360
170;29361
5;29362
8;29405
69;29406
30;29407
10;29409
149;29410
16;29421
30;29437
25;29439
186;29441
2;29442
16;29465
23;29501
37;29502
15;29504
186;29505
159;29507
18;29508
27;29510
11;29527
15;29533
152;29534
187;29539
10;29540
5;29541
12;29544
13;29552
9;29554
33;29555
10;29558
7;29561
162;29562
205;29597
12;29600
3;29602
7;29618
26;29625
30;29642
31;29643
21;29648
154;29651
8;29655
23;29693
177;29694
12;29695
10;29696
160;29702
35;29713
35;29737
6;29741
23;29789
23;29790
40;29791
16;29792
16;29809
8;29812
7;29837
10;29846
16;29881
57;29885
41;29886
32;29887
65;29888
20;29905
23;29906
19;29924
26;29939
158;29940
30;29981
34;29982
13;29984
8;29986
62;30002
53;30003
6;30029
8;30031
9;30032
1;30037
39;30077
76;30079
29;30080
33;30081
23;30087
17;30110
12;30114
7;30115
4;30116
35;30123
21;30131
3;30133
19;30154
15;30173
170;30174
36;30175
3;30178
3;30179
22;30180
13;30189
29;30203
27;30206
3;30210
11;30212
18;30234
11;30269
73;30270
30;30271
52;30272
32;30276
18;30289
3;30290
178;30291
9;30292
20;30320
4;30323
20;30326
64;30366
1;30367
10;30368
30;30386
2;30389
31;30395
14;30406
12;30407
29;30445
28;30461
24;30462
183;30463
43;30464
40;30481
9;30498
30;30507
20;30515
156;30516
25;30519
44;30557
22;30558
18;30559
3;30560
14;30577
18;30578
19;30580
5;30604
31;30605
8;30613
2;30615
6;30616
71;30654
254;30655
154;30673
46;30675
18;30676
3;30677
2;30684
24;30688
9;30701
13;30703
12;30735
21;30749
4;30750
81;30751
62;30752
1;30753
89;30754
157;30755
153;30783
8;30784
42;30785
28;30786
4;30787
25;30788
160;30805
23;30806
165;30845
23;30847
34;30848
4;30849
9;30850
35;30851
5;30852
6;30877
23;30878
5;30879
17;30880
10;30881
16;30891
8;30899
43;30941
39;30942
54;30943
73;30944
13;30961
37;30963
33;30964
31;30988
6;30991
10;30996
25;31037
50;31038
17;31039
11;31040
34;31057
22;31064
9;31094
31;31133
30;31135
206;31136
2;31154
171;31183
154;31185
155;31187
41;31229
24;31230
3;31231
96;31232
24;31251
17;31257
15;31281
18;31288
25;31325
166;31326
68;31327
44;31328
4;31344
28;31345
30;31346
2;31356
16;31372
24;31378
165;31381
170;31421
8;31422
34;31428
9;31449
5;31451
15;31459
22;31468
163;31473
9;31481
8;31494
33;31514
32;31515
557;31517
51;31518
22;31520
54;31521
26;31523
79;31524
36;31550
27;31553
40;31554
16;31556
18;31569
32;31570
5;31574
6;31580
65;31613
1;31614
76;31615
30;31616
190;31633
14;31634
171;31635
27;31639
24;31641
5;31651
31;31668
16;31670
18;31672
32;31709
168;31711
181;31712
8;31718
2;31729
6;31730
8;31751
53;31754
5;31768
67;31805
33;31806
575;31807
149;31808
21;31825
28;31826
8;31827
20;31831
8;31852
9;31858
23;31901
28;31902
17;31903
6;31904
5;31921
3;31924
146;31929
2;31938
7;31991
23;31997
20;31998
10;32000
23;32003
8;32019
21;32020
28;32044
7;32046
15;32093
1;32095
10;32097
30;32098
33;32100
11;32110
1;32114
7;32115
40;32126
7;32127
16;32128
23;32140
23;32145
19;32146
1;32148
18;32154
1;32156
14;32183
12;32187
181;32190
1;32191
20;32192
334;32193
19;32194
69;32195
12;32196
1;32208
15;32216
9;32221
3;32222
8;32223
16;32225
32;32227
1;32240
155;32244
25;32249
52;32285
28;32286
49;32287
36;32288
2;32299
11;32332
25;32339
178;32341
36;32381
30;32382
181;32383
174;32384
11;32399
7;32400
35;32401
10;32404
21;32419
2;32425
3;32434
167;32435
150;32437
37;32477
45;32478
23;32479
39;32480
5;32497
47;32498
2;32510
39;32521
2;32523
3;32530
17;32534
15;32536
45;32573
47;32574
21;32575
32;32576
23;32593
13;32595
19;32598
10;32606
5;32631
23;32670
201;32672
8;32688
25;32692
14;32702
1;32708
17;32709
8;32712
32;32717
40;32739
38;32765
210;32768
21;32769
176;32770
20;32771
25;32772
14;32775
4;32798
22;32800
27;32801
191;32802
12;32803
28;32806
13;32825
38;32862
198;32864
89;32865
22;32866
27;32867
214;32868
2;32879
20;32894
170;32896
7;32897
14;32898
32;32909
36;32913
9;32916
25;32918
23;32929
18;32957
34;32958
608;32959
12;32960
5;32964
21;32977
25;32978
3;32979
28;32980
8;32983
6;32984
28;32992
16;33001
3;33011
34;33053
257;33055
8;33056
7;33058
18;33068
1;33070
26;33075
163;33076
171;33110
21;33150
6;33151
21;33152
7;33154
11;33172
35;33184
13;33189
32;33197
15;33199
18;33201
14;33203
172;33206
30;33207
190;33245
12;33246
28;33247
38;33248
32;33265
24;33268
29;33273
4;33285
32;33291
165;33297
10;33298
256;33341
95;33342
24;33343
356;33344
25;33351
22;33356
62;33361
2;33373
6;33375
29;33386
163;33387
12;33392
11;33397
22;33430
32;33438
184;33439
12;33441
11;33442
9;33444
9;33464
21;33469
6;33470
51;33471
2;33475
5;33476
11;33481
23;33496
168;33498
11;33533
169;33534
163;33535
18;33537
13;33538
28;33566
23;33571
14;33576
30;33585
7;33588
18;33622
12;33628
26;33629
13;33630
62;33631
42;33632
17;33644
23;33651
158;33652
1;33655
11;33678
11;33681
27;33724
162;33725
44;33726
21;33745
8;33746
9;33747
1;33748
26;33752
14;33756
9;33770
8;33771
1;33772
32;33775
36;33821
33;33822
78;33823
106;33824
34;33842
16;33843
14;33844
18;33855
32;33866
10;33868
28;33872
25;33880
23;33901
36;33917
34;33918
49;33919
72;33920
23;33921
188;33937
12;33938
591;33940
26;33963
30;33965
166;33971
15;33975
16;33977
1;34013
36;34014
30;34015
18;34016
23;34021
32;34033
22;34049
20;34058
31;34060
9;34063
318;34066
12;34067
21;34072
8;34110
1;34111
24;34113
13;34114
37;34116
2;34118
4;34139
157;34145
1;34147
26;34153
18;34165
15;34168
160;34205
64;34207
18;34208
11;34209
19;34212
35;34240
24;34241
5;34248
4;34257
151;34258
48;34264
4;34295
49;34301
26;34302
199;34303
46;34304
7;34323
36;34326
8;34335
3;34343
30;34346
13;34350
14;34360
22;34397
206;34398
50;34399
30;34400
23;34414
11;34417
27;34418
11;34419
7;34420
14;34446
20;34451
6;34454
19;34493
58;34494
59;34495
18;34496
8;34510
7;34521
37;34589
28;34590
15;34591
65;34592
24;34610
24;34622
9;34641
11;34642
1;34645
18;34647
26;34685
57;34686
18;34687
171;34688
167;34703
13;34706
22;34707
35;34709
18;34721
8;34733
16;34741
10;34742
5;34744
8;34759
24;34781
16;34782
44;34783
168;34784
175;34785
21;34786
34;34787
151;34788
15;34799
27;34813
12;34818
45;34819
20;34820
6;34832
10;34833
55;34878
179;34879
37;34881
48;34882
5;34883
12;34884
26;34903
5;34909
183;34910
4;34912
18;34915
40;34917
7;34932
17;34933
26;34936
29;34939
7;34973
47;34974
28;34975
8;34976
16;34991
10;34992
3;34993
25;34994
11;34996
5;35019
38;35020
82;35023
31;35025
1;35028
30;35032
