sums of daily draw-off volumes
120.5
170.8
157.8
156.2
136.5
118
43.8
42.2
144.5
80
45
59
75.2
53.8
51.5
38
181.5
258.8
28.8
176.8
262.8
36
127
53.2
155.5
54.8
43.8
178.5
37.8
32
188.8
150.2
100.5
134.2
107.8
135.2
49.5
96.2
95
195.2
175.8
127
89
91.8
167.5
68
65
233.5
180
145.5
125
109.2
166
202
123.8
143
124.5
53.8
144.5
157.5
101.5
279
454.5
199.8
145.2
68.5
84
152
200.8
94.2
117
128.8
101.8
188.5
70.2
323.8
87.8
120.5
79.8
266.8
357.5
134
261.2
256
165.5
172.8
130.8
169
108.2
99.8
182.2
130.8
168.8
101.5
50.8
189.2
111.2
182.5
116.2
94.5
258.2
34
86.8
199
91.2
57.2
69.8
256
108
108
262
116
119.5
92.5
137.8
83.8
86
144.5
119.5
44.2
87
224.8
149.5
71
113.5
91
148.2
191
108.2
131.2
165.8
66.5
142.8
140
245.2
212.8
143.5
122.8
182.8
82.8
195.8
119.8
95
45.5
45.5
144.5
285.2
74.8
179.5
22.5
62.2
148.8
191
160.8
49
37
76
130.8
38.2
221.5
85.2
183.5
88.8
73.5
153
28.2
39.5
31
57.8
48
95.5
132.8
81.8
95.2
168.5
84
94.2
134.2
129
110
83
128
81
72.2
266.8
64.5
154.5
66.2
95.8
72.5
219.2
69.8
40.2
101.5
119.8
135.5
370.5
63.2
124
52.5
49.8
122.2
94
146.8
81.8
102.2
64.8
32.8
39.2
209.8
85
77.2
141.8
142.8
51.8
120.2
94.5
136.8
76
55
86.8
91.5
148.5
196.2
40.8
222
228
172.8
55.8
55.2
262.8
69.8
60.5
65.8
169.8
127.5
50
35.8
146
129.8
120.5
88
85.5
94.5
56.8
115.8
84
191.2
197
107.8
106.8
291.2
107.8
96
81.5
89.8
47
109
63
28
100
55.2
237.8
77
141
126
49.8
51.8
30.5
107.2
131
112
48.8
31
84.2
71.2
14.8
223.5
51.8
71
91.5
101.2
106
54.5
160.2
147.5
159.2
50.8
119.8
124.2
64.2
82.5
181.2
108
76.8
69.2
84.5
53.8
83
92.2
142.2
132.5
91.8
76.2
125.2
192.8
135.2
272.8
124.2
114.5
35.8
114.2
56
74.8
92.2
112.5
41
146.8
47.5
148.5
217.5
90
84.8
42
187.2
59.5
143
108.8
260.5
167
115.8
229.5
57.5
36.8
64
231.8
95.2
206.8
68.5
53.8
82.2
210.2
225.8
209.5
171.2
98.8
141
265.8
141.5
119
98.5
90.5
107.5
320.2
143.2
76.5
134.8
108.8
106.8
42.2
58
141.5
194
172.8
85.5
sums of draw-off volumes of each hour of the day
125.2
59.8
135.4
73.8
57.5
63.5
7674.2
9511
4253.1
936.5
462.8
2406.5
2542.7
1312.2
1303.1
2026.8
1638.5
1139.7
1680.7
1451.7
2665.7
1888.8
567.8
108.8
sums of draw-off volumes of each hour of weekdays
95.2
38.8
33.4
41
24.3
34.1
6198.4
6598.7
1824.5
414.6
408.7
2175.1
2456.5
1004.6
395.4
417.1
393.6
720.8
1554.4
1097.3
1929.3
1280.6
191.4
31.1
sums of draw-off volumes of each hour of weekend-days
30
21
102
32.8
33.2
29.4
1475.8
2912.3
2428.6
521.9
54.1
231.4
86.2
307.6
907.7
1609.7
1244.9
418.9
126.3
354.4
736.4
608.2
376.4
77.7
holidays of household(s), numbers correspond to day of year
