sums of daily draw-off volumes
126
241.5
134
145.2
300
111.8
156
160.8
176.8
113.8
115.5
129.2
210.2
106.5
134.2
150.8
96.5
120.5
212.2
251.2
265.2
80.2
117.5
55.2
171.8
138.8
189.8
245
189
157.5
156.8
89.2
90.5
112
205
318.2
110.2
166.5
147.5
103
124.8
551.8
64.5
140.2
218.8
336.8
187.5
123.8
166.5
86
133
131.5
184.2
100
147.5
104
207
64.2
160.5
65.8
243.8
132
298.5
264.2
195.2
154.8
123.8
319.5
140.2
79.8
275.8
92
137
211.2
112.5
199
308.2
192.2
153
80.8
285.5
139.5
302.2
204.8
155.8
118.8
101.8
258.5
70.8
392.5
139.8
63
49.8
152
159
54.8
288
206.2
164.2
184.2
92.2
131.5
167.5
161.8
302.2
378
107.2
111.8
64.8
60.5
175.8
231.5
71.8
140.8
201.8
154.5
145.5
99.2
319.5
141
155
139.8
108
125
239.2
233.8
126
252
81.8
124.5
170
315.8
371.5
102
71.2
70
229.8
134.5
158.5
186.5
92
114.8
133.8
133.5
162
191.5
124.8
137
155.2
142.8
36.5
245.5
281.2
173.5
139.5
63.5
141.2
167.5
270.8
145.2
430.8
105.8
113
138.8
83.5
134
159
234.8
125.8
108.8
304.8
234.2
128.2
84.5
86.8
128.2
267.5
62.2
157.8
212.8
131.8
63.2
120.2
293.8
177
124.2
84.2
95.8
110
107.5
211.5
71.2
63.2
223.2
137.8
135.8
187.5
133
96.8
127.2
131.2
204.2
99.5
126.5
111.2
209
113.5
116
155.5
80.8
224.5
52.5
152.2
182.2
169.8
196.5
113.2
101
99.8
63.8
93.8
176
251.2
191.5
99.8
100.5
156.5
143.2
141
146.5
46.8
43.2
164
56.2
126.8
237.8
101.8
105.5
136
242.2
67.8
138
144
212.8
56.5
54.2
184
64
523.2
246.8
170
243.5
336.2
198.8
114.5
220.5
80.5
285
209.2
140.2
167.8
105
69.8
94.8
117.8
106.2
130
107
132.5
155.8
65.2
75.8
171.5
111
193.8
240
105.2
145
146
126.2
197.2
149.2
128
136.5
159.2
149.8
200.5
127.8
224.8
160
79.5
162
119.2
135.5
93
73
47
209
178
286.8
189.5
67.8
230.8
214.8
149.8
124.8
212.2
179
339.2
96.2
175.2
205
65.5
189.2
214.5
113
104
103.2
104.2
190.2
74.8
199.5
258.2
58.5
183.8
139
361.2
120.5
212
212.8
222.8
255.2
257.5
147.8
191.8
190.5
282.2
214
71.5
143.2
153
346.5
193.2
110
108.8
105
82.8
151.5
204
208
69.5
172.2
97.8
134.5
49.5
253.5
125.5
151.5
211.2
159.5
185.2
94.5
176.2
111.2
110.8
sums of draw-off volumes of each hour of the day
187.9
211.6
203.9
175.4
122.2
321.9
9804.0999999
13384
5613.4
1276.4
1022.2
3385.5
3286.7
1118.7
1280.3
2657
2176.9
1885.5
1940.1
2331.3
2594.9
1937.9
857.9
292.3
sums of draw-off volumes of each hour of weekdays
100
94.6
66.5
75
54.8
229.7
7823
9449.8000000
3009.3
481
605
3214.8
3068.9
960.8
444.1
503.6
465.6
1321.3
1515.9
1918.4
1748.6
1206.2
293.5
171.3
sums of draw-off volumes of each hour of weekend-days
87.9
117
137.4
100.4
67.4
92.2
1981.1
3934.2
2604.1
795.4
417.2
170.7
217.8
157.9
836.2
2153.4
1711.3
564.2
424.2
412.9
846.3
731.7
564.4
121
holidays of household(s), numbers correspond to day of year
