8;23
85;29
6;30
10;31
57;32
3;34
8;43
7;49
213;50
21;52
28;57
36;67
2;71
14;74
6;78
11;123
7;125
20;126
50;127
189;128
18;163
19;170
63;171
32;172
27;174
320;175
29;181
20;183
161;184
197;221
24;222
13;223
13;224
27;238
158;241
12;243
17;244
12;248
20;262
3;265
19;276
21;278
24;317
106;318
35;319
39;320
6;326
144;338
4;355
1;360
162;361
8;364
4;365
20;367
3;370
25;372
38;413
29;414
172;415
649;416
163;426
68;435
19;460
33;466
20;467
9;468
26;509
20;510
55;511
22;512
31;513
191;514
29;516
6;542
1;545
1;546
14;548
15;554
12;564
7;565
17;566
25;603
6;605
12;606
1;607
13;609
17;610
170;611
3;619
48;638
165;639
19;641
38;643
7;644
4;657
6;659
13;660
13;661
1;662
35;664
17;665
11;668
169;673
9;701
125;702
185;704
24;723
11;724
19;727
8;739
1;740
23;749
1;751
9;752
5;755
31;756
23;760
75;797
35;798
230;799
69;800
4;801
16;811
16;817
16;832
20;839
28;845
22;846
176;852
6;888
199;893
49;894
32;895
1;896
19;908
18;915
12;916
33;943
13;944
23;946
27;947
23;948
208;989
67;991
82;992
8;1005
10;1009
25;1012
24;1036
2;1038
13;1040
12;1044
11;1047
53;1085
19;1086
45;1087
1;1088
7;1094
22;1106
21;1107
65;1108
34;1120
15;1131
21;1135
165;1137
5;1139
18;1140
14;1142
12;1144
33;1181
16;1182
36;1183
35;1184
39;1186
15;1187
174;1188
18;1190
12;1208
11;1213
6;1214
187;1216
58;1220
170;1226
17;1235
1;1239
13;1243
31;1277
19;1278
4;1279
12;1280
175;1281
2;1283
18;1299
17;1304
10;1306
32;1309
27;1312
8;1320
26;1330
1;1331
4;1338
20;1340
20;1342
47;1374
42;1375
322;1376
4;1378
15;1393
10;1395
15;1402
11;1410
3;1411
34;1412
6;1422
28;1426
58;1469
238;1470
115;1471
60;1472
14;1490
19;1491
28;1516
21;1519
16;1523
34;1531
20;1564
41;1565
95;1566
33;1567
90;1568
38;1579
38;1586
8;1587
8;1613
15;1614
5;1655
53;1661
82;1662
38;1663
29;1664
27;1681
32;1682
163;1684
6;1693
8;1707
24;1709
2;1715
13;1718
17;1744
48;1757
14;1758
574;1759
30;1760
12;1766
18;1769
9;1777
22;1778
25;1784
22;1787
5;1802
37;1805
14;1810
2;1814
8;1832
6;1846
23;1853
33;1854
345;1855
39;1856
228;1858
5;1859
16;1866
1;1870
32;1876
31;1882
44;1885
26;1888
51;1889
7;1890
6;1891
19;1892
4;1907
26;1909
14;1912
41;1915
28;1938
32;1940
5;1949
176;1951
19;1952
45;1953
59;1955
7;1956
24;1974
18;1979
15;1982
2;1983
169;1984
184;1985
28;1986
40;1987
27;1988
162;1998
6;2009
15;2011
6;2019
10;2036
55;2045
65;2046
33;2047
20;2048
21;2058
13;2066
13;2093
33;2096
20;2099
32;2101
10;2128
38;2141
12;2142
36;2143
48;2144
1;2159
6;2161
10;2162
34;2163
195;2164
32;2178
28;2180
13;2186
5;2193
2;2197
22;2237
23;2238
6;2239
25;2240
20;2257
11;2258
2;2260
28;2270
33;2274
15;2285
12;2287
24;2296
238;2333
17;2334
76;2335
72;2336
6;2337
16;2356
40;2362
26;2374
24;2375
165;2378
4;2380
3;2390
13;2407
27;2429
51;2430
9;2432
7;2434
6;2441
3;2450
35;2452
148;2454
43;2473
183;2477
15;2481
5;2483
7;2484
3;2493
21;2525
22;2527
24;2528
1;2530
164;2531
9;2532
28;2556
18;2557
176;2559
153;2561
5;2562
10;2563
2;2578
34;2579
20;2580
33;2582
35;2585
4;2588
32;2601
166;2621
67;2622
19;2624
1;2625
38;2626
7;2628
161;2635
164;2641
5;2652
22;2656
2;2658
18;2660
32;2670
10;2676
26;2677
35;2678
175;2681
38;2707
154;2717
59;2718
27;2719
230;2720
180;2737
11;2738
12;2740
7;2751
7;2754
1;2755
18;2759
12;2774
35;2813
32;2814
199;2815
198;2816
12;2834
23;2858
40;2864
7;2865
10;2867
74;2871
167;2909
29;2910
213;2911
29;2912
13;2929
44;2930
4;2931
11;2932
40;2955
6;2959
13;2960
25;2963
20;2965
13;2968
10;2994
40;3005
41;3006
43;3007
19;3008
8;3021
48;3025
28;3026
22;3043
5;3049
31;3051
14;3056
39;3057
9;3063
58;3101
217;3102
45;3103
10;3123
25;3124
7;3138
22;3195
23;3197
62;3199
12;3200
47;3204
12;3205
3;3217
4;3227
31;3229
11;3230
164;3233
7;3235
22;3239
20;3253
8;3254
160;3294
53;3295
185;3296
157;3297
44;3298
36;3299
2;3300
11;3311
29;3325
42;3328
5;3329
27;3346
21;3352
48;3353
624;3389
56;3390
35;3391
73;3392
30;3402
15;3405
173;3409
10;3431
21;3436
28;3440
24;3443
166;3444
18;3448
30;3485
24;3486
40;3487
78;3488
20;3505
11;3519
6;3533
28;3534
1;3537
159;3539
9;3541
35;3544
47;3581
224;3582
56;3583
6;3584
29;3593
9;3598
153;3600
3;3601
18;3602
20;3603
13;3604
32;3626
8;3627
23;3628
14;3629
6;3637
2;3639
3;3640
9;3666
10;3677
79;3678
29;3679
102;3680
24;3689
2;3691
21;3692
182;3697
24;3700
11;3708
20;3716
28;3723
4;3725
12;3730
33;3733
54;3773
78;3774
52;3775
84;3776
11;3778
22;3793
33;3795
35;3796
37;3804
1;3829
5;3831
17;3841
21;3869
21;3870
11;3871
214;3873
9;3874
68;3875
36;3876
4;3883
6;3902
4;3904
3;3905
1;3906
38;3908
26;3922
20;3926
35;3955
17;3962
40;3965
37;3967
32;3968
331;3969
3;3970
598;3971
168;3972
16;3977
162;3988
17;3998
40;3999
16;4000
1;4001
24;4002
26;4003
565;4004
22;4018
34;4019
23;4021
77;4061
31;4062
55;4063
7;4064
12;4065
12;4069
5;4081
4;4082
10;4083
12;4112
20;4114
6;4116
7;4118
75;4157
3;4158
150;4159
184;4160
15;4179
20;4201
29;4205
25;4206
21;4210
33;4211
6;4215
26;4236
145;4253
37;4254
80;4255
7;4273
154;4274
154;4275
24;4276
2;4289
15;4302
18;4303
2;4307
49;4311
162;4312
43;4349
31;4350
35;4351
780;4352
85;4369
18;4372
15;4374
6;4375
1;4400
50;4401
26;4402
36;4403
168;4404
16;4405
5;4407
32;4408
215;4446
190;4447
17;4448
167;4466
20;4467
20;4468
15;4472
16;4485
13;4486
25;4496
7;4498
30;4499
3;4501
12;4502
21;4534
1;4541
8;4542
25;4543
24;4544
40;4547
36;4548
8;4556
21;4573
27;4574
196;4576
2;4578
28;4580
4;4589
28;4594
11;4597
15;4603
46;4637
8;4638
154;4639
52;4640
21;4642
12;4648
25;4660
9;4665
19;4669
31;4670
1;4671
19;4672
14;4674
11;4675
25;4676
2;4682
161;4692
10;4696
39;4699
7;4700
54;4733
26;4734
73;4735
24;4736
25;4753
15;4754
29;4755
22;4756
7;4760
14;4779
24;4785
26;4788
5;4792
50;4830
173;4831
56;4849
32;4852
10;4857
172;4878
7;4879
32;4888
4;4925
69;4926
168;4927
202;4928
2;4951
18;4964
16;4969
14;4975
10;4978
7;4981
16;4982
191;5021
190;5023
66;5024
24;5027
11;5031
2;5041
21;5042
19;5051
1;5059
33;5068
14;5075
159;5076
6;5079
5;5093
61;5117
71;5118
20;5119
79;5120
5;5125
27;5138
17;5140
16;5146
37;5150
4;5151
20;5154
3;5156
9;5159
15;5161
11;5164
26;5213
32;5214
14;5216
15;5217
8;5219
46;5220
4;5229
3;5246
16;5249
13;5250
2;5253
6;5258
7;5265
12;5267
160;5270
187;5272
11;5273
28;5276
60;5309
25;5311
1;5312
56;5313
81;5314
39;5315
10;5331
7;5337
23;5345
38;5346
7;5350
25;5361
13;5364
10;5365
21;5372
149;5404
34;5405
110;5406
55;5407
31;5408
8;5414
37;5428
16;5433
22;5435
149;5449
33;5450
27;5456
157;5458
23;5501
37;5502
35;5503
34;5504
43;5521
6;5522
20;5527
24;5546
9;5552
2;5553
19;5554
5;5560
33;5597
1;5598
33;5599
104;5600
20;5609
14;5615
69;5620
150;5622
20;5629
2;5643
23;5647
146;5649
8;5651
17;5652
2;5653
40;5693
9;5694
19;5695
38;5696
26;5707
6;5713
19;5715
13;5737
26;5738
21;5741
20;5744
26;5747
28;5768
159;5789
202;5790
3;5791
328;5792
1;5809
199;5810
31;5812
10;5817
7;5827
7;5846
33;5862
152;5885
8;5886
16;5887
35;5888
39;5891
3;5918
22;5919
29;5921
17;5923
174;5932
12;5966
27;5968
21;5982
80;5983
79;5984
72;5985
19;5987
11;6001
157;6002
4;6015
18;6020
31;6023
19;6025
561;6033
33;6036
1;6038
16;6039
33;6043
12;6060
23;6067
27;6077
316;6078
26;6079
52;6080
184;6097
159;6098
31;6102
17;6121
5;6127
174;6132
31;6134
32;6174
37;6175
203;6176
11;6182
31;6183
6;6190
79;6193
164;6195
3;6202
9;6213
4;6218
3;6222
19;6223
7;6226
12;6230
161;6236
113;6269
47;6270
23;6271
55;6272
31;6275
23;6290
67;6292
31;6299
36;6310
31;6316
161;6323
1;6326
2;6365
107;6366
31;6367
30;6368
7;6370
1;6378
1;6381
30;6385
5;6386
2;6387
26;6388
32;6396
8;6412
19;6413
17;6415
1;6421
17;6424
159;6430
32;6461
420;6462
102;6463
202;6464
1;6478
162;6481
159;6482
60;6483
20;6484
13;6491
6;6502
20;6505
20;6508
13;6513
48;6520
28;6554
17;6557
76;6558
32;6559
31;6560
39;6561
44;6562
46;6563
5;6570
20;6592
28;6604
167;6610
25;6617
3;6618
19;6641
34;6653
16;6654
36;6657
1;6658
33;6659
56;6660
8;6669
23;6674
35;6685
4;6687
6;6689
21;6690
27;6708
59;6749
30;6750
192;6751
425;6752
7;6769
39;6770
22;6772
31;6775
3;6793
58;6795
3;6799
1;6803
26;6804
207;6808
51;6845
6;6846
154;6847
27;6848
12;6862
52;6865
18;6866
19;6867
8;6868
7;6887
3;6890
7;6891
4;6900
10;6941
135;6942
55;6943
45;6944
160;6952
28;6961
26;6962
26;6963
31;6970
9;6992
18;6993
5;6999
256;7037
193;7038
40;7039
50;7040
28;7059
9;7060
13;7064
35;7075
21;7082
150;7083
25;7092
25;7096
23;7134
14;7135
163;7136
33;7137
26;7139
6;7147
10;7153
16;7154
53;7156
24;7177
1;7178
8;7180
28;7185
22;7186
13;7188
10;7190
21;7229
166;7230
82;7232
11;7233
80;7234
33;7235
104;7236
5;7242
175;7263
8;7266
16;7267
32;7268
19;7280
42;7281
2;7287
13;7318
51;7325
54;7327
29;7329
55;7330
58;7331
176;7332
4;7338
35;7351
25;7352
39;7359
589;7360
50;7361
1;7362
9;7369
20;7372
11;7375
14;7380
34;7421
2;7422
576;7424
21;7426
6;7442
19;7457
9;7461
16;7462
10;7463
36;7476
40;7479
10;7500
17;7502
153;7511
196;7517
6;7518
104;7519
40;7520
8;7537
2;7538
5;7550
8;7561
13;7566
10;7570
37;7571
3;7573
36;7613
46;7614
31;7615
19;7616
26;7618
7;7623
23;7624
53;7633
16;7634
10;7635
3;7638
40;7659
2;7661
11;7663
28;7704
8;7706
82;7710
28;7711
82;7712
165;7727
41;7729
35;7730
5;7732
165;7749
162;7761
151;7763
168;7766
22;7768
22;7805
25;7806
38;7807
6;7808
6;7809
154;7817
160;7826
30;7828
22;7852
22;7854
23;7855
21;7858
3;7860
2;7863
24;7864
179;7901
65;7902
36;7903
13;7904
163;7905
29;7906
30;7907
195;7908
5;7912
1;7916
12;7924
21;7934
156;7936
41;7937
5;7938
20;7939
36;7940
173;7947
18;7955
11;7958
22;7986
203;7997
34;7999
9;8001
9;8002
34;8003
163;8004
8;8020
40;8030
166;8032
1;8033
2;8035
12;8042
2;8044
8;8047
17;8050
15;8051
22;8052
7;8056
16;8057
29;8059
5;8093
58;8094
176;8095
40;8096
13;8098
14;8101
4;8114
37;8116
163;8118
29;8125
1;8140
27;8141
15;8142
4;8146
37;8151
31;8165
9;8187
52;8190
58;8191
64;8192
22;8198
19;8199
4;8204
9;8211
176;8212
7;8221
5;8235
8;8239
11;8247
1;8263
45;8285
50;8286
23;8287
31;8288
39;8305
17;8306
5;8316
162;8325
12;8328
22;8331
41;8381
344;8382
211;8383
52;8384
6;8386
21;8400
21;8401
18;8402
15;8403
40;8404
21;8414
6;8420
15;8425
158;8426
19;8428
7;8430
2;8432
37;8439
37;8478
131;8479
33;8480
14;8497
37;8498
15;8531
16;8540
12;8552
18;8558
37;8573
180;8574
22;8576
25;8577
23;8578
50;8579
726;8580
7;8605
17;8607
162;8609
31;8610
22;8612
7;8613
10;8625
22;8627
5;8630
27;8631
167;8634
12;8654
15;8665
35;8666
163;8668
6;8670
36;8671
31;8672
16;8686
5;8697
11;8698
37;8699
18;8700
36;8702
48;8716
30;8717
30;8720
13;8721
7;8725
10;8728
2;8741
51;8761
69;8763
18;8764
15;8783
13;8784
8;8790
26;8795
1;8806
26;8807
13;8809
10;8817
4;8858
5;8859
62;8860
15;8862
10;8868
8;8871
8;8878
5;8879
30;8880
13;8901
9;8905
10;8908
20;8912
63;8953
11;8954
30;8955
177;8956
37;8972
45;8973
148;8974
16;8993
13;8997
20;9007
48;9012
23;9038
109;9049
21;9050
15;9051
181;9052
18;9054
8;9066
29;9069
29;9070
24;9071
27;9072
17;9073
3;9093
16;9095
24;9103
24;9104
23;9107
45;9108
1;9134
59;9147
22;9148
12;9150
20;9161
26;9165
18;9166
14;9174
27;9189
20;9190
4;9226
145;9227
32;9241
16;9242
27;9243
154;9244
50;9245
164;9246
46;9247
67;9248
151;9250
10;9272
4;9273
4;9274
45;9277
170;9278
18;9296
37;9297
8;9299
34;9322
17;9333
211;9337
32;9340
7;9342
9;9357
13;9369
15;9370
32;9372
157;9373
13;9374
190;9376
20;9385
9;9393
12;9396
35;9398
8;9400
11;9402
207;9434
25;9435
45;9436
189;9453
21;9454
9;9456
32;9469
24;9479
2;9482
7;9484
32;9487
37;9488
27;9490
33;9529
70;9530
1;9531
9;9532
25;9533
30;9550
160;9551
162;9552
27;9556
13;9557
8;9568
18;9569
10;9573
6;9574
155;9575
10;9582
63;9625
156;9626
44;9627
40;9628
4;9640
29;9647
10;9675
23;9676
79;9721
7;9722
229;9723
23;9738
39;9741
10;9742
41;9743
46;9744
17;9747
5;9773
8;9774
22;9776
185;9817
89;9818
8;9819
66;9820
25;9828
29;9829
176;9837
27;9838
19;9839
18;9865
28;9875
26;9892
64;9913
56;9914
25;9915
154;9916
69;9917
21;9918
34;9919
9;9945
24;9946
13;9947
22;9948
20;9949
29;9950
7;9952
4;9959
31;9966
19;9967
20;9980
613;10010
9;10012
64;10013
101;10014
19;10015
20;10019
5;10021
164;10022
33;10036
35;10040
62;10041
2;10042
15;10045
27;10048
11;10061
4;10062
21;10063
4;10065
5;10105
175;10106
74;10107
33;10108
1;10119
172;10124
166;10125
4;10128
15;10133
8;10137
548;10140
74;10149
18;10159
161;10160
4;10162
32;10163
22;10164
25;10201
190;10202
58;10203
29;10204
42;10221
33;10222
34;10251
4;10254
14;10259
15;10297
198;10298
96;10299
72;10300
22;10302
9;10319
3;10323
4;10342
16;10345
7;10351
5;10354
13;10393
34;10394
37;10395
40;10396
17;10399
40;10413
27;10414
33;10416
1;10421
15;10443
2;10446
30;10489
52;10490
12;10491
59;10492
28;10495
2;10502
22;10512
18;10534
19;10544
25;10579
11;10586
20;10587
44;10588
96;10589
17;10590
189;10591
8;10592
47;10617
155;10621
15;10622
30;10624
12;10637
10;10641
20;10643
4;10646
56;10682
47;10683
187;10684
43;10685
53;10686
200;10688
1;10694
28;10707
8;10713
14;10715
22;10717
38;10718
28;10719
15;10720
21;10730
3;10734
162;10739
56;10777
37;10778
21;10779
3;10780
8;10797
33;10798
19;10799
8;10806
8;10811
35;10825
17;10826
8;10827
34;10831
67;10873
74;10874
26;10875
46;10876
159;10887
31;10893
9;10894
25;10895
18;10896
30;10924
25;10926
7;10929
11;10932
35;10942
23;10961
29;10969
95;10970
186;10971
6;10972
24;10989
32;10990
9;10991
155;10992
12;10995
16;11006
156;11009
3;11019
24;11023
26;11025
6;11034
5;11036
93;11065
18;11066
10;11067
71;11068
163;11078
173;11085
18;11087
31;11088
34;11109
2;11114
5;11119
98;11161
55;11162
154;11163
42;11164
14;11181
42;11184
2;11199
150;11204
1;11212
7;11215
17;11216
59;11257
48;11259
5;11260
23;11261
30;11263
26;11270
7;11271
34;11282
21;11284
17;11290
18;11291
30;11292
30;11293
23;11294
14;11299
12;11323
11;11337
4;11340
33;11353
162;11355
615;11356
15;11358
44;11359
44;11360
4;11376
4;11385
16;11388
23;11389
35;11390
177;11392
9;11400
10;11409
5;11410
13;11412
27;11414
27;11415
78;11449
135;11450
65;11451
36;11452
167;11453
2;11454
2;11471
17;11488
27;11491
1;11499
32;11502
2;11507
28;11545
158;11546
19;11547
161;11565
155;11567
31;11576
26;11581
7;11589
7;11592
16;11602
12;11603
34;11641
11;11642
32;11643
194;11644
174;11662
5;11663
35;11664
30;11668
4;11673
22;11678
18;11697
64;11737
57;11739
19;11740
180;11757
6;11773
26;11774
27;11776
10;11781
17;11795
26;11801
48;11833
10;11834
57;11835
18;11836
168;11853
7;11855
2;11856
10;11861
19;11865
20;11869
39;11875
3;11884
1;11885
23;11886
75;11887
173;11915
25;11929
13;11930
200;11932
77;11933
12;11934
11;11935
22;11936
51;11939
35;11947
18;11949
16;11963
82;11965
158;11980
2;11981
4;11987
31;11990
27;11993
49;12026
4;12027
43;12028
55;12029
578;12030
14;12031
14;12032
39;12044
13;12057
10;12060
12;12062
9;12063
1;12064
21;12068
28;12071
6;12078
36;12080
3;12082
76;12121
54;12122
15;12123
186;12124
39;12139
23;12142
13;12144
56;12146
6;12148
11;12168
5;12172
20;12178
42;12217
22;12218
33;12219
153;12220
17;12237
572;12238
40;12239
28;12250
45;12261
7;12269
29;12270
20;12276
169;12313
42;12315
15;12316
12;12334
7;12335
5;12342
10;12364
16;12366
11;12367
17;12369
23;12370
174;12409
28;12411
14;12412
13;12416
26;12430
24;12431
2;12456
15;12457
166;12460
17;12464
19;12465
86;12505
151;12506
5;12507
181;12508
24;12511
5;12512
2;12516
14;12524
7;12526
156;12531
34;12551
15;12559
21;12593
187;12601
20;12602
13;12603
558;12604
8;12605
4;12606
174;12607
45;12608
6;12614
31;12621
9;12624
25;12627
24;12636
3;12637
53;12640
25;12643
3;12650
11;12652
19;12653
9;12654
15;12658
32;12697
6;12698
17;12699
33;12700
52;12701
54;12702
18;12703
10;12709
14;12723
46;12729
19;12730
164;12731
42;12734
13;12741
167;12742
27;12745
559;12746
173;12747
8;12753
5;12754
27;12758
80;12793
28;12796
7;12803
25;12813
13;12814
13;12815
159;12816
9;12820
32;12839
16;12842
9;12843
2;12846
15;12849
38;12890
95;12891
22;12892
24;12909
3;12911
34;12912
26;12943
7;12944
36;12948
28;12969
23;12985
61;12986
50;12987
15;12989
28;13005
7;13007
30;13030
18;13033
18;13040
2;13042
22;13081
301;13082
199;13083
92;13084
24;13085
10;13089
19;13101
33;13102
7;13104
166;13112
6;13125
18;13131
22;13136
7;13177
40;13178
195;13179
181;13180
5;13199
44;13200
14;13224
8;13225
22;13226
17;13229
5;13236
28;13273
12;13275
10;13278
16;13279
27;13281
7;13282
11;13295
18;13306
20;13307
26;13308
162;13309
47;13311
22;13326
4;13327
154;13331
16;13334
17;13335
22;13336
15;13344
17;13367
49;13369
24;13370
212;13371
188;13372
5;13374
1;13375
1;13376
11;13389
19;13391
25;13402
40;13403
39;13404
70;13405
39;13408
2;13425
4;13432
8;13441
62;13465
32;13466
52;13467
33;13468
11;13469
28;13471
35;13474
20;13485
13;13486
40;13487
34;13488
10;13552
28;13561
40;13562
41;13563
28;13564
2;13568
8;13574
15;13582
9;13584
20;13592
22;13608
167;13611
30;13612
15;13616
6;13618
18;13630
54;13657
156;13658
32;13659
50;13660
48;13677
12;13678
45;13679
34;13680
1;13683
9;13695
5;13701
48;13703
41;13704
40;13753
43;13754
170;13755
79;13756
51;13773
49;13774
2;13775
18;13776
11;13782
14;13783
7;13798
32;13799
5;13801
5;13806
8;13822
1;13830
10;13839
22;13849
361;13850
62;13851
21;13852
25;13861
36;13870
47;13871
34;13872
24;13899
5;13905
168;13945
66;13946
5;13947
13;13948
49;13949
14;13950
57;13951
1;13967
36;13969
6;13981
21;13982
35;13984
171;13989
36;13998
52;14001
22;14006
14;14008
34;14028
10;14041
12;14043
42;14044
8;14045
20;14046
29;14047
155;14048
27;14057
13;14061
27;14073
63;14076
25;14080
16;14098
5;14099
13;14100
23;14137
51;14138
19;14139
2;14146
21;14157
9;14159
187;14160
36;14175
160;14182
12;14185
28;14186
14;14233
28;14234
51;14235
409;14236
2;14255
36;14262
37;14279
9;14282
12;14283
23;14287
178;14330
27;14331
15;14332
9;14349
154;14350
14;14351
7;14379
167;14383
2;14425
18;14426
34;14427
25;14428
11;14445
5;14447
3;14456
20;14471
8;14477
20;14483
162;14500
250;14521
353;14522
53;14523
40;14524
1;14538
40;14544
27;14561
17;14566
12;14568
27;14577
21;14600
1;14602
18;14611
13;14617
59;14618
12;14619
17;14620
20;14621
188;14624
37;14629
23;14630
5;14640
43;14649
8;14650
20;14651
30;14652
554;14654
14;14655
20;14672
22;14675
167;14694
177;14714
11;14715
24;14716
36;14717
25;14720
15;14739
7;14746
9;14747
164;14755
7;14760
20;14767
11;14769
4;14773
17;14782
56;14809
167;14810
15;14811
174;14812
6;14829
24;14830
3;14831
4;14833
22;14840
24;14844
23;14848
9;14855
28;14859
3;14861
47;14905
7;14906
5;14907
28;14908
10;14909
5;14913
39;14920
33;14925
9;14926
1;14954
12;14956
28;14958
30;14968
60;15001
44;15002
53;15003
34;15004
54;15021
46;15022
172;15023
23;15024
21;15030
5;15033
5;15048
5;15054
27;15056
16;15057
8;15085
22;15092
17;15097
29;15098
241;15099
48;15100
12;15103
36;15119
27;15120
151;15127
10;15146
18;15147
11;15148
19;15153
21;15165
17;15193
84;15194
213;15195
203;15196
20;15213
47;15214
152;15216
14;15237
154;15239
21;15240
158;15246
19;15275
60;15289
12;15291
8;15293
146;15295
32;15297
15;15304
5;15308
24;15314
12;15315
34;15321
16;15322
3;15323
14;15324
5;15326
92;15327
24;15336
21;15343
3;15345
36;15348
9;15386
11;15387
3;15388
10;15389
16;15390
369;15392
62;15417
41;15418
9;15419
71;15420
32;15421
40;15422
51;15423
148;15425
28;15435
11;15437
25;15438
64;15441
723;15444
81;15481
62;15482
61;15483
73;15484
10;15501
20;15502
6;15504
19;15513
17;15515
15;15522
23;15528
28;15533
8;15540
107;15577
11;15578
45;15580
10;15592
15;15597
2;15600
9;15606
28;15622
4;15623
11;15625
186;15626
4;15627
20;15633
3;15655
38;15673
43;15674
161;15675
20;15676
161;15679
43;15693
35;15694
22;15696
29;15732
11;15769
62;15770
75;15771
42;15772
1;15788
30;15792
1;15794
13;15796
36;15812
3;15815
21;15820
24;15823
15;15828
262;15865
3;15866
44;15867
47;15868
24;15876
8;15880
34;15885
19;15886
14;15890
15;15902
17;15904
15;15909
1;15913
6;15921
27;15923
29;15938
7;15961
15;15963
74;15964
50;15965
53;15966
34;15967
32;15968
16;15974
32;15983
8;15985
2;15995
4;15996
20;15997
31;15998
169;15999
38;16016
18;16018
4;16024
4;16044
31;16057
207;16058
12;16059
8;16060
29;16061
28;16062
39;16063
42;16064
32;16066
26;16083
11;16089
153;16090
1;16092
158;16096
5;16101
26;16102
13;16103
12;16110
21;16111
5;16116
35;16117
17;16119
24;16120
30;16143
27;16148
32;16153
57;16154
31;16155
15;16156
14;16159
3;16173
39;16175
2;16176
29;16183
24;16185
178;16197
22;16205
163;16250
117;16251
23;16252
19;16254
21;16259
10;16270
8;16272
4;16285
11;16294
21;16296
12;16302
4;16306
22;16307
66;16345
30;16346
88;16347
51;16348
560;16352
19;16355
18;16364
151;16367
158;16373
4;16383
25;16387
29;16389
2;16393
18;16401
61;16441
14;16442
47;16443
341;16444
10;16446
27;16449
35;16461
5;16462
7;16476
181;16488
9;16491
181;16497
19;16501
4;16515
172;16537
25;16538
84;16539
8;16549
15;16557
150;16558
10;16559
2;16560
6;16566
4;16567
2;16575
16;16582
4;16589
11;16595
10;16621
47;16634
38;16636
21;16638
12;16639
63;16640
27;16648
27;16656
13;16667
21;16668
7;16671
5;16672
3;16679
18;16685
10;16691
8;16692
8;16693
43;16729
38;16730
9;16731
72;16732
20;16733
19;16735
8;16737
11;16746
23;16763
14;16766
7;16767
18;16775
18;16778
4;16782
3;16784
40;16792
25;16825
39;16826
76;16828
27;16845
196;16847
4;16850
17;16851
27;16853
18;16870
34;16872
37;16873
5;16877
8;16883
4;16921
351;16922
208;16923
228;16924
7;16941
20;16944
16;16950
19;16967
31;16972
3;16975
164;16976
19;16978
22;17017
48;17018
10;17019
24;17020
30;17023
16;17028
15;17034
24;17039
25;17041
13;17061
14;17067
8;17071
233;17113
33;17114
28;17115
14;17116
47;17133
40;17134
7;17138
22;17157
20;17158
159;17162
1;17164
13;17166
7;17167
7;17170
35;17209
21;17210
40;17211
58;17212
2;17219
56;17230
5;17231
4;17232
31;17251
21;17253
10;17257
568;17261
28;17305
5;17306
2;17307
40;17308
46;17309
10;17310
3;17311
4;17312
6;17335
32;17339
52;17340
198;17341
15;17351
13;17355
1;17359
9;17360
21;17367
42;17368
11;17401
26;17405
1;17406
44;17407
31;17408
11;17422
6;17424
19;17430
3;17433
2;17434
23;17435
7;17437
13;17438
21;17439
6;17440
27;17448
2;17453
194;17497
58;17499
61;17500
19;17511
27;17519
23;17538
17;17539
1;17542
9;17544
26;17545
33;17547
13;17555
30;17593
615;17594
40;17595
182;17596
3;17613
21;17615
12;17632
14;17635
19;17643
34;17644
8;17647
25;17648
12;17650
4;17652
156;17662
5;17685
86;17690
336;17691
6;17695
2;17709
15;17710
44;17711
26;17712
1;17724
8;17737
157;17743
17;17745
5;17746
1;17772
68;17785
92;17787
35;17788
30;17791
24;17800
13;17806
30;17808
25;17813
4;17816
153;17821
5;17831
8;17842
9;17843
29;17881
50;17882
177;17883
14;17884
20;17901
6;17904
8;17907
13;17917
5;17926
1;17929
14;17938
30;17975
6;17977
60;17978
16;17979
71;17980
22;17981
24;17982
13;17983
86;17984
27;18006
4;18010
22;18013
2;18015
15;18065
17;18073
4;18074
33;18075
6;18076
8;18077
158;18079
32;18094
17;18101
6;18105
26;18111
16;18119
24;18125
20;18128
22;18134
28;18135
8;18144
3;18150
25;18169
168;18170
2;18171
20;18172
14;18190
31;18191
25;18193
31;18210
1;18213
36;18215
28;18220
27;18221
19;18223
47;18265
37;18266
55;18267
255;18268
15;18281
192;18286
30;18302
3;18316
168;18317
33;18319
11;18323
7;18361
38;18362
82;18363
48;18364
3;18379
4;18382
30;18383
9;18394
19;18405
11;18408
5;18416
29;18420
29;18457
48;18458
42;18460
20;18467
17;18479
17;18484
24;18501
33;18502
6;18510
12;18513
5;18516
4;18549
50;18553
193;18554
29;18555
177;18556
2;18558
22;18565
6;18566
2;18573
155;18582
29;18587
171;18597
10;18601
8;18605
8;18611
27;18621
4;18643
29;18650
29;18652
192;18653
13;18654
28;18655
25;18656
7;18673
8;18684
5;18685
9;18686
20;18687
12;18688
14;18697
35;18701
11;18704
4;18707
28;18708
25;18710
17;18711
35;18712
1;18714
4;18723
28;18727
148;18746
10;18747
28;18748
4;18750
150;18760
14;18776
19;18777
9;18779
1;18780
20;18781
27;18782
17;18797
9;18798
10;18799
12;18800
16;18805
17;18808
175;18841
201;18843
259;18844
17;18849
7;18862
26;18876
7;18889
32;18892
19;18898
7;18904
187;18937
53;18938
34;18939
6;18940
8;18947
16;18954
14;18955
35;18957
5;18958
61;18959
5;18960
13;18981
3;18982
55;18986
17;18992
12;18993
8;18995
45;19033
78;19034
18;19035
46;19036
2;19047
15;19054
31;19055
8;19072
144;19088
29;19129
41;19130
9;19131
171;19132
11;19142
17;19146
9;19150
33;19152
3;19159
15;19172
3;19177
14;19180
154;19181
17;19225
28;19226
6;19227
197;19228
19;19232
5;19246
24;19247
12;19254
4;19258
161;19260
17;19270
4;19272
31;19278
34;19305
236;19321
10;19322
35;19323
7;19324
36;19325
180;19327
30;19328
10;19341
15;19353
16;19354
15;19355
32;19357
20;19358
11;19359
26;19360
19;19369
10;19371
15;19373
8;19374
27;19376
25;19381
19;19393
44;19417
41;19418
22;19420
10;19421
6;19422
15;19423
45;19424
21;19429
12;19440
13;19449
19;19450
18;19451
50;19453
5;19454
20;19455
13;19472
19;19479
6;19480
23;19510
27;19513
159;19514
34;19515
163;19516
3;19533
31;19534
26;19535
9;19552
31;19564
13;19609
75;19610
52;19611
30;19612
20;19613
15;19637
10;19648
148;19652
44;19666
38;19668
59;19705
10;19706
28;19707
229;19708
10;19721
192;19725
30;19728
3;19730
33;19735
19;19746
27;19754
16;19758
163;19759
17;19763
26;19801
56;19802
39;19803
210;19804
30;19810
41;19821
22;19822
30;19849
197;19897
2;19898
3;19899
169;19916
12;19919
33;19920
12;19941
25;19945
11;19946
17;19975
29;19982
18;19993
21;19995
34;19996
59;19997
2;19998
15;19999
26;20000
50;20027
38;20029
5;20031
51;20032
33;20034
160;20039
12;20045
18;20055
34;20056
6;20084
7;20088
19;20089
12;20090
26;20092
17;20094
99;20095
11;20105
18;20109
26;20124
12;20126
24;20142
38;20144
4;20147
4;20149
26;20185
112;20186
350;20187
32;20188
59;20205
13;20206
20;20207
43;20208
16;20229
31;20231
17;20234
158;20239
21;20241
14;20265
67;20281
1;20282
12;20283
16;20296
25;20302
30;20304
22;20325
20;20328
3;20333
15;20377
21;20378
151;20380
146;20381
10;20389
148;20399
53;20406
7;20425
9;20427
32;20428
15;20431
2;20434
45;20473
22;20474
34;20475
361;20476
23;20492
188;20496
4;20511
19;20517
19;20524
14;20532
43;20569
90;20570
36;20571
7;20572
11;20575
3;20577
5;20589
168;20590
20;20591
18;20604
22;20618
15;20624
208;20626
3;20627
30;20628
200;20665
47;20666
60;20667
21;20668
29;20669
12;20670
3;20671
42;20688
4;20697
4;20698
7;20699
15;20700
31;20701
13;20702
31;20703
10;20704
27;20720
6;20724
25;20725
168;20726
31;20727
9;20737
153;20761
36;20762
18;20763
11;20764
80;20765
21;20766
14;20767
20;20768
10;20791
26;20795
1;20799
28;20800
1;20804
10;20814
15;20821
10;20857
41;20858
22;20859
94;20860
12;20866
8;20877
13;20878
2;20879
5;20880
14;20884
11;20904
5;20911
167;20914
16;20953
20;20954
23;20955
9;20956
41;20985
6;20987
34;20991
3;20997
14;20998
51;21001
161;21006
11;21007
4;21010
6;21011
21;21049
34;21051
60;21052
11;21066
12;21069
5;21070
16;21071
31;21072
25;21081
34;21093
5;21103
1;21104
32;21145
1;21146
26;21147
214;21148
6;21165
11;21166
7;21168
19;21170
37;21171
6;21186
7;21190
9;21197
182;21241
319;21242
32;21243
18;21244
12;21261
5;21262
10;21267
32;21277
1;21285
9;21288
29;21291
15;21295
6;21296
34;21312
155;21318
20;21324
33;21337
79;21338
5;21339
41;21340
32;21341
17;21342
66;21343
155;21355
26;21369
131;21371
7;21375
17;21377
16;21387
156;21395
24;21398
25;21406
156;21411
178;21433
29;21434
25;21435
159;21436
1;21438
42;21439
7;21440
1;21454
17;21465
30;21466
32;21470
35;21471
22;21472
28;21473
4;21474
31;21529
55;21530
6;21531
183;21532
15;21540
10;21549
25;21550
5;21551
29;21552
3;21565
32;21580
5;21588
18;21601
169;21625
8;21626
68;21627
10;21628
6;21636
13;21640
18;21642
21;21648
26;21666
16;21682
29;21695
32;21722
218;21723
178;21724
17;21728
2;21741
7;21742
28;21747
9;21755
1;21756
10;21758
3;21764
61;21765
9;21766
16;21770
9;21774
26;21780
189;21817
44;21818
14;21819
202;21820
19;21838
26;21839
4;21840
4;21861
6;21865
28;21870
37;21875
56;21913
177;21915
215;21916
16;21921
25;21934
12;21943
4;21947
20;21960
13;21962
8;21963
18;21969
41;22009
46;22010
194;22011
165;22016
3;22027
16;22030
35;22037
2;22038
14;22040
19;22041
17;22046
11;22048
23;22063
22;22101
6;22105
14;22108
10;22109
6;22110
10;22112
5;22132
10;22135
3;22137
12;22138
11;22139
4;22141
5;22142
25;22159
44;22160
13;22196
18;22202
25;22203
38;22204
10;22228
7;22248
15;22253
12;22254
9;22255
26;22260
198;22297
50;22298
33;22299
4;22300
37;22305
9;22309
19;22317
93;22318
10;22320
7;22329
162;22336
25;22348
9;22355
28;22393
11;22395
41;22396
21;22416
21;22419
21;22429
7;22439
28;22440
23;22442
24;22449
28;22489
34;22490
5;22491
31;22492
9;22497
173;22510
15;22511
4;22537
190;22538
18;22546
156;22561
2;22581
18;22586
557;22587
118;22588
5;22599
1;22605
38;22630
24;22636
2;22637
24;22640
6;22644
8;22681
29;22683
45;22684
11;22686
15;22687
30;22688
20;22699
33;22713
19;22714
25;22717
12;22726
1;22736
159;22744
21;22765
9;22780
7;22782
7;22783
171;22794
29;22812
24;22815
11;22816
31;22821
28;22830
3;22831
33;22834
11;22835
1;22839
36;22840
67;22873
35;22874
5;22875
173;22876
36;22893
14;22895
11;22896
17;22898
10;22910
10;22921
162;22924
4;22932
14;22969
169;22970
66;22971
44;22972
3;22978
20;22982
573;22988
15;22991
27;23013
1;23014
14;23019
23;23021
51;23065
34;23066
6;23067
4;23068
11;23086
57;23087
25;23089
34;23099
19;23111
18;23121
12;23122
11;23153
36;23161
152;23162
61;23163
174;23164
35;23182
46;23183
21;23216
16;23220
47;23257
28;23258
62;23259
64;23260
6;23266
29;23275
5;23277
29;23278
5;23280
67;23308
36;23309
158;23313
6;23314
34;23315
14;23353
16;23354
225;23355
9;23356
8;23358
184;23359
47;23360
34;23363
26;23380
23;23387
9;23389
21;23390
32;23392
1;23393
161;23402
27;23407
14;23408
11;23449
17;23451
16;23455
19;23462
5;23471
21;23481
19;23483
3;23485
3;23487
84;23488
28;23502
23;23545
50;23546
20;23547
16;23562
9;23565
7;23566
34;23593
25;23596
5;23598
28;23599
2;23636
37;23641
4;23642
25;23643
224;23644
5;23654
41;23661
6;23663
3;23664
159;23684
28;23686
13;23687
7;23688
156;23693
5;23696
21;23697
42;23737
13;23739
33;23740
34;23759
5;23762
31;23772
1;23774
24;23783
4;23788
8;23791
4;23794
7;23795
50;23796
45;23833
629;23834
2;23835
200;23836
21;23849
2;23853
167;23854
22;23855
161;23856
18;23861
567;23864
26;23871
42;23877
15;23879
155;23882
9;23889
12;23891
158;23929
41;23930
81;23931
560;23932
24;23938
46;23950
27;23976
2;23977
23;23980
3;23983
22;23986
21;24009
5;24025
187;24027
62;24028
17;24030
19;24046
177;24057
18;24059
7;24061
7;24063
20;24064
37;24067
26;24077
21;24079
19;24080
34;24083
3;24088
8;24115
32;24121
10;24122
162;24124
162;24125
190;24126
82;24127
12;24154
35;24155
154;24158
39;24160
15;24180
28;24183
19;24184
26;24191
6;24217
19;24218
560;24219
162;24220
154;24237
49;24238
189;24239
7;24244
19;24249
5;24262
48;24263
16;24264
18;24268
43;24269
11;24270
10;24275
29;24276
597;24313
57;24315
19;24316
22;24328
1;24329
3;24334
29;24335
17;24356
37;24364
13;24368
11;24385
25;24409
56;24410
104;24411
44;24412
3;24417
28;24430
155;24433
25;24454
7;24458
31;24494
34;24505
171;24506
1;24507
189;24508
2;24524
17;24525
318;24526
37;24528
25;24540
32;24551
21;24561
4;24563
28;24601
60;24602
30;24603
38;24604
61;24616
8;24619
44;24623
4;24645
4;24648
2;24649
15;24656
28;24660
166;24697
7;24698
604;24699
11;24700
47;24701
34;24702
19;24703
29;24704
25;24732
168;24733
4;24736
10;24750
16;24755
6;24772
38;24793
179;24797
37;24798
41;24799
28;24800
14;24812
28;24824
35;24825
174;24827
158;24829
19;24831
3;24836
45;24853
5;24854
27;24858
15;24889
38;24890
25;24891
4;24892
160;24907
5;24910
51;24912
176;24916
10;24934
35;24936
16;24939
16;24946
10;24959
4;24976
153;24985
1;24986
35;24987
220;24988
3;25005
46;25006
20;25008
26;25029
147;25037
9;25039
7;25042
18;25081
47;25082
80;25083
76;25084
4;25088
166;25099
26;25102
3;25104
65;25177
83;25178
65;25179
48;25180
18;25185
7;25269
45;25274
26;25275
52;25276
26;25291
8;25293
13;25295
9;25296
2;25317
163;25318
28;25324
76;25370
12;25372
2;25373
181;25374
3;25376
34;25399
43;25406
13;25407
45;25408
19;25421
10;25423
26;25424
7;25430
33;25444
16;25449
17;25461
22;25466
58;25467
28;25468
44;25469
9;25470
17;25472
15;25479
21;25495
8;25497
34;25499
37;25502
32;25517
34;25524
240;25562
153;25563
22;25564
2;25581
10;25582
1;25597
27;25605
13;25607
23;25608
9;25612
16;25615
4;25617
36;25657
245;25658
20;25659
23;25660
6;25677
21;25678
5;25679
32;25702
12;25704
28;25715
173;25753
27;25754
24;25755
35;25756
16;25762
5;25764
18;25774
11;25775
22;25783
168;25797
31;25799
20;25845
68;25849
259;25850
158;25851
45;25852
3;25855
12;25856
10;25868
15;25869
27;25870
2;25902
2;25904
2;25908
26;25945
34;25946
25;25947
47;25948
4;25957
37;25965
11;25966
16;25968
20;25991
34;25997
7;26004
11;26033
37;26041
23;26042
41;26044
33;26045
22;26047
35;26066
30;26073
6;26078
25;26079
24;26080
10;26082
6;26098
36;26131
78;26137
56;26138
11;26140
21;26141
29;26142
19;26143
145;26172
55;26175
165;26176
32;26178
20;26191
19;26200
26;26233
12;26234
59;26235
59;26236
11;26247
28;26255
4;26256
6;26269
61;26280
4;26285
174;26288
1;26310
30;26329
83;26330
23;26331
28;26332
3;26335
30;26357
14;26362
165;26373
155;26376
30;26377
40;26381
173;26386
16;26414
135;26425
9;26426
28;26427
9;26428
4;26433
571;26436
13;26441
147;26467
15;26469
1;26472
3;26478
9;26481
8;26521
17;26522
48;26523
12;26524
24;26529
6;26534
24;26538
157;26541
13;26542
9;26543
27;26547
25;26552
18;26565
22;26569
11;26574
5;26600
27;26605
180;26617
50;26618
27;26619
10;26635
20;26638
15;26639
175;26640
31;26645
33;26675
1;26677
6;26684
11;26714
8;26715
1;26717
31;26718
81;26719
21;26730
27;26738
16;26739
165;26747
25;26748
22;26749
28;26750
41;26752
14;26760
27;26768
53;26772
13;26775
24;26809
18;26810
52;26811
60;26812
29;26813
12;26814
12;26815
162;26816
28;26827
7;26840
34;26841
9;26844
15;26845
14;26846
29;26863
158;26888
59;26905
71;26906
72;26907
56;26908
11;26910
12;26913
2;26919
36;26925
76;26926
7;26928
10;26933
32;26949
44;26950
9;26955
4;26956
60;26957
37;26959
14;26962
19;26963
84;27001
58;27002
62;27003
25;27004
3;27005
33;27008
158;27019
52;27021
7;27023
30;27024
1;27044
30;27046
25;27054
28;27056
1;27057
8;27084
84;27097
10;27098
65;27099
26;27100
2;27112
24;27117
185;27118
18;27119
11;27120
2;27133
8;27137
5;27141
24;27147
19;27149
18;27152
3;27154
27;27182
171;27193
52;27194
54;27195
32;27210
9;27214
8;27216
1;27221
35;27224
20;27228
37;27237
16;27240
25;27243
27;27248
32;27249
156;27268
1;27270
31;27289
67;27291
160;27292
10;27294
5;27302
4;27303
5;27309
4;27310
32;27311
30;27323
29;27327
25;27337
56;27338
22;27349
5;27385
12;27386
56;27387
26;27388
11;27389
24;27390
29;27414
21;27418
12;27419
160;27420
156;27423
8;27440
14;27443
2;27444
16;27446
15;27448
32;27456
14;27481
202;27482
73;27483
42;27484
24;27487
32;27488
155;27513
3;27514
36;27516
29;27517
5;27519
6;27520
6;27524
67;27533
10;27536
1;27537
8;27538
61;27539
28;27540
44;27577
70;27578
61;27579
27;27580
23;27597
36;27603
168;27621
35;27628
27;27634
16;27636
4;27645
99;27673
47;27674
219;27675
207;27676
164;27689
32;27693
14;27695
10;27696
35;27718
6;27720
5;27721
34;27728
7;27730
20;27735
121;27769
47;27770
166;27771
213;27772
4;27789
31;27791
25;27818
7;27819
12;27822
14;27823
32;27856
83;27865
36;27867
26;27868
30;27870
34;27885
22;27911
52;27919
3;27920
6;27961
51;27962
326;27963
10;27964
7;27981
2;27982
26;27984
173;28009
18;28011
29;28019
21;28054
14;28057
28;28058
35;28059
13;28061
22;28062
191;28064
19;28070
2;28072
5;28083
5;28089
47;28091
8;28095
8;28096
9;28098
7;28102
10;28106
27;28115
3;28118
3;28120
3;28133
37;28153
29;28155
33;28156
37;28157
56;28158
34;28159
59;28160
15;28162
30;28166
31;28184
14;28185
16;28187
33;28189
30;28190
14;28191
26;28211
17;28213
12;28214
9;28215
7;28216
8;28233
38;28249
190;28250
16;28251
5;28252
1;28263
15;28268
11;28269
2;28293
14;28294
23;28302
49;28305
9;28345
8;28346
51;28347
17;28365
36;28366
2;28367
7;28368
30;28380
31;28392
33;28394
5;28399
24;28403
39;28406
42;28441
35;28443
9;28449
8;28463
11;28464
6;28466
28;28484
22;28489
16;28498
11;28506
19;28531
181;28537
14;28538
29;28539
148;28540
23;28541
19;28549
18;28557
27;28558
10;28564
15;28567
129;28581
10;28586
7;28587
21;28591
4;28592
162;28593
50;28633
48;28634
27;28635
16;28636
1;28637
11;28648
3;28653
1;28654
7;28656
34;28662
170;28679
13;28681
151;28683
161;28686
19;28703
4;28729
43;28731
47;28732
25;28733
61;28734
14;28736
6;28742
553;28747
12;28761
9;28762
12;28763
48;28764
51;28766
164;28767
13;28773
4;28778
36;28782
34;28785
11;28792
33;28801
36;28824
166;28825
17;28827
91;28828
155;28829
51;28830
17;28840
7;28844
150;28862
17;28863
10;28864
8;28877
13;28914
43;28921
6;28922
45;28923
14;28924
17;28941
34;28942
29;28944
12;28961
6;28966
8;28976
25;28977
19;28987
237;29017
8;29018
183;29020
21;29026
54;29037
18;29038
15;29039
210;29040
8;29062
8;29063
161;29077
64;29113
46;29114
46;29115
73;29116
10;29120
21;29132
23;29133
5;29134
448;29135
4;29141
8;29151
23;29157
34;29158
29;29162
22;29164
3;29169
46;29213
70;29214
211;29215
50;29216
38;29226
21;29227
34;29230
15;29234
5;29236
10;29258
28;29259
19;29266
24;29269
25;29271
3;29272
49;29309
59;29310
18;29311
13;29312
21;29329
203;29330
11;29332
29;29334
37;29335
5;29351
15;29358
39;29367
26;29405
11;29406
190;29407
28;29408
5;29409
196;29410
16;29411
40;29412
34;29421
22;29422
31;29427
33;29440
37;29442
167;29466
13;29468
31;29486
77;29501
22;29502
50;29503
49;29504
94;29505
55;29506
38;29507
16;29515
10;29520
3;29533
32;29536
104;29537
29;29538
5;29540
30;29545
3;29546
5;29560
22;29561
10;29562
31;29563
1033;29597
32;29598
2;29599
209;29600
33;29619
19;29620
6;29635
19;29636
4;29648
1;29665
158;29693
50;29694
36;29695
36;29696
8;29697
6;29707
1;29715
13;29716
15;29745
25;29746
2;29748
34;29751
24;29773
27;29781
13;29789
176;29790
23;29791
204;29792
22;29795
22;29801
26;29804
1;29809
59;29811
35;29835
31;29840
6;29842
32;29845
147;29885
43;29886
185;29887
61;29888
4;29890
20;29898
36;29907
37;29915
161;29922
24;29926
11;29931
40;29933
16;29937
6;29940
29;29944
83;29981
35;29982
6;29984
34;30004
1;30010
50;30025
20;30027
22;30031
11;30037
17;30078
2;30079
53;30080
29;30081
8;30083
26;30084
36;30087
3;30096
9;30097
27;30104
157;30106
161;30111
19;30113
22;30120
164;30131
24;30132
26;30158
5;30173
161;30174
62;30176
38;30177
6;30178
26;30179
10;30180
5;30190
8;30197
27;30200
4;30207
344;30210
33;30212
16;30213
14;30223
32;30226
24;30232
3;30236
14;30238
21;30269
97;30270
52;30271
32;30272
35;30280
5;30281
163;30291
3;30311
28;30316
14;30317
2;30322
32;30365
34;30366
191;30367
35;30368
15;30386
4;30388
16;30396
21;30400
34;30418
34;30421
23;30441
12;30457
36;30461
83;30462
45;30463
29;30464
33;30468
6;30481
8;30482
34;30483
26;30484
2;30491
2;30505
19;30508
1;30511
27;30512
1;30515
26;30520
25;30557
99;30559
32;30560
9;30561
24;30565
9;30578
166;30579
8;30580
6;30586
33;30613
6;30616
206;30653
17;30654
56;30656
156;30658
25;30661
35;30674
32;30676
12;30693
11;30696
1;30698
13;30699
149;30700
18;30702
30;30710
12;30749
47;30751
25;30752
55;30753
60;30754
13;30756
15;30781
7;30784
32;30787
26;30804
7;30813
8;30830
36;30845
80;30846
36;30847
23;30848
24;30849
319;30850
33;30852
9;30870
2;30877
12;30878
16;30879
12;30881
27;30882
31;30883
32;30884
9;30897
30;30899
26;30901
33;30906
33;30938
51;30941
23;30942
47;30943
56;30944
20;30956
194;30961
144;30962
173;30963
17;30974
34;30977
7;30978
25;30987
9;30993
171;30994
29;30996
3;31037
72;31038
21;31039
13;31040
28;31048
8;31057
6;31077
5;31083
20;31085
35;31089
2;31091
21;31092
28;31133
33;31134
55;31135
81;31136
46;31154
8;31155
3;31175
68;31176
13;31181
37;31184
19;31186
26;31188
168;31189
150;31191
63;31229
87;31230
229;31231
64;31232
19;31239
39;31249
21;31250
3;31251
18;31252
13;31288
6;31325
35;31326
206;31327
50;31328
560;31341
186;31346
46;31347
2;31353
159;31363
14;31368
166;31373
15;31383
24;31406
21;31422
28;31424
11;31425
38;31426
21;31439
9;31445
15;31452
2;31454
9;31455
27;31457
20;31458
155;31459
7;31461
24;31463
19;31465
2;31468
25;31473
15;31474
3;31479
7;31480
15;31497
4;31499
161;31510
7;31511
3;31517
16;31518
60;31519
9;31521
48;31522
197;31523
52;31524
6;31526
4;31546
3;31553
18;31554
14;31557
30;31564
164;31569
23;31572
2;31574
1;31575
11;31580
193;31613
44;31614
168;31615
33;31616
27;31626
9;31630
8;31633
164;31634
158;31635
39;31657
1;31658
7;31672
566;31702
6;31709
6;31710
24;31711
24;31712
156;31713
26;31716
2;31731
22;31748
24;31759
10;31761
25;31766
25;31788
7;31806
31;31807
50;31808
55;31825
4;31826
36;31828
28;31846
170;31849
10;31855
25;31856
12;31858
13;31859
555;31863
25;31893
26;31901
333;31902
3;31903
558;31904
12;31922
5;31929
2;31936
16;31938
15;31952
14;31953
13;31958
8;31966
19;31969
193;31997
20;31998
53;31999
9;32000
12;32014
8;32015
20;32017
20;32018
14;32041
15;32044
16;32046
10;32047
160;32049
22;32055
12;32093
52;32094
81;32096
4;32097
22;32098
40;32099
29;32100
164;32108
29;32125
39;32126
32;32127
19;32128
167;32130
34;32132
43;32144
18;32189
18;32192
50;32194
15;32195
244;32196
7;32209
53;32221
27;32222
178;32226
17;32227
17;32229
31;32232
20;32243
30;32244
9;32248
28;32252
28;32285
209;32286
20;32287
24;32288
152;32294
569;32307
33;32308
28;32312
13;32319
27;32332
11;32337
15;32343
346;32381
261;32382
26;32383
11;32384
13;32391
59;32402
24;32403
7;32404
4;32408
13;32424
11;32425
22;32433
5;32434
9;32437
11;32438
34;32440
49;32477
10;32478
42;32479
34;32480
19;32489
12;32492
25;32497
17;32498
16;32500
7;32524
26;32527
6;32530
23;32531
29;32569
104;32573
63;32574
187;32575
43;32576
29;32582
16;32590
10;32595
35;32596
30;32624
8;32627
11;32629
8;32630
1;32664
2;32666
69;32669
97;32670
9;32671
35;32672
150;32682
4;32690
10;32692
4;32694
163;32707
48;32717
20;32722
4;32737
7;32765
67;32766
41;32768
59;32769
41;32770
46;32771
28;32772
155;32778
37;32781
590;32797
187;32798
41;32800
9;32801
1;32815
3;32821
57;32825
13;32828
35;32861
25;32863
4;32864
23;32865
114;32866
55;32867
104;32868
11;32877
30;32890
20;32894
60;32895
24;32896
5;32897
37;32898
18;32900
31;32915
1;32921
159;32922
17;32923
87;32957
18;32958
45;32959
13;32960
12;32961
6;32964
6;32967
167;32977
33;32979
15;32980
17;33006
7;33010
14;33013
48;33053
68;33054
32;33055
64;33056
73;33074
26;33075
8;33076
15;33090
33;33097
15;33100
6;33101
34;33102
3;33103
10;33107
6;33149
188;33150
32;33151
33;33152
23;33161
20;33182
8;33184
18;33188
27;33193
36;33195
14;33197
2;33201
13;33208
29;33245
18;33246
63;33247
13;33251
31;33267
31;33287
19;33290
18;33291
32;33295
21;33296
9;33298
11;33301
36;33303
26;33341
38;33342
25;33343
186;33344
16;33361
9;33363
35;33371
58;33386
24;33392
189;33399
14;33433
6;33437
391;33438
84;33439
17;33440
53;33442
33;33443
23;33469
30;33470
11;33471
27;33472
9;33474
16;33476
11;33489
36;33490
45;33493
10;33497
149;33517
11;33533
242;33534
154;33537
15;33538
29;33539
44;33540
20;33544
18;33551
7;33555
18;33565
1;33567
33;33570
26;33572
1;33585
34;33593
30;33594
33;33629
18;33631
29;33632
5;33642
23;33645
31;33649
15;33650
1;33652
24;33674
33;33677
11;33683
26;33684
21;33685
8;33686
4;33710
14;33725
23;33726
23;33727
563;33728
6;33745
6;33758
17;33769
7;33774
8;33782
18;33784
73;33821
25;33822
43;33823
21;33824
2;33842
29;33843
9;33844
9;33846
9;33855
149;33866
21;33867
1;33877
267;33917
59;33918
21;33919
33;33920
29;33925
2;33934
26;33937
2;33938
1;33939
2;33948
4;33958
24;33964
12;33965
3;33968
13;33973
40;33975
36;34014
39;34015
16;34016
6;34017
6;34034
7;34035
11;34039
6;34040
33;34061
28;34067
10;34072
28;34109
55;34110
31;34113
96;34114
184;34115
32;34116
38;34141
59;34142
175;34143
65;34148
22;34161
33;34166
28;34170
168;34172
70;34205
25;34208
13;34209
72;34210
2;34211
35;34212
13;34229
23;34237
17;34240
166;34242
5;34243
13;34244
6;34257
20;34258
15;34263
7;34268
54;34301
190;34302
6;34303
159;34304
22;34315
35;34321
5;34322
38;34323
19;34328
21;34331
2;34337
25;34346
26;34354
4;34356
27;34397
27;34398
15;34399
245;34400
12;34402
6;34409
2;34415
167;34417
20;34419
18;34428
12;34436
31;34444
34;34445
13;34449
13;34451
163;34453
26;34454
14;34456
128;34493
40;34494
336;34495
9;34496
12;34513
33;34516
28;34543
33;34547
19;34549
98;34589
202;34590
84;34591
96;34592
13;34594
9;34610
161;34620
11;34636
20;34641
12;34642
22;34644
13;34645
2;34665
45;34685
32;34686
48;34687
17;34688
159;34693
14;34705
18;34706
3;34730
40;34740
6;34783
21;34784
69;34785
17;34786
2;34787
15;34788
157;34813
206;34817
1;34818
33;34819
54;34820
4;34822
24;34833
12;34834
28;34839
35;34841
21;34844
39;34877
24;34878
21;34879
33;34881
1;34882
20;34883
18;34884
1;34903
33;34909
14;34910
32;34912
11;34914
13;34916
152;34918
5;34919
6;34925
18;34929
4;34934
43;34973
79;34974
48;34975
65;34976
23;34993
37;34994
24;34995
12;35018
25;35020
27;35024
22;35025
4;35027
34;35030
