11;3
198;29
70;30
26;32
24;33
14;42
7;49
39;50
8;52
21;77
9;81
6;88
26;125
50;126
40;127
10;131
162;133
5;145
12;166
5;175
28;176
2;177
28;180
21;181
65;221
64;222
6;223
82;224
1;226
36;241
9;244
8;251
9;252
24;266
6;267
8;270
157;271
3;273
7;276
16;277
160;292
158;317
81;318
64;319
5;320
24;337
21;338
14;339
12;344
10;363
9;370
38;371
19;414
1;415
51;416
8;426
38;430
21;433
10;435
19;436
5;437
34;459
18;462
28;465
2;466
7;468
24;471
18;489
13;505
173;509
160;511
150;512
9;514
22;516
26;528
30;534
9;537
3;539
20;543
6;544
159;545
2;546
167;548
37;552
4;561
156;563
16;564
1;570
31;577
12;584
17;593
38;605
161;606
10;608
30;609
18;610
1;611
5;612
8;616
26;634
19;637
8;639
25;641
56;642
24;643
10;662
11;667
9;668
5;670
92;701
7;702
233;703
27;704
23;708
172;712
2;721
3;722
6;723
21;750
18;752
5;754
12;756
34;797
22;798
56;799
1;800
173;826
159;827
2;830
3;839
15;846
11;847
3;854
29;856
29;893
602;894
45;895
69;896
16;897
23;913
27;915
156;916
29;934
33;936
31;937
25;941
5;947
43;989
8;990
37;991
31;992
9;1007
1;1009
180;1010
11;1012
21;1027
48;1033
32;1039
10;1042
17;1047
45;1086
113;1087
114;1088
1;1093
16;1106
15;1108
19;1113
1;1127
6;1130
14;1132
18;1138
17;1144
33;1153
17;1158
15;1165
11;1182
50;1183
36;1184
20;1185
27;1186
28;1187
5;1188
161;1193
6;1207
45;1212
11;1216
40;1217
30;1218
15;1237
11;1238
27;1240
36;1241
25;1257
12;1265
30;1277
7;1279
24;1280
23;1281
21;1282
36;1283
34;1284
38;1289
26;1309
26;1311
7;1313
7;1315
9;1316
155;1319
163;1332
26;1334
5;1335
8;1336
115;1373
98;1374
88;1375
27;1376
15;1384
13;1385
27;1394
173;1396
18;1418
16;1421
8;1422
172;1428
10;1449
29;1469
72;1470
171;1471
84;1472
168;1474
28;1475
25;1476
9;1481
15;1482
20;1487
6;1488
239;1489
19;1490
6;1496
2;1515
6;1518
1;1519
6;1522
11;1527
2;1565
42;1566
202;1567
35;1568
9;1585
169;1588
5;1592
24;1620
25;1661
38;1662
34;1663
41;1664
66;1681
16;1682
18;1683
18;1684
26;1692
34;1705
4;1707
39;1708
34;1714
1;1718
2;1731
44;1757
14;1758
212;1759
53;1760
19;1765
23;1771
565;1772
41;1777
25;1779
53;1780
10;1792
11;1803
17;1807
13;1815
10;1816
21;1853
14;1854
5;1855
12;1856
37;1858
82;1859
169;1860
15;1868
12;1882
47;1886
34;1891
14;1892
14;1900
14;1905
7;1907
30;1911
21;1926
12;1928
43;1949
166;1950
20;1951
55;1952
221;1953
42;1954
12;1955
176;1956
6;1963
26;1975
8;1981
25;1982
26;1986
15;1987
5;1988
2;2001
2;2004
10;2005
37;2006
23;2011
7;2012
182;2045
25;2046
50;2047
8;2048
24;2056
9;2062
77;2065
38;2066
17;2068
27;2093
17;2103
10;2107
151;2128
752;2141
43;2142
53;2143
85;2144
37;2156
10;2159
23;2161
23;2162
5;2163
13;2165
11;2193
29;2198
160;2199
1;2238
5;2239
34;2240
41;2257
5;2260
11;2275
23;2283
18;2293
27;2296
21;2331
91;2333
55;2334
15;2335
26;2336
9;2338
9;2340
28;2353
26;2354
34;2355
31;2358
1;2383
166;2391
199;2429
4;2430
42;2431
157;2432
9;2435
165;2449
14;2450
2;2451
36;2475
163;2478
17;2479
5;2482
17;2487
29;2500
2;2525
39;2527
173;2529
14;2530
43;2531
74;2532
20;2560
48;2564
9;2566
18;2577
3;2579
15;2583
10;2584
2;2585
27;2621
161;2622
2;2625
41;2626
609;2627
35;2631
22;2636
10;2644
31;2656
7;2659
48;2660
10;2675
8;2677
30;2679
14;2681
6;2703
31;2711
60;2717
46;2718
215;2719
3;2722
158;2730
5;2737
29;2739
158;2740
29;2761
9;2762
50;2767
3;2770
195;2774
8;2776
6;2785
3;2788
192;2813
45;2814
75;2815
48;2816
34;2818
9;2824
28;2825
9;2828
18;2831
40;2833
10;2834
7;2835
29;2836
28;2842
12;2861
14;2865
2;2866
27;2868
5;2871
51;2909
58;2910
19;2911
16;2912
25;2923
5;2930
55;2931
572;2932
18;2949
25;2955
30;2957
12;2959
28;2962
13;2964
1;3005
38;3006
3;3007
75;3008
8;3010
7;3025
24;3026
171;3028
18;3052
29;3053
9;3054
15;3056
20;3057
55;3101
9;3102
52;3103
17;3112
2;3114
4;3121
155;3123
48;3124
13;3146
6;3147
5;3151
24;3155
76;3197
23;3198
21;3199
23;3200
29;3201
23;3202
19;3204
35;3218
5;3229
7;3232
11;3234
23;3236
11;3247
6;3249
30;3255
167;3259
10;3293
64;3294
21;3295
41;3296
26;3298
20;3299
33;3300
25;3305
23;3310
20;3313
26;3315
38;3325
41;3327
12;3330
2;3355
23;3389
29;3390
6;3391
208;3392
26;3401
19;3402
38;3409
21;3410
12;3418
5;3431
23;3433
39;3434
1;3436
24;3438
7;3485
17;3486
58;3487
48;3488
28;3491
198;3505
32;3506
183;3508
18;3536
25;3538
5;3543
16;3544
3;3567
58;3582
598;3583
22;3584
20;3602
39;3603
17;3627
20;3629
18;3638
74;3677
254;3678
129;3679
81;3680
15;3683
2;3687
26;3691
21;3697
11;3699
177;3700
14;3705
8;3716
39;3722
17;3724
150;3727
8;3734
1;3754
11;3759
771;3773
148;3774
14;3775
46;3776
23;3782
176;3796
8;3818
10;3819
27;3821
179;3827
1;3869
20;3872
27;3873
27;3874
10;3875
31;3876
22;3888
29;3892
170;3896
15;3902
81;3904
26;3908
10;3918
6;3925
550;3930
56;3965
39;3966
48;3969
25;3971
190;3972
25;3973
13;3998
10;3999
42;4000
158;4002
15;4003
11;4004
28;4016
77;4018
173;4019
29;4026
6;4027
22;4043
70;4061
20;4062
36;4063
193;4064
15;4081
17;4082
18;4083
8;4084
1;4087
13;4098
7;4104
28;4105
155;4108
4;4109
9;4118
25;4119
59;4157
32;4158
62;4159
21;4160
2;4167
15;4177
28;4178
40;4179
15;4187
15;4197
20;4201
152;4203
8;4207
25;4245
29;4254
69;4256
32;4258
156;4273
27;4297
21;4305
30;4309
147;4310
24;4311
4;4312
14;4320
40;4349
60;4350
34;4351
28;4352
25;4356
14;4370
45;4372
10;4376
9;4392
30;4393
166;4395
16;4397
22;4401
12;4404
32;4407
4;4408
15;4426
31;4446
22;4447
85;4448
9;4465
22;4467
30;4468
18;4481
33;4495
3;4497
3;4498
18;4501
7;4503
1;4538
168;4541
14;4542
21;4543
12;4544
8;4545
53;4548
17;4567
175;4574
158;4575
25;4576
4;4579
39;4580
16;4584
17;4593
163;4604
1;4621
34;4637
33;4638
21;4639
24;4640
49;4641
25;4642
161;4643
44;4644
15;4668
3;4669
42;4670
173;4672
14;4673
146;4675
1;4676
3;4683
35;4685
33;4690
11;4691
15;4692
17;4693
7;4698
227;4733
72;4734
12;4735
16;4736
33;4753
9;4755
18;4771
5;4775
38;4779
14;4786
21;4792
64;4829
33;4830
71;4831
52;4832
161;4849
17;4851
159;4872
9;4873
163;4874
32;4875
170;4877
24;4879
12;4882
16;4921
50;4925
54;4926
116;4927
6;4928
3;4938
24;4946
25;4947
13;4948
6;4969
12;4971
27;4973
16;4975
17;4977
2;4981
7;5005
16;5011
14;5021
32;5022
395;5023
215;5024
8;5027
15;5035
14;5043
6;5065
30;5066
58;5068
20;5071
22;5078
4;5079
3;5117
202;5118
211;5119
3;5121
32;5127
52;5137
5;5138
2;5139
33;5165
44;5170
13;5206
32;5213
174;5214
8;5215
40;5216
29;5217
12;5218
12;5219
18;5220
14;5243
19;5245
39;5247
8;5249
13;5250
24;5251
12;5253
18;5266
47;5271
27;5273
9;5274
14;5275
35;5309
55;5310
19;5311
8;5312
42;5313
25;5314
311;5315
13;5320
13;5340
17;5341
33;5343
17;5344
26;5346
31;5348
35;5363
9;5365
1;5366
25;5370
235;5405
187;5406
2;5407
70;5408
28;5425
59;5427
153;5438
19;5449
23;5451
164;5452
2;5457
23;5461
40;5501
255;5502
28;5503
32;5504
24;5508
6;5510
5;5517
36;5522
37;5524
153;5550
4;5552
7;5554
32;5555
20;5559
6;5560
150;5567
107;5597
31;5598
68;5599
91;5600
23;5604
45;5617
10;5618
5;5620
1;5640
6;5643
32;5644
218;5645
148;5653
35;5654
8;5662
27;5682
14;5693
20;5694
25;5695
21;5696
8;5701
6;5709
24;5715
32;5740
27;5745
21;5759
2;5772
27;5789
67;5790
37;5791
190;5792
5;5800
26;5805
6;5806
13;5809
17;5810
25;5812
13;5817
12;5826
25;5832
159;5833
19;5834
68;5835
2;5838
6;5843
36;5845
2;5846
48;5848
9;5856
12;5864
24;5884
33;5885
47;5886
40;5887
13;5888
17;5890
45;5892
18;5900
4;5920
16;5921
30;5923
5;5939
20;5942
31;5945
21;5981
35;5982
56;5983
19;5984
27;5985
16;5986
21;5987
33;5988
32;5990
5;5993
5;5998
11;6001
18;6013
1;6014
6;6016
40;6017
49;6020
21;6035
1;6036
17;6039
164;6043
161;6052
24;6077
15;6078
6;6079
48;6080
147;6091
178;6098
12;6099
19;6114
7;6118
2;6124
166;6129
5;6135
4;6171
40;6173
42;6174
226;6175
34;6176
1;6184
562;6186
31;6193
10;6196
13;6222
9;6223
159;6225
4;6226
2;6227
71;6270
22;6271
207;6272
24;6278
13;6285
8;6289
18;6292
16;6318
26;6321
9;6325
17;6326
8;6327
52;6365
21;6366
48;6367
62;6368
37;6371
17;6375
4;6385
5;6386
163;6387
8;6388
1;6391
6;6420
568;6424
32;6440
21;6461
117;6462
4;6463
28;6464
10;6480
162;6481
49;6482
13;6483
5;6508
18;6515
23;6518
37;6519
8;6554
43;6557
69;6558
182;6559
50;6560
210;6561
10;6562
41;6563
27;6564
3;6581
39;6590
36;6593
30;6594
30;6595
30;6596
22;6598
6;6610
3;6612
14;6618
23;6651
22;6653
19;6654
215;6655
20;6656
20;6657
28;6659
28;6660
33;6666
3;6680
16;6685
34;6688
18;6689
11;6690
13;6692
180;6705
20;6716
734;6749
25;6750
31;6751
12;6752
12;6756
38;6757
19;6764
26;6769
25;6772
5;6796
13;6800
3;6803
5;6808
12;6809
29;6845
199;6846
32;6847
129;6848
26;6851
29;6865
16;6867
38;6868
19;6876
165;6894
4;6898
7;6899
9;6904
58;6941
52;6942
9;6944
18;6949
11;6961
11;6962
11;6963
44;6964
30;6979
11;6988
36;6991
4;6992
22;6994
23;6998
29;7037
12;7038
344;7039
66;7040
1;7059
47;7060
26;7063
7;7081
3;7083
12;7094
9;7095
88;7133
220;7134
100;7135
66;7136
24;7146
24;7153
205;7155
19;7156
5;7168
47;7177
34;7185
13;7187
32;7190
3;7192
9;7210
43;7229
17;7230
43;7231
16;7232
21;7233
9;7235
7;7236
17;7250
8;7254
14;7257
28;7262
23;7263
22;7264
166;7267
24;7277
28;7279
3;7303
174;7317
22;7325
210;7327
18;7328
7;7329
24;7330
50;7357
7;7358
16;7359
29;7362
21;7363
151;7364
21;7377
6;7378
11;7379
18;7380
3;7381
21;7388
6;7421
85;7422
101;7423
190;7424
159;7427
53;7441
20;7449
24;7469
14;7475
38;7479
66;7517
37;7518
88;7519
30;7520
8;7522
22;7523
2;7531
35;7536
30;7537
1;7538
46;7539
25;7544
16;7565
15;7569
30;7614
116;7615
24;7633
22;7635
179;7657
165;7660
3;7662
12;7663
18;7666
25;7667
24;7671
10;7694
28;7709
75;7710
48;7711
48;7712
29;7729
180;7730
11;7731
13;7751
21;7760
1;7762
8;7765
55;7768
63;7805
42;7806
165;7807
122;7808
9;7810
47;7825
38;7828
19;7850
1;7851
13;7861
23;7862
10;7863
27;7901
166;7902
4;7903
15;7904
195;7905
80;7906
2;7907
36;7908
36;7925
35;7935
166;7936
5;7944
52;7963
14;7997
22;8000
38;8001
192;8003
164;8004
27;8012
13;8014
1;8029
8;8030
40;8031
6;8034
9;8035
36;8040
10;8050
7;8052
29;8053
25;8055
164;8057
28;8066
82;8093
32;8094
181;8095
46;8096
7;8098
17;8105
20;8111
35;8116
17;8125
181;8141
5;8145
32;8189
167;8190
31;8191
32;8192
30;8201
28;8203
32;8209
4;8210
1;8227
7;8235
13;8243
32;8244
22;8248
12;8252
13;8268
16;8283
178;8286
47;8287
57;8288
19;8305
181;8306
1;8307
160;8320
28;8327
16;8335
5;8344
91;8381
8;8382
160;8384
16;8387
18;8388
2;8401
3;8402
15;8410
14;8426
16;8428
19;8429
5;8430
19;8436
15;8477
69;8478
88;8479
191;8480
175;8491
26;8494
36;8497
25;8498
161;8499
5;8500
157;8503
29;8523
10;8525
13;8526
18;8528
29;8529
18;8533
4;8534
9;8569
1;8573
160;8574
24;8575
167;8578
7;8579
55;8580
12;8594
12;8601
22;8606
28;8607
54;8609
39;8610
3;8611
155;8612
29;8628
20;8630
24;8631
16;8632
18;8633
32;8635
16;8659
9;8662
85;8666
53;8667
4;8668
174;8669
17;8671
34;8672
7;8699
39;8700
43;8702
3;8704
19;8705
3;8709
6;8710
14;8714
4;8761
111;8762
7;8763
72;8764
183;8784
10;8790
157;8803
10;8810
30;8811
1;8812
34;8857
45;8858
62;8859
136;8860
3;8864
7;8868
8;8876
33;8878
6;8879
21;8902
155;8906
8;8907
11;8908
48;8909
26;8911
5;8913
44;8953
73;8954
165;8955
11;8956
25;8962
9;8972
26;8973
171;8975
60;8976
33;8996
6;9004
9;9008
10;9011
151;9012
26;9049
220;9050
368;9051
14;9052
22;9057
69;9070
27;9071
52;9072
18;9103
9;9105
21;9107
26;9116
221;9145
53;9146
65;9147
19;9148
22;9166
5;9167
20;9175
20;9178
17;9193
10;9194
31;9197
20;9241
46;9242
38;9243
28;9244
2;9245
36;9246
63;9247
252;9248
158;9259
8;9274
29;9275
21;9276
188;9278
34;9279
34;9285
3;9293
5;9294
28;9301
20;9303
14;9315
8;9330
40;9337
93;9338
60;9339
60;9340
592;9341
5;9342
167;9344
29;9371
24;9374
24;9375
20;9376
17;9389
165;9390
14;9394
161;9395
164;9398
168;9399
22;9426
66;9433
2;9434
332;9435
49;9436
11;9455
28;9460
9;9463
12;9470
22;9476
20;9480
23;9484
26;9489
6;9492
62;9529
41;9530
19;9531
61;9532
13;9543
37;9549
12;9550
46;9551
41;9552
9;9559
6;9560
33;9565
17;9573
167;9576
4;9583
8;9584
14;9585
21;9587
121;9625
16;9626
202;9627
29;9628
10;9629
24;9632
166;9636
1;9646
10;9647
34;9648
22;9657
6;9671
27;9678
155;9679
8;9680
158;9682
27;9683
52;9721
28;9722
162;9723
24;9724
13;9727
4;9731
191;9741
169;9743
11;9757
37;9766
20;9773
34;9778
19;9780
5;9817
370;9818
49;9819
53;9820
8;9826
6;9839
35;9840
187;9849
16;9864
20;9874
5;9875
12;9876
32;9913
217;9915
60;9916
42;9917
195;9918
11;9919
199;9920
4;9945
30;9946
14;9948
47;9949
20;9962
8;9979
554;10011
151;10012
198;10013
181;10014
29;10015
27;10016
42;10030
28;10034
16;10043
30;10044
44;10045
206;10047
7;10062
27;10065
6;10066
19;10069
12;10071
75;10105
5;10106
219;10107
39;10108
50;10125
168;10127
12;10129
29;10133
153;10139
9;10152
23;10157
1;10162
32;10163
16;10201
49;10202
40;10203
227;10204
16;10213
61;10221
8;10222
41;10223
14;10225
158;10245
65;10248
2;10249
27;10250
22;10252
29;10297
16;10298
9;10299
40;10300
26;10317
10;10319
25;10320
560;10333
20;10347
4;10348
8;10349
3;10352
7;10355
36;10393
89;10394
28;10395
49;10396
31;10414
13;10415
30;10416
28;10431
7;10432
1;10438
1;10449
3;10483
58;10489
205;10490
20;10491
15;10492
6;10505
33;10509
29;10511
27;10516
15;10523
4;10533
11;10534
22;10535
24;10536
6;10537
4;10540
53;10547
18;10587
32;10588
36;10589
186;10590
1;10591
51;10592
2;10608
40;10617
4;10619
8;10620
19;10621
3;10622
2;10631
161;10645
18;10648
63;10681
23;10682
9;10684
25;10685
21;10686
23;10687
4;10697
30;10715
170;10720
6;10735
13;10736
5;10737
18;10743
6;10758
5;10777
202;10778
176;10779
213;10780
194;10798
53;10799
161;10817
8;10829
2;10831
29;10849
52;10873
64;10874
213;10875
73;10876
16;10887
37;10890
8;10895
26;10926
5;10928
30;10969
206;10970
68;10971
147;10975
158;10983
38;10990
1;10996
167;11002
8;11003
19;11015
9;11020
59;11065
8;11066
82;11067
21;11068
28;11072
25;11073
22;11080
1;11084
40;11085
35;11088
10;11107
3;11110
17;11111
36;11112
5;11115
26;11119
11;11121
45;11124
47;11161
7;11162
43;11163
56;11164
10;11167
13;11169
56;11181
41;11182
154;11183
16;11191
23;11196
2;11208
163;11209
27;11217
12;11220
3;11235
24;11253
30;11257
1;11258
203;11261
23;11262
25;11263
45;11276
11;11286
157;11290
26;11292
30;11294
27;11314
33;11316
8;11319
3;11320
3;11325
161;11354
26;11355
20;11357
50;11358
26;11359
32;11360
6;11365
4;11379
159;11385
68;11387
188;11388
32;11389
29;11390
173;11392
24;11395
63;11405
32;11411
6;11412
8;11414
2;11441
9;11449
11;11450
109;11451
37;11452
9;11469
15;11470
27;11472
28;11481
4;11483
150;11484
27;11496
150;11497
22;11517
245;11545
178;11546
33;11547
24;11548
32;11554
3;11566
160;11567
218;11568
26;11597
3;11614
25;11641
69;11642
5;11643
41;11644
214;11661
9;11662
5;11664
7;11676
3;11678
8;11680
1;11684
9;11686
2;11689
27;11691
23;11694
8;11700
156;11737
264;11738
259;11739
8;11740
15;11753
32;11757
30;11758
167;11759
17;11772
15;11781
4;11783
11;11785
4;11786
12;11788
29;11791
16;11794
51;11833
208;11834
397;11835
215;11836
164;11850
19;11853
20;11855
37;11856
26;11881
24;11882
13;11885
22;11886
25;11918
168;11919
8;11930
83;11931
38;11932
48;11933
47;11934
35;11936
157;11942
13;11948
27;11961
4;11965
7;11967
2;11968
16;11976
12;11980
15;11981
18;11982
56;11983
14;11987
38;11989
20;11990
35;11991
26;12022
170;12025
72;12026
10;12028
30;12029
19;12030
16;12031
73;12032
8;12052
19;12059
25;12063
36;12064
22;12078
15;12082
5;12083
1;12084
41;12121
51;12122
58;12123
62;12124
2;12135
25;12139
7;12141
29;12142
14;12144
1;12154
10;12164
21;12166
22;12175
1;12176
13;12177
26;12180
16;12217
73;12218
40;12219
50;12220
15;12237
6;12259
2;12267
6;12268
20;12275
86;12313
200;12314
60;12315
69;12316
30;12323
53;12333
32;12359
165;12361
16;12362
37;12363
22;12372
28;12409
26;12410
39;12411
30;12412
33;12430
2;12431
1;12432
10;12433
10;12437
6;12459
17;12460
25;12464
16;12471
10;12505
50;12506
208;12507
86;12508
8;12525
28;12526
8;12527
10;12528
2;12540
4;12547
8;12549
27;12550
4;12555
6;12561
12;12563
3;12583
5;12601
11;12602
4;12603
33;12604
4;12605
205;12607
36;12623
6;12627
6;12628
34;12629
33;12630
1;12635
15;12637
13;12639
11;12640
7;12641
4;12651
26;12652
21;12653
18;12659
37;12660
5;12661
8;12697
201;12698
31;12701
39;12702
14;12704
26;12721
5;12726
3;12729
34;12731
23;12732
18;12735
17;12749
318;12750
10;12753
23;12756
33;12760
195;12793
10;12794
94;12795
341;12796
21;12799
10;12807
152;12808
6;12816
13;12821
31;12840
18;12843
5;12847
11;12848
11;12849
576;12889
30;12890
77;12891
53;12892
11;12893
32;12899
50;12910
2;12911
70;12912
22;12936
32;12937
59;12939
10;12942
51;12944
27;12948
2;12960
213;12985
27;12986
228;12987
34;12988
61;13005
30;13006
26;13008
6;13030
6;13034
6;13040
35;13041
62;13081
3;13082
34;13083
47;13084
28;13103
13;13122
31;13127
2;13130
165;13131
12;13177
17;13178
14;13179
59;13180
2;13182
7;13187
6;13192
189;13199
8;13205
19;13225
14;13228
6;13229
12;13234
13;13242
31;13260
25;13274
51;13275
225;13276
181;13277
221;13278
172;13280
15;13284
36;13296
14;13304
7;13305
1;13306
566;13307
25;13310
9;13311
39;13312
9;13314
162;13331
3;13358
19;13364
13;13366
59;13369
11;13370
105;13371
227;13372
51;13373
163;13374
10;13375
22;13376
14;13378
16;13381
58;13405
8;13406
24;13407
21;13408
12;13412
58;13424
17;13427
6;13429
24;13462
17;13465
10;13466
56;13467
87;13468
154;13486
1;13487
12;13513
36;13517
12;13518
10;13523
157;13525
33;13561
4;13562
62;13564
9;13582
38;13583
7;13584
15;13592
9;13606
15;13608
10;13616
163;13618
12;13639
1;13644
60;13657
3;13658
5;13659
35;13660
8;13676
33;13678
22;13680
11;13704
169;13715
35;13737
17;13753
38;13754
171;13755
60;13756
39;13773
26;13774
8;13775
15;13795
6;13798
3;13806
32;13809
14;13810
7;13811
4;13817
19;13849
269;13850
40;13851
445;13852
12;13870
157;13872
30;13887
3;13893
25;13905
10;13907
16;13908
5;13945
99;13946
45;13947
6;13950
21;13951
8;13952
156;13968
46;13979
5;13981
165;13982
10;13994
29;13998
26;13999
12;14005
20;14008
159;14042
29;14043
28;14044
38;14045
17;14047
2;14057
145;14069
4;14070
21;14073
11;14074
52;14076
39;14077
170;14078
8;14079
7;14080
10;14094
2;14096
1;14098
5;14101
37;14102
11;14104
21;14137
42;14138
18;14139
23;14140
27;14143
14;14152
53;14157
4;14159
16;14160
7;14170
17;14171
19;14182
5;14185
25;14188
11;14189
15;14196
12;14234
71;14235
36;14236
9;14245
33;14254
56;14256
9;14260
33;14278
1;14279
18;14280
2;14281
165;14284
8;14287
19;14329
33;14330
240;14331
217;14332
23;14340
31;14341
190;14349
39;14350
164;14351
7;14355
8;14356
4;14373
26;14377
13;14387
31;14409
68;14425
24;14426
194;14427
67;14428
2;14435
42;14446
3;14447
43;14448
14;14454
31;14465
437;14472
24;14473
159;14478
12;14482
12;14521
32;14522
51;14524
27;14540
31;14541
45;14542
168;14544
22;14561
31;14572
4;14575
1;14576
25;14577
24;14578
7;14597
39;14614
28;14618
12;14620
21;14621
36;14622
24;14623
2;14624
20;14638
14;14649
1;14651
2;14652
4;14653
1;14654
29;14656
18;14661
1;14672
7;14674
23;14677
16;14678
9;14713
18;14714
28;14715
160;14717
3;14718
61;14719
13;14720
26;14729
2;14746
12;14749
27;14751
17;14752
20;14773
23;14803
72;14809
66;14810
33;14811
16;14812
22;14829
27;14841
26;14847
13;14855
156;14860
6;14862
7;14864
2;14868
64;14907
169;14908
174;14917
30;14925
30;14927
5;14941
6;14947
13;14950
6;14951
110;15001
173;15002
89;15003
7;15004
11;15008
21;15015
22;15017
171;15021
28;15023
173;15040
9;15045
10;15046
17;15056
13;15057
54;15060
19;15092
17;15097
8;15100
17;15107
18;15117
26;15118
179;15120
22;15124
2;15133
12;15148
10;15152
17;15153
171;15154
1;15161
232;15193
194;15194
66;15195
163;15213
12;15214
15;15215
2;15216
33;15235
28;15243
150;15247
18;15289
29;15290
6;15291
13;15292
10;15293
9;15294
35;15295
21;15296
21;15300
2;15303
17;15321
3;15322
55;15323
11;15324
3;15325
15;15328
18;15332
17;15342
36;15350
32;15355
16;15385
14;15387
191;15389
26;15390
33;15391
69;15392
5;15409
29;15417
13;15418
8;15419
22;15421
2;15424
22;15432
15;15441
37;15443
32;15447
32;15481
48;15482
229;15483
39;15484
19;15492
16;15500
32;15501
20;15502
19;15503
24;15532
46;15539
19;15551
57;15577
18;15578
28;15579
26;15593
172;15598
17;15599
9;15623
26;15624
571;15635
2;15636
52;15673
177;15674
2;15675
19;15676
9;15687
16;15694
6;15696
37;15713
3;15719
19;15728
4;15730
48;15769
203;15770
4;15771
72;15772
2;15790
13;15791
16;15795
29;15796
153;15809
17;15816
6;15823
20;15865
6;15866
94;15867
67;15868
42;15887
3;15888
66;15892
32;15894
4;15910
5;15912
1;15913
34;15914
33;15919
40;15923
14;15947
5;15954
72;15961
8;15963
33;15964
28;15966
192;15967
21;15968
22;15990
28;15993
51;15994
27;15996
28;15997
8;16014
32;16015
5;16016
4;16018
37;16019
6;16058
19;16059
47;16060
42;16061
11;16062
33;16063
87;16064
15;16065
4;16067
4;16089
183;16090
20;16092
12;16093
26;16094
4;16095
20;16096
1;16099
16;16111
3;16114
20;16116
30;16153
251;16154
54;16155
40;16156
17;16162
21;16173
42;16174
35;16175
9;16202
23;16203
27;16207
9;16212
9;16246
171;16250
179;16251
99;16252
9;16269
152;16271
23;16272
159;16293
54;16297
28;16304
166;16305
3;16320
42;16345
157;16346
328;16347
25;16348
4;16365
70;16366
18;16367
18;16391
5;16397
11;16399
1;16402
5;16403
11;16410
217;16441
71;16442
66;16443
34;16444
24;16461
22;16463
19;16472
180;16485
18;16487
16;16537
149;16538
38;16539
55;16540
28;16559
8;16564
4;16567
7;16573
7;16581
15;16584
36;16585
13;16587
29;16592
13;16594
18;16633
162;16634
33;16635
577;16636
46;16637
24;16638
6;16640
19;16666
19;16667
182;16668
24;16670
27;16672
8;16686
10;16687
8;16689
8;16691
32;16694
14;16729
63;16730
29;16731
37;16732
4;16733
39;16734
43;16735
35;16736
24;16742
171;16751
35;16759
12;16761
163;16762
51;16766
38;16768
23;16781
10;16784
11;16786
3;16791
17;16825
43;16826
16;16827
12;16828
155;16835
26;16843
179;16846
32;16852
34;16873
30;16877
30;16882
33;16921
210;16922
56;16923
73;16924
4;16927
170;16941
6;16944
9;16951
13;16967
28;16971
31;16975
8;16977
755;17017
32;17018
179;17019
63;17020
23;17024
1;17038
50;17039
156;17040
1;17069
6;17098
611;17113
160;17114
1;17115
6;17116
28;17118
12;17135
43;17136
2;17147
15;17149
13;17154
4;17157
20;17158
6;17159
20;17162
36;17167
31;17197
19;17209
167;17210
199;17211
28;17212
6;17223
23;17229
22;17231
16;17232
3;17242
29;17247
17;17257
10;17262
14;17287
45;17305
11;17306
17;17309
30;17310
3;17311
578;17312
11;17314
11;17323
52;17337
13;17339
45;17341
17;17348
3;17357
14;17401
5;17402
47;17404
25;17405
173;17406
5;17408
4;17410
28;17431
158;17433
38;17434
6;17436
11;17437
181;17438
42;17439
15;17456
170;17460
23;17462
28;17497
61;17498
9;17499
10;17500
3;17520
8;17528
25;17539
13;17542
6;17543
3;17545
9;17547
103;17593
5;17594
12;17595
24;17596
10;17607
16;17613
18;17614
13;17615
36;17616
4;17636
35;17642
21;17652
8;17690
23;17691
38;17692
4;17703
161;17706
21;17709
18;17710
68;17711
36;17712
20;17719
17;17744
29;17762
29;17785
23;17786
30;17787
102;17788
181;17806
20;17807
155;17808
24;17829
26;17831
150;17832
19;17835
31;17841
5;17844
40;17846
18;17848
20;17881
37;17882
31;17883
10;17884
32;17893
3;17902
5;17903
18;17904
162;17910
162;17928
174;17930
23;17935
9;17977
28;17978
3;17979
31;17981
18;17983
7;17984
30;17987
1;17990
20;18003
4;18009
11;18013
3;18015
24;18033
9;18055
219;18073
12;18074
154;18075
37;18077
47;18078
6;18079
14;18080
164;18099
5;18106
22;18107
24;18111
13;18121
14;18125
39;18133
14;18134
30;18151
50;18169
3;18170
25;18171
28;18172
7;18173
13;18189
20;18190
37;18191
10;18192
22;18214
8;18215
13;18221
19;18222
24;18228
35;18265
3;18266
39;18267
9;18268
19;18278
49;18280
2;18286
7;18287
25;18290
5;18319
187;18361
33;18362
40;18363
552;18364
28;18368
20;18383
4;18384
26;18395
27;18405
18;18419
5;18449
31;18457
292;18458
34;18459
20;18460
26;18473
16;18479
19;18493
7;18494
33;18509
1;18510
16;18511
25;18553
24;18555
81;18556
29;18566
56;18573
6;18574
25;18580
23;18598
5;18600
15;18610
22;18611
23;18625
64;18650
14;18651
19;18652
184;18653
32;18654
216;18682
22;18683
1;18684
13;18685
48;18686
6;18687
14;18704
32;18746
14;18747
26;18748
72;18749
21;18750
3;18751
12;18752
16;18777
6;18779
159;18782
30;18783
24;18785
2;18791
19;18797
15;18798
14;18799
15;18801
19;18802
3;18803
34;18804
197;18842
56;18844
10;18862
20;18867
16;18871
30;18875
6;18881
175;18882
1;18937
31;18938
167;18939
7;18940
13;18941
32;18956
156;18957
6;18958
7;18959
15;18971
1;18984
148;18996
3;19016
9;19032
17;19033
168;19035
201;19036
13;19053
32;19054
18;19065
7;19071
7;19077
25;19078
4;19086
1;19087
34;19089
73;19129
64;19130
66;19131
43;19149
6;19151
39;19152
4;19177
22;19185
165;19188
57;19227
42;19228
570;19245
12;19248
11;19252
34;19271
29;19272
5;19281
149;19282
5;19306
33;19322
6;19324
21;19325
43;19326
9;19327
31;19328
13;19354
31;19355
1;19357
21;19359
8;19360
21;19404
19;19408
46;19417
37;19419
17;19420
36;19421
22;19423
31;19445
24;19450
28;19452
6;19454
32;19455
14;19461
27;19462
14;19466
1;19470
12;19472
15;19474
31;19476
9;19479
23;19480
10;19513
2;19514
13;19515
83;19516
27;19523
23;19534
27;19535
52;19536
33;19537
7;19557
21;19558
8;19560
19;19564
30;19565
8;19570
30;19571
15;19609
155;19610
4;19611
37;19612
29;19616
28;19618
566;19620
33;19627
16;19632
13;19661
70;19665
10;19668
28;19673
17;19705
25;19706
186;19707
208;19708
24;19727
154;19749
1;19751
21;19753
13;19762
70;19801
2;19802
32;19804
568;19808
145;19813
29;19814
10;19818
18;19820
7;19822
49;19823
7;19824
18;19850
4;19852
34;19897
13;19898
6;19899
58;19900
7;19911
13;19916
30;19917
16;19918
12;19919
1;19930
13;19933
162;19945
16;19952
199;19955
18;19966
13;19993
17;19995
13;19996
162;19997
23;19998
171;19999
71;20000
3;20007
4;20010
54;20026
23;20028
6;20033
20;20035
31;20055
9;20074
3;20087
11;20089
1;20092
33;20094
26;20096
9;20121
24;20122
59;20123
30;20124
3;20127
37;20143
10;20149
25;20150
35;20178
8;20185
67;20186
160;20187
17;20193
33;20206
24;20208
5;20216
27;20229
20;20230
7;20239
12;20241
9;20244
32;20281
44;20282
54;20283
46;20284
55;20301
48;20303
9;20332
184;20333
26;20334
164;20377
19;20378
24;20379
162;20380
9;20396
20;20398
9;20423
34;20425
28;20429
11;20430
29;20432
20;20435
216;20473
2;20474
207;20475
4;20476
13;20495
22;20496
10;20519
79;20525
7;20530
158;20564
71;20569
78;20570
4;20572
12;20576
5;20589
15;20590
6;20591
19;20608
15;20610
26;20618
10;20665
17;20666
26;20667
156;20668
3;20669
26;20670
56;20671
2;20672
7;20697
10;20698
7;20699
17;20701
68;20702
70;20703
3;20704
12;20708
29;20727
29;20751
28;20761
40;20763
52;20764
10;20766
6;20768
19;20772
17;20791
32;20793
37;20795
1;20797
5;20798
29;20800
33;20814
162;20821
42;20857
202;20858
276;20859
160;20861
11;20864
8;20891
9;20895
40;20900
24;20910
29;20914
162;20915
10;20934
19;20953
18;20954
10;20955
18;20956
57;20973
12;20975
163;20976
24;20982
31;20998
7;21000
41;21006
21;21009
11;21049
41;21050
214;21051
55;21052
27;21054
2;21061
11;21069
56;21072
27;21077
14;21102
7;21104
19;21106
69;21145
184;21146
48;21147
203;21148
42;21166
8;21167
556;21168
153;21192
27;21195
36;21197
41;21203
5;21242
69;21243
35;21244
10;21261
46;21262
20;21263
7;21274
34;21291
10;21292
42;21293
18;21327
153;21332
156;21337
6;21338
38;21339
33;21341
75;21342
11;21345
21;21355
167;21369
11;21372
15;21392
9;21430
555;21434
8;21435
16;21437
18;21438
174;21439
24;21440
24;21455
11;21467
7;21468
36;21469
14;21470
9;21472
13;21473
573;21481
10;21485
21;21494
206;21529
24;21530
25;21531
36;21532
38;21551
11;21555
31;21565
31;21575
171;21577
27;21582
25;21584
11;21586
11;21588
12;21601
26;21625
47;21626
56;21627
35;21628
13;21643
14;21645
15;21647
27;21650
28;21670
10;21671
33;21676
22;21682
5;21683
8;21721
35;21722
24;21723
92;21724
5;21726
163;21741
22;21743
29;21744
11;21761
23;21768
19;21769
32;21817
30;21818
58;21819
16;21820
17;21822
35;21826
29;21827
35;21837
9;21838
5;21839
13;21841
12;21846
18;21851
4;21860
179;21866
6;21869
36;21913
14;21914
187;21915
51;21916
9;21931
31;21935
22;21936
24;21938
36;21961
9;21962
8;21963
14;21967
12;21968
14;21970
3;21987
12;22009
11;22010
13;22011
30;22013
18;22014
67;22015
4;22016
6;22021
1;22023
17;22027
3;22041
51;22042
25;22045
77;22046
13;22047
29;22050
167;22055
10;22062
25;22063
30;22065
29;22077
12;22093
55;22108
209;22110
11;22122
1;22125
154;22127
3;22137
28;22139
3;22140
9;22144
15;22146
15;22158
7;22161
2;22165
6;22168
76;22201
183;22202
55;22204
40;22222
155;22223
12;22224
3;22240
1;22245
8;22248
19;22251
12;22256
14;22257
10;22297
94;22298
174;22299
13;22300
22;22303
30;22318
5;22319
46;22328
4;22338
7;22345
17;22349
183;22393
173;22394
14;22395
58;22396
28;22398
23;22413
207;22414
5;22446
181;22489
43;22490
47;22491
38;22492
12;22499
1;22509
14;22510
13;22511
26;22512
5;22520
1;22532
4;22535
156;22536
5;22538
13;22547
1;22548
27;22585
20;22586
56;22587
271;22588
20;22603
175;22606
23;22608
60;22613
11;22639
7;22642
14;22675
128;22681
23;22682
47;22683
4;22684
77;22685
36;22686
54;22687
50;22688
308;22713
46;22714
14;22715
31;22718
6;22719
16;22721
42;22735
25;22737
6;22744
158;22777
6;22778
13;22779
10;22780
4;22781
19;22782
50;22784
23;22806
9;22807
53;22814
159;22827
7;22833
19;22835
5;22840
8;22854
19;22873
44;22875
140;22876
1;22892
40;22893
158;22895
38;22904
33;22918
37;22928
1;22929
10;22930
176;22969
31;22970
13;22971
1;22972
52;22979
14;22984
17;22986
171;22989
23;22990
27;22991
20;22992
41;22997
4;23010
30;23013
5;23018
5;23022
155;23028
19;23044
16;23046
32;23065
21;23066
34;23067
42;23068
4;23085
20;23109
24;23120
11;23121
574;23161
55;23162
193;23163
197;23164
25;23170
31;23181
9;23183
20;23184
18;23201
7;23213
198;23257
46;23260
3;23264
16;23277
176;23280
157;23329
3;23337
19;23353
349;23354
32;23355
172;23358
48;23360
31;23381
33;23388
33;23389
31;23391
23;23392
31;23402
169;23408
10;23413
3;23414
20;23415
22;23416
34;23450
202;23451
51;23452
167;23453
18;23455
17;23481
4;23482
4;23483
12;23485
9;23486
8;23488
560;23503
36;23505
159;23545
22;23546
38;23547
210;23548
168;23566
36;23578
41;23592
18;23593
12;23595
10;23598
27;23599
2;23605
16;23627
55;23641
207;23642
53;23643
10;23644
149;23658
30;23661
177;23662
21;23664
5;23680
21;23683
16;23689
10;23692
8;23737
48;23738
21;23739
30;23740
11;23757
27;23758
13;23759
27;23760
5;23781
19;23785
20;23792
19;23833
79;23834
185;23835
82;23836
17;23848
28;23851
6;23872
2;23876
6;23880
21;23881
29;23884
4;23892
784;23929
372;23930
90;23931
32;23932
21;23934
4;23945
8;23950
15;23951
168;23952
34;23964
20;23967
20;23969
7;23975
29;23978
16;24026
221;24027
29;24029
26;24030
41;24031
487;24032
13;24044
157;24059
79;24060
13;24063
3;24077
27;24081
18;24087
26;24112
20;24122
3;24124
171;24125
93;24126
32;24127
9;24135
32;24140
16;24152
68;24154
26;24156
52;24157
19;24160
5;24161
2;24174
11;24178
31;24179
5;24183
8;24217
18;24218
21;24219
18;24220
32;24224
7;24238
16;24239
39;24240
37;24246
3;24248
33;24250
20;24251
4;24261
51;24262
34;24263
6;24264
29;24266
28;24272
28;24274
14;24276
12;24313
15;24314
30;24315
171;24316
12;24323
20;24335
9;24340
9;24360
18;24362
3;24365
17;24367
5;24370
31;24409
262;24410
88;24411
240;24412
14;24417
53;24429
59;24431
4;24432
17;24433
5;24457
12;24463
16;24466
37;24500
9;24505
42;24506
7;24507
120;24508
4;24511
15;24515
3;24525
11;24527
29;24529
12;24540
29;24543
27;24550
2;24555
11;24560
12;24561
34;24564
27;24601
173;24602
38;24603
42;24604
4;24611
152;24619
11;24621
168;24624
26;24631
9;24634
16;24646
16;24653
13;24659
31;24678
2;24697
69;24698
2;24699
34;24701
13;24702
6;24703
2;24728
10;24733
1;24734
15;24735
18;24739
28;24750
33;24751
20;24753
19;24760
154;24783
2;24794
201;24795
8;24796
190;24797
7;24798
16;24800
26;24803
19;24810
8;24827
31;24829
34;24830
45;24832
10;24840
11;24847
31;24849
21;24854
206;24889
9;24890
198;24891
23;24892
11;24909
6;24912
56;24985
27;24986
84;24987
14;24990
24;25007
13;25008
5;25016
25;25038
17;25039
39;25040
2;25041
36;25049
56;25081
64;25082
13;25083
65;25084
12;25096
8;25103
10;25104
23;25109
20;25127
22;25128
18;25130
18;25140
151;25177
15;25178
67;25179
9;25180
36;25187
11;25199
156;25213
9;25220
27;25226
32;25235
55;25236
562;25273
46;25274
4;25275
167;25276
29;25293
8;25295
7;25296
20;25317
5;25323
2;25324
22;25325
22;25328
4;25331
15;25342
25;25358
22;25369
22;25370
40;25372
56;25373
56;25375
174;25376
3;25385
1;25402
18;25404
23;25405
153;25410
26;25426
17;25430
20;25431
2;25454
9;25465
34;25466
169;25467
156;25468
29;25469
18;25471
22;25472
14;25478
45;25485
3;25491
26;25498
182;25499
18;25503
28;25514
6;25519
18;25520
33;25523
7;25527
12;25528
5;25561
59;25562
204;25563
7;25564
29;25566
15;25567
162;25582
9;25584
20;25586
6;25588
51;25607
2;25610
5;25615
7;25618
46;25657
79;25658
32;25659
67;25660
7;25677
35;25679
31;25680
13;25703
20;25705
12;25711
5;25714
15;25716
15;25749
55;25753
22;25754
46;25755
154;25756
11;25767
26;25774
12;25778
245;25849
19;25850
3;25851
34;25852
9;25888
66;25895
12;25899
35;25900
27;25902
16;25903
31;25906
9;25929
67;25945
15;25946
81;25948
173;25965
23;25966
24;25967
21;25968
5;25990
14;26003
2;26044
19;26045
13;26046
7;26047
67;26048
23;26073
14;26075
28;26079
1;26085
8;26094
7;26095
14;26096
36;26137
11;26138
20;26139
12;26140
182;26143
33;26144
47;26169
18;26170
44;26171
5;26172
21;26174
13;26175
167;26182
7;26189
9;26191
4;26196
5;26211
25;26233
30;26234
50;26235
55;26236
171;26254
36;26255
13;26273
9;26279
34;26285
3;26300
40;26329
76;26330
39;26331
51;26332
6;26335
18;26346
20;26350
26;26351
30;26357
3;26364
13;26375
182;26425
8;26426
33;26427
48;26428
38;26446
8;26453
36;26472
6;26479
204;26521
66;26522
367;26523
152;26524
161;26543
4;26547
26;26565
34;26566
9;26569
11;26572
2;26573
12;26575
12;26576
16;26578
18;26617
218;26618
53;26619
19;26620
8;26623
34;26647
10;26655
2;26663
2;26664
31;26673
51;26676
10;26709
38;26713
19;26715
195;26716
9;26717
163;26718
29;26719
3;26720
34;26723
60;26726
14;26746
20;26750
184;26752
15;26756
1;26768
28;26773
16;26809
1;26810
28;26813
58;26814
42;26815
7;26837
7;26838
7;26843
22;26844
1;26845
15;26848
10;26861
4;26863
151;26864
157;26868
48;26905
211;26906
66;26907
20;26909
38;26925
9;26927
3;26928
17;26936
3;26940
1;26955
22;26977
17;26978
39;27001
242;27003
15;27004
23;27011
10;27022
3;27024
22;27047
4;27049
7;27052
10;27057
1;27058
16;27071
79;27097
40;27098
201;27099
5;27100
19;27106
17;27119
71;27120
22;27124
23;27125
8;27131
7;27141
25;27142
33;27147
61;27193
111;27194
16;27195
83;27196
42;27214
169;27216
3;27217
9;27238
9;27242
30;27243
4;27245
17;27249
614;27289
12;27290
46;27291
19;27292
4;27306
12;27309
76;27310
5;27311
10;27331
2;27340
25;27345
23;27356
57;27385
30;27387
226;27388
37;27390
6;27391
6;27393
5;27398
17;27412
3;27417
30;27419
12;27420
22;27421
4;27423
22;27429
17;27432
19;27437
7;27440
13;27442
10;27443
17;27446
16;27448
33;27476
172;27482
34;27483
34;27484
64;27485
11;27486
2;27487
32;27488
25;27514
10;27516
24;27518
29;27519
4;27537
26;27543
72;27577
40;27578
61;27579
19;27580
11;27591
2;27595
4;27597
43;27598
9;27613
31;27615
5;27624
13;27627
12;27630
31;27673
11;27674
353;27675
61;27676
2;27685
13;27691
12;27695
17;27696
4;27720
27;27724
15;27770
21;27771
17;27772
11;27787
57;27789
59;27791
6;27792
174;27801
6;27813
15;27814
20;27817
2;27818
28;27827
47;27865
88;27866
40;27867
7;27868
21;27883
35;27888
14;27895
3;27921
1;27923
30;27961
85;27962
22;27963
18;27964
8;27969
2;27970
34;27983
4;27984
162;27989
4;27994
1;28003
18;28006
4;28010
1;28011
5;28014
7;28015
32;28017
22;28018
35;28054
56;28057
7;28058
18;28059
52;28060
26;28061
12;28063
35;28064
20;28070
18;28091
18;28092
162;28093
41;28094
22;28096
9;28110
28;28114
11;28117
5;28153
8;28154
20;28155
20;28156
7;28158
49;28159
8;28160
32;28182
12;28185
33;28186
10;28187
37;28189
16;28190
19;28191
17;28192
7;28193
40;28209
36;28214
59;28249
25;28250
50;28251
44;28252
33;28271
25;28278
26;28284
11;28290
32;28296
16;28299
11;28300
2;28302
25;28320
58;28345
10;28346
55;28348
38;28357
28;28376
28;28441
46;28442
43;28443
42;28444
27;28459
21;28460
14;28461
16;28462
159;28464
6;28473
3;28485
2;28486
12;28487
14;28488
3;28489
13;28492
9;28500
5;28511
40;28537
25;28538
86;28539
52;28540
23;28549
40;28583
7;28593
38;28615
54;28633
22;28634
56;28635
52;28636
34;28637
27;28638
2;28683
32;28687
39;28689
20;28710
14;28715
717;28732
43;28733
34;28735
6;28748
14;28751
22;28761
7;28762
18;28763
9;28766
10;28768
9;28771
13;28776
1;28780
151;28781
23;28782
33;28787
37;28791
22;28820
6;28825
8;28826
19;28827
24;28830
42;28831
15;28832
156;28840
7;28859
12;28860
55;28862
36;28921
33;28922
56;28923
48;28924
12;28938
10;28942
9;28943
6;28944
3;28957
6;28962
21;28968
35;28971
14;28998
11;29017
47;29018
51;29019
45;29020
33;29027
1;29037
11;29038
31;29039
215;29040
154;29052
158;29055
22;29095
41;29113
12;29114
166;29115
17;29116
161;29134
164;29135
26;29162
340;29213
3;29214
180;29215
107;29216
1;29226
24;29234
4;29235
2;29236
6;29241
4;29258
37;29264
22;29270
17;29272
42;29309
261;29310
59;29311
194;29312
3;29318
5;29324
4;29331
23;29333
21;29342
31;29355
52;29362
22;29365
25;29368
553;29380
12;29405
39;29406
41;29407
179;29410
19;29412
9;29417
19;29418
20;29427
11;29437
2;29440
5;29443
3;29458
32;29460
5;29461
24;29462
18;29466
2;29495
32;29501
198;29502
163;29503
29;29504
166;29505
15;29507
15;29508
17;29521
19;29534
5;29535
182;29536
46;29539
11;29540
41;29541
22;29547
16;29553
21;29562
15;29564
36;29597
32;29598
13;29599
7;29600
5;29614
23;29617
28;29620
7;29642
21;29644
2;29653
4;29655
183;29693
48;29694
81;29695
5;29696
10;29702
32;29706
21;29707
25;29713
19;29714
1;29716
6;29738
42;29747
5;29750
33;29765
289;29789
24;29790
188;29791
157;29792
19;29797
26;29810
24;29811
28;29812
16;29826
8;29838
14;29842
379;29885
167;29886
53;29887
8;29888
26;29891
171;29894
2;29905
7;29908
158;29932
15;29936
3;29938
11;29941
169;29943
48;29982
34;29983
255;29984
22;30002
18;30003
27;30004
12;30014
23;30022
36;30028
10;30029
14;30031
151;30034
561;30040
18;30070
38;30077
47;30079
36;30080
21;30081
43;30082
167;30083
2;30084
159;30086
27;30101
28;30104
43;30110
2;30114
2;30118
27;30131
40;30133
2;30134
558;30138
1;30173
36;30174
23;30176
13;30177
18;30178
5;30180
14;30185
15;30193
24;30202
35;30207
12;30208
159;30209
3;30211
4;30214
3;30221
31;30228
21;30236
19;30269
34;30270
634;30271
3;30272
3;30289
67;30291
21;30292
7;30305
27;30312
26;30313
23;30328
163;30335
146;30350
42;30365
50;30366
12;30367
26;30368
9;30383
38;30386
31;30387
1;30411
7;30414
1;30422
29;30423
42;30461
40;30462
16;30463
19;30464
39;30482
36;30483
2;30484
12;30490
2;30515
9;30516
12;30517
2;30529
23;30531
43;30558
207;30559
35;30560
5;30575
10;30580
1;30585
19;30589
34;30592
19;30601
3;30602
31;30603
5;30607
177;30653
16;30654
117;30655
28;30656
31;30673
52;30674
12;30675
177;30676
8;30680
14;30687
4;30690
159;30697
11;30699
13;30702
22;30703
32;30721
158;30734
21;30749
41;30751
31;30754
44;30756
5;30764
34;30774
6;30775
25;30779
7;30785
28;30790
3;30800
168;30810
32;30823
85;30845
27;30847
8;30849
167;30850
52;30852
31;30865
1;30877
56;30880
9;30881
31;30882
63;30884
14;30889
32;30905
30;30907
165;30909
155;30941
10;30942
86;30943
214;30944
148;30961
23;30963
24;30964
27;30973
3;30979
7;30996
10;30998
23;31037
52;31038
2;31039
1;31046
29;31060
17;31063
6;31064
165;31066
25;31071
10;31081
33;31085
30;31090
3;31105
96;31133
8;31134
52;31135
373;31136
21;31144
32;31149
7;31153
2;31155
12;31156
20;31157
2;31161
17;31162
12;31178
40;31179
36;31183
32;31229
2;31230
219;31231
3;31232
4;31239
12;31247
39;31250
18;31252
10;31254
5;31260
24;31265
21;31276
41;31280
17;31284
55;31325
30;31327
48;31328
23;31329
13;31333
21;31338
23;31346
11;31347
39;31348
1;31357
33;31363
10;31371
22;31372
13;31379
10;31383
26;31407
18;31421
50;31422
28;31423
33;31425
58;31426
22;31428
21;31438
5;31443
12;31446
29;31447
212;31453
37;31454
1;31456
31;31460
6;31475
2;31476
9;31477
6;31478
164;31481
20;31484
36;31509
25;31518
15;31519
24;31520
27;31522
8;31523
10;31532
48;31548
2;31549
30;31551
11;31552
21;31554
14;31555
8;31566
18;31574
23;31575
14;31579
1;31613
68;31614
14;31615
38;31616
19;31633
2;31634
18;31636
20;31637
26;31639
35;31647
19;31656
10;31658
13;31661
121;31709
207;31710
79;31711
36;31712
4;31719
23;31729
12;31730
34;31732
13;31745
5;31748
10;31753
28;31756
13;31758
27;31761
198;31805
54;31806
52;31807
16;31808
3;31816
28;31825
43;31827
10;31828
4;31849
1;31850
34;31855
20;31856
4;31859
32;31861
33;31877
145;31901
50;31902
36;31903
69;31904
21;31921
29;31923
13;31924
1;31938
25;31954
21;31955
29;31997
195;31998
117;31999
36;32000
8;32008
47;32017
17;32018
34;32019
12;32038
36;32044
5;32055
26;32093
55;32094
42;32095
62;32096
15;32097
11;32098
55;32099
30;32100
40;32106
27;32120
25;32125
17;32127
26;32128
29;32135
30;32138
15;32143
20;32145
40;32146
31;32148
4;32154
4;32184
15;32191
42;32192
16;32194
41;32195
39;32196
19;32199
22;32208
18;32219
25;32222
370;32223
20;32226
29;32228
2;32246
20;32250
21;32285
2;32286
592;32287
56;32288
29;32296
4;32297
24;32305
26;32307
30;32335
10;32336
10;32343
21;32381
585;32383
68;32384
10;32391
28;32401
41;32402
14;32403
167;32404
3;32414
165;32417
29;32439
18;32444
45;32477
40;32478
12;32479
11;32494
49;32497
5;32498
40;32524
3;32525
18;32527
90;32573
25;32574
41;32575
184;32576
19;32594
8;32596
1;32609
21;32632
61;32669
44;32670
202;32671
42;32672
30;32689
9;32690
45;32691
21;32703
21;32705
2;32709
33;32716
14;32722
19;32728
5;32737
13;32748
17;32765
24;32766
12;32767
44;32768
56;32769
26;32770
33;32771
11;32798
9;32799
13;32804
15;32808
13;32818
5;32821
22;32828
64;32861
37;32863
4;32864
8;32865
23;32866
25;32867
46;32868
25;32885
6;32887
1;32893
17;32894
47;32895
24;32896
153;32897
35;32898
30;32899
50;32900
30;32910
24;32913
46;32916
21;32918
12;32919
51;32921
7;32922
153;32924
218;32957
8;32958
58;32960
12;32978
8;32979
211;32980
1;32993
17;33008
18;33012
41;33016
2;33031
30;33032
16;33053
11;33054
41;33055
20;33056
25;33069
2;33076
26;33098
2;33099
17;33102
2;33142
21;33149
13;33150
25;33151
55;33152
23;33171
17;33172
26;33182
5;33195
34;33199
29;33205
18;33206
24;33208
26;33245
7;33247
7;33248
6;33261
17;33265
20;33266
42;33268
17;33281
30;33282
25;33284
16;33285
151;33287
7;33290
6;33291
12;33297
167;33301
2;33337
12;33341
108;33342
6;33344
25;33348
37;33362
14;33363
30;33389
28;33400
19;33437
17;33438
52;33440
30;33441
29;33442
6;33443
14;33444
36;33469
24;33471
2;33475
33;33477
15;33485
21;33491
27;33493
169;33495
13;33498
1;33504
81;33534
14;33535
23;33536
74;33537
49;33538
199;33540
18;33549
184;33566
32;33567
24;33568
163;33569
9;33570
31;33592
29;33593
4;33629
70;33630
18;33632
11;33639
162;33649
4;33651
2;33679
26;33681
3;33682
19;33684
11;33685
10;33725
98;33726
8;33727
24;33728
10;33737
31;33745
11;33746
2;33749
33;33757
25;33767
4;33769
16;33771
7;33772
14;33777
21;33800
32;33821
87;33822
50;33824
24;33828
13;33839
29;33841
10;33843
25;33852
196;33853
33;33867
6;33868
22;33871
54;33917
65;33918
93;33919
125;33920
16;33937
162;33939
14;33942
11;33964
162;33965
8;33968
11;34006
61;34013
10;34014
26;34015
37;34016
3;34022
158;34033
19;34034
20;34035
154;34036
20;34057
14;34060
1;34062
5;34088
44;34109
39;34110
12;34111
31;34112
39;34113
13;34114
8;34115
168;34122
12;34143
2;34144
34;34145
181;34146
16;34147
1;34148
10;34161
3;34162
7;34193
11;34205
89;34206
27;34207
179;34208
8;34209
57;34210
19;34211
43;34212
19;34227
5;34243
8;34244
16;34257
1;34262
4;34266
1;34268
5;34301
196;34302
188;34303
66;34304
35;34311
25;34321
11;34322
37;34323
48;34324
32;34326
21;34328
19;34346
19;34349
13;34353
16;34396
65;34397
19;34398
15;34399
18;34400
12;34450
7;34454
18;34493
33;34494
59;34495
32;34496
22;34514
4;34516
9;34537
39;34543
2;34547
260;34589
25;34590
184;34591
73;34592
24;34609
67;34610
13;34611
12;34612
10;34615
33;34631
28;34638
3;34650
7;34654
1;34685
57;34686
183;34687
85;34688
31;34702
35;34705
2;34706
19;34707
19;34721
5;34725
19;34729
9;34732
25;34741
7;34781
53;34782
19;34784
43;34785
33;34786
170;34787
62;34788
32;34793
30;34801
2;34805
3;34807
42;34819
20;34826
11;34830
7;34841
18;34856
32;34877
52;34879
212;34880
24;34881
22;34882
49;34883
58;34884
26;34901
17;34909
23;34911
311;34914
3;34928
12;34935
161;34947
261;34973
48;34974
49;34975
78;34976
15;34977
35;34993
6;34996
4;35001
9;35005
11;35016
3;35018
20;35023
16;35024
4;35026
16;35036
