sums of daily draw-off volumes
108.2
97.2
125.2
149
71.2
295.2
131
155.2
127
272.5
112
94.8
156
170.5
192.5
231.8
122
98.5
278
131.8
240
121
348.8
41.2
128
207.5
124.8
263.8
251.2
160.2
231.8
104.5
97.5
127.2
100.5
118.5
158.8
198.8
256.5
353.5
256.2
236.2
160.2
117.2
144.5
136.8
74
222.8
226.8
116.2
241.8
96.8
214
146.8
145.5
178.8
241.2
208.8
207
56.2
203.5
88.8
149.5
197.5
284.2
109.8
248
129.8
213.2
175.8
240
175.5
85
139
220
123.8
203
172.5
105.2
154.5
131.8
138
204.8
201.2
162.8
110.8
180.2
96.5
267.2
221.8
131.5
146.2
152
198.2
218
120.8
253.2
456.2
157
152.8
254
191
191.5
219.8
394.2
203.8
186.5
189.2
78.2
133.8
145.2
102.5
255
130.8
212.8
118.5
167.5
163
276.8
150
230.5
114
259.8
299
221.5
136.8
95.8
57
192.5
60.8
117.8
134.5
200.8
229.5
276
168
96.2
94.5
447.2
229.2
144
91.2
89.8
118.8
256.5
163.2
199
79.2
113.2
253.5
287.8
118.2
76.2
99
117.2
124.2
227
129.8
223.8
92.8
133.5
135.8
231.5
86
140.8
111.8
153.8
143.2
139.5
263
173.8
162.8
104.5
300.8
201.2
143.5
160.2
315
245.8
142.5
212.5
236.2
43.8
74.2
103.5
220.5
169.2
47.2
198.2
77.2
48.2
233.8
125
77.8
164
134
127.5
146
134.8
120.5
227.2
55.5
116.2
98.2
251
162.2
239.8
149.5
152.8
70
106
124.5
132.2
140
102.2
129.8
125
240.8
107.8
121
341.8
69.5
176
380.5
161.8
85.8
107.8
124.5
116.8
160.2
132.5
144.5
105.5
172.8
140
167.5
231.8
133.8
132.2
196.2
55.8
282.2
109.8
296.5
280.5
185.8
192.5
57.2
119.5
401
282.5
155.2
111.5
80.2
200.2
101
173.8
75.8
203.5
113.2
85.5
82.2
142
228.2
164
207.8
145.2
90.5
85.2
124.2
108
50.8
157.2
107.8
80.5
89.8
269
111.5
205.5
131.5
104
107.8
137.5
138.5
212
144
125
80.5
132.8
107.8
64
114.8
142.5
94
89.8
47.2
115.8
68.2
89
295.2
91.5
68.8
192.8
152.2
186.8
185.5
247.8
253.8
44.5
119.5
206.5
292.2
302.8
315
104.2
256.8
98
57.2
109.2
210.2
150.8
200.8
176.8
98.2
183.2
111.8
88
197.5
83.5
70.8
153
124.8
110.8
134
150
170.5
201
287.2
55.8
97.2
135.8
79.5
234.8
148
48
73
139
65.5
127
232.5
82.5
73.2
137
177.5
133.5
154.5
123.5
178.8
38
54.5
184.8
122.5
133.5
214.8
184
sums of draw-off volumes of each hour of the day
176.1
326.4
96.6
232.7
102.2
242.2
11054.9
13670.9
4848
1255
1024.7
3412.2
3229.2
1565.5
1677.6
2307
1756.5
1178.1
2191
2319.1
2244.2
1846.7
1155.5
299.8
sums of draw-off volumes of each hour of weekdays
98.4
141.7
57.8
57.6
71.2
82.8
9195.8
9307.8000000
2300.2
613.2
774.10000000
3214.2
3034.6
1355.5
511.1
598
483.9
703.6
1905.6
1748.1
1560.6
1022.1
439.2
136.5
sums of draw-off volumes of each hour of weekend-days
77.7
184.7
38.8
175.1
31
159.4
1859.1
4363.1
2547.8
641.8
250.6
198
194.6
210
1166.5
1709
1272.6
474.5
285.4
571
683.6
824.6
716.3
163.3
holidays of household(s), numbers correspond to day of year
