2;29
172;30
22;32
7;39
30;50
11;51
14;78
160;80
15;86
39;87
23;111
25;125
85;126
57;128
41;146
39;147
6;148
7;183
19;184
40;221
15;222
168;223
13;227
4;268
9;272
11;277
11;278
19;279
159;308
181;317
3;318
88;319
60;320
10;338
46;340
19;353
21;354
6;374
53;376
26;401
27;413
226;414
81;416
16;427
18;428
38;435
23;468
4;470
5;472
2;497
49;509
28;513
7;514
27;515
13;516
31;525
4;533
22;543
38;546
38;547
7;559
9;568
27;569
37;574
160;578
23;603
17;605
46;606
20;609
25;610
16;612
9;629
6;637
165;638
8;639
16;643
11;644
20;648
14;659
3;660
157;687
42;701
6;702
33;703
18;704
34;731
12;737
12;750
8;751
10;753
7;756
14;757
20;759
31;797
247;798
32;799
83;800
14;802
71;817
1;819
321;820
7;824
17;828
26;848
30;849
35;856
18;893
570;894
25;895
164;896
4;910
10;914
17;915
28;942
22;946
22;948
14;949
38;990
36;991
2;992
44;996
37;1009
36;1011
19;1012
21;1032
16;1047
9;1085
9;1086
88;1087
32;1088
154;1091
12;1100
36;1107
6;1108
29;1130
33;1132
15;1136
10;1143
8;1181
25;1183
32;1184
84;1185
25;1186
13;1187
31;1188
6;1197
31;1216
36;1218
75;1220
26;1227
11;1271
8;1277
61;1278
83;1279
48;1280
159;1281
52;1282
11;1283
7;1309
11;1310
160;1311
4;1313
7;1314
2;1315
26;1316
15;1328
5;1331
162;1335
23;1339
12;1340
24;1373
178;1374
36;1375
80;1376
18;1378
16;1379
71;1395
5;1402
9;1418
12;1420
33;1470
12;1471
176;1472
14;1486
7;1491
4;1506
3;1508
9;1514
164;1521
3;1527
13;1528
17;1565
3;1566
10;1568
167;1571
7;1585
48;1587
15;1588
22;1601
159;1613
23;1618
18;1620
31;1623
7;1624
157;1661
26;1662
55;1663
18;1664
1;1665
33;1682
9;1699
2;1705
20;1706
4;1718
218;1757
227;1758
200;1759
166;1760
8;1766
10;1767
27;1772
15;1777
161;1779
2;1780
7;1807
24;1812
15;1834
29;1853
25;1854
23;1856
24;1857
581;1859
37;1860
18;1876
2;1882
5;1884
32;1885
4;1886
159;1887
30;1888
18;1889
19;1912
26;1915
23;1941
164;1949
26;1950
31;1952
4;1953
15;1956
10;1961
19;1977
26;1984
9;1985
44;1986
26;2004
21;2012
22;2018
8;2045
9;2046
41;2047
3;2048
1;2065
153;2066
6;2067
36;2068
8;2078
15;2093
40;2095
14;2096
15;2100
42;2141
30;2142
27;2161
9;2162
159;2163
20;2183
1;2185
11;2189
171;2191
30;2237
62;2239
224;2240
14;2241
4;2242
20;2245
9;2260
5;2266
8;2286
26;2289
13;2333
67;2335
36;2336
36;2354
1;2355
22;2356
29;2377
11;2380
10;2382
7;2388
12;2391
11;2429
4;2430
54;2431
23;2432
28;2452
40;2460
7;2461
7;2464
19;2480
12;2481
52;2526
30;2528
10;2530
214;2531
1;2544
20;2557
9;2562
26;2563
25;2564
35;2601
9;2611
159;2622
11;2623
34;2624
21;2625
16;2626
8;2629
152;2653
75;2656
19;2657
15;2659
32;2660
23;2661
17;2672
169;2673
6;2674
20;2676
4;2693
45;2717
180;2718
55;2719
13;2720
17;2733
29;2739
34;2754
5;2758
9;2764
9;2813
41;2814
4;2815
56;2816
7;2833
11;2834
16;2836
3;2863
14;2864
38;2865
26;2867
29;2871
32;2910
44;2911
3;2912
20;2916
10;2924
26;2927
200;2930
35;2934
13;2953
17;2961
198;3005
70;3006
72;3007
188;3008
2;3017
20;3036
28;3039
8;3050
10;3054
14;3063
194;3101
40;3102
191;3103
51;3104
24;3121
24;3122
13;3123
33;3145
29;3146
14;3147
11;3151
5;3152
13;3153
29;3155
158;3156
9;3191
8;3192
13;3197
14;3198
5;3199
19;3200
179;3201
4;3202
11;3204
35;3216
34;3230
3;3232
20;3237
15;3241
29;3249
21;3251
11;3254
11;3260
7;3293
40;3294
13;3295
6;3297
8;3298
33;3300
3;3311
17;3319
30;3321
6;3326
8;3327
20;3332
5;3341
1;3346
18;3348
1;3349
17;3355
4;3389
31;3391
15;3392
29;3410
40;3411
5;3412
1;3433
23;3435
22;3437
22;3441
68;3486
36;3487
174;3488
29;3498
19;3503
24;3507
32;3508
27;3510
3;3522
26;3525
188;3582
53;3584
11;3602
1;3604
10;3615
7;3616
7;3625
26;3632
17;3633
20;3638
24;3640
39;3677
54;3678
79;3679
189;3680
38;3698
175;3699
6;3700
3;3726
39;3727
8;3728
33;3736
23;3773
111;3774
26;3775
165;3776
24;3793
27;3794
52;3795
20;3825
23;3826
28;3827
26;3830
13;3852
17;3869
13;3871
12;3874
338;3875
18;3876
18;3889
23;3891
156;3902
17;3906
18;3907
19;3917
11;3929
29;3932
43;3965
38;3966
22;3967
36;3969
31;3970
24;3971
12;3972
5;3982
3;3998
22;4000
26;4004
150;4006
17;4016
35;4020
31;4021
24;4024
41;4061
17;4062
219;4063
34;4064
2;4069
16;4081
6;4082
2;4090
31;4092
25;4112
9;4116
15;4157
6;4158
64;4159
16;4160
156;4162
25;4177
13;4178
26;4180
25;4197
28;4201
13;4202
11;4203
24;4253
29;4255
13;4264
12;4270
11;4274
17;4295
13;4298
154;4300
7;4310
38;4349
220;4350
33;4351
19;4352
18;4364
31;4369
3;4370
7;4371
4;4372
13;4384
24;4396
6;4399
30;4402
35;4407
2;4408
10;4411
5;4446
63;4447
24;4448
5;4458
15;4465
14;4468
16;4487
33;4490
22;4498
5;4501
21;4522
13;4541
5;4542
58;4543
178;4544
17;4545
43;4546
164;4547
5;4559
11;4560
10;4576
14;4577
8;4578
26;4602
2;4637
6;4640
4;4642
1;4643
10;4644
1;4648
4;4652
14;4670
159;4671
31;4674
25;4676
182;4689
3;4694
14;4697
19;4718
6;4725
29;4733
129;4734
5;4735
47;4736
3;4737
3;4745
33;4746
30;4753
25;4754
20;4755
25;4784
6;4790
206;4829
5;4830
272;4831
58;4832
28;4838
9;4842
9;4848
32;4849
145;4852
8;4867
32;4875
30;4876
2;4878
169;4884
1;4887
25;4899
7;4908
19;4924
17;4925
22;4926
4;4927
9;4928
26;4929
28;4941
9;4942
10;4945
32;4979
5;4981
23;5021
7;5022
28;5023
15;5038
8;5040
164;5043
64;5044
27;5052
16;5067
10;5077
81;5117
52;5118
37;5119
39;5120
3;5123
558;5133
6;5134
21;5137
29;5139
152;5140
17;5144
10;5145
23;5161
12;5162
24;5166
166;5167
27;5174
20;5176
1;5179
146;5209
6;5213
28;5214
9;5215
27;5216
31;5217
20;5219
570;5220
8;5221
3;5223
4;5237
4;5245
7;5246
20;5248
13;5250
33;5251
14;5254
22;5267
17;5275
7;5309
31;5310
101;5311
18;5312
52;5313
31;5321
18;5335
33;5342
20;5344
26;5345
7;5347
28;5348
31;5349
1;5362
28;5365
8;5366
13;5373
32;5405
83;5406
182;5407
9;5425
3;5427
9;5460
8;5464
13;5488
4;5501
27;5502
50;5503
207;5504
21;5521
4;5530
25;5551
13;5558
25;5559
34;5560
158;5597
2;5598
614;5599
88;5600
2;5617
6;5618
4;5619
13;5620
13;5630
15;5639
165;5643
79;5693
72;5694
113;5695
19;5696
35;5701
45;5714
16;5715
7;5716
34;5736
164;5748
40;5789
49;5791
11;5792
18;5810
24;5811
20;5812
32;5835
26;5843
1;5844
4;5845
9;5847
30;5885
53;5886
3;5887
4;5888
8;5889
182;5890
8;5891
13;5904
161;5910
17;5916
35;5922
26;5944
10;5945
1;5947
54;5981
208;5982
25;5984
5;5985
19;5986
40;5987
51;5988
174;5999
21;6000
17;6013
13;6014
4;6015
21;6016
29;6020
16;6042
15;6074
14;6077
14;6078
2;6079
51;6080
22;6081
3;6099
17;6100
9;6136
60;6173
35;6174
32;6175
2;6176
5;6181
14;6192
2;6195
167;6196
3;6202
2;6204
171;6219
9;6229
9;6269
276;6270
97;6271
30;6272
26;6282
24;6289
19;6290
47;6292
16;6299
3;6301
1;6312
28;6314
18;6319
5;6323
7;6324
198;6365
190;6366
161;6367
101;6368
34;6385
38;6386
34;6389
31;6391
6;6420
20;6421
34;6422
18;6424
54;6461
23;6462
16;6463
40;6464
36;6471
5;6481
11;6483
20;6487
4;6488
16;6501
8;6503
21;6505
21;6507
11;6511
25;6540
2;6545
2;6547
50;6557
38;6558
3;6560
18;6561
35;6562
28;6563
13;6582
33;6590
9;6592
16;6594
28;6606
11;6609
17;6616
162;6653
5;6654
22;6656
13;6657
13;6658
28;6659
65;6660
4;6665
32;6667
163;6682
8;6688
4;6689
10;6690
183;6692
24;6708
4;6713
4;6715
15;6716
13;6735
245;6749
180;6750
16;6751
61;6752
29;6770
166;6771
24;6776
31;6787
13;6793
15;6799
13;6801
23;6819
203;6845
27;6846
41;6847
5;6848
23;6857
54;6866
23;6868
160;6877
24;6879
30;6904
203;6941
216;6942
167;6943
19;6944
8;6946
28;6956
17;6963
2;6986
4;6989
12;6994
167;6997
18;6999
21;7037
177;7039
167;7040
8;7041
4;7058
39;7060
7;7066
10;7117
47;7133
55;7134
8;7135
47;7136
33;7153
22;7154
23;7155
2;7178
158;7181
19;7223
20;7229
35;7230
34;7231
15;7232
7;7234
8;7236
155;7249
30;7250
32;7262
8;7263
6;7264
26;7265
21;7266
609;7267
54;7268
15;7284
4;7288
38;7289
5;7309
18;7325
198;7329
26;7330
24;7332
8;7337
14;7356
4;7357
6;7359
23;7362
9;7364
14;7369
15;7377
15;7382
200;7421
36;7422
37;7423
65;7424
25;7426
155;7433
153;7442
75;7444
15;7465
13;7467
17;7470
1;7471
13;7475
20;7476
23;7479
9;7480
76;7518
227;7519
25;7520
7;7537
54;7538
185;7539
5;7557
29;7574
27;7613
1;7614
18;7617
155;7620
5;7633
65;7635
7;7636
3;7652
4;7660
25;7669
24;7708
22;7709
45;7711
63;7712
6;7732
21;7738
1;7756
44;7805
31;7806
115;7807
26;7808
14;7826
2;7827
14;7828
16;7835
38;7849
6;7850
32;7856
171;7863
38;7864
25;7867
40;7903
36;7904
1;7905
23;7907
34;7908
10;7933
159;7936
13;7938
6;7960
5;7997
2;7998
170;7999
42;8000
18;8001
174;8002
58;8003
13;8004
17;8018
1;8030
185;8031
34;8033
28;8034
31;8036
4;8041
29;8042
16;8043
22;8049
1;8051
35;8053
35;8057
35;8093
30;8094
14;8096
5;8105
5;8114
23;8115
11;8116
2;8120
17;8126
24;8129
22;8132
8;8137
23;8141
27;8143
23;8189
13;8190
60;8191
196;8192
9;8210
11;8211
3;8233
11;8236
5;8245
13;8285
61;8286
14;8287
20;8288
164;8307
18;8311
31;8338
30;8339
78;8381
68;8382
13;8383
54;8384
1;8400
6;8401
27;8403
20;8404
26;8422
27;8433
15;8477
33;8478
3;8479
30;8480
17;8498
4;8499
26;8500
2;8517
23;8519
1;8524
11;8534
7;8535
3;8536
158;8539
50;8573
23;8575
28;8576
36;8577
33;8578
4;8579
7;8588
5;8596
47;8610
3;8620
16;8630
17;8631
5;8632
40;8665
57;8666
190;8667
14;8669
11;8670
34;8671
13;8689
17;8703
18;8706
35;8707
15;8713
9;8720
12;8722
189;8726
25;8762
64;8763
34;8764
24;8766
15;8781
21;8782
3;8784
14;8792
31;8796
22;8806
9;8811
13;8819
22;8820
44;8857
41;8858
44;8859
21;8860
56;8879
39;8880
4;8892
31;8896
34;8911
13;8914
16;8943
8;8953
66;8954
15;8955
10;8956
24;8968
18;8973
23;8988
20;8989
12;8993
12;9003
26;9012
85;9049
47;9050
97;9051
9;9092
29;9095
28;9102
23;9104
156;9109
164;9145
41;9146
22;9147
37;9148
28;9157
21;9168
29;9190
27;9192
25;9199
7;9231
14;9241
29;9243
23;9244
45;9245
20;9246
169;9247
182;9248
11;9262
15;9264
15;9269
20;9274
4;9275
46;9278
36;9279
20;9280
14;9282
20;9295
175;9301
19;9340
14;9342
29;9344
17;9365
169;9370
346;9372
62;9374
169;9380
5;9381
21;9385
2;9394
29;9397
21;9399
38;9433
12;9434
24;9435
52;9436
5;9453
3;9455
4;9488
67;9529
48;9530
33;9531
43;9532
11;9533
29;9537
15;9543
5;9549
2;9552
25;9559
2;9572
157;9573
23;9575
12;9576
3;9582
751;9625
36;9626
176;9627
189;9628
28;9640
18;9645
15;9647
8;9648
24;9662
22;9665
34;9671
7;9672
37;9674
23;9677
9;9683
10;9684
38;9721
7;9722
164;9723
39;9724
19;9742
30;9744
13;9748
27;9756
32;9766
25;9777
14;9817
20;9818
23;9819
27;9820
13;9827
17;9837
17;9838
18;9839
16;9840
23;9862
15;9864
27;9914
62;9915
7;9916
26;9918
1;9919
31;9920
10;9924
27;9945
41;9947
4;9948
13;9950
13;9969
12;9974
14;9975
9;9998
12;10009
28;10010
60;10011
151;10012
17;10013
35;10014
21;10015
30;10016
23;10017
1;10029
28;10030
2;10042
25;10043
8;10044
19;10045
34;10046
15;10048
26;10056
37;10061
13;10063
18;10083
93;10107
175;10108
15;10127
40;10128
3;10136
5;10163
5;10164
25;10201
26;10203
60;10204
3;10208
15;10221
6;10222
5;10251
4;10254
20;10297
9;10298
32;10299
15;10300
10;10313
47;10317
2;10319
40;10334
28;10341
27;10343
38;10347
19;10351
204;10394
41;10395
47;10396
20;10403
6;10413
16;10414
7;10415
26;10416
6;10437
22;10439
13;10440
15;10457
160;10460
57;10489
6;10490
161;10491
160;10492
9;10510
31;10511
159;10512
24;10516
33;10541
6;10550
4;10560
13;10585
18;10586
7;10587
195;10588
23;10589
5;10590
151;10592
27;10610
20;10617
177;10618
2;10619
4;10620
2;10623
12;10624
16;10625
8;10635
5;10643
35;10683
31;10685
4;10686
31;10687
27;10688
36;10698
3;10702
8;10714
3;10716
154;10719
10;10720
36;10725
21;10730
21;10733
183;10735
1;10736
4;10737
2;10775
101;10777
29;10787
34;10797
41;10798
10;10808
31;10811
12;10833
57;10873
15;10874
207;10875
3;10876
16;10886
14;10896
30;10929
71;10970
32;10971
316;10972
21;10990
7;10991
29;10992
15;11010
16;11015
11;11018
36;11021
170;11033
40;11065
239;11066
22;11067
170;11068
22;11069
40;11075
11;11088
27;11095
43;11115
23;11134
34;11161
43;11163
60;11164
25;11166
22;11177
12;11184
160;11218
16;11244
45;11257
12;11258
4;11259
176;11260
32;11262
5;11263
11;11264
11;11289
2;11294
17;11296
6;11299
1;11300
18;11309
4;11312
4;11313
15;11325
32;11354
74;11355
12;11356
31;11357
15;11359
28;11360
2;11373
12;11382
2;11385
13;11386
21;11388
12;11390
7;11391
19;11392
3;11400
1;11405
26;11410
26;11411
6;11414
33;11415
14;11417
20;11449
160;11450
172;11451
24;11452
36;11469
4;11472
10;11473
34;11545
48;11546
176;11547
199;11548
22;11556
1;11595
16;11597
4;11601
31;11641
262;11642
21;11643
16;11655
1;11662
33;11663
7;11664
182;11698
13;11737
22;11738
15;11739
8;11740
15;11748
164;11753
156;11758
36;11760
19;11777
32;11796
25;11817
8;11834
238;11835
21;11840
3;11853
7;11856
21;11877
11;11901
26;11929
15;11931
5;11934
3;11936
27;11937
23;11948
147;11956
17;11962
36;11965
24;11966
11;11978
16;11983
21;11984
9;11986
8;11987
10;11988
15;11991
32;12025
22;12027
24;12028
75;12030
4;12032
26;12061
20;12062
11;12065
15;12085
13;12086
4;12088
31;12114
41;12121
80;12122
2;12123
35;12124
19;12141
28;12142
28;12144
28;12153
57;12168
16;12169
26;12171
30;12201
60;12218
9;12228
10;12240
24;12247
22;12270
12;12313
71;12314
47;12315
585;12316
6;12333
13;12335
25;12336
9;12355
19;12410
38;12411
29;12412
154;12430
168;12456
25;12466
4;12467
13;12482
174;12499
11;12501
19;12506
1;12525
161;12528
3;12551
9;12555
30;12563
2;12590
32;12601
176;12603
12;12606
28;12607
3;12626
20;12633
11;12637
32;12638
7;12640
10;12643
32;12649
13;12653
10;12657
3;12661
12;12663
16;12684
31;12698
13;12700
11;12701
4;12702
36;12703
8;12710
9;12712
21;12730
46;12732
25;12733
12;12735
17;12749
30;12750
3;12751
23;12793
401;12794
29;12795
209;12796
35;12813
16;12815
2;12840
3;12852
8;12863
179;12889
26;12892
4;12909
21;12922
8;12934
18;12939
53;12947
7;12985
61;12986
19;12987
176;12988
6;13007
202;13008
22;13011
3;13018
10;13029
10;13041
201;13082
15;13083
174;13084
15;13103
2;13104
8;13114
34;13133
25;13140
39;13177
14;13178
12;13179
63;13180
5;13197
5;13198
10;13200
175;13201
5;13220
163;13230
24;13232
21;13246
34;13275
29;13276
12;13277
44;13278
43;13280
2;13288
158;13294
6;13295
1;13304
10;13306
62;13308
172;13327
1;13331
10;13333
19;13351
22;13369
6;13370
82;13371
25;13373
23;13374
28;13396
7;13402
11;13403
7;13404
43;13408
8;13421
8;13423
5;13424
9;13466
13;13467
407;13468
7;13486
24;13487
29;13513
29;13517
3;13518
39;13561
14;13562
18;13563
7;13564
170;13573
154;13582
6;13583
1;13584
5;13598
9;13602
6;13610
4;13611
20;13657
13;13659
16;13660
16;13662
38;13679
41;13680
9;13689
22;13715
33;13753
35;13754
22;13755
38;13756
35;13767
180;13773
23;13775
7;13776
18;13796
13;13798
9;13804
165;13813
22;13849
48;13850
5;13851
8;13852
30;13871
12;13884
157;13891
21;13893
13;13894
18;13902
12;13906
53;13945
222;13947
41;13948
28;13949
19;13979
7;13981
21;13983
21;13984
8;13987
7;13998
36;14006
5;14007
20;14041
5;14043
22;14045
26;14046
5;14048
29;14074
30;14075
10;14076
14;14097
158;14099
15;14100
26;14103
19;14108
28;14137
15;14138
170;14139
13;14140
213;14158
27;14181
10;14182
8;14188
580;14191
1;14193
5;14233
22;14234
157;14235
15;14236
5;14245
52;14255
19;14262
24;14263
14;14277
18;14287
65;14329
184;14332
163;14351
15;14352
6;14377
38;14379
10;14386
18;14387
12;14391
59;14425
591;14426
12;14427
4;14428
3;14432
7;14445
12;14446
28;14447
3;14448
161;14469
11;14472
8;14478
33;14521
47;14522
54;14523
15;14524
32;14531
11;14537
16;14541
19;14543
57;14544
16;14550
22;14552
23;14570
5;14575
25;14578
152;14579
155;14607
40;14617
14;14619
168;14620
12;14623
21;14624
21;14639
6;14646
37;14648
26;14676
17;14680
35;14713
559;14715
1;14716
10;14717
21;14718
34;14719
343;14720
3;14746
43;14747
21;14749
24;14754
8;14767
50;14775
53;14809
11;14810
71;14811
45;14812
22;14827
24;14832
10;14836
8;14850
162;14862
9;14863
25;14865
12;14866
168;14905
19;14906
8;14907
16;14908
22;14913
20;14914
38;14925
193;14926
59;14961
38;15001
11;15002
4;15003
23;15004
3;15021
3;15023
1;15024
11;15055
2;15067
16;15097
64;15098
19;15099
22;15120
10;15133
7;15140
32;15142
5;15147
4;15153
57;15193
173;15194
16;15195
1;15196
164;15216
4;15238
10;15289
17;15291
8;15292
29;15293
24;15294
27;15296
8;15321
559;15323
32;15326
19;15331
36;15351
22;15364
8;15378
21;15386
18;15390
3;15391
28;15392
21;15394
20;15414
1;15418
11;15420
26;15421
24;15424
25;15443
25;15447
9;15448
27;15470
60;15481
5;15482
41;15483
35;15484
7;15502
23;15504
161;15517
38;15529
2;15560
20;15577
57;15579
26;15626
20;15632
23;15636
351;15673
170;15674
10;15675
19;15676
32;15695
41;15696
32;15718
21;15719
10;15721
22;15725
13;15726
1;15728
50;15769
36;15770
45;15771
17;15772
18;15787
16;15790
14;15792
2;15794
9;15801
2;15819
16;15822
18;15840
3;15865
24;15866
18;15867
19;15886
42;15887
16;15893
15;15961
159;15963
55;15964
31;15965
39;15968
7;15994
14;15995
15;15998
29;15999
12;16004
2;16006
16;16016
25;16020
12;16021
10;16055
29;16059
13;16061
1;16062
11;16063
33;16064
13;16088
4;16090
50;16091
161;16093
26;16110
2;16113
37;16116
13;16119
86;16153
80;16155
25;16156
23;16165
12;16186
166;16199
6;16206
43;16249
49;16250
6;16252
29;16258
38;16269
66;16270
20;16296
17;16298
6;16299
31;16301
3;16302
4;16304
29;16314
14;16325
32;16345
30;16346
27;16347
227;16348
578;16367
22;16373
1;16393
161;16396
19;16401
1;16403
67;16441
49;16442
13;16443
6;16447
7;16448
171;16454
30;16464
26;16489
1;16491
724;16537
8;16538
30;16539
56;16540
163;16557
2;16558
12;16561
32;16584
20;16591
23;16597
4;16600
6;16615
21;16633
32;16634
46;16635
3;16636
37;16637
31;16638
7;16639
7;16644
167;16665
44;16666
14;16669
34;16671
146;16673
10;16686
4;16691
43;16729
2;16731
163;16732
7;16733
42;16734
49;16735
33;16736
30;16761
5;16762
17;16763
26;16764
168;16765
3;16766
58;16767
164;16768
6;16779
25;16786
14;16789
6;16826
4;16827
64;16828
13;16843
32;16846
320;16847
8;16869
26;16875
20;16921
37;16922
25;16923
59;16924
32;16940
7;16941
6;16942
17;16943
15;16950
22;16954
3;16976
67;17017
318;17019
12;17020
169;17031
14;17033
1;17037
53;17038
2;17041
2;17053
9;17062
11;17069
9;17071
8;17072
8;17073
25;17084
23;17113
5;17114
188;17115
14;17116
35;17122
556;17124
17;17132
24;17134
162;17136
11;17139
16;17143
5;17145
21;17163
26;17171
31;17172
39;17191
108;17209
19;17210
26;17211
74;17212
24;17230
34;17232
38;17257
16;17262
29;17305
39;17307
11;17310
27;17311
5;17314
160;17337
22;17338
64;17361
23;17365
3;17368
157;17400
52;17401
15;17403
19;17405
149;17406
10;17407
151;17408
8;17415
34;17432
42;17439
24;17442
6;17455
30;17456
33;17462
4;17497
23;17498
38;17499
33;17500
6;17508
37;17547
183;17593
61;17594
4;17595
69;17596
6;17612
557;17613
190;17614
10;17615
13;17639
11;17643
147;17648
29;17689
23;17690
348;17691
170;17692
12;17693
4;17704
12;17710
77;17712
24;17723
37;17735
3;17738
16;17741
4;17743
24;17746
19;17785
14;17786
33;17787
196;17788
15;17794
6;17803
17;17805
9;17808
31;17818
19;17842
47;17881
60;17883
8;17884
151;17890
28;17901
42;17902
24;17903
38;17904
17;17909
14;17923
22;17926
39;17935
24;17938
159;17978
3;17979
31;17980
6;17983
34;17984
5;18010
5;18015
20;18016
12;18019
165;18030
16;18032
3;18033
155;18040
1;18075
17;18076
9;18077
13;18078
3;18105
23;18106
29;18107
19;18108
15;18110
11;18111
22;18128
4;18133
23;18135
22;18136
10;18140
30;18169
29;18171
197;18172
20;18189
17;18191
9;18194
22;18215
6;18224
88;18265
39;18266
76;18267
27;18287
8;18288
23;18290
14;18292
1;18323
165;18361
40;18363
48;18364
30;18367
565;18381
6;18383
23;18384
16;18411
27;18412
40;18413
53;18457
18;18458
41;18459
6;18470
1;18482
7;18491
181;18504
16;18506
2;18510
36;18513
46;18553
49;18554
16;18556
17;18564
15;18568
24;18574
12;18578
7;18589
14;18611
17;18612
31;18649
38;18651
31;18652
20;18653
163;18654
191;18655
24;18656
8;18668
22;18681
175;18683
6;18684
20;18685
21;18702
34;18706
5;18710
16;18711
18;18745
32;18746
30;18749
15;18750
43;18751
48;18782
2;18784
31;18800
47;18801
15;18841
29;18842
21;18843
29;18844
29;18845
6;18861
27;18863
22;18864
4;18885
6;18891
24;18894
29;18907
42;18937
60;18938
8;18939
34;18940
32;18957
2;18969
6;18979
6;18991
27;19033
41;19034
6;19035
24;19036
28;19037
9;19056
4;19084
4;19088
28;19091
2;19129
27;19130
67;19131
79;19132
23;19149
25;19151
33;19154
8;19157
14;19180
54;19184
5;19185
9;19186
17;19187
35;19225
44;19227
9;19228
43;19246
163;19247
25;19248
7;19269
33;19273
25;19276
17;19277
1;19283
3;19308
40;19321
6;19322
4;19323
20;19325
1;19327
158;19355
28;19357
26;19358
44;19359
25;19360
10;19366
22;19379
15;19414
13;19417
13;19418
10;19419
15;19420
14;19421
192;19422
25;19423
158;19429
21;19449
8;19451
10;19453
11;19455
7;19458
28;19469
12;19472
6;19479
19;19513
31;19514
12;19515
11;19516
14;19535
7;19536
26;19566
5;19570
67;19610
2;19611
27;19612
1;19629
7;19630
6;19631
163;19678
8;19706
24;19707
24;19708
14;19709
25;19728
7;19744
28;19753
176;19754
5;19756
16;19758
26;19759
57;19801
174;19802
2;19803
8;19804
2;19814
32;19821
7;19822
9;19829
35;19831
2;19853
4;19858
1;19897
160;19899
33;19900
1;19918
17;19919
16;19920
2;19930
2;19939
166;19944
5;19954
31;19993
8;19994
17;19998
56;19999
8;20017
11;20024
162;20025
36;20066
19;20089
54;20091
2;20092
37;20093
165;20094
38;20095
84;20096
30;20104
50;20123
152;20125
38;20126
29;20128
3;20140
12;20142
27;20144
15;20151
64;20186
37;20187
47;20188
33;20207
20;20208
16;20229
28;20233
152;20241
7;20281
16;20282
38;20284
16;20287
8;20301
16;20304
18;20331
8;20333
31;20336
174;20378
4;20389
27;20397
1;20413
169;20421
44;20423
5;20433
149;20452
37;20473
4;20474
8;20475
33;20476
28;20483
26;20490
9;20493
49;20494
25;20495
27;20501
151;20505
25;20507
6;20510
15;20521
17;20526
4;20527
9;20529
153;20531
83;20569
27;20570
27;20571
20;20572
6;20579
10;20613
21;20615
8;20624
11;20636
14;20640
6;20668
26;20670
8;20672
4;20699
30;20700
40;20702
30;20703
45;20704
26;20718
12;20721
6;20737
29;20745
34;20761
165;20762
6;20763
200;20765
17;20766
15;20768
32;20769
3;20783
1;20785
2;20787
34;20797
35;20798
33;20799
67;20800
30;20816
3;20819
12;20820
13;20824
40;20838
22;20857
16;20858
45;20859
37;20860
28;20867
4;20877
24;20878
2;20880
34;20883
29;20904
23;20910
26;20937
42;20953
4;20954
38;20955
22;20956
24;20968
216;20974
14;20990
7;21004
169;21005
159;21042
80;21050
28;21051
43;21052
7;21070
14;21079
15;21097
5;21100
20;21102
8;21104
30;21145
34;21146
23;21148
18;21165
7;21166
12;21168
157;21241
87;21242
150;21243
64;21244
22;21246
1;21247
44;21262
5;21264
12;21287
148;21290
162;21294
5;21299
1;21300
7;21317
50;21340
33;21341
32;21343
15;21344
31;21369
42;21373
36;21374
5;21376
10;21390
20;21392
24;21430
2;21436
15;21438
33;21439
200;21440
25;21467
25;21468
22;21470
9;21472
19;21485
19;21493
7;21494
189;21530
163;21531
20;21532
22;21549
21;21555
10;21569
2;21576
42;21578
28;21625
18;21626
37;21627
39;21648
17;21657
18;21678
33;21682
19;21721
566;21722
30;21723
1;21741
166;21767
18;21769
9;21778
34;21800
27;21817
183;21818
78;21819
34;21820
6;21838
169;21860
32;21864
31;21869
7;21871
10;21873
59;21913
84;21914
174;21916
13;21930
27;21934
33;21949
23;21963
19;22011
28;22013
184;22015
2;22041
24;22043
12;22045
6;22048
27;22051
8;22076
3;22104
3;22105
155;22107
23;22108
2;22109
29;22110
66;22137
67;22142
25;22143
31;22160
5;22162
33;22164
43;22201
2;22202
26;22203
11;22204
5;22221
25;22222
23;22224
21;22233
10;22235
7;22240
22;22253
12;22275
64;22297
38;22299
1;22300
157;22301
2;22317
30;22318
18;22339
11;22349
11;22350
12;22393
48;22394
573;22395
61;22413
15;22414
9;22416
20;22425
12;22444
20;22448
227;22489
176;22490
25;22491
20;22492
4;22509
7;22510
1;22512
15;22517
6;22536
9;22548
8;22587
15;22588
154;22607
29;22615
30;22635
28;22644
27;22659
43;22681
20;22682
38;22683
30;22684
52;22685
40;22688
42;22713
28;22715
19;22716
23;22729
13;22733
3;22740
20;22743
27;22776
12;22777
52;22779
37;22780
36;22783
175;22784
18;22811
22;22814
8;22836
23;22840
47;22873
74;22874
7;22875
52;22876
39;22892
10;22893
16;22895
158;22896
14;22919
24;22924
15;22934
13;22969
34;22970
35;22971
27;22972
30;22977
3;22996
18;23006
17;23016
8;23019
7;23040
1;23064
4;23065
15;23066
46;23067
210;23068
22;23069
163;23073
9;23112
20;23113
13;23115
20;23124
5;23142
4;23161
306;23162
179;23163
21;23164
6;23182
6;23208
11;23215
153;23238
24;23258
95;23260
14;23278
13;23280
11;23309
6;23311
179;23353
65;23354
23;23355
29;23356
17;23357
12;23358
48;23359
56;23360
7;23364
23;23369
30;23389
9;23391
43;23392
10;23401
27;23410
23;23449
29;23450
170;23451
9;23453
19;23454
29;23455
9;23456
5;23476
21;23479
34;23481
3;23482
11;23484
164;23485
20;23487
155;23488
37;23501
11;23502
7;23503
214;23545
20;23547
3;23548
7;23568
36;23600
25;23604
30;23641
79;23642
59;23643
37;23644
8;23659
10;23663
6;23667
156;23672
30;23681
1;23685
2;23686
149;23689
11;23702
9;23737
86;23738
16;23739
7;23740
36;23749
20;23750
24;23757
23;23758
58;23760
171;23765
23;23793
183;23833
25;23834
52;23835
205;23836
18;23845
155;23855
17;23879
3;23880
26;23883
26;23885
9;23890
6;23916
159;23929
46;23930
20;23931
70;23932
3;23938
154;23947
164;23952
11;23975
35;23984
9;23985
5;23987
200;23988
27;24028
8;24029
14;24030
85;24032
156;24033
11;24035
24;24059
18;24060
30;24064
10;24072
170;24083
23;24088
16;24100
49;24122
3;24123
39;24124
20;24126
162;24127
22;24128
17;24129
4;24133
170;24142
7;24155
43;24159
9;24160
155;24178
17;24181
13;24201
12;24218
43;24219
40;24220
1;24240
10;24261
37;24270
9;24271
161;24305
35;24314
24;24315
20;24316
13;24332
32;24333
10;24334
29;24335
18;24347
23;24360
27;24366
31;24381
46;24409
42;24410
25;24411
44;24412
7;24421
166;24430
38;24432
26;24453
6;24454
9;24457
38;24460
15;24464
153;24467
42;24505
65;24506
51;24507
19;24508
4;24527
21;24528
6;24530
22;24542
10;24552
19;24556
16;24558
5;24559
31;24564
160;24601
29;24602
2;24603
52;24604
18;24622
10;24643
14;24646
11;24652
163;24662
30;24693
8;24698
14;24699
10;24700
20;24701
24;24703
32;24704
9;24729
18;24730
18;24741
18;24743
21;24793
7;24794
11;24795
21;24796
7;24797
38;24798
152;24799
10;24800
25;24801
25;24806
11;24818
25;24822
22;24826
24;24831
586;24832
31;24852
18;24862
54;24890
22;24892
3;24904
6;24938
26;24942
10;24943
38;24985
59;24987
10;24988
21;24990
162;25005
7;25007
36;25029
20;25042
570;25082
17;25101
71;25104
6;25134
25;25140
31;25177
78;25178
24;25179
11;25180
29;25197
6;25199
32;25209
29;25211
14;25221
8;25222
29;25223
2;25226
30;25228
21;25236
38;25273
43;25274
180;25275
15;25276
4;25292
27;25294
41;25295
19;25296
10;25320
5;25323
5;25327
16;25329
8;25369
22;25371
24;25372
41;25373
5;25375
21;25387
156;25404
24;25429
1;25430
8;25459
30;25465
12;25467
182;25471
53;25472
1;25491
17;25493
10;25496
151;25497
9;25501
2;25512
23;25521
31;25561
30;25562
55;25564
11;25581
24;25582
9;25583
29;25605
47;25606
24;25612
18;25616
32;25620
1;25627
87;25657
65;25658
29;25659
8;25660
14;25679
11;25680
5;25683
16;25696
4;25705
24;25708
12;25738
11;25753
214;25754
14;25755
22;25756
4;25764
9;25773
25;25775
31;25800
28;25801
25;25804
42;25849
19;25850
251;25851
171;25855
7;25857
28;25870
57;25872
33;25873
27;25888
28;25906
4;25911
165;25945
44;25946
206;25947
19;25948
6;25955
1;25956
148;25999
25;26001
6;26024
16;26041
26;26042
4;26043
6;26044
17;26045
35;26046
40;26048
44;26074
30;26077
9;26078
19;26079
20;26095
24;26098
3;26102
20;26104
4;26137
14;26138
24;26141
168;26142
27;26143
16;26172
24;26176
10;26192
11;26194
2;26197
29;26199
16;26201
5;26217
35;26233
79;26235
195;26236
21;26247
180;26254
24;26277
1;26280
12;26282
15;26283
11;26285
13;26290
14;26312
3;26326
157;26330
10;26331
77;26332
16;26335
33;26343
6;26349
45;26350
181;26351
2;26352
31;26370
27;26377
22;26386
21;26387
7;26425
18;26426
15;26427
29;26445
32;26447
14;26456
718;26457
3;26470
1;26473
31;26474
18;26480
15;26482
27;26521
54;26523
40;26524
16;26525
16;26541
11;26543
24;26544
36;26568
24;26588
24;26593
6;26616
7;26617
57;26619
11;26620
3;26628
33;26633
4;26634
33;26638
23;26639
8;26640
8;26649
13;26661
22;26671
19;26672
2;26675
15;26707
7;26716
33;26717
13;26722
6;26735
9;26746
37;26748
17;26749
26;26750
36;26753
32;26765
6;26767
54;26772
16;26809
7;26812
16;26813
9;26815
28;26816
25;26841
2;26844
28;26845
4;26861
154;26879
7;26884
3;26905
27;26907
166;26908
28;26925
33;26927
12;26928
155;26948
22;26953
144;26963
14;27001
20;27002
92;27003
14;27004
25;27007
47;27021
8;27022
2;27023
18;27024
20;27049
7;27070
16;27099
76;27100
8;27117
1;27119
155;27120
26;27141
9;27143
10;27148
6;27152
23;27156
28;27193
124;27194
10;27195
32;27196
41;27213
10;27229
16;27232
14;27247
26;27252
53;27289
24;27290
28;27292
147;27329
169;27339
9;27346
13;27362
26;27378
54;27385
10;27387
28;27390
165;27392
24;27417
12;27422
160;27423
28;27442
26;27481
12;27482
196;27484
10;27487
576;27488
19;27490
11;27513
2;27516
7;27520
12;27536
15;27537
5;27543
71;27577
5;27578
8;27597
5;27598
15;27600
12;27608
3;27621
5;27623
27;27626
1;27628
6;27674
40;27675
197;27676
2;27677
11;27694
8;27695
36;27721
4;27742
12;27754
2;27770
44;27771
13;27772
20;27790
9;27791
156;27797
10;27804
31;27812
11;27813
9;27819
29;27821
4;27828
31;27838
20;27862
12;27865
375;27866
52;27867
42;27886
8;27905
9;27909
19;27915
20;27916
24;27918
15;27924
1;27932
67;27961
64;27962
226;27963
5;27964
168;27972
24;27990
4;28010
166;28057
12;28058
17;28059
17;28061
59;28063
22;28070
43;28089
13;28090
4;28091
19;28093
29;28103
10;28106
36;28112
3;28153
4;28154
21;28155
158;28156
20;28157
167;28190
7;28205
10;28210
170;28215
35;28249
88;28250
220;28251
168;28252
7;28254
37;28270
15;28272
9;28294
7;28299
15;28306
32;28345
45;28346
21;28347
4;28348
7;28362
1;28365
6;28367
4;28385
6;28395
2;28399
54;28441
5;28442
176;28443
157;28444
28;28459
31;28463
19;28490
12;28497
621;28537
12;28538
23;28539
3;28540
7;28547
10;28558
38;28559
47;28560
169;28566
8;28593
9;28595
23;28596
9;28618
27;28633
27;28634
18;28655
39;28669
9;28682
29;28686
159;28729
23;28730
33;28731
17;28732
345;28733
11;28734
5;28735
22;28757
187;28762
3;28763
17;28767
17;28768
12;28774
24;28782
39;28784
8;28789
28;28806
159;28826
7;28827
11;28829
37;28831
5;28832
30;28838
1;28843
5;28845
5;28859
52;28881
21;28882
3;28883
16;28886
3;28887
15;28890
254;28921
18;28922
35;28923
15;28924
11;28942
5;28944
25;28957
8;28969
152;28975
12;28980
60;29017
56;29018
173;29019
53;29020
157;29037
194;29038
3;29061
566;29068
19;29070
2;29074
9;29113
27;29115
45;29116
31;29118
4;29129
9;29133
27;29136
5;29161
6;29162
28;29163
24;29187
10;29191
26;29192
21;29209
11;29213
26;29215
21;29216
33;29234
2;29235
24;29257
9;29259
26;29264
7;29267
25;29269
27;29272
3;29309
17;29310
80;29311
21;29312
17;29329
37;29332
34;29349
39;29358
38;29360
19;29366
22;29407
36;29408
17;29409
31;29410
33;29411
24;29426
30;29437
22;29440
3;29441
32;29442
19;29446
21;29462
29;29463
1;29464
29;29466
4;29502
159;29503
2;29504
2;29505
32;29506
23;29508
1;29521
9;29530
10;29536
13;29537
31;29538
17;29560
7;29561
10;29563
9;29597
37;29598
34;29599
6;29600
19;29621
6;29645
10;29647
16;29648
21;29652
6;29654
21;29693
32;29694
56;29696
22;29707
173;29714
8;29716
1;29727
31;29739
30;29747
24;29789
17;29790
21;29792
30;29806
26;29809
19;29810
24;29833
36;29835
12;29836
15;29838
9;29840
8;29841
26;29844
14;29885
43;29886
16;29887
18;29888
45;29907
22;29930
33;29933
14;29936
3;29937
161;29938
148;29939
193;29981
33;29982
164;29983
26;29984
29;29986
5;30001
7;30024
13;30026
25;30031
20;30036
24;30066
15;30077
64;30080
3;30081
47;30084
33;30099
173;30110
24;30121
24;30126
37;30129
8;30130
24;30132
186;30135
17;30147
28;30149
195;30173
58;30174
14;30175
47;30176
25;30177
12;30178
6;30179
2;30180
34;30206
17;30209
23;30212
24;30221
19;30225
29;30227
2;30228
14;30232
7;30233
2;30234
8;30259
37;30269
180;30270
24;30271
50;30272
2;30291
5;30292
5;30301
4;30305
3;30318
23;30319
13;30323
28;30327
15;30367
14;30368
5;30385
29;30386
26;30388
31;30393
19;30395
16;30413
88;30462
20;30463
33;30464
12;30467
17;30476
25;30484
6;30499
7;30510
18;30513
29;30514
8;30519
22;30540
214;30557
205;30558
646;30559
19;30580
10;30595
30;30605
11;30606
58;30653
14;30654
16;30655
26;30656
158;30672
4;30676
18;30689
28;30696
2;30698
27;30703
8;30704
9;30727
160;30735
5;30749
13;30751
19;30753
27;30755
7;30756
13;30774
8;30780
48;30781
15;30782
15;30784
322;30785
52;30788
2;30805
21;30812
20;30849
11;30850
41;30851
22;30852
16;30870
1;30878
32;30881
14;30886
16;30894
9;30898
25;30899
2;30903
14;30904
40;30906
39;30941
211;30942
10;30944
24;30960
31;30961
22;30964
29;30969
10;30987
3;30988
10;31037
29;31038
52;31039
20;31040
1;31048
31;31057
21;31058
16;31059
12;31060
4;31074
33;31084
40;31092
2;31114
171;31133
66;31134
15;31135
54;31136
60;31153
4;31185
28;31187
6;31189
4;31190
3;31191
15;31229
37;31230
3;31231
205;31232
3;31249
39;31251
18;31259
8;31269
21;31274
31;31284
20;31310
29;31325
26;31326
261;31327
37;31328
38;31329
158;31335
23;31338
7;31345
1;31346
13;31347
161;31366
13;31371
166;31374
1;31383
19;31388
27;31410
35;31422
12;31423
7;31424
176;31425
9;31426
16;31427
12;31428
14;31438
26;31454
32;31455
26;31457
15;31459
16;31460
28;31463
25;31491
21;31504
189;31517
30;31518
24;31519
1;31520
50;31523
10;31524
5;31551
17;31552
165;31555
41;31556
13;31572
14;31614
28;31615
51;31617
36;31630
17;31631
19;31634
16;31635
4;31636
5;31643
3;31644
20;31658
4;31665
3;31671
60;31709
18;31710
33;31711
103;31712
32;31729
86;31730
30;31731
10;31732
26;31749
5;31763
10;31764
29;31805
9;31807
37;31808
14;31814
17;31825
25;31854
53;31901
195;31902
23;31903
214;31904
23;31906
156;31911
2;31921
24;31922
36;31924
21;31935
11;31945
26;31951
1;31953
1;31954
30;31956
14;31986
29;31997
6;31998
6;31999
16;32013
161;32020
22;32042
160;32050
2;32052
3;32055
31;32093
11;32094
51;32096
569;32099
16;32100
167;32118
24;32127
4;32130
30;32131
30;32152
19;32156
168;32177
151;32186
42;32190
38;32191
149;32192
160;32194
30;32196
25;32219
3;32221
39;32222
168;32223
34;32224
14;32226
6;32252
34;32285
12;32288
21;32301
31;32305
550;32308
9;32316
18;32332
153;32333
23;32337
197;32381
29;32382
5;32383
18;32392
29;32403
14;32404
21;32411
12;32426
32;32431
11;32438
3;32472
5;32474
23;32477
157;32479
36;32480
19;32497
6;32500
156;32517
9;32525
7;32526
32;32527
7;32529
28;32573
236;32574
78;32575
41;32576
11;32594
17;32600
1;32609
32;32614
73;32669
10;32671
1;32672
26;32689
17;32690
8;32694
24;32716
2;32721
17;32765
9;32766
77;32767
3;32769
186;32770
9;32771
17;32772
2;32791
1;32799
43;32801
13;32802
5;32804
26;32809
14;32813
8;32816
2;32821
14;32823
8;32827
3;32835
4;32857
2;32861
27;32863
9;32864
46;32865
19;32866
8;32893
6;32897
19;32907
25;32922
6;32933
11;32957
165;32958
622;32959
17;32962
6;32977
27;32978
55;32980
30;33003
26;33011
13;33053
32;33054
9;33067
3;33075
29;33081
3;33088
59;33097
7;33099
32;33106
4;33137
4;33138
17;33150
61;33151
57;33152
39;33169
6;33170
25;33190
32;33200
38;33202
174;33204
2;33205
10;33236
18;33245
64;33246
5;33247
6;33248
16;33258
162;33291
9;33341
37;33342
60;33343
22;33344
41;33361
17;33378
18;33386
7;33389
12;33400
18;33417
29;33437
8;33438
174;33439
15;33440
16;33441
39;33442
14;33443
16;33444
8;33455
20;33468
1;33475
27;33476
3;33479
22;33492
185;33533
52;33534
52;33536
216;33538
13;33539
69;33540
14;33542
39;33564
11;33565
25;33568
2;33569
40;33570
11;33574
13;33586
14;33587
3;33591
21;33629
17;33630
216;33631
159;33632
25;33650
32;33652
12;33673
1;33676
34;33677
34;33678
17;33681
19;33684
29;33725
46;33726
7;33727
25;33728
12;33733
23;33745
11;33747
11;33778
21;33809
40;33821
17;33822
9;33827
3;33833
32;33841
18;33842
16;33843
27;33859
15;33865
157;33867
5;33871
13;33873
7;33874
18;33875
215;33918
15;33920
20;33929
8;33934
8;33939
2;33961
4;33968
24;34013
62;34014
9;34015
25;34016
54;34033
25;34038
9;34045
18;34058
21;34061
5;34065
4;34090
37;34092
4;34109
51;34110
13;34111
20;34116
12;34126
30;34137
9;34141
5;34142
17;34144
1;34146
25;34147
5;34205
2;34206
10;34207
1;34208
31;34209
161;34210
41;34211
18;34212
4;34224
33;34243
26;34247
2;34258
27;34259
5;34262
24;34268
28;34301
206;34302
23;34303
55;34304
160;34321
33;34323
4;34324
37;34330
3;34354
12;34366
9;34397
73;34399
13;34400
21;34419
12;34420
33;34442
34;34449
7;34452
30;34454
35;34455
18;34456
200;34493
11;34494
28;34495
15;34496
5;34497
25;34506
5;34509
10;34514
43;34515
166;34520
35;34526
16;34529
1;34532
13;34544
7;34545
148;34547
17;34585
11;34591
606;34592
165;34597
24;34598
2;34610
24;34636
10;34639
157;34643
24;34648
10;34676
31;34685
32;34686
11;34703
25;34722
11;34736
1;34742
34;34743
159;34744
7;34778
25;34783
2;34784
9;34786
7;34787
42;34788
5;34814
27;34816
27;34817
20;34819
48;34820
10;34830
12;34833
162;34840
31;34878
19;34879
5;34881
41;34883
150;34890
13;34891
14;34895
19;34906
21;34909
26;34910
12;34911
17;34912
8;34914
23;34915
8;34922
32;34937
12;34938
22;34939
45;34940
18;34973
30;34974
35;34975
5;34993
39;34994
12;35019
46;35026
