sums of daily draw-off volumes
118
75.5
72.5
161.5
116
84.8
139.8
93.2
228.8
223.5
62.2
108.2
98
216.8
112.2
109.5
131.8
81.2
266.2
261.8
104.5
92.8
117.5
100.5
61
51.2
96.8
205.2
97.8
63.5
100
152.5
207.2
110.2
58.2
48
109.5
91
165.8
131.2
175.5
129.8
100.5
99.5
70
123.2
50.5
143.2
114
95
251.5
53.2
90.5
319.5
245.5
113.2
81.5
105.8
270
146
58.5
137.8
174.2
36.8
125.5
151.5
216.2
71.5
82
189.8
201.5
153.2
215.2
105.8
101.2
284
94.8
214.2
152
77.5
45.5
143
80.5
230
61.5
82.8
87.8
80
83.2
68.5
163.5
74.2
81.8
62.5
118.5
98.5
216.2
225.8
34.5
118.8
346.8
98.5
50.8
72
148.5
88.5
36
71.8
145.8
162.5
171.2
152
65
85.5
181
159.2
89
94.8
97.2
106.5
125
138.2
120
83.5
103.2
61.5
97.8
38.8
192
109.2
105.2
100.8
70.5
181.5
77.2
129
118.5
134
146
73.5
130.2
108.2
43.8
144.5
86.5
117
94.8
266.2
82.8
127.8
224.8
131.8
129.2
288
113
135.8
24
44.8
103.8
192.2
65.5
99.2
37
180.5
60.8
30.5
107.8
100.8
99.5
85.2
278
92.5
268.5
152.2
213.8
118.2
60.8
177
283.5
94.5
95.8
182.5
35.2
312.8
195.8
89.8
128.5
153.5
55.2
82.5
69
240
90.2
54.2
201.2
66.5
60.2
47.5
42.8
90.8
100.5
96.8
139.5
31.2
68.2
88.2
83
100.8
73.2
197.8
99.2
39.5
106
193.8
56.8
56.8
184.2
76
140.5
94.8
31
214.5
70.2
100
117.2
47.5
202.2
152.8
103.2
77.5
110.5
48.8
86
192.5
122.5
66
99.5
102.5
114
48
130.8
134.5
79
144.5
189
76.2
144.5
118.2
179.8
220.5
144
183.2
41.2
105.8
153.8
77.8
114.8
50.2
258.5
30.2
88.2
172.2
86
100.8
75.5
124.5
77.8
65.8
98.8
166.8
153.5
79.8
86.2
147.8
161.2
225.2
62
68.2
72.8
72.2
149.2
66.8
82.5
75.2
107.5
130
222.8
38
76
95.2
149.2
139.5
111.8
140
150.2
32
120.5
242.5
39.5
230.5
99.5
133.8
320.8
47.8
73
76.2
87.2
80
41
93.5
66.8
129.2
128.8
165.5
143.8
95.5
38.8
65.8
289.2
89.8
184
65.8
94.8
67.2
103.2
95
243.2
112.8
147.8
55
103.2
32.8
204
104.8
238
256.8
212.8
92
115
111
40.2
113.5
42
241.2
46.8
114.8
70.2
55.8
102.5
189.8
146.8
41
99.5
68
63
57
97.5
140.2
71.2
182
260
78.5
100.8
129.5
46.2
sums of draw-off volumes of each hour of the day
122.7
140.5
84.3
192
231.7
90.8
8109.2000000
9982.1000000
4273.1
1029.9
370.2
2633.4
2302
1112.4
1448.9
1758.5
1427.4
1112.1
1278.7
1840.5
1831.4
1438.9
547
257.2
sums of draw-off volumes of each hour of weekdays
46.5
106.7
52.3
80.1
153.7
55.4
6676.5
7305.1
1852.4
623.8
277.6
2451.3
2185.3
917.3
510.4
258.4
245.3
752.8
1178.8
1537.5
1281.8
873.9
260.8
138
sums of draw-off volumes of each hour of weekend-days
76.2
33.8
32
111.9
78
35.4
1432.7
2677
2420.7
406.1
92.6
182.1
116.7
195.1
938.5
1500.1
1182.1
359.3
99.9
303
549.6
565
286.2
119.2
holidays of household(s), numbers correspond to day of year
