23;29
52;30
164;31
46;32
18;42
27;50
5;52
29;76
6;77
5;79
13;80
3;87
8;94
22;98
359;125
17;126
61;127
59;128
27;132
2;139
23;145
165;148
161;150
4;169
3;175
8;176
14;177
26;179
51;221
101;222
44;223
6;228
193;241
16;244
144;266
13;267
19;269
5;270
49;275
30;316
317;317
27;318
82;319
54;320
15;324
9;330
37;337
28;338
162;340
22;364
15;366
11;368
16;373
27;374
12;375
13;413
51;414
150;416
20;433
554;434
2;436
25;442
157;448
38;462
30;463
23;469
33;470
2;481
6;487
9;492
21;506
32;509
23;511
26;512
25;514
166;515
6;516
4;519
22;522
36;533
1;537
195;541
39;542
30;544
21;545
25;546
7;550
23;561
32;562
159;563
12;564
12;565
14;566
7;568
36;605
108;606
6;607
25;608
22;609
15;610
196;611
4;612
164;631
24;637
19;641
12;643
6;644
8;650
175;657
6;658
6;660
10;682
14;701
39;702
17;703
576;704
156;721
10;722
7;723
19;724
3;727
15;737
532;745
20;750
28;751
170;752
5;757
2;758
27;759
17;785
195;797
10;798
4;799
12;800
29;808
24;817
31;818
166;824
1;839
6;841
27;846
17;847
8;848
10;853
2;855
21;877
11;880
101;893
82;894
231;895
39;896
11;914
16;915
10;922
24;925
22;936
14;943
20;946
8;947
24;948
22;953
21;989
86;990
27;991
174;992
15;1004
15;1006
33;1010
1;1011
29;1038
9;1040
9;1041
13;1042
28;1046
21;1048
227;1085
53;1086
6;1087
175;1088
2;1091
22;1095
1;1101
7;1105
2;1107
18;1113
158;1132
2;1133
2;1135
4;1141
2;1167
26;1178
37;1183
21;1184
704;1185
4;1186
13;1187
189;1188
50;1215
171;1217
28;1218
2;1219
11;1237
22;1238
36;1241
36;1242
3;1243
6;1260
34;1278
28;1279
7;1281
19;1282
91;1283
147;1296
36;1310
32;1311
3;1312
17;1313
4;1314
20;1316
7;1331
14;1334
19;1338
39;1373
9;1374
42;1375
6;1376
27;1394
13;1397
28;1398
32;1399
146;1418
34;1419
44;1423
637;1469
214;1470
78;1471
19;1472
6;1478
14;1485
172;1489
16;1491
18;1517
30;1518
38;1524
13;1525
9;1527
16;1540
9;1563
55;1565
58;1566
23;1567
102;1568
12;1580
23;1585
35;1586
2;1587
4;1589
29;1603
9;1611
11;1617
229;1661
39;1662
41;1663
15;1664
20;1676
56;1683
11;1684
28;1687
25;1695
1;1699
31;1705
161;1712
33;1713
34;1714
29;1717
164;1743
28;1757
46;1758
34;1759
25;1760
29;1761
7;1762
149;1766
1;1768
21;1777
12;1778
2;1779
35;1780
152;1782
32;1789
9;1803
14;1814
21;1816
27;1830
187;1853
25;1855
20;1856
61;1857
8;1858
34;1860
58;1867
24;1877
1;1879
3;1885
19;1886
20;1888
22;1889
24;1890
48;1902
27;1914
20;1916
19;1921
7;1937
12;1950
75;1951
39;1952
20;1954
214;1955
189;1956
27;1968
6;1971
9;1982
32;1984
11;1986
64;1988
2;2001
26;2003
16;2004
25;2007
38;2008
17;2045
62;2046
57;2047
9;2048
5;2054
23;2058
11;2067
25;2078
5;2090
4;2095
18;2110
9;2125
39;2141
49;2142
47;2143
7;2144
18;2156
18;2161
220;2162
168;2163
18;2193
18;2194
47;2195
25;2199
25;2200
35;2212
16;2213
36;2237
59;2239
50;2240
34;2257
54;2258
34;2259
16;2277
18;2281
21;2282
22;2284
7;2286
13;2287
2;2291
40;2333
2;2335
158;2336
23;2341
24;2353
19;2354
40;2355
10;2356
22;2367
156;2383
27;2384
33;2429
21;2430
212;2431
7;2435
6;2446
45;2449
14;2450
9;2451
26;2452
15;2474
32;2480
7;2481
6;2505
189;2525
33;2526
158;2527
13;2528
23;2529
17;2530
40;2531
58;2532
18;2546
30;2550
186;2558
31;2559
62;2561
13;2564
35;2576
3;2578
16;2583
167;2617
21;2620
165;2621
22;2622
45;2623
231;2624
52;2625
70;2626
6;2627
12;2628
19;2647
15;2651
1;2653
19;2657
8;2658
18;2680
86;2717
59;2718
225;2719
58;2720
16;2737
26;2738
51;2740
30;2745
19;2749
11;2757
23;2773
27;2775
15;2813
94;2814
18;2815
18;2816
23;2823
24;2830
571;2833
18;2834
22;2835
27;2857
14;2859
13;2864
21;2910
43;2911
118;2912
570;2929
32;2930
40;2944
24;2946
7;2949
12;2955
5;2967
68;3005
8;3006
109;3007
8;3008
159;3025
2;3026
8;3028
171;3053
15;3054
2;3055
30;3058
180;3060
22;3072
37;3101
67;3102
54;3103
39;3104
8;3109
13;3121
39;3122
26;3123
9;3128
1;3132
169;3140
32;3148
26;3154
36;3197
86;3198
11;3199
33;3200
5;3201
10;3202
14;3203
171;3204
38;3209
8;3229
162;3230
51;3236
40;3239
9;3249
16;3251
34;3258
19;3293
35;3294
36;3295
1;3296
176;3297
34;3299
42;3300
25;3319
35;3325
19;3326
70;3327
11;3329
17;3331
31;3349
11;3350
22;3355
1;3356
49;3390
259;3391
37;3392
32;3409
20;3410
23;3415
27;3426
166;3437
45;3442
147;3443
32;3485
68;3486
3;3487
68;3488
6;3492
20;3498
32;3504
25;3505
2;3512
3;3519
1;3528
28;3529
11;3531
9;3532
1;3536
154;3537
17;3538
10;3544
23;3581
31;3582
31;3583
68;3584
9;3591
2;3595
2;3608
3;3609
162;3613
23;3617
37;3624
8;3627
18;3634
8;3635
9;3639
31;3640
4;3677
28;3678
27;3679
206;3680
6;3681
10;3695
20;3697
30;3698
32;3699
1;3714
28;3723
17;3725
15;3731
13;3733
9;3749
38;3773
34;3774
61;3775
47;3776
33;3785
8;3787
11;3793
3;3794
20;3796
14;3802
22;3815
16;3818
14;3825
2;3830
6;3832
47;3869
44;3871
22;3872
6;3873
174;3874
5;3876
26;3880
13;3896
162;3901
209;3902
1;3904
43;3905
1;3908
32;3927
42;3929
7;3931
35;3965
25;3966
31;3967
9;3968
9;3969
51;3970
71;3971
99;3972
25;3975
1;3997
10;3999
30;4001
5;4002
16;4003
9;4004
8;4011
7;4016
36;4020
24;4021
7;4023
38;4024
27;4027
23;4030
19;4043
6;4061
2;4062
71;4063
62;4064
176;4082
32;4083
37;4106
28;4111
170;4112
33;4113
10;4116
24;4138
38;4157
3;4158
55;4159
31;4160
19;4178
1;4201
12;4203
9;4204
11;4213
12;4214
5;4235
69;4253
178;4254
181;4255
31;4256
28;4261
144;4264
5;4273
1;4274
23;4275
15;4276
9;4283
8;4293
15;4299
27;4301
21;4308
28;4312
14;4346
195;4349
195;4350
211;4351
50;4352
29;4366
25;4369
29;4370
185;4371
27;4372
11;4376
13;4398
153;4401
8;4402
11;4406
28;4428
28;4445
3;4446
24;4448
31;4465
21;4466
3;4487
29;4492
21;4494
19;4495
38;4498
3;4504
37;4541
39;4542
4;4543
170;4544
13;4545
22;4547
14;4548
18;4573
2;4574
7;4576
4;4579
36;4580
37;4591
6;4596
16;4597
54;4601
22;4604
4;4637
26;4638
65;4639
203;4640
37;4641
163;4642
28;4643
22;4644
163;4658
9;4669
31;4672
31;4673
11;4674
318;4675
58;4676
165;4684
15;4690
29;4691
17;4693
12;4698
38;4733
216;4734
157;4735
86;4736
165;4749
9;4753
1;4755
46;4756
17;4761
27;4777
6;4785
8;4787
163;4829
45;4830
614;4831
35;4832
18;4844
185;4850
55;4851
8;4852
8;4861
29;4868
17;4873
7;4874
18;4878
14;4883
17;4886
27;4888
49;4925
44;4926
89;4927
65;4928
38;4945
20;4947
18;4948
20;4950
24;4954
11;4969
167;4971
10;4972
4;4974
33;4976
31;4979
5;4980
48;5021
174;5022
34;5023
39;5024
21;5026
10;5041
20;5047
163;5048
9;5073
16;5078
18;5079
46;5118
206;5119
163;5120
56;5138
23;5139
15;5153
12;5170
8;5173
13;5174
4;5215
99;5216
38;5217
42;5218
14;5219
46;5220
155;5225
57;5245
36;5246
11;5248
35;5249
28;5250
35;5251
7;5252
16;5269
17;5299
19;5304
25;5308
161;5309
198;5310
5;5312
74;5313
28;5314
21;5316
24;5321
25;5342
17;5343
28;5344
14;5347
20;5349
28;5355
40;5368
18;5371
163;5384
172;5403
36;5405
13;5406
13;5407
158;5408
23;5425
4;5437
15;5442
24;5443
13;5447
22;5449
26;5450
4;5452
6;5454
193;5462
42;5501
634;5502
24;5503
121;5504
26;5509
2;5521
7;5522
18;5523
24;5524
10;5527
3;5546
14;5552
10;5553
2;5556
29;5580
28;5597
46;5598
111;5599
80;5600
26;5609
32;5614
1;5617
14;5618
2;5619
307;5620
22;5641
27;5644
2;5645
20;5648
4;5650
19;5651
18;5653
34;5655
29;5693
88;5694
46;5696
35;5713
12;5714
10;5715
3;5716
30;5723
5;5739
8;5742
152;5743
26;5746
26;5753
8;5754
82;5789
39;5790
58;5791
248;5792
19;5807
169;5811
17;5812
15;5814
23;5818
572;5835
12;5838
158;5843
8;5844
52;5847
14;5862
15;5875
16;5885
35;5886
34;5887
27;5888
31;5889
76;5890
6;5891
35;5892
3;5898
36;5917
16;5921
27;5925
15;5926
32;5930
23;5938
9;5939
19;5941
20;5971
4;5981
9;5983
332;5984
21;5985
32;5986
223;5987
24;5988
29;6000
33;6004
10;6012
190;6014
2;6015
5;6017
18;6018
16;6030
39;6033
23;6036
33;6040
27;6043
10;6077
8;6078
12;6079
34;6080
186;6097
29;6098
11;6100
23;6106
197;6115
28;6119
12;6121
8;6127
181;6130
10;6173
59;6174
19;6175
3;6176
11;6184
13;6190
69;6193
2;6194
155;6195
41;6196
4;6211
4;6217
16;6219
167;6226
26;6269
2;6270
34;6271
86;6272
30;6281
179;6290
32;6296
6;6302
1;6304
6;6314
13;6315
10;6321
1;6324
197;6328
11;6343
75;6365
216;6366
85;6367
63;6368
30;6386
3;6390
145;6392
2;6402
21;6408
28;6411
22;6418
162;6422
15;6434
17;6458
58;6461
136;6462
53;6463
69;6464
16;6472
31;6476
193;6481
51;6482
28;6485
36;6487
8;6506
15;6507
179;6508
18;6519
34;6520
9;6541
7;6545
28;6552
33;6557
241;6558
10;6559
4;6560
24;6561
22;6562
181;6563
35;6564
31;6588
175;6589
22;6591
4;6592
27;6593
8;6594
38;6595
5;6599
32;6613
73;6653
57;6654
22;6655
68;6657
198;6658
213;6659
48;6660
30;6666
34;6671
36;6672
4;6685
161;6686
41;6689
25;6692
5;6704
178;6706
10;6709
23;6716
13;6719
171;6749
80;6750
36;6751
55;6752
17;6760
11;6768
25;6770
6;6775
4;6779
5;6794
31;6804
11;6805
24;6806
16;6845
47;6846
52;6847
23;6848
10;6850
34;6855
1;6861
32;6867
34;6868
1;6871
6;6893
19;6896
8;6901
23;6903
145;6925
35;6941
244;6942
62;6943
29;6944
13;6951
12;6954
17;6955
12;6957
29;6961
14;6962
29;6963
9;6970
17;6990
20;6993
24;6996
1;6999
183;7037
242;7038
48;7039
34;7040
24;7058
38;7059
2;7060
21;7073
30;7075
22;7084
27;7085
12;7086
20;7094
15;7101
164;7133
28;7134
77;7135
25;7136
6;7146
26;7154
15;7155
11;7156
17;7174
1;7177
12;7179
7;7184
5;7188
4;7191
8;7208
33;7230
95;7232
51;7234
16;7235
151;7236
163;7246
20;7249
4;7255
30;7257
10;7263
9;7266
26;7268
25;7277
7;7285
49;7287
9;7302
12;7325
29;7326
157;7327
32;7329
199;7330
16;7331
27;7340
26;7353
62;7363
28;7378
38;7379
40;7382
38;7388
26;7422
180;7423
26;7424
16;7441
20;7443
7;7444
153;7457
28;7459
35;7463
12;7466
25;7470
11;7475
25;7480
24;7485
559;7517
63;7518
584;7519
66;7520
23;7524
26;7530
4;7534
36;7538
28;7561
12;7563
6;7565
9;7566
158;7574
160;7576
13;7610
22;7613
41;7614
202;7615
244;7616
8;7618
16;7633
9;7645
153;7649
11;7668
5;7670
7;7671
11;7672
28;7679
2;7709
24;7711
47;7712
171;7726
9;7727
5;7729
27;7732
39;7739
6;7753
14;7756
2;7757
32;7758
20;7761
5;7763
27;7764
17;7768
201;7805
48;7806
27;7807
217;7808
15;7825
2;7828
152;7841
3;7849
33;7853
24;7858
9;7861
9;7862
3;7864
2;7885
21;7888
35;7896
171;7901
201;7902
43;7903
570;7904
42;7905
54;7906
19;7908
7;7909
2;7919
8;7924
27;7934
10;7936
28;7937
178;7940
29;7955
31;7958
7;7960
153;7991
37;7997
199;7998
11;7999
27;8000
10;8002
207;8003
12;8004
7;8024
21;8029
40;8030
24;8031
168;8033
40;8036
17;8037
36;8057
162;8059
150;8061
13;8062
3;8093
48;8094
70;8095
2;8096
15;8098
31;8103
19;8116
10;8119
7;8140
28;8141
10;8142
18;8143
19;8147
18;8152
81;8189
12;8190
162;8191
588;8192
24;8210
18;8211
156;8212
26;8222
30;8228
25;8233
12;8239
7;8243
34;8285
188;8286
57;8287
17;8288
2;8295
11;8296
78;8307
29;8308
32;8333
10;8334
10;8335
35;8337
25;8356
64;8381
47;8382
82;8383
31;8387
44;8401
187;8402
27;8408
15;8418
13;8425
17;8431
5;8432
1;8438
13;8440
174;8475
28;8477
32;8478
254;8479
626;8480
7;8481
29;8483
4;8495
39;8497
9;8498
40;8499
38;8500
156;8523
3;8527
17;8531
22;8553
28;8573
35;8574
48;8575
33;8577
64;8579
161;8580
42;8607
25;8612
155;8616
12;8623
7;8632
10;8652
21;8654
17;8665
36;8666
54;8667
31;8668
40;8669
16;8670
9;8672
30;8674
8;8680
19;8682
23;8697
45;8700
3;8703
10;8704
34;8711
11;8720
151;8721
27;8722
18;8724
183;8761
19;8762
349;8763
34;8764
14;8783
3;8784
149;8809
165;8810
27;8814
5;8815
11;8818
6;8820
17;8855
25;8857
12;8858
17;8859
35;8860
20;8868
14;8874
13;8877
41;8879
18;8901
24;8902
24;8903
30;8904
14;8905
8;8909
5;8947
76;8953
193;8954
25;8955
19;8956
7;8971
40;8973
196;8974
187;8976
3;8980
50;8997
7;9003
8;9007
15;9032
24;9033
35;9049
9;9050
59;9051
24;9052
15;9054
23;9063
39;9069
59;9071
28;9094
51;9104
47;9145
22;9146
201;9147
21;9148
3;9150
23;9165
7;9166
33;9167
15;9168
14;9169
3;9175
79;9189
163;9190
4;9199
25;9202
178;9211
26;9232
1;9241
8;9242
10;9243
33;9244
52;9245
59;9246
29;9253
33;9260
36;9270
1;9273
9;9274
10;9277
3;9281
12;9283
34;9291
9;9293
20;9295
8;9296
28;9299
32;9300
151;9301
7;9304
2;9330
15;9337
33;9338
35;9339
17;9341
14;9342
28;9343
53;9344
37;9366
2;9369
17;9372
34;9373
13;9374
25;9375
3;9392
16;9394
5;9398
159;9425
60;9433
37;9435
67;9436
66;9454
150;9456
27;9460
2;9478
6;9527
114;9529
193;9530
9;9531
15;9544
15;9549
1;9550
33;9552
17;9554
23;9566
10;9576
1;9580
2;9619
21;9621
54;9626
213;9627
56;9628
12;9633
192;9646
24;9647
25;9648
36;9670
13;9674
1;9679
55;9721
15;9722
26;9723
63;9724
20;9741
8;9742
2;9743
3;9744
11;9768
8;9771
32;9775
37;9780
1;9785
168;9812
19;9817
61;9818
24;9819
37;9820
24;9837
18;9838
32;9839
164;9840
560;9863
1;9865
12;9871
17;9872
19;9891
33;9914
2;9915
27;9916
6;9917
57;9918
56;9919
15;9920
7;9940
37;9945
25;9947
62;9948
19;9949
13;9959
30;9961
14;9972
14;9974
30;9976
36;10009
8;10010
29;10011
163;10012
35;10013
16;10014
32;10015
2;10047
16;10051
47;10061
167;10065
6;10068
12;10069
32;10072
734;10105
38;10106
36;10107
33;10108
18;10112
189;10118
148;10120
35;10126
8;10127
13;10128
34;10134
14;10153
27;10154
31;10156
156;10158
11;10164
377;10201
54;10202
126;10203
30;10204
9;10206
169;10207
15;10211
6;10214
35;10222
58;10223
14;10228
3;10239
2;10255
1;10258
62;10297
64;10298
202;10299
47;10300
71;10317
62;10318
78;10319
54;10320
9;10321
7;10330
26;10353
14;10391
163;10393
324;10394
22;10395
96;10396
2;10403
5;10413
45;10415
13;10416
17;10430
1;10439
4;10443
9;10446
18;10449
11;10489
28;10490
59;10491
189;10492
22;10501
43;10511
2;10512
5;10514
21;10521
30;10541
23;10544
11;10585
9;10587
170;10588
52;10589
46;10590
77;10592
2;10602
26;10617
15;10618
80;10621
6;10622
23;10623
6;10630
24;10633
18;10634
10;10638
13;10643
13;10644
25;10646
36;10648
13;10682
30;10683
8;10684
11;10685
22;10686
23;10688
22;10690
25;10695
22;10707
20;10713
26;10719
32;10720
11;10722
10;10728
47;10734
162;10743
13;10744
44;10778
13;10779
18;10780
19;10797
164;10798
24;10799
1;10800
18;10802
8;10824
10;10827
14;10873
156;10874
70;10875
32;10876
19;10877
17;10883
13;10894
30;10895
20;10896
30;10898
1;10916
32;10919
7;10923
9;10924
2;10927
172;10969
106;10970
36;10971
34;10972
26;10976
6;10982
25;10989
3;10990
16;10991
29;10998
17;11004
7;11025
20;11026
103;11065
53;11066
200;11068
13;11073
16;11094
4;11110
4;11113
15;11114
1;11124
47;11161
20;11162
1;11163
42;11164
14;11168
13;11170
13;11183
3;11184
25;11193
11;11207
20;11209
7;11216
173;11257
38;11258
19;11261
13;11262
27;11263
49;11264
36;11265
13;11284
5;11291
12;11292
193;11293
24;11294
20;11296
3;11303
30;11309
11;11311
11;11312
180;11317
6;11354
3;11355
23;11356
10;11359
190;11360
11;11373
6;11378
11;11388
35;11390
25;11391
22;11394
21;11409
23;11436
71;11449
205;11450
159;11451
55;11452
160;11472
17;11482
40;11493
8;11498
184;11502
5;11505
18;11507
85;11545
172;11546
184;11547
125;11548
11;11565
8;11566
5;11590
175;11597
18;11598
6;11642
675;11643
747;11644
198;11662
4;11664
22;11667
31;11671
159;11683
35;11685
29;11686
14;11688
4;11692
16;11696
15;11737
9;11738
61;11739
37;11740
5;11749
41;11757
2;11758
173;11760
7;11771
161;11783
30;11791
28;11795
155;11833
44;11834
60;11835
46;11836
7;11881
13;11884
218;11930
34;11931
9;11932
9;11933
10;11934
38;11935
13;11936
27;11943
1;11954
4;11956
4;11962
166;11964
176;11965
18;11968
13;11984
16;11985
12;11986
19;11988
35;11990
9;12026
7;12028
48;12029
4;12030
69;12031
15;12032
34;12040
16;12045
68;12059
11;12060
19;12061
4;12063
26;12064
18;12077
2;12078
2;12081
4;12082
8;12083
13;12084
17;12087
194;12093
161;12098
3;12105
8;12121
29;12122
34;12123
21;12143
38;12158
8;12162
23;12167
9;12173
1;12175
82;12218
5;12219
11;12230
23;12231
24;12237
18;12239
195;12240
8;12245
36;12261
18;12263
15;12266
6;12271
15;12274
35;12313
9;12314
62;12315
28;12333
44;12334
33;12335
3;12346
8;12359
23;12361
20;12364
195;12409
24;12410
43;12411
27;12429
28;12432
20;12436
7;12456
173;12460
21;12461
4;12466
20;12505
65;12506
84;12507
54;12508
4;12509
36;12525
28;12527
13;12528
26;12558
5;12559
2;12561
20;12596
170;12601
55;12602
24;12603
7;12604
14;12605
179;12606
29;12607
29;12608
21;12634
19;12639
4;12650
26;12653
12;12657
10;12693
1;12697
5;12698
13;12700
15;12701
2;12702
18;12703
75;12704
1;12720
19;12728
49;12731
30;12732
17;12733
30;12735
30;12736
8;12748
10;12749
182;12752
4;12758
55;12793
13;12794
96;12795
53;12796
15;12807
7;12814
15;12816
3;12820
10;12823
164;12837
22;12848
48;12850
2;12869
32;12889
74;12890
16;12891
6;12898
31;12906
574;12909
12;12910
10;12912
22;12918
152;12934
17;12937
22;12944
37;12948
14;12963
18;12970
196;12985
76;12986
17;12987
10;12988
4;13003
52;13006
47;13007
15;13029
4;13032
15;13034
3;13038
13;13039
6;13081
6;13082
251;13083
31;13101
23;13102
165;13103
24;13121
14;13126
159;13129
27;13136
9;13137
4;13138
19;13139
22;13177
13;13178
49;13179
5;13181
10;13184
41;13197
49;13198
31;13200
3;13214
27;13224
22;13227
22;13232
32;13273
28;13275
16;13276
53;13279
177;13280
26;13306
3;13307
38;13308
8;13309
50;13311
6;13312
24;13326
48;13327
25;13329
188;13331
33;13332
167;13334
6;13350
4;13354
158;13355
20;13369
17;13370
38;13373
37;13374
349;13375
47;13376
13;13378
10;13386
32;13388
5;13396
15;13404
7;13407
31;13408
21;13421
13;13426
15;13429
6;13432
15;13449
48;13465
97;13466
35;13467
50;13468
33;13485
16;13487
26;13511
40;13516
5;13523
76;13561
14;13562
50;13563
39;13564
24;13581
15;13605
32;13606
53;13607
5;13614
39;13617
25;13618
157;13620
252;13657
32;13658
30;13659
184;13660
7;13664
8;13685
6;13691
21;13707
25;13715
32;13753
31;13754
196;13755
50;13756
31;13764
57;13774
40;13776
7;13805
12;13810
32;13842
60;13849
1;13850
46;13851
58;13852
15;13854
24;13871
60;13872
11;13877
73;13894
20;13896
25;13905
153;13907
2;13946
21;13947
75;13949
45;13950
34;13951
331;13952
25;13977
8;13979
23;13980
23;13981
27;13982
24;13984
31;14000
11;14001
23;14041
62;14042
13;14043
21;14044
94;14045
51;14046
174;14047
37;14048
22;14051
24;14068
7;14075
1;14078
15;14080
165;14098
19;14104
5;14137
182;14138
69;14139
27;14140
4;14153
11;14157
23;14159
52;14160
11;14165
20;14166
30;14167
164;14171
176;14190
23;14195
2;14210
15;14233
3;14234
48;14235
29;14236
35;14243
164;14244
21;14253
12;14254
18;14255
8;14274
26;14280
8;14289
28;14290
10;14291
175;14329
76;14330
25;14331
66;14332
14;14336
21;14349
31;14350
22;14359
168;14368
19;14369
11;14373
16;14374
30;14380
32;14386
35;14388
23;14425
14;14426
34;14427
1;14433
2;14457
26;14469
10;14480
4;14481
68;14521
59;14522
38;14523
192;14524
21;14529
8;14542
8;14543
12;14544
54;14547
3;14563
31;14567
6;14569
18;14572
11;14574
166;14618
23;14619
10;14620
4;14621
23;14622
279;14623
30;14649
10;14652
184;14654
10;14655
7;14669
555;14674
6;14675
40;14708
71;14713
29;14715
55;14716
86;14717
45;14718
34;14719
18;14720
1;14732
14;14743
28;14751
7;14765
19;14768
7;14770
3;14772
41;14776
63;14809
58;14810
17;14811
12;14812
5;14817
5;14822
8;14829
29;14830
29;14831
33;14853
26;14858
18;14862
11;14863
1;14864
128;14905
20;14906
29;14907
16;14908
5;14925
15;14927
169;14953
9;14955
40;14958
20;14961
14;14962
1;14964
6;15001
69;15002
31;15003
180;15004
5;15008
1;15014
21;15021
43;15022
8;15023
41;15024
7;15044
27;15050
29;15054
29;15056
16;15057
23;15059
1;15069
17;15091
181;15097
52;15098
19;15099
33;15100
23;15117
4;15120
8;15130
6;15140
12;15142
34;15149
14;15150
3;15155
92;15193
23;15194
38;15195
33;15196
6;15197
14;15213
68;15215
9;15216
29;15227
7;15238
20;15240
158;15249
2;15250
157;15251
8;15268
83;15289
7;15290
34;15291
26;15292
23;15293
10;15294
67;15295
34;15296
34;15298
6;15299
3;15316
26;15321
159;15324
12;15326
165;15349
2;15364
66;15385
1;15386
49;15387
6;15388
163;15389
22;15390
16;15391
25;15403
19;15404
17;15410
20;15411
16;15417
164;15418
13;15420
22;15424
3;15438
28;15441
23;15443
158;15445
23;15465
30;15474
40;15481
26;15482
10;15483
53;15484
13;15499
30;15501
9;15502
38;15503
20;15504
16;15507
10;15523
33;15535
3;15539
13;15540
76;15577
9;15578
11;15579
24;15580
51;15600
3;15601
23;15602
6;15615
160;15617
150;15621
5;15624
4;15626
31;15633
51;15673
44;15674
73;15675
30;15676
29;15684
160;15691
15;15694
34;15696
25;15720
166;15724
9;15731
2;15769
3;15770
191;15771
1;15772
5;15782
1;15790
33;15792
21;15794
32;15805
16;15809
4;15813
12;15814
2;15816
29;15823
161;15824
19;15825
5;15862
18;15865
218;15866
161;15867
47;15868
5;15886
7;15887
28;15890
4;15899
31;15912
27;15923
156;15941
1;15954
39;15961
42;15962
25;15963
33;15965
8;15966
8;15968
18;15985
158;15991
1;15993
152;15999
1;16004
17;16008
20;16013
22;16016
11;16060
7;16061
60;16062
32;16063
33;16064
26;16071
21;16084
6;16091
57;16092
1;16100
10;16111
38;16113
23;16117
43;16153
49;16154
11;16155
11;16156
11;16175
1;16178
2;16181
8;16193
21;16201
2;16203
22;16207
21;16208
23;16249
19;16250
1;16251
5;16258
18;16268
44;16270
3;16272
33;16289
10;16292
3;16294
24;16295
17;16297
26;16298
1;16302
168;16303
33;16345
47;16346
45;16347
37;16348
3;16365
9;16368
24;16389
29;16390
7;16393
14;16395
7;16396
6;16397
12;16400
8;16441
35;16442
169;16443
11;16461
22;16463
21;16466
17;16489
17;16490
16;16500
21;16537
20;16538
65;16539
48;16540
28;16542
16;16545
4;16553
3;16554
7;16557
10;16558
17;16559
36;16560
34;16584
21;16588
23;16590
5;16593
8;16596
556;16619
9;16633
53;16634
36;16635
45;16636
40;16637
15;16638
36;16640
12;16643
26;16662
3;16665
2;16667
3;16671
17;16672
17;16683
30;16685
1;16691
10;16692
18;16693
25;16695
13;16696
77;16729
38;16730
34;16731
163;16732
43;16733
32;16734
51;16736
18;16740
11;16758
10;16764
30;16765
46;16766
16;16772
6;16776
11;16782
174;16784
8;16785
28;16789
2;16792
2;16814
371;16825
18;16826
25;16827
7;16831
8;16853
60;16870
10;16876
11;16877
18;16880
179;16921
278;16922
16;16923
11;16924
25;16935
16;16943
19;16944
31;16966
7;16972
151;16979
26;16986
2;17007
28;17017
23;17018
14;17019
159;17020
4;17031
31;17036
200;17038
28;17039
13;17040
26;17069
25;17071
176;17072
41;17113
593;17114
264;17115
28;17116
167;17133
16;17134
11;17135
32;17136
50;17159
47;17169
160;17190
33;17210
50;17211
382;17212
36;17229
4;17231
26;17232
32;17238
2;17253
32;17257
21;17259
19;17264
18;17301
19;17305
75;17307
55;17308
12;17310
34;17312
22;17317
2;17337
169;17338
33;17341
8;17343
29;17344
16;17356
8;17357
8;17363
3;17367
25;17383
178;17401
47;17402
28;17403
20;17406
191;17407
23;17408
29;17434
23;17436
22;17438
11;17458
14;17461
18;17497
16;17498
64;17499
69;17500
167;17504
155;17509
15;17518
7;17544
2;17545
3;17548
28;17551
149;17552
39;17555
27;17593
255;17594
16;17595
38;17596
5;17605
14;17613
4;17616
2;17627
26;17676
211;17689
54;17690
67;17691
34;17692
19;17709
24;17712
3;17713
13;17716
2;17733
164;17738
12;17746
12;17763
37;17785
65;17786
39;17787
18;17788
167;17795
19;17807
54;17808
3;17830
10;17833
18;17838
4;17840
10;17843
161;17881
19;17882
22;17883
164;17884
151;17889
9;17900
23;17901
18;17903
3;17904
34;17926
19;17929
14;17932
148;17933
6;17934
13;17937
22;17957
9;17975
16;17979
27;17980
2;17981
25;17982
38;17984
41;18010
15;18011
15;18016
22;18035
16;18070
29;18073
46;18074
40;18075
152;18076
49;18077
10;18078
12;18079
25;18080
13;18096
20;18103
56;18106
15;18107
32;18108
28;18109
33;18110
32;18111
29;18112
14;18114
3;18118
12;18121
5;18131
13;18134
164;18135
28;18169
98;18170
38;18171
180;18172
8;18190
6;18192
36;18207
14;18216
6;18220
38;18221
15;18226
43;18265
58;18266
49;18267
9;18268
18;18285
10;18312
4;18316
11;18317
23;18323
49;18361
33;18362
6;18363
66;18364
23;18371
17;18382
27;18383
8;18386
24;18396
15;18405
5;18411
67;18457
108;18458
189;18459
25;18460
13;18477
175;18478
3;18479
27;18480
172;18491
5;18501
17;18502
18;18507
4;18511
32;18516
37;18553
14;18554
14;18556
28;18561
16;18565
16;18567
164;18574
21;18575
8;18576
35;18594
16;18597
159;18598
6;18599
154;18600
1;18602
32;18603
14;18633
6;18638
13;18647
19;18649
38;18650
11;18651
29;18652
8;18653
31;18654
47;18655
10;18674
7;18681
37;18683
34;18684
14;18686
18;18702
9;18705
47;18745
32;18746
24;18747
3;18748
67;18750
6;18751
163;18774
41;18778
4;18780
33;18784
147;18787
25;18791
2;18793
4;18794
47;18805
18;18808
5;18824
30;18841
81;18842
37;18843
26;18844
7;18862
20;18864
6;18870
4;18880
16;18882
5;18889
17;18890
44;18937
169;18938
85;18939
19;18940
63;18957
11;18968
41;18985
6;18993
227;19033
29;19034
7;19035
34;19036
3;19053
176;19054
8;19063
25;19069
1;19077
3;19080
24;19088
1;19129
15;19130
53;19131
33;19132
5;19137
10;19146
161;19148
9;19150
33;19151
21;19157
1;19177
1;19181
25;19184
38;19225
63;19226
26;19227
209;19228
18;19230
11;19245
44;19246
8;19247
24;19248
36;19251
15;19262
5;19267
11;19269
22;19270
2;19272
14;19274
7;19296
6;19298
3;19321
17;19325
192;19326
8;19330
7;19333
3;19349
51;19353
17;19354
34;19355
14;19356
27;19357
35;19360
10;19374
20;19376
17;19378
3;19417
17;19418
8;19419
587;19420
37;19421
176;19422
25;19423
3;19424
16;19439
149;19450
3;19451
44;19453
160;19456
11;19465
7;19470
4;19475
166;19476
1;19478
39;19479
4;19480
62;19513
68;19514
83;19515
67;19516
26;19533
151;19534
25;19535
13;19540
7;19566
20;19571
41;19609
46;19610
200;19611
340;19612
8;19614
5;19632
10;19633
19;19637
27;19645
18;19650
21;19651
12;19656
11;19660
16;19662
37;19664
10;19665
20;19707
201;19708
19;19722
37;19723
3;19725
159;19727
14;19728
41;19749
11;19751
2;19758
53;19763
171;19801
11;19802
42;19803
27;19804
12;19810
2;19821
31;19822
15;19823
16;19824
24;19846
29;19847
59;19852
17;19854
7;19859
30;19864
165;19869
7;19878
45;19897
91;19898
213;19899
24;19900
150;19913
41;19917
15;19919
5;19921
21;19941
153;19947
15;19948
14;19993
44;19994
162;19995
6;19996
12;19997
57;19999
11;20000
11;20003
19;20005
29;20027
29;20028
39;20030
162;20034
19;20040
23;20048
2;20056
26;20089
58;20090
24;20091
46;20092
16;20093
52;20094
179;20095
31;20096
13;20120
3;20122
6;20124
20;20125
19;20126
29;20127
3;20131
11;20133
11;20135
29;20148
14;20151
28;20160
10;20161
30;20173
231;20185
163;20186
204;20187
150;20205
11;20206
20;20207
12;20208
28;20210
51;20229
14;20234
31;20238
24;20242
76;20281
41;20282
41;20283
18;20284
20;20286
14;20288
13;20295
25;20296
22;20301
39;20302
27;20303
3;20319
19;20325
19;20326
27;20327
6;20329
157;20338
34;20339
61;20377
27;20378
27;20379
18;20398
5;20400
148;20422
39;20431
4;20432
18;20433
17;20473
10;20474
374;20475
26;20476
160;20485
1;20493
12;20495
31;20520
19;20522
171;20523
37;20524
24;20527
32;20528
76;20569
65;20570
6;20571
33;20589
13;20591
47;20592
11;20595
19;20600
5;20615
9;20616
31;20617
3;20620
12;20665
179;20666
29;20667
15;20668
49;20669
4;20672
7;20699
4;20700
4;20701
28;20704
1;20720
7;20722
38;20728
153;20737
17;20761
23;20762
20;20764
64;20765
15;20766
34;20767
11;20768
38;20793
1;20795
12;20797
78;20798
15;20799
14;20806
13;20808
5;20809
19;20814
18;20821
11;20824
20;20857
12;20858
33;20859
33;20868
17;20877
2;20879
156;20884
15;20887
11;20894
4;20902
24;20910
14;20911
9;20919
20;20953
126;20954
35;20955
42;20956
28;20958
9;20959
30;20966
26;20976
34;20988
12;20997
20;20999
30;21000
26;21001
3;21003
161;21015
28;21039
58;21049
86;21050
25;21051
17;21059
21;21068
28;21069
9;21071
26;21072
4;21094
29;21095
3;21097
194;21145
350;21146
30;21147
50;21148
6;21165
50;21166
28;21167
16;21168
15;21175
10;21182
34;21190
166;21195
1;21197
12;21200
59;21241
14;21242
199;21243
14;21244
10;21247
13;21261
32;21264
23;21287
5;21289
12;21295
27;21299
7;21337
14;21338
190;21339
180;21340
2;21342
159;21343
10;21344
20;21371
12;21372
36;21373
17;21374
158;21377
161;21390
2;21392
17;21393
30;21395
14;21396
14;21397
2;21400
175;21433
10;21434
162;21437
3;21438
47;21440
25;21453
19;21468
166;21470
12;21472
1;21492
24;21523
27;21529
44;21530
205;21531
71;21532
9;21549
10;21551
28;21552
20;21558
20;21571
28;21572
2;21574
12;21575
30;21584
12;21586
44;21625
121;21626
63;21627
164;21647
7;21648
17;21652
3;21654
32;21655
7;21657
24;21673
158;21680
6;21682
29;21683
62;21721
35;21724
1;21736
18;21742
12;21743
23;21744
15;21779
136;21817
49;21818
29;21819
175;21820
16;21833
6;21837
31;21840
26;21866
4;21867
13;21872
3;21875
9;21909
56;21913
4;21914
33;21915
46;21916
4;21928
11;21933
158;21936
13;21961
3;22004
28;22009
25;22010
38;22013
175;22014
49;22016
32;22041
13;22047
29;22048
17;22066
9;22067
30;22091
216;22105
8;22108
48;22109
9;22110
27;22111
44;22112
60;22136
24;22137
5;22138
19;22140
48;22141
3;22143
17;22150
11;22158
154;22161
16;22201
67;22202
46;22203
13;22204
11;22211
19;22221
36;22222
11;22223
11;22246
1;22249
24;22258
3;22259
6;22260
3;22285
16;22295
6;22297
21;22298
31;22299
24;22300
31;22313
22;22317
7;22332
5;22341
6;22346
6;22349
19;22352
62;22393
15;22394
71;22395
83;22396
31;22404
30;22407
17;22413
1;22414
11;22415
3;22441
11;22449
1;22451
190;22489
207;22490
56;22491
23;22492
154;22499
21;22505
8;22510
73;22511
17;22534
33;22539
9;22545
35;22548
34;22585
68;22586
45;22587
9;22588
49;22605
47;22606
19;22609
19;22626
23;22630
30;22632
33;22643
26;22666
90;22682
9;22683
55;22684
9;22687
6;22688
8;22694
3;22699
31;22705
18;22713
13;22720
35;22725
38;22735
5;22737
26;22739
185;22777
17;22779
581;22780
16;22781
4;22782
16;22783
14;22784
17;22799
9;22806
155;22809
174;22810
52;22811
2;22813
20;22814
18;22832
147;22833
10;22840
165;22843
35;22852
1;22853
5;22866
36;22873
21;22874
27;22876
14;22882
10;22894
18;22895
12;22896
28;22920
16;22924
40;22926
96;22969
31;22971
53;22972
16;22974
31;22984
25;23022
2;23025
33;23065
11;23066
20;23067
62;23068
56;23085
156;23109
19;23110
23;23119
2;23120
2;23122
26;23161
26;23162
17;23181
11;23182
4;23183
27;23206
21;23210
40;23217
6;23219
10;23245
77;23257
54;23258
63;23259
23;23260
32;23261
4;23278
3;23279
42;23280
166;23284
31;23299
69;23303
31;23304
27;23305
2;23308
3;23314
7;23345
21;23353
21;23354
14;23355
12;23356
38;23357
40;23358
185;23359
38;23360
8;23371
13;23385
26;23386
12;23387
24;23394
2;23401
24;23409
15;23410
1;23415
203;23450
6;23451
45;23452
1;23454
24;23455
161;23456
14;23464
15;23479
161;23482
9;23483
1;23484
24;23485
16;23487
35;23488
21;23497
24;23502
21;23504
15;23507
8;23508
25;23510
6;23545
9;23546
190;23547
28;23548
9;23550
160;23558
156;23565
5;23567
7;23568
11;23570
155;23572
9;23574
25;23579
7;23584
20;23589
5;23592
1;23596
14;23603
90;23641
14;23642
19;23643
84;23644
6;23660
3;23661
47;23662
156;23663
4;23664
32;23679
31;23689
2;23694
4;23695
33;23696
5;23697
19;23700
68;23738
69;23739
8;23740
565;23744
32;23756
48;23760
20;23793
32;23833
38;23835
107;23836
2;23839
19;23847
174;23853
53;23855
162;23856
30;23872
26;23885
19;23887
39;23889
11;23929
25;23930
63;23931
18;23932
6;23951
16;23963
3;23964
4;23973
1;23975
3;23984
23;23987
25;23995
74;24025
74;24026
57;24027
13;24029
50;24030
39;24031
75;24032
31;24043
30;24045
21;24059
38;24060
49;24061
37;24064
17;24072
13;24077
19;24080
6;24081
160;24084
9;24087
28;24123
15;24125
30;24126
50;24127
34;24128
16;24131
10;24138
40;24156
11;24157
40;24159
756;24160
159;24176
28;24183
58;24217
72;24218
62;24219
201;24220
22;24237
36;24239
30;24262
20;24268
29;24271
16;24276
147;24313
10;24314
57;24315
222;24316
22;24333
50;24334
13;24336
9;24345
12;24347
1;24360
37;24361
24;24367
1;24368
42;24409
54;24411
143;24412
18;24429
46;24430
7;24431
35;24444
37;24454
12;24455
7;24456
2;24457
41;24460
6;24461
18;24463
30;24466
3;24505
23;24506
184;24507
6;24508
5;24510
7;24520
63;24528
29;24549
6;24550
5;24552
25;24562
43;24601
76;24603
26;24604
164;24608
1;24618
4;24619
30;24622
12;24624
35;24647
32;24656
6;24690
26;24698
51;24700
50;24701
3;24702
12;24703
6;24704
23;24729
61;24732
9;24733
30;24735
18;24749
3;24752
28;24753
22;24754
9;24758
17;24759
7;24760
20;24779
3;24793
8;24794
13;24795
174;24797
57;24798
26;24800
9;24809
7;24814
15;24815
8;24826
28;24828
28;24829
5;24843
161;24845
11;24846
1;24851
4;24861
6;24875
56;24889
41;24890
100;24891
29;24892
7;24896
14;24897
9;24903
13;24909
52;24910
11;24912
4;24920
53;24940
16;24985
62;24986
33;24987
115;24988
20;25006
1;25007
156;25015
1;25027
66;25029
22;25030
9;25031
13;25037
42;25081
32;25082
6;25084
16;25101
22;25103
34;25104
32;25129
170;25135
36;25157
79;25177
81;25178
24;25179
24;25180
34;25198
15;25203
4;25212
7;25223
9;25227
22;25230
7;25231
19;25273
238;25274
9;25275
72;25276
3;25294
10;25295
13;25296
10;25304
50;25317
3;25318
19;25321
37;25328
9;25330
3;25331
11;25365
35;25369
15;25370
12;25372
56;25373
25;25374
19;25375
188;25376
12;25381
16;25404
27;25407
7;25408
14;25419
18;25420
9;25421
12;25427
3;25429
6;25430
16;25451
207;25465
159;25466
10;25467
183;25468
22;25469
152;25470
28;25471
28;25497
66;25521
4;25528
226;25561
217;25562
44;25563
19;25564
4;25584
14;25600
4;25615
36;25620
32;25657
193;25659
12;25660
8;25673
1;25677
51;25679
11;25706
12;25709
175;25753
176;25754
92;25755
47;25756
16;25761
44;25773
18;25774
32;25782
20;25796
21;25797
2;25802
26;25803
12;25805
29;25812
174;25849
19;25850
29;25851
26;25852
24;25897
7;25946
188;25947
131;25948
11;25951
18;25958
8;25968
10;25975
3;25980
47;25995
218;26041
18;26042
21;26043
178;26046
41;26047
37;26048
17;26053
28;26074
22;26078
12;26079
49;26089
24;26124
14;26137
18;26138
55;26139
23;26141
7;26143
25;26144
25;26152
9;26169
163;26174
30;26175
158;26176
19;26181
6;26200
25;26233
21;26234
204;26235
19;26236
22;26239
26;26254
1;26257
5;26258
26;26266
2;26269
13;26279
5;26281
14;26282
21;26284
6;26285
20;26329
219;26330
67;26331
34;26332
4;26338
30;26349
18;26351
34;26373
19;26376
6;26383
10;26384
11;26425
23;26426
36;26427
54;26428
168;26429
4;26437
26;26441
3;26442
29;26445
13;26446
34;26447
5;26454
161;26458
2;26474
19;26477
10;26479
18;26481
6;26521
170;26522
45;26524
53;26541
36;26544
15;26567
14;26569
25;26574
11;26575
7;26577
13;26580
14;26602
79;26617
44;26618
31;26619
19;26628
2;26635
11;26637
5;26638
27;26639
15;26640
29;26641
12;26668
4;26675
8;26696
7;26713
28;26714
27;26715
165;26716
27;26719
2;26727
7;26742
21;26745
16;26746
13;26747
24;26751
7;26752
27;26766
32;26768
3;26805
6;26807
17;26809
30;26810
157;26812
26;26813
39;26814
31;26815
9;26816
2;26818
33;26819
1;26823
30;26841
11;26842
6;26843
11;26846
28;26847
23;26851
18;26853
16;26869
33;26905
23;26906
71;26907
20;26908
25;26913
19;26917
154;26925
166;26946
13;26949
1;26956
9;26962
29;26995
180;27001
49;27003
13;27004
24;27006
33;27021
14;27022
6;27023
19;27024
2;27047
5;27053
4;27056
7;27057
40;27059
5;27064
47;27097
24;27098
211;27099
19;27100
1;27113
34;27120
9;27148
2;27152
8;27153
19;27154
35;27155
20;27193
24;27194
99;27195
17;27215
8;27244
26;27245
14;27251
36;27289
43;27290
71;27291
28;27292
3;27296
13;27309
8;27329
6;27332
23;27336
157;27337
16;27343
4;27389
33;27391
55;27392
31;27396
32;27400
9;27407
178;27417
25;27418
19;27421
14;27422
31;27423
11;27424
3;27437
20;27439
21;27444
168;27446
21;27481
43;27482
15;27484
4;27485
26;27487
20;27488
12;27493
25;27500
19;27506
29;27517
26;27518
160;27519
9;27525
23;27526
19;27532
3;27542
189;27577
28;27578
41;27580
18;27592
30;27597
24;27599
579;27600
29;27603
156;27605
11;27613
166;27617
11;27618
31;27619
8;27623
20;27674
22;27675
38;27676
7;27677
13;27681
73;27693
11;27694
6;27718
14;27719
13;27726
32;27733
40;27745
18;27769
22;27772
24;27791
6;27798
5;27810
17;27816
39;27820
25;27828
23;27865
247;27866
227;27867
47;27868
12;27871
6;27883
6;27886
4;27887
13;27913
28;27915
165;27917
6;27919
10;27920
5;27930
22;27961
65;27962
36;27963
44;27964
10;27981
2;27982
13;27983
24;27984
6;27985
3;27997
160;28003
153;28005
21;28006
3;28018
23;28057
42;28058
74;28059
17;28060
5;28061
16;28062
45;28063
31;28064
26;28066
34;28068
33;28088
35;28091
35;28092
24;28095
16;28100
7;28110
31;28111
2;28117
27;28118
1;28119
2;28120
17;28124
36;28134
18;28137
11;28154
162;28155
170;28156
11;28157
6;28158
25;28159
12;28160
20;28163
41;28185
28;28209
10;28213
12;28214
21;28249
65;28250
70;28251
20;28252
34;28272
9;28291
14;28296
20;28303
19;28306
13;28345
190;28346
198;28347
22;28348
11;28351
20;28366
24;28382
6;28397
3;28401
8;28441
70;28442
11;28443
220;28444
16;28446
32;28461
34;28462
14;28463
32;28491
30;28493
4;28497
9;28514
187;28537
153;28538
160;28539
20;28540
36;28559
11;28569
26;28571
2;28577
2;28588
6;28590
10;28633
159;28634
26;28635
45;28636
35;28647
1;28654
51;28655
31;28656
6;28680
19;28681
36;28684
29;28690
29;28729
709;28731
36;28733
30;28734
34;28735
26;28761
7;28762
41;28764
18;28765
17;28766
7;28768
8;28771
15;28777
22;28781
15;28783
17;28784
3;28804
11;28826
27;28827
195;28828
598;28829
21;28830
5;28831
59;28832
164;28859
33;28863
5;28864
8;28873
171;28885
562;28888
63;28922
22;28923
27;28924
2;28935
17;28941
50;28943
31;28944
26;28952
10;28965
37;28970
8;28972
27;28974
155;28978
206;29017
47;29018
165;29019
28;29020
38;29039
16;29049
3;29071
44;29075
32;29083
61;29113
28;29114
62;29115
47;29116
172;29118
18;29119
10;29133
10;29138
15;29141
3;29147
5;29154
161;29157
13;29159
3;29163
35;29164
2;29167
10;29169
31;29170
146;29211
6;29213
6;29214
114;29215
37;29216
13;29220
12;29235
2;29259
11;29262
29;29266
566;29267
154;29270
24;29295
64;29309
6;29310
63;29311
21;29312
34;29329
51;29331
4;29332
9;29357
18;29359
8;29386
43;29405
29;29406
169;29407
21;29410
9;29411
156;29412
4;29434
25;29440
25;29441
2;29442
6;29443
7;29444
29;29459
9;29464
6;29492
17;29502
9;29503
30;29508
161;29516
26;29523
12;29533
22;29534
206;29536
17;29538
32;29539
21;29554
20;29556
18;29558
23;29561
169;29563
17;29564
23;29597
34;29598
66;29599
13;29600
19;29605
30;29613
15;29618
41;29620
15;29633
2;29635
7;29642
3;29648
150;29649
19;29655
46;29693
348;29694
19;29695
592;29696
62;29713
28;29716
18;29722
11;29735
11;29740
31;29744
4;29745
16;29747
3;29752
168;29753
4;29768
263;29789
42;29790
37;29791
41;29792
16;29809
16;29810
1;29825
2;29833
24;29835
157;29840
12;29846
6;29880
67;29885
158;29886
26;29887
156;29888
15;29905
584;29907
3;29912
32;29914
27;29917
6;29923
30;29934
3;29941
22;29976
108;29981
12;29983
251;29984
8;30001
5;30002
12;30003
7;30007
4;30019
4;30030
29;30031
1;30036
15;30038
15;30039
14;30058
12;30070
158;30075
57;30078
68;30079
37;30082
47;30083
150;30093
2;30101
51;30109
13;30110
46;30111
35;30113
3;30114
11;30115
1;30129
8;30140
11;30173
177;30174
22;30176
34;30178
39;30179
18;30180
17;30190
16;30193
17;30195
12;30197
17;30205
6;30208
45;30210
160;30211
25;30212
2;30217
5;30218
556;30225
39;30233
22;30234
32;30255
52;30269
50;30270
589;30271
155;30272
14;30289
1;30290
18;30291
3;30302
162;30303
25;30312
155;30317
5;30321
6;30322
11;30326
31;30351
70;30366
12;30367
381;30368
2;30381
21;30386
5;30388
7;30410
26;30415
8;30416
37;30428
8;30450
9;30455
72;30461
5;30462
105;30464
7;30469
12;30475
4;30482
26;30484
8;30506
6;30508
19;30509
7;30510
10;30514
10;30519
11;30557
26;30559
10;30560
6;30578
9;30579
9;30580
8;30586
58;30601
20;30607
16;30608
10;30610
8;30613
87;30653
195;30654
196;30655
39;30656
561;30659
19;30668
8;30673
30;30674
29;30675
7;30676
14;30688
4;30700
5;30702
34;30707
153;30708
19;30726
2;30749
18;30750
57;30752
26;30753
8;30755
13;30767
82;30771
20;30782
32;30784
4;30785
22;30789
39;30803
8;30804
5;30805
11;30807
15;30845
5;30847
38;30848
20;30849
191;30850
84;30852
2;30858
40;30876
19;30877
11;30879
38;30885
22;30889
26;30893
11;30895
10;30900
18;30901
8;30909
9;30941
31;30942
186;30943
12;30957
37;30959
156;30963
154;30964
30;30978
41;30988
43;30991
6;31000
3;31037
35;31038
64;31039
614;31040
6;31057
36;31058
24;31060
3;31076
166;31082
11;31089
23;31090
217;31133
612;31134
67;31135
107;31136
11;31153
33;31183
1;31185
26;31190
12;31191
18;31209
32;31229
66;31230
52;31231
74;31232
21;31242
4;31249
27;31250
26;31251
21;31252
8;31277
8;31281
19;31284
6;31295
54;31325
126;31327
44;31328
53;31345
61;31346
164;31364
42;31369
2;31373
6;31394
9;31414
12;31421
45;31422
34;31423
36;31424
45;31425
1;31426
2;31427
55;31428
168;31441
35;31456
14;31458
23;31459
6;31475
22;31476
26;31479
14;31483
26;31517
64;31519
43;31521
52;31522
12;31523
13;31524
33;31526
20;31528
19;31544
4;31550
25;31552
42;31553
35;31554
36;31556
21;31558
36;31571
13;31576
169;31578
47;31613
67;31614
31;31615
27;31616
6;31635
20;31636
33;31660
27;31661
27;31663
19;31666
165;31667
18;31668
24;31670
16;31671
10;31672
57;31709
39;31710
29;31711
11;31712
14;31730
7;31732
10;31748
11;31749
15;31754
24;31755
2;31757
174;31758
2;31762
13;31765
48;31805
74;31806
37;31807
86;31808
167;31825
1;31826
36;31827
30;31828
25;31830
4;31846
8;31847
52;31849
40;31850
27;31855
26;31857
9;31859
20;31860
51;31901
42;31902
11;31903
7;31904
6;31915
9;31922
60;31924
6;31946
8;31948
19;31955
15;31956
7;31959
21;31960
122;31997
526;31998
72;31999
58;32000
35;32017
20;32020
21;32031
1;32042
3;32052
10;32053
21;32065
174;32093
48;32094
17;32095
4;32096
14;32097
32;32099
235;32100
37;32106
52;32128
48;32129
46;32130
33;32131
16;32145
2;32146
172;32152
8;32155
17;32156
12;32189
3;32191
1;32192
34;32193
48;32196
3;32206
18;32221
61;32224
201;32225
41;32227
8;32228
9;32240
1;32241
27;32248
25;32251
28;32285
8;32286
200;32287
189;32288
23;32303
20;32305
1;32307
11;32325
45;32334
2;32335
7;32338
54;32381
5;32382
7;32383
21;32384
25;32389
46;32392
12;32402
4;32404
34;32410
22;32417
35;32429
34;32431
30;32433
24;32436
5;32453
3;32454
69;32477
66;32479
287;32480
13;32496
2;32497
9;32499
76;32500
5;32508
7;32523
157;32524
20;32526
1;32529
33;32535
31;32551
379;32573
229;32574
10;32575
354;32576
16;32583
16;32595
12;32596
20;32617
1;32619
22;32622
20;32669
42;32670
370;32671
34;32672
16;32674
6;32684
3;32691
13;32692
29;32702
20;32713
30;32715
12;32722
175;32726
30;32727
28;32735
5;32759
4;32766
58;32768
54;32769
4;32770
9;32772
28;32776
17;32792
36;32798
1;32799
185;32800
28;32806
22;32811
17;32817
2;32818
19;32820
21;32823
164;32824
3;32825
4;32826
19;32828
16;32857
56;32861
168;32862
54;32864
4;32865
46;32867
19;32883
718;32886
5;32890
24;32891
35;32893
15;32895
3;32913
35;32918
3;32923
4;32924
17;32929
34;32958
589;32959
220;32960
176;32977
28;32978
29;32979
12;32986
4;33009
7;33010
1;33012
164;33021
20;33053
58;33054
74;33056
3;33060
26;33073
168;33075
11;33076
6;33084
8;33097
8;33100
11;33105
168;33112
27;33149
122;33150
55;33151
30;33152
20;33170
28;33205
5;33245
4;33246
67;33247
89;33248
14;33266
17;33267
67;33268
22;33280
4;33283
1;33293
5;33298
20;33299
4;33303
7;33311
8;33337
107;33341
29;33342
210;33343
219;33344
6;33361
176;33363
16;33367
25;33370
5;33393
25;33394
178;33396
20;33398
33;33433
60;33437
47;33438
199;33439
1;33440
12;33441
61;33442
7;33443
12;33444
34;33469
58;33470
173;33471
20;33473
38;33474
28;33476
22;33490
14;33491
27;33495
23;33533
46;33534
2;33535
21;33537
30;33538
56;33539
30;33540
9;33542
17;33554
10;33555
34;33565
24;33567
23;33568
30;33569
1;33571
16;33572
5;33575
23;33576
4;33577
5;33590
1;33591
2;33593
66;33629
23;33630
52;33631
19;33633
24;33638
28;33649
9;33650
8;33667
22;33673
18;33676
39;33681
21;33685
3;33686
17;33726
16;33727
173;33728
3;33745
34;33747
38;33771
29;33778
155;33780
5;33783
24;33784
13;33793
8;33795
13;33821
22;33822
39;33823
32;33826
3;33834
2;33838
24;33842
22;33843
29;33844
171;33866
17;33867
2;33873
19;33874
6;33878
5;33879
158;33880
22;33913
366;33917
41;33918
25;33919
32;33920
5;33931
32;33938
38;33940
22;33952
12;33962
29;33966
22;33975
1;34013
86;34014
21;34015
312;34016
28;34034
17;34051
29;34060
34;34068
34;34071
33;34102
34;34110
23;34111
36;34112
33;34114
191;34115
32;34123
4;34134
3;34136
7;34143
10;34144
180;34146
183;34147
162;34153
13;34161
29;34165
35;34169
7;34170
17;34173
14;34205
17;34206
64;34207
1;34208
34;34209
36;34210
83;34211
8;34219
2;34237
42;34238
34;34239
170;34240
31;34242
30;34243
5;34258
9;34260
12;34264
24;34265
159;34274
27;34301
7;34302
12;34303
30;34304
19;34312
10;34324
14;34348
32;34349
14;34354
154;34355
9;34357
25;34374
9;34376
199;34397
201;34398
54;34399
9;34400
21;34405
5;34410
10;34417
13;34418
64;34419
2;34435
2;34441
23;34446
50;34493
269;34494
59;34495
72;34496
35;34499
1;34503
14;34510
26;34513
54;34515
8;34520
9;34524
152;34540
11;34549
4;34551
8;34581
43;34589
36;34590
113;34591
66;34592
13;34596
22;34600
16;34603
2;34609
26;34611
13;34612
29;34620
3;34624
7;34628
22;34633
3;34634
17;34635
1;34637
27;34685
350;34686
2;34687
57;34688
566;34701
32;34706
191;34707
15;34716
19;34735
14;34741
2;34770
34;34781
170;34782
4;34783
38;34785
11;34786
232;34787
18;34798
20;34802
165;34810
164;34813
2;34814
19;34816
11;34817
15;34837
39;34838
34;34841
27;34843
31;34844
35;34856
175;34872
35;34877
157;34878
166;34879
51;34881
9;34882
14;34883
86;34884
26;34886
24;34900
19;34909
166;34911
26;34913
29;34914
31;34915
7;34917
15;34922
44;34929
34;34931
22;34932
24;34934
24;34935
158;34938
50;34973
22;34974
43;34975
32;34976
9;34993
40;34994
39;34995
31;35012
19;35014
163;35017
29;35022
10;35023
7;35027
