sums of daily draw-off volumes
99.8
237.8
160.2
216
274
238.8
208
412.5
139.8
164
120.2
169.8
338.8
121
105
316
97
188.2
195.2
157
207.8
59
177
104.2
130.2
106.8
232.8
217.8
157.8
214.2
218
195.5
130
181
146.2
201.2
122.5
116.2
109.2
84.5
208.5
149
161.5
53.8
197
289
62
125.2
351.8
194
315
157
138
135.5
155.8
190.5
221.2
234.2
205.5
119.5
368
117.2
272.5
184.8
143.2
155.8
215.8
239.2
234
309.8
119
76.5
178
179.5
99.5
174.2
178.2
147
433.5
192.5
111.8
185.8
371.2
333.5
74.5
285.2
125.8
142.8
364
158
153.2
241.2
78
204
95.2
209.5
152.8
87.2
142
109.2
162.2
70.2
284.2
116.5
150.2
381.2
224.8
170.5
183.2
108.2
165.5
124.2
79.8
113
124.2
102.2
54
214.2
90.8
236.2
195.8
485
142.2
81.2
205.5
147
83.8
114
66.2
135.5
84.2
152.2
129.8
125.2
251.8
121
184.5
73.5
230.5
211
91.2
132.2
141.2
114
144.5
170
182
199.2
106.8
185.2
28.5
132.2
326.8
124.5
78.8
116.5
134.2
101.5
164
174.2
208.2
91.8
138.2
159
133
137.8
175.2
81.2
50.5
98.8
68.2
79
91.5
241.8
199.5
132.5
189.8
182.2
312.2
199.2
127.8
152.8
183
90.2
157.2
114
201
58
212
116.8
56.2
68.2
213.8
180.2
86.2
165.8
63.5
109.5
134.2
92
138.2
115.2
365
130.5
205.2
140
164.5
195
159.8
154.5
244.8
150.2
86.8
228.5
79.5
94.2
140.2
87.5
150.5
83.5
240.5
102
261.2
155
135.5
168.8
41.5
122
83.5
104.5
180.8
66
49.2
84
206.5
94
93
400.5
65.8
63.5
96
44.5
159.2
125.2
207.2
204.2
137.2
202.5
175.2
49.5
203
304.2
136.5
151.2
124.5
89
105.8
95.2
144.5
98.8
128.5
88.5
85.5
123.8
121.2
218.8
141
80
177.5
68
105.8
160.2
144
102.5
115.2
154
98.8
73
102.8
124.2
133.5
107.5
102.2
52
101
163.5
113.5
330.2
62.2
49
199.8
140.5
135.8
140.5
68
121.8
117.8
153
112
257.8
465.5
118.8
144.8
171.5
274
73.5
135.5
201.5
109.2
339.2
153.8
278.2
123.2
178.2
310
319.5
150
77
47.8
345.2
91.5
139.5
176.2
246.2
271.5
95.5
136.5
138.2
165.8
134.2
102
172.5
65.5
217
244
123
133.5
88.2
188.2
272.5
207
175
301.2
320.2
140.2
70.5
81.5
256
211.5
103
83
123.5
146.2
161.5
140.5
258
154
121.8
159.2
191
110
318.2
259
344.2
123.5
sums of draw-off volumes of each hour of the day
191.2
187.6
329.7
173.8
117.4
159.6
10186
13431.6
6235.3
1130.7
538.2
2877.2
3761
1459.1
1258.2
2164.5
2220.8
1594.2
1986.1
2198.4
3254.1
1826.5
1127.5
284.8
sums of draw-off volumes of each hour of weekdays
132.9
104.3
93.9
151.7
84.6
68
8259.2
9123.3
3407.4
489
359.9
2666.3
3516.3
1039.1
456.1
280.3
674.7
1292.8
1775.5
1836.7
2053.5
936
391.2
125.2
sums of draw-off volumes of each hour of weekend-days
58.3
83.3
235.8
22.1
32.8
91.6
1926.8
4308.3
2827.9
641.7
178.3
210.9
244.7
420
802.1
1884.2
1546.1
301.4
210.6
361.7
1200.6
890.5
736.3
159.6
holidays of household(s), numbers correspond to day of year
