# Created by Octave 7.2.0, Thu Jul 27 17:43:57 2023 GMT <unknown@LAPTOP-U49NQB0J>
# name: windspeed_mps
# type: matrix
# rows: 62
# columns: 1
 3
 3.2850000000000001
 3.5600000000000001
 3.7000000000000002
 3.8399999999999999
 3.98
 4.1200000000000001
 4.2599999999999998
 4.4000000000000004
 4.54
 4.6799999999999997
 4.8200000000000003
 4.96
 5.0999999999999996
 5.2400000000000002
 5.3799999999999999
 5.5199999999999996
 5.6600000000000001
 5.7999999999999998
 5.9400000000000004
 6.0800000000000001
 6.2199999999999998
 6.3600000000000003
 6.5
 6.6399999999999997
 6.7800000000000002
 6.9199999999999999
 7.0599999999999996
 7.2000000000000002
 7.3399999999999999
 7.4800000000000004
 7.6200000000000001
 7.7599999999999998
 7.9000000000000004
 8.0399999999999991
 8.1799999999999997
 8.3200000000000003
 8.4600000000000009
 8.5999999999999996
 8.7400000000000002
 8.8800000000000008
 9.0199999999999996
 9.1600000000000001
 9.3000000000000007
 9.4399999999999995
 9.5800000000000001
 9.7200000000000006
 9.8599999999999994
 10
 10.140000000000001
 10.279999999999999
 10.42
 10.56
 10.699999999999999
 10.84
 10.98
 11.119999999999999
 11.26
 11.4
 11.986000000000001
 12.879
 22.5


# name: turbinepower_kW
# type: matrix
# rows: 62
# columns: 1
 31.231999999999999
 77.043999999999997
 115
 141
 171
 204
 240
 276
 311
 343
 372
 395
 436
 479
 515
 553
 581
 638
 686
 744
 775
 832
 895
 963
 1041
 1110
 1190
 1260
 1334
 1426
 1542
 1617
 1737
 1821
 1887
 1955
 2053
 2126
 2184
 2255
 2316
 2377
 2408
 2456
 2511
 2567
 2621
 2669
 2706
 2749
 2775
 2809
 2848
 2888
 2925
 2954
 2968
 2983
 2991
 3000
 3000
 3000


