73;29
98;30
77;31
8;32
6;36
5;51
9;52
2;77
21;78
11;84
12;90
35;121
56;125
198;127
75;128
11;143
31;147
172;172
3;175
3;180
34;221
27;222
23;223
19;224
30;242
22;252
4;267
29;317
3;318
29;319
56;320
163;328
25;337
30;340
14;342
1;356
14;361
10;368
160;371
18;375
229;413
497;414
45;415
28;416
8;419
8;429
23;431
22;433
28;435
18;436
18;437
6;442
4;456
19;458
22;463
44;467
2;469
3;492
35;509
26;510
39;511
29;512
34;513
20;514
6;515
20;516
15;525
148;534
32;541
2;544
52;546
48;551
11;553
7;557
164;559
14;564
14;567
21;570
49;571
42;572
12;605
32;606
49;607
5;608
29;609
24;610
20;611
4;635
16;638
14;639
30;642
19;643
31;655
4;656
37;658
2;662
32;663
11;664
39;665
22;701
69;702
53;704
20;712
13;719
13;721
11;722
555;724
35;734
6;754
159;755
182;760
64;797
48;798
73;799
70;800
154;803
21;804
43;809
34;818
37;819
4;823
35;840
6;845
12;848
17;850
27;852
27;853
20;855
26;873
35;893
21;894
21;895
54;896
25;913
24;927
35;939
11;940
1;941
32;946
10;950
89;989
25;990
29;991
15;992
9;995
29;1009
17;1022
22;1029
6;1031
1;1041
28;1085
14;1086
9;1087
100;1088
15;1091
32;1098
4;1100
11;1102
10;1103
21;1106
87;1107
35;1108
17;1131
12;1137
64;1140
2;1181
46;1182
6;1185
23;1186
11;1187
33;1188
33;1197
7;1214
27;1215
26;1217
157;1218
15;1219
1;1240
20;1242
63;1277
50;1278
29;1279
15;1281
27;1282
7;1295
56;1309
38;1310
8;1312
166;1313
23;1316
27;1321
17;1329
24;1336
9;1338
20;1340
29;1373
64;1374
30;1375
32;1376
17;1417
36;1419
80;1469
16;1470
21;1471
5;1472
13;1477
9;1483
16;1489
10;1490
15;1506
10;1508
15;1522
7;1523
37;1565
278;1566
36;1567
18;1586
47;1587
3;1609
4;1610
31;1611
3;1614
7;1619
19;1621
19;1627
5;1661
162;1662
207;1663
168;1664
21;1670
6;1680
45;1682
16;1683
9;1684
159;1706
22;1708
2;1717
42;1718
17;1720
56;1757
17;1758
84;1759
37;1760
21;1762
13;1774
18;1777
6;1780
19;1783
7;1786
17;1802
39;1803
1;1806
552;1809
17;1814
28;1815
12;1830
54;1853
80;1854
9;1855
225;1856
7;1857
68;1858
13;1859
21;1860
2;1864
149;1865
2;1875
149;1879
7;1880
2;1885
20;1886
11;1887
1;1889
13;1891
31;1902
14;1907
23;1909
33;1912
31;1915
55;1949
211;1950
109;1951
176;1953
20;1954
43;1955
49;1956
17;1972
2;1981
42;1984
38;1985
29;1986
164;1987
10;1990
15;2005
16;2006
14;2010
12;2011
191;2045
224;2046
91;2047
70;2048
45;2065
10;2067
19;2070
22;2086
34;2096
20;2099
4;2104
4;2121
42;2141
77;2142
98;2143
39;2144
21;2151
22;2161
26;2170
16;2185
21;2186
6;2187
2;2191
9;2194
5;2195
2;2199
22;2200
9;2203
15;2228
10;2237
216;2238
18;2239
4;2255
11;2258
33;2259
11;2260
2;2261
7;2285
17;2288
1;2294
47;2333
328;2334
49;2335
36;2336
7;2344
6;2345
20;2353
51;2354
37;2356
1;2384
5;2389
7;2429
86;2430
16;2431
161;2432
9;2438
2;2449
8;2451
25;2452
14;2455
5;2457
14;2469
34;2475
38;2484
13;2488
1;2520
29;2525
73;2526
28;2527
27;2528
14;2530
67;2531
32;2551
167;2558
43;2559
12;2560
29;2561
40;2562
1;2564
1;2565
11;2577
2;2580
31;2581
163;2582
1;2585
208;2621
66;2622
2;2623
33;2624
9;2625
57;2626
172;2628
8;2640
18;2642
24;2653
8;2656
44;2658
47;2659
18;2660
13;2663
13;2669
6;2670
18;2678
13;2679
16;2681
60;2717
23;2718
241;2719
4;2720
22;2737
35;2746
2;2761
4;2765
11;2771
5;2773
26;2776
16;2813
71;2815
90;2816
26;2833
34;2834
29;2835
1;2845
17;2861
14;2867
6;2891
34;2909
55;2910
31;2911
208;2912
27;2915
33;2916
5;2921
26;2923
32;2929
12;2930
21;2940
5;2951
8;2954
157;2958
22;2963
28;2964
24;2967
35;2969
30;3005
35;3006
269;3007
174;3008
2;3010
28;3025
15;3026
24;3027
20;3032
18;3048
1;3050
9;3052
23;3054
4;3058
20;3060
47;3064
22;3101
22;3102
24;3103
166;3104
6;3107
26;3121
28;3123
17;3140
33;3150
34;3151
13;3153
377;3197
45;3199
23;3200
93;3201
10;3202
48;3203
19;3204
24;3229
7;3231
34;3234
32;3236
22;3238
13;3249
76;3251
22;3258
562;3293
191;3294
58;3295
11;3296
17;3297
218;3298
9;3299
68;3300
27;3325
1;3327
47;3329
168;3330
71;3331
22;3332
21;3345
154;3347
17;3353
5;3374
7;3385
26;3389
59;3390
247;3391
32;3392
149;3399
8;3407
18;3409
29;3410
27;3412
32;3415
34;3422
34;3435
36;3436
16;3438
23;3439
25;3441
25;3467
36;3485
78;3486
208;3487
1;3488
34;3507
56;3508
18;3522
24;3539
10;3540
161;3542
15;3544
198;3581
163;3582
69;3583
39;3584
5;3599
2;3602
16;3603
8;3604
32;3615
33;3628
15;3629
8;3631
15;3635
15;3636
4;3639
16;3644
6;3677
38;3678
397;3679
70;3680
3;3697
69;3698
7;3700
8;3708
6;3718
23;3723
9;3728
29;3730
3;3736
65;3773
38;3774
179;3775
77;3776
8;3794
12;3795
21;3818
27;3819
24;3821
39;3827
15;3828
6;3829
12;3830
148;3832
10;3853
23;3860
14;3868
209;3869
34;3871
20;3872
9;3873
20;3874
5;3876
4;3886
41;3895
40;3901
29;3904
1;3905
22;3906
51;3907
155;3908
7;3920
9;3930
11;3937
24;3965
24;3966
96;3967
52;3968
38;3969
40;3970
50;3971
4;3972
16;3978
18;3990
7;3996
163;3998
174;4001
26;4004
10;4009
5;4016
35;4017
22;4021
19;4026
5;4050
34;4061
156;4062
77;4063
319;4064
31;4079
32;4081
175;4082
9;4084
30;4109
23;4113
39;4117
15;4118
2;4119
9;4120
36;4157
35;4158
173;4159
29;4160
191;4178
21;4179
24;4180
30;4182
7;4186
25;4188
27;4191
4;4195
19;4210
10;4238
50;4253
47;4254
56;4256
22;4267
31;4271
20;4274
19;4276
27;4294
8;4300
6;4310
6;4314
23;4320
166;4323
35;4349
185;4350
103;4351
61;4352
165;4368
13;4369
12;4370
32;4371
51;4372
6;4390
52;4398
34;4402
26;4404
12;4407
14;4422
16;4445
44;4446
44;4447
69;4448
18;4455
9;4465
35;4468
13;4472
11;4489
18;4496
23;4501
33;4503
13;4542
20;4543
29;4544
33;4545
20;4546
17;4547
10;4548
8;4567
16;4574
10;4575
47;4576
14;4577
19;4578
49;4579
162;4585
15;4594
152;4595
11;4597
37;4599
11;4601
27;4603
2;4604
33;4638
65;4639
214;4641
65;4642
15;4643
17;4644
29;4655
45;4669
7;4670
34;4671
29;4672
152;4673
7;4680
166;4682
26;4694
2;4695
97;4733
50;4734
55;4735
42;4736
23;4738
31;4754
63;4755
86;4756
11;4774
159;4778
1;4784
36;4786
14;4787
12;4791
11;4792
6;4829
58;4830
50;4831
40;4832
8;4836
14;4844
154;4845
4;4849
24;4850
12;4851
7;4852
20;4856
35;4865
30;4871
15;4874
19;4876
23;4878
5;4879
12;4881
35;4885
197;4925
226;4926
424;4927
49;4928
28;4930
1;4945
28;4946
27;4948
24;4962
38;4969
32;4971
9;4975
29;4979
3;4981
8;4983
20;5021
181;5022
306;5023
382;5024
11;5032
36;5041
9;5043
148;5044
10;5049
3;5050
21;5059
20;5064
17;5065
18;5070
155;5075
60;5076
560;5117
8;5118
46;5119
2;5128
10;5132
31;5137
9;5139
157;5140
23;5146
9;5152
17;5154
176;5158
7;5164
21;5168
591;5171
152;5175
47;5187
18;5214
54;5215
46;5217
4;5218
33;5219
54;5220
2;5221
6;5230
27;5246
203;5248
26;5249
2;5251
12;5252
16;5265
23;5269
14;5270
19;5272
31;5309
35;5310
11;5311
561;5312
103;5313
25;5314
53;5316
6;5322
8;5341
11;5342
192;5344
9;5345
24;5346
5;5347
54;5365
65;5405
186;5406
49;5407
188;5408
20;5411
17;5425
162;5426
66;5427
34;5428
23;5429
27;5436
9;5442
9;5443
42;5450
4;5452
17;5454
28;5459
19;5484
38;5501
87;5502
78;5503
108;5504
16;5505
24;5522
35;5545
16;5549
39;5551
17;5553
1;5554
174;5559
31;5560
3;5578
61;5597
55;5598
37;5599
92;5600
19;5607
2;5613
31;5614
15;5615
16;5617
9;5619
20;5620
16;5641
18;5643
4;5652
53;5693
16;5694
46;5695
45;5696
29;5699
3;5700
24;5701
32;5704
34;5713
14;5714
19;5715
18;5716
31;5728
41;5732
4;5734
18;5738
9;5743
22;5748
6;5749
28;5752
169;5757
23;5759
2;5790
8;5791
73;5792
157;5800
13;5804
42;5811
5;5838
10;5840
5;5842
21;5847
187;5885
207;5887
84;5888
54;5891
44;5892
7;5897
5;5898
60;5919
166;5920
5;5921
24;5923
33;5924
30;5928
24;5937
19;5939
211;5946
6;5954
9;5967
1;5981
7;5982
68;5984
28;5986
5;5987
4;5988
2;5992
83;6013
25;6014
168;6017
3;6018
21;6019
33;6020
24;6021
145;6038
19;6046
267;6077
239;6078
27;6079
76;6080
10;6097
21;6098
8;6099
47;6100
19;6107
25;6122
161;6124
7;6133
137;6173
93;6174
225;6175
4;6176
1;6192
35;6194
26;6196
28;6212
174;6218
179;6220
558;6228
12;6229
2;6230
14;6269
14;6272
6;6287
8;6290
169;6291
21;6292
4;6302
14;6321
20;6325
6;6326
16;6328
75;6365
87;6366
70;6367
56;6368
161;6370
163;6378
144;6385
32;6386
13;6393
11;6396
24;6409
3;6411
35;6412
14;6419
5;6461
64;6462
64;6463
46;6464
164;6481
28;6482
37;6483
20;6485
7;6494
3;6505
5;6511
1;6514
15;6557
21;6558
17;6559
67;6563
26;6567
32;6590
23;6595
18;6596
20;6598
15;6609
149;6614
29;6615
185;6616
11;6617
22;6653
22;6654
19;6656
1;6657
47;6659
35;6660
49;6685
46;6686
33;6690
31;6691
47;6692
153;6695
24;6705
4;6707
19;6709
8;6712
25;6713
99;6749
28;6750
210;6751
96;6752
32;6757
20;6769
30;6770
3;6771
2;6773
6;6783
17;6787
42;6791
13;6795
49;6799
11;6802
3;6807
373;6845
33;6846
157;6847
49;6848
15;6863
7;6867
5;6880
27;6899
73;6941
116;6942
13;6943
594;6944
18;6950
16;6952
1;6953
10;6954
9;6962
440;6963
10;6964
15;6977
7;6988
6;6996
32;6997
36;7021
40;7037
7;7038
45;7039
221;7040
160;7054
44;7058
1;7060
7;7071
29;7075
30;7083
32;7084
26;7094
100;7133
186;7134
70;7135
7;7136
163;7156
20;7159
154;7163
32;7183
12;7186
4;7187
3;7188
57;7229
20;7230
36;7231
24;7234
4;7236
27;7261
12;7262
25;7263
25;7264
29;7265
26;7279
34;7282
3;7284
11;7287
34;7288
50;7325
19;7326
87;7327
12;7328
13;7329
10;7330
25;7331
17;7332
28;7341
4;7359
28;7360
8;7362
155;7363
1;7366
29;7373
27;7376
18;7381
8;7383
3;7401
86;7421
611;7422
246;7423
7;7424
155;7437
3;7442
19;7443
31;7446
31;7449
33;7468
4;7470
6;7471
18;7472
14;7473
21;7476
155;7510
411;7517
13;7518
156;7537
16;7539
7;7540
13;7558
17;7563
39;7565
11;7568
12;7576
21;7586
13;7606
150;7613
39;7614
326;7615
213;7616
24;7627
6;7634
14;7635
55;7636
161;7650
29;7661
1;7663
26;7665
5;7670
8;7699
13;7707
7;7709
164;7710
25;7711
169;7712
23;7726
24;7729
4;7731
19;7732
25;7736
20;7759
1;7763
45;7764
13;7765
19;7782
13;7786
109;7805
29;7806
29;7808
5;7815
6;7825
22;7826
9;7827
1;7828
30;7838
33;7842
18;7854
31;7858
28;7863
10;7864
27;7874
189;7901
3;7902
32;7903
10;7904
63;7905
631;7906
9;7907
29;7908
14;7914
27;7925
11;7934
27;7935
6;7936
30;7937
12;7948
7;7953
41;7958
6;7959
16;7961
14;7964
23;7967
11;7995
54;7997
17;7998
27;8000
20;8001
183;8002
72;8003
574;8004
80;8029
7;8031
33;8033
26;8035
12;8040
153;8042
23;8051
12;8052
17;8057
65;8060
15;8094
50;8095
69;8096
29;8105
7;8113
20;8114
619;8115
25;8116
6;8140
31;8147
27;8190
368;8191
43;8192
19;8197
28;8207
51;8209
179;8210
14;8225
2;8229
8;8239
31;8240
8;8246
3;8248
180;8285
27;8286
56;8287
63;8288
29;8305
1;8306
16;8308
40;8312
17;8314
6;8317
5;8321
27;8331
16;8333
10;8344
3;8359
23;8381
36;8382
177;8383
188;8384
26;8390
8;8398
25;8410
14;8412
4;8414
27;8429
22;8431
45;8477
38;8478
41;8479
29;8491
20;8498
20;8500
12;8515
9;8518
4;8522
9;8523
27;8526
15;8534
32;8562
18;8564
5;8569
17;8573
195;8574
3;8575
33;8576
9;8577
7;8578
15;8579
19;8580
37;8593
4;8599
8;8604
30;8605
1;8607
2;8608
20;8609
21;8611
18;8612
12;8627
7;8634
1;8636
62;8666
24;8667
43;8668
91;8670
29;8671
164;8672
5;8674
21;8686
20;8698
26;8701
24;8702
32;8703
33;8718
10;8720
16;8721
29;8723
12;8724
3;8727
193;8750
207;8761
23;8762
17;8763
9;8764
20;8779
22;8782
40;8783
19;8784
11;8807
6;8809
164;8810
19;8817
34;8857
39;8858
24;8859
49;8860
3;8870
190;8877
3;8902
9;8903
247;8905
71;8909
158;8923
24;8953
53;8954
37;8955
56;8956
1;8963
33;8973
17;8975
10;8976
32;9007
5;9036
61;9049
628;9050
29;9052
28;9062
11;9069
22;9071
24;9077
37;9082
17;9093
23;9096
28;9098
21;9099
29;9101
17;9104
26;9107
4;9112
15;9116
180;9145
39;9146
3;9147
183;9148
32;9151
24;9161
6;9165
16;9166
22;9167
5;9181
13;9190
11;9199
9;9201
8;9203
12;9236
36;9241
15;9242
24;9243
30;9244
171;9245
4;9246
23;9247
9;9273
9;9275
144;9277
5;9279
7;9280
13;9293
7;9295
8;9303
8;9311
17;9312
20;9337
26;9338
15;9340
68;9341
1;9342
155;9343
78;9344
2;9369
13;9370
9;9371
14;9372
3;9374
14;9388
16;9389
2;9392
405;9433
6;9434
197;9436
28;9443
156;9453
14;9454
181;9455
168;9467
4;9468
35;9482
15;9485
18;9487
14;9491
72;9529
38;9530
25;9531
173;9532
22;9549
10;9550
15;9552
18;9561
25;9563
22;9576
12;9577
32;9578
28;9582
12;9586
32;9625
204;9627
208;9628
38;9645
52;9646
170;9647
51;9648
4;9649
10;9666
5;9669
24;9672
17;9704
34;9722
16;9723
277;9724
22;9741
30;9742
1;9749
32;9752
30;9762
21;9766
2;9767
20;9770
172;9819
31;9820
7;9821
17;9822
35;9837
29;9838
4;9839
27;9853
168;9862
6;9867
29;9868
45;9869
157;9873
12;9881
26;9913
53;9914
37;9915
53;9916
1;9917
148;9918
25;9919
26;9920
14;9922
155;9935
3;9940
5;9943
74;9947
25;9951
34;9952
32;9969
174;9972
26;10007
168;10009
2;10010
34;10011
27;10012
79;10013
47;10014
169;10015
186;10016
14;10020
48;10041
25;10042
49;10045
49;10046
15;10048
4;10052
33;10054
9;10056
157;10063
10;10067
34;10070
1;10089
210;10105
78;10106
9;10107
24;10108
41;10126
13;10155
46;10161
27;10162
14;10198
43;10201
10;10202
57;10203
5;10204
154;10212
14;10220
1;10221
14;10222
32;10246
25;10250
53;10255
9;10258
16;10276
213;10297
53;10298
22;10300
19;10308
69;10318
19;10320
1;10334
154;10353
372;10393
131;10394
65;10395
7;10409
15;10414
27;10415
159;10427
22;10438
5;10440
160;10441
10;10444
21;10448
34;10450
3;10452
43;10489
48;10490
26;10491
160;10492
27;10500
23;10503
62;10510
52;10512
148;10534
7;10535
20;10539
3;10543
28;10545
7;10547
24;10559
7;10567
32;10575
30;10585
8;10586
20;10587
54;10590
261;10591
35;10618
18;10620
31;10621
26;10623
9;10635
13;10640
154;10641
68;10681
86;10683
62;10684
235;10685
16;10686
25;10687
165;10688
15;10693
13;10698
23;10711
6;10715
12;10716
23;10717
20;10718
15;10719
25;10720
2;10725
3;10727
6;10728
17;10737
6;10738
1;10740
13;10765
200;10777
1;10778
42;10779
11;10780
21;10785
8;10788
15;10794
22;10797
5;10798
19;10799
5;10800
12;10811
29;10823
31;10824
3;10832
12;10833
13;10836
20;10860
78;10873
10;10874
31;10875
55;10876
3;10878
11;10895
22;10896
11;10916
26;10918
15;10924
25;10927
13;10930
59;10969
68;10970
8;10971
77;10972
161;10990
208;10991
7;10999
24;11000
38;11006
3;11014
46;11017
6;11024
6;11028
10;11065
325;11066
20;11067
5;11068
14;11085
34;11087
18;11088
25;11091
153;11093
30;11100
8;11101
31;11104
24;11109
170;11114
27;11115
713;11118
2;11119
95;11161
53;11162
17;11164
2;11168
29;11184
32;11188
3;11205
44;11213
23;11217
3;11219
59;11257
24;11258
45;11259
54;11260
13;11261
13;11262
52;11263
50;11264
8;11272
9;11274
10;11290
13;11291
155;11293
47;11296
7;11300
35;11305
43;11310
155;11317
3;11318
16;11319
5;11334
20;11339
2;11350
29;11353
12;11356
5;11358
178;11359
32;11360
28;11364
23;11373
21;11386
12;11387
22;11389
20;11390
4;11399
44;11406
12;11408
19;11449
6;11450
17;11451
183;11452
37;11460
28;11461
19;11470
25;11472
3;11477
18;11483
2;11499
18;11501
23;11507
62;11545
31;11546
31;11547
6;11548
8;11549
6;11567
18;11568
14;11589
23;11590
23;11593
3;11595
16;11603
76;11641
92;11642
18;11643
126;11644
7;11653
25;11661
40;11662
162;11664
10;11685
14;11695
17;11696
32;11697
22;11699
25;11713
5;11732
34;11737
12;11738
183;11739
154;11744
27;11747
51;11757
2;11758
49;11759
15;11761
7;11766
21;11767
12;11783
2;11784
15;11786
157;11793
97;11833
13;11834
48;11835
14;11836
9;11842
3;11853
18;11854
13;11855
28;11857
16;11873
8;11876
5;11878
5;11882
34;11929
33;11930
27;11931
8;11933
73;11934
18;11935
22;11949
24;11961
6;11962
173;11963
22;11965
9;11967
159;11972
27;11991
12;12025
23;12026
190;12027
9;12028
26;12029
33;12030
10;12032
2;12035
36;12058
18;12059
4;12060
164;12062
192;12063
179;12064
157;12065
18;12072
19;12084
19;12086
8;12121
10;12122
35;12123
177;12124
18;12144
26;12146
2;12160
3;12165
25;12169
5;12170
26;12175
175;12178
5;12180
9;12184
20;12217
188;12218
9;12219
91;12220
24;12236
15;12238
166;12239
2;12240
21;12241
18;12250
23;12265
18;12270
9;12272
21;12274
49;12313
57;12314
15;12315
39;12316
29;12318
13;12321
4;12334
8;12335
7;12336
12;12350
19;12352
16;12354
10;12358
28;12363
12;12366
19;12369
45;12371
5;12381
52;12409
18;12411
43;12412
26;12417
8;12426
163;12429
8;12430
19;12465
21;12498
70;12506
28;12507
30;12508
11;12525
21;12528
5;12531
29;12549
1;12550
30;12554
17;12561
29;12601
14;12602
29;12604
26;12605
24;12606
25;12607
35;12608
21;12626
160;12630
48;12634
21;12635
3;12636
19;12639
6;12640
24;12654
6;12655
3;12656
1;12658
1;12659
25;12660
18;12662
12;12697
28;12698
80;12699
9;12700
8;12701
72;12702
21;12703
2;12715
14;12729
3;12732
5;12733
9;12734
25;12759
16;12776
10;12793
260;12794
214;12795
42;12796
7;12804
171;12813
38;12815
26;12825
26;12833
28;12838
13;12841
13;12842
7;12844
13;12845
159;12878
38;12890
15;12891
18;12892
11;12902
4;12904
6;12908
45;12909
17;12933
158;12935
3;12938
20;12942
9;12945
11;12946
8;12947
199;12985
46;12986
27;12987
38;12988
3;13005
8;13006
4;13033
27;13035
1;13037
8;13038
12;13041
23;13043
12;13081
47;13082
86;13083
222;13084
8;13089
23;13094
27;13100
11;13101
7;13102
16;13108
11;13114
6;13125
32;13129
22;13133
30;13167
58;13177
108;13178
96;13179
29;13180
10;13185
30;13193
21;13199
9;13200
15;13201
32;13225
18;13232
9;13274
581;13275
49;13276
35;13277
156;13278
12;13279
196;13280
162;13300
162;13307
10;13308
35;13309
33;13311
19;13321
19;13325
18;13329
30;13330
25;13334
33;13336
55;13369
1;13371
31;13372
64;13373
65;13375
11;13376
3;13380
17;13387
5;13391
13;13398
9;13401
21;13404
11;13405
2;13406
2;13407
30;13408
5;13420
25;13422
26;13427
32;13436
27;13465
38;13466
354;13467
7;13468
5;13478
11;13482
39;13485
17;13486
8;13487
180;13488
26;13495
15;13504
27;13509
22;13511
30;13517
36;13524
1;13561
12;13562
11;13563
12;13564
153;13567
24;13582
164;13583
10;13584
14;13598
17;13603
15;13605
157;13608
32;13611
26;13614
40;13657
14;13658
43;13659
1;13660
30;13677
16;13679
3;13680
27;13688
2;13694
24;13711
31;13753
184;13755
9;13756
10;13763
21;13773
5;13776
22;13779
20;13800
26;13802
1;13804
19;13807
27;13810
43;13850
6;13851
31;13856
9;13863
22;13866
16;13868
4;13869
20;13870
11;13872
6;13876
6;13881
2;13890
22;13892
7;13895
12;13898
10;13906
8;13916
31;13945
39;13946
41;13947
4;13948
201;13949
43;13950
10;13952
1;13968
30;13977
32;13979
5;13981
14;13982
24;13983
26;13984
26;13988
158;14000
5;14001
2;14006
54;14041
61;14043
83;14044
564;14045
23;14046
19;14047
8;14073
25;14076
21;14077
8;14078
164;14079
15;14080
25;14085
4;14091
157;14093
15;14095
9;14100
177;14104
236;14137
23;14138
40;14139
47;14140
29;14151
45;14157
15;14158
20;14159
17;14171
8;14173
42;14189
28;14190
10;14191
29;14233
47;14234
177;14235
15;14236
33;14239
10;14253
26;14254
6;14256
28;14257
59;14278
17;14281
7;14291
18;14292
38;14329
197;14331
29;14332
30;14343
10;14348
15;14366
25;14367
9;14368
14;14371
24;14374
22;14379
31;14386
91;14425
10;14426
18;14427
30;14428
3;14431
28;14443
25;14447
17;14460
11;14465
173;14469
29;14472
1;14474
13;14475
5;14476
4;14507
91;14521
16;14522
41;14523
2;14524
9;14537
176;14541
43;14542
32;14544
169;14549
9;14554
25;14572
1;14602
41;14617
1;14618
186;14619
22;14620
17;14621
35;14624
1;14643
5;14649
19;14650
61;14651
35;14655
168;14669
10;14670
16;14674
7;14685
26;14713
55;14714
37;14715
44;14716
17;14717
17;14718
25;14720
3;14736
27;14745
7;14756
24;14758
10;14761
7;14767
27;14768
12;14769
25;14771
20;14779
49;14809
204;14810
336;14811
42;14812
20;14813
5;14824
150;14829
8;14830
20;14832
22;14855
13;14864
1;14866
59;14867
4;14905
271;14906
6;14907
54;14908
7;14909
9;14926
165;14927
31;14928
21;14933
15;14936
171;14940
166;14951
28;14953
7;14982
79;15001
23;15002
50;15003
55;15004
185;15010
87;15021
15;15027
1;15033
39;15047
27;15050
29;15053
9;15054
32;15059
44;15097
30;15098
9;15099
54;15100
32;15119
28;15124
26;15129
2;15141
20;15143
30;15146
8;15154
30;15193
17;15194
24;15195
11;15210
22;15214
36;15215
16;15216
35;15224
14;15239
2;15243
6;15246
58;15289
32;15293
21;15294
31;15295
61;15296
6;15307
1;15309
5;15311
6;15316
9;15321
33;15322
4;15324
6;15326
6;15327
70;15328
23;15341
2;15348
36;15349
20;15386
1;15388
189;15389
325;15390
51;15391
51;15392
19;15393
48;15405
20;15406
8;15407
154;15419
19;15420
8;15421
37;15432
3;15436
9;15438
4;15441
4;15447
21;15448
54;15481
66;15482
5;15483
20;15484
22;15487
37;15497
5;15501
10;15502
19;15503
6;15504
4;15526
11;15527
29;15528
19;15530
4;15532
21;15534
4;15535
9;15536
7;15539
26;15577
143;15578
14;15579
72;15580
5;15586
10;15592
24;15598
10;15599
28;15600
31;15601
8;15604
4;15623
163;15624
17;15635
19;15674
15;15675
205;15676
14;15678
32;15687
39;15694
186;15695
22;15720
24;15726
20;15728
5;15729
5;15730
26;15769
39;15770
165;15771
26;15790
40;15792
14;15819
11;15820
153;15821
7;15825
15;15848
1;15858
33;15865
47;15866
15;15867
192;15868
1;15885
27;15887
17;15888
18;15904
31;15906
17;15914
166;15917
22;15919
14;15923
26;15924
15;15963
25;15965
29;15966
56;15967
25;15968
2;15984
22;15990
21;15993
11;15994
27;15998
19;16000
30;16006
23;16015
2;16019
54;16057
7;16059
25;16060
25;16061
18;16063
43;16064
6;16078
9;16084
29;16092
21;16096
15;16105
2;16117
4;16119
32;16120
25;16140
18;16153
68;16154
66;16155
8;16156
23;16173
4;16175
40;16202
14;16206
147;16207
14;16208
96;16249
86;16250
53;16251
48;16252
26;16262
3;16270
8;16271
159;16272
4;16283
27;16295
4;16297
3;16299
14;16303
25;16314
57;16345
51;16346
10;16347
2;16348
11;16365
3;16366
3;16367
24;16368
13;16378
28;16385
20;16393
2;16397
8;16401
576;16441
8;16442
86;16443
203;16444
59;16461
30;16462
10;16470
1;16483
21;16485
15;16488
2;16489
163;16496
38;16497
10;16498
6;16500
1;16511
70;16537
25;16538
21;16540
9;16560
9;16564
3;16571
18;16574
16;16591
18;16592
25;16593
8;16594
13;16596
51;16633
30;16634
17;16635
25;16636
187;16637
27;16639
189;16640
37;16666
28;16669
3;16670
57;16671
2;16673
17;16679
28;16685
9;16689
12;16691
20;16694
3;16695
14;16705
5;16729
17;16730
26;16731
6;16734
1;16735
41;16736
14;16753
13;16756
10;16761
26;16763
71;16764
22;16784
38;16789
72;16825
24;16826
8;16827
440;16828
32;16837
31;16846
60;16848
153;16867
22;16872
8;16880
38;16921
22;16922
44;16923
80;16924
10;16929
25;16937
25;16944
24;16965
24;16969
24;17017
1;17018
43;17019
47;17020
164;17061
16;17067
20;17070
18;17075
24;17076
25;17081
160;17113
9;17114
25;17115
68;17116
19;17123
10;17133
3;17158
26;17162
10;17168
2;17169
26;17170
52;17209
604;17211
78;17212
7;17215
167;17230
24;17241
13;17248
24;17256
11;17264
26;17268
10;17305
24;17307
23;17308
20;17309
164;17311
48;17312
14;17314
162;17339
37;17340
16;17341
157;17342
3;17357
29;17358
25;17361
19;17365
83;17402
248;17403
27;17404
27;17405
10;17406
8;17407
38;17408
22;17435
14;17437
7;17438
1;17450
17;17456
22;17458
21;17460
10;17462
161;17463
3;17497
18;17498
1;17499
12;17500
16;17501
30;17511
4;17517
13;17518
7;17542
23;17545
9;17556
22;17593
154;17595
59;17596
8;17601
4;17604
14;17615
15;17651
38;17689
65;17690
61;17691
29;17692
27;17693
18;17701
2;17709
182;17711
8;17712
6;17735
14;17741
33;17744
18;17745
35;17785
89;17786
7;17787
10;17788
27;17799
13;17808
12;17810
10;17833
12;17839
23;17840
11;17842
36;17881
31;17882
18;17884
15;17889
12;17893
163;17902
34;17904
3;17908
5;17914
152;17919
6;17924
26;17928
3;17931
5;17934
26;17936
589;17977
40;17978
52;17980
5;17981
380;17982
57;17983
5;17984
157;18010
21;18011
32;18014
12;18015
15;18016
151;18029
10;18032
9;18037
13;18038
80;18073
34;18074
4;18076
53;18077
64;18078
51;18080
17;18107
38;18109
10;18110
14;18111
35;18130
3;18131
14;18133
15;18134
18;18149
162;18169
204;18170
32;18171
22;18172
15;18179
11;18189
11;18191
9;18192
7;18202
54;18204
4;18209
11;18214
53;18215
21;18216
23;18218
32;18222
3;18223
9;18225
26;18266
36;18268
7;18272
45;18273
39;18275
36;18285
33;18286
7;18287
27;18288
14;18299
25;18314
27;18316
26;18319
13;18322
5;18333
22;18361
499;18362
39;18363
19;18364
28;18367
10;18374
16;18381
28;18383
27;18384
161;18397
11;18405
20;18415
15;18446
52;18457
14;18458
161;18459
17;18460
14;18483
3;18496
28;18502
12;18506
29;18516
52;18553
22;18554
28;18555
173;18556
560;18575
18;18581
161;18589
14;18600
24;18602
15;18611
31;18647
55;18649
24;18650
52;18651
76;18655
13;18661
7;18662
5;18684
26;18685
32;18686
48;18687
197;18688
14;18692
9;18696
15;18697
20;18702
24;18704
6;18705
15;18712
30;18745
176;18746
6;18748
79;18751
68;18752
7;18768
31;18777
8;18778
1;18779
20;18780
19;18781
164;18782
30;18783
8;18800
5;18802
39;18841
588;18842
21;18843
51;18844
40;18846
1;18861
14;18878
11;18885
163;18889
13;18895
34;18930
24;18937
42;18938
21;18939
24;18940
2;18957
6;18958
24;18959
4;18967
5;18968
25;18986
6;18987
4;19034
84;19035
7;19036
37;19043
46;19055
166;19056
10;19069
5;19084
40;19088
15;19106
68;19130
232;19131
13;19132
13;19134
45;19152
8;19160
18;19170
16;19175
22;19177
15;19180
19;19182
38;19187
235;19225
47;19226
47;19227
51;19228
21;19234
31;19247
158;19248
2;19271
12;19272
3;19281
17;19320
11;19321
18;19324
36;19325
188;19326
35;19327
12;19341
7;19353
27;19354
33;19357
3;19358
4;19370
10;19378
45;19417
16;19418
39;19419
24;19420
13;19421
11;19422
51;19423
33;19424
5;19449
16;19450
31;19451
177;19452
8;19453
33;19454
37;19456
30;19471
10;19474
14;19483
8;19495
9;19513
37;19514
14;19515
16;19516
161;19528
38;19538
10;19557
20;19568
560;19571
160;19572
25;19577
38;19609
73;19610
71;19611
18;19612
5;19617
18;19625
5;19631
4;19643
12;19645
3;19658
7;19663
15;19705
33;19706
80;19707
47;19708
30;19721
1;19730
9;19759
21;19761
16;19764
635;19801
74;19802
97;19803
50;19804
13;19821
2;19823
10;19824
163;19853
26;19854
18;19857
33;19897
14;19898
65;19899
59;19900
3;19913
31;19944
7;19945
22;19946
146;19947
5;19955
31;19956
2;19980
3;19986
22;19993
15;19994
21;19995
15;19998
10;19999
7;20018
29;20025
23;20027
31;20028
23;20031
31;20032
17;20033
8;20045
9;20049
32;20050
28;20074
2;20084
38;20089
25;20092
156;20093
37;20094
73;20095
26;20096
15;20121
159;20122
15;20123
4;20124
8;20125
46;20127
11;20140
25;20143
1;20147
30;20148
22;20149
20;20150
13;20152
11;20185
43;20187
19;20193
44;20200
13;20205
1;20206
164;20207
15;20208
7;20229
9;20232
19;20237
30;20239
30;20242
33;20281
6;20282
234;20283
46;20284
4;20285
29;20297
55;20301
6;20323
2;20329
22;20332
2;20334
4;20335
4;20336
31;20343
20;20356
165;20377
14;20378
33;20380
7;20386
7;20397
6;20435
39;20436
35;20473
601;20474
14;20475
5;20477
8;20488
2;20494
6;20498
9;20513
17;20518
5;20522
153;20524
32;20569
167;20570
63;20571
24;20572
42;20589
170;20590
28;20592
1;20597
2;20607
24;20613
21;20617
34;20618
7;20619
1;20625
24;20627
3;20661
25;20665
18;20666
21;20667
155;20669
158;20672
12;20698
3;20699
29;20700
37;20704
34;20712
8;20717
42;20720
23;20721
37;20722
20;20725
155;20740
16;20761
1;20763
35;20764
6;20765
19;20766
20;20767
17;20786
28;20791
18;20797
17;20798
17;20800
34;20809
12;20818
27;20822
1;20823
222;20857
30;20858
36;20859
24;20860
18;20864
26;20866
11;20877
14;20878
34;20879
20;20880
10;20882
19;20889
20;20902
35;20906
5;20908
44;20953
163;20954
47;20955
2;20956
12;20961
10;20963
24;20971
167;20973
23;20981
39;20989
19;20999
3;21007
15;21012
28;21035
20;21049
20;21050
214;21051
565;21052
14;21056
573;21060
7;21071
3;21079
6;21081
20;21087
13;21096
23;21097
18;21098
33;21101
21;21123
22;21145
11;21146
11;21147
213;21148
19;21157
19;21196
33;21200
13;21214
51;21241
174;21242
76;21243
16;21244
23;21261
18;21264
26;21276
3;21295
26;21297
18;21298
1;21310
26;21337
186;21338
177;21339
165;21340
12;21341
204;21342
23;21343
20;21344
13;21348
40;21369
33;21376
3;21381
4;21397
20;21433
38;21434
17;21435
12;21438
6;21439
15;21440
5;21465
26;21466
32;21468
36;21471
183;21472
6;21487
21;21489
17;21490
18;21496
23;21500
25;21529
4;21530
19;21531
87;21532
175;21549
180;21550
7;21552
25;21557
10;21559
17;21571
20;21574
10;21582
31;21586
22;21588
87;21625
15;21626
63;21627
39;21628
14;21631
10;21636
34;21646
67;21647
11;21648
550;21672
19;21680
4;21682
15;21721
24;21722
23;21723
29;21724
13;21744
16;21758
25;21765
31;21769
27;21775
23;21777
27;21778
6;21779
8;21817
32;21818
169;21820
14;21828
23;21830
21;21837
24;21847
27;21865
3;21913
247;21914
20;21915
40;21916
28;21931
31;21933
19;21934
11;21936
24;21957
24;21965
164;21972
8;21993
19;22001
47;22009
7;22010
36;22011
18;22012
21;22013
42;22014
150;22015
34;22016
7;22024
16;22043
57;22044
13;22062
4;22065
17;22092
33;22105
28;22107
33;22108
32;22109
38;22110
55;22111
166;22112
193;22114
34;22135
4;22141
23;22142
14;22144
24;22160
22;22161
25;22169
7;22186
36;22201
47;22202
27;22203
91;22204
7;22221
6;22223
3;22250
186;22297
14;22298
33;22299
10;22300
28;22319
7;22320
1;22341
9;22342
169;22350
32;22356
22;22369
5;22370
43;22393
57;22394
14;22395
4;22396
3;22398
164;22414
4;22415
35;22422
66;22489
10;22490
315;22491
5;22498
9;22509
15;22512
38;22516
2;22538
24;22547
8;22576
31;22585
41;22586
19;22587
78;22588
5;22605
32;22606
13;22607
13;22636
22;22637
35;22662
37;22681
157;22683
44;22685
24;22686
68;22688
12;22711
567;22713
172;22717
20;22718
23;22719
23;22720
12;22721
585;22735
35;22737
9;22742
2;22744
21;22777
3;22780
122;22781
54;22782
24;22783
1;22784
162;22806
26;22811
38;22812
6;22813
14;22814
44;22816
5;22817
3;22819
30;22823
9;22832
21;22834
172;22835
5;22836
36;22873
21;22875
10;22876
29;22893
27;22895
12;22904
23;22924
21;22926
28;22929
14;22931
32;22969
111;22970
19;22971
30;22972
33;22980
10;22987
8;22989
29;22992
24;23003
7;23011
21;23013
28;23016
14;23020
31;23021
37;23028
156;23065
26;23066
28;23067
16;23068
14;23087
9;23098
166;23108
9;23112
16;23116
13;23124
11;23129
49;23161
25;23162
36;23163
56;23164
2;23168
12;23180
22;23182
3;23184
10;23197
3;23205
19;23214
21;23257
96;23258
1;23259
61;23260
7;23278
2;23279
5;23285
30;23308
24;23310
172;23353
589;23355
23;23356
77;23357
20;23358
27;23359
21;23360
189;23362
34;23376
159;23381
12;23386
8;23389
17;23390
29;23392
23;23401
34;23407
152;23408
71;23409
22;23416
29;23429
30;23449
50;23450
556;23451
27;23452
2;23453
60;23454
155;23455
23;23456
18;23481
12;23483
5;23484
17;23485
18;23486
9;23488
18;23493
10;23499
18;23512
38;23545
60;23546
91;23547
592;23548
15;23549
9;23559
9;23565
19;23578
33;23589
24;23594
6;23641
54;23642
43;23643
324;23644
12;23646
26;23651
18;23653
21;23661
6;23662
186;23663
28;23664
19;23668
13;23686
11;23687
14;23691
4;23693
15;23696
34;23738
11;23739
197;23740
11;23742
47;23759
23;23760
39;23766
9;23774
11;23794
20;23833
12;23834
18;23835
45;23836
2;23848
62;23856
36;23877
14;23879
24;23880
13;23885
7;23929
20;23930
63;23932
13;23950
21;23951
7;23952
24;23963
4;23964
22;23975
24;23976
28;23977
12;23980
23;23988
11;24000
15;24020
4;24023
7;24025
29;24028
61;24030
101;24031
164;24032
11;24046
155;24059
194;24061
36;24062
4;24063
18;24068
31;24077
38;24084
2;24087
160;24094
23;24112
178;24121
21;24122
8;24123
52;24124
32;24125
3;24126
17;24127
19;24128
21;24153
30;24157
14;24159
31;24178
1;24181
19;24187
4;24202
71;24217
198;24218
21;24237
27;24240
2;24246
13;24264
9;24266
25;24267
32;24274
11;24275
22;24313
34;24314
52;24316
27;24332
167;24333
166;24336
7;24344
4;24346
13;24362
17;24365
25;24366
58;24409
23;24410
166;24411
358;24412
25;24448
20;24453
5;24456
8;24458
182;24459
11;24462
12;24463
11;24464
33;24505
25;24506
31;24507
25;24508
160;24510
1;24518
9;24525
28;24526
171;24550
3;24553
1;24563
40;24601
5;24602
24;24603
65;24604
10;24605
7;24615
19;24616
13;24622
4;24623
21;24629
29;24636
25;24651
8;24655
39;24657
5;24658
160;24692
12;24699
29;24700
11;24701
2;24702
27;24703
90;24704
32;24712
29;24730
4;24731
26;24732
32;24733
148;24736
5;24739
13;24750
4;24753
7;24757
80;24794
178;24795
8;24796
41;24797
7;24798
18;24799
1;24800
23;24804
14;24807
150;24819
15;24820
19;24825
8;24826
18;24828
24;24829
2;24832
9;24844
24;24846
9;24848
29;24850
33;24852
6;24856
9;24889
47;24890
58;24891
5;24892
36;24909
13;24910
5;24924
23;24941
2;24971
7;24985
46;24987
32;24988
52;25006
210;25008
45;25036
5;25037
19;25044
24;25082
32;25083
6;25084
17;25091
28;25103
21;25104
4;25107
9;25118
17;25126
43;25128
14;25131
2;25133
32;25159
90;25177
168;25178
30;25179
200;25180
163;25197
5;25209
18;25235
16;25236
63;25273
20;25274
21;25275
42;25276
1;25281
40;25293
33;25294
145;25295
11;25300
6;25307
5;25312
29;25321
2;25326
13;25330
38;25369
16;25370
29;25371
40;25372
39;25374
5;25375
22;25376
12;25391
20;25398
2;25403
18;25404
3;25406
13;25407
2;25418
9;25427
5;25463
17;25466
11;25469
156;25470
47;25471
34;25475
580;25497
224;25498
151;25500
28;25501
31;25502
25;25503
2;25507
25;25517
24;25519
19;25561
47;25562
153;25563
8;25564
10;25577
9;25588
150;25599
15;25607
22;25608
1;25611
48;25612
35;25613
8;25614
11;25618
160;25620
22;25657
192;25658
23;25660
31;25668
18;25672
13;25678
12;25679
24;25680
13;25682
37;25704
1;25706
11;25707
19;25708
28;25710
20;25714
55;25753
11;25754
30;25755
38;25756
15;25757
31;25760
14;25775
4;25776
29;25778
1;25780
16;25792
10;25798
15;25804
10;25812
27;25849
25;25851
7;25852
86;25869
324;25870
4;25871
11;25872
20;25896
168;25897
17;25898
1;25903
170;25907
243;25945
19;25946
183;25947
204;25948
164;25966
174;25967
4;25969
13;25981
23;25995
178;25996
3;26000
35;26003
11;26004
26;26012
4;26041
22;26042
8;26043
16;26044
76;26045
19;26046
7;26047
33;26048
16;26052
34;26065
8;26068
47;26073
31;26074
6;26076
6;26077
16;26078
1;26079
21;26080
8;26100
31;26137
15;26139
386;26140
14;26141
25;26142
14;26143
53;26144
23;26158
11;26169
7;26172
7;26173
58;26175
40;26187
16;26190
23;26191
20;26196
6;26200
3;26233
187;26234
75;26235
36;26236
22;26248
46;26253
17;26254
10;26255
54;26256
4;26277
26;26283
8;26286
30;26289
187;26329
62;26330
160;26331
22;26336
26;26338
30;26346
3;26352
160;26369
30;26377
12;26384
8;26385
153;26387
6;26408
222;26425
207;26426
41;26428
2;26429
4;26435
42;26445
10;26447
82;26471
24;26474
7;26475
25;26476
25;26481
13;26482
8;26484
133;26521
38;26522
1;26523
68;26524
3;26543
162;26547
15;26564
32;26566
28;26572
20;26575
42;26617
14;26618
233;26619
41;26620
17;26625
1;26627
13;26633
20;26638
161;26653
29;26665
3;26666
18;26667
23;26674
12;26675
14;26692
12;26693
6;26713
45;26714
1;26715
7;26717
34;26718
34;26719
29;26727
27;26736
173;26746
49;26750
3;26762
32;26766
9;26774
164;26775
27;26776
30;26781
29;26792
17;26809
27;26810
45;26811
36;26812
30;26813
21;26814
18;26815
8;26828
4;26842
6;26843
9;26844
6;26845
28;26846
26;26847
21;26849
14;26851
14;26862
11;26864
3;26866
9;26867
35;26871
11;26872
23;26905
48;26907
59;26908
12;26923
23;26925
12;26928
18;26949
2;26953
31;26958
24;26963
15;26964
11;26990
6;26993
26;26996
69;27002
41;27003
173;27004
4;27021
15;27024
165;27031
2;27048
44;27051
46;27053
18;27090
158;27097
11;27098
11;27099
22;27100
4;27118
29;27120
37;27127
25;27136
20;27141
4;27146
29;27147
28;27150
3;27152
4;27153
12;27154
25;27185
13;27193
59;27194
62;27195
41;27196
159;27202
9;27213
157;27214
24;27215
13;27244
17;27253
28;27265
167;27289
168;27290
66;27291
19;27292
28;27298
162;27304
4;27305
22;27306
28;27309
5;27310
27;27319
160;27323
25;27347
4;27387
65;27388
42;27389
60;27391
170;27392
23;27406
5;27421
16;27422
24;27423
14;27434
15;27438
20;27444
4;27451
30;27464
36;27481
28;27482
158;27483
42;27484
26;27485
1;27486
34;27487
51;27488
26;27516
8;27517
19;27523
30;27531
159;27535
13;27541
33;27577
184;27578
19;27579
1;27580
10;27590
10;27598
34;27599
9;27608
17;27609
3;27625
22;27628
30;27631
168;27635
11;27659
30;27673
4;27674
29;27675
17;27676
25;27684
44;27696
162;27702
9;27708
163;27709
16;27717
30;27719
8;27723
17;27727
2;27732
21;27769
36;27771
67;27772
6;27773
6;27789
44;27790
35;27791
575;27792
37;27813
16;27814
168;27819
7;27865
63;27866
69;27867
80;27868
7;27876
151;27878
91;27885
37;27887
11;27915
19;27922
21;27923
13;27961
231;27962
185;27963
36;27968
40;27983
13;27988
27;28008
35;28012
18;28018
32;28028
28;28057
188;28058
7;28060
41;28062
17;28063
8;28067
23;28072
167;28087
11;28090
22;28093
21;28095
41;28096
13;28101
9;28112
14;28120
2;28123
20;28144
14;28148
34;28153
26;28154
168;28155
28;28158
11;28175
42;28186
20;28187
156;28190
144;28191
11;28196
13;28205
7;28212
27;28214
3;28215
16;28239
21;28249
62;28250
22;28251
210;28252
159;28269
6;28271
12;28272
23;28275
21;28278
29;28301
11;28303
50;28345
169;28346
19;28347
7;28348
15;28356
7;28365
16;28367
34;28388
14;28394
34;28396
18;28402
163;28404
28;28441
8;28442
94;28443
62;28444
17;28461
17;28487
8;28496
18;28500
197;28537
35;28538
189;28539
58;28540
30;28547
27;28553
41;28560
10;28582
15;28583
6;28584
25;28589
20;28622
33;28633
69;28634
26;28635
22;28636
4;28640
62;28653
29;28654
8;28655
565;28656
4;28676
1;28683
31;28685
7;28687
8;28690
36;28729
31;28730
51;28731
27;28732
36;28733
222;28735
11;28736
1;28741
28;28747
12;28758
6;28762
145;28763
9;28773
28;28777
12;28797
188;28825
211;28826
737;28827
78;28828
25;28830
42;28831
43;28832
16;28843
3;28858
13;28864
26;28866
59;28883
215;28921
53;28922
158;28923
11;28942
12;28944
14;28969
46;29017
37;29018
44;29019
48;29020
8;29037
10;29038
12;29039
31;29040
3;29061
8;29064
19;29066
3;29067
3;29068
22;29069
10;29070
20;29072
210;29113
155;29114
82;29115
63;29116
36;29133
18;29134
3;29135
9;29136
5;29142
12;29152
157;29158
14;29163
61;29213
184;29214
9;29215
6;29216
13;29231
33;29235
21;29247
175;29260
30;29261
8;29263
27;29270
19;29272
109;29309
42;29310
48;29311
4;29312
7;29331
23;29332
7;29340
27;29355
24;29356
22;29358
10;29363
34;29381
14;29382
20;29385
7;29406
22;29408
217;29409
41;29411
20;29412
161;29416
24;29420
6;29438
51;29440
7;29441
22;29442
17;29443
172;29457
8;29459
14;29462
153;29495
195;29501
4;29504
58;29505
8;29506
3;29507
5;29508
28;29509
170;29525
24;29526
161;29533
42;29534
30;29535
19;29536
2;29537
7;29538
11;29539
8;29544
21;29553
64;29556
23;29561
4;29564
1;29590
35;29597
79;29598
34;29599
214;29600
16;29611
34;29617
18;29618
5;29632
3;29638
7;29644
29;29651
6;29654
18;29674
88;29694
33;29696
26;29698
23;29703
13;29716
22;29717
152;29739
171;29752
37;29789
12;29791
341;29792
169;29809
31;29812
16;29839
19;29842
12;29868
24;29885
8;29886
177;29887
178;29888
20;29899
30;29905
30;29906
4;29924
16;29929
9;29940
18;29941
67;29981
63;29982
223;29983
194;29984
8;29992
11;30001
22;30002
6;30004
5;30014
6;30028
5;30029
13;30032
22;30033
2;30035
30;30039
6;30040
168;30045
5;30048
36;30077
50;30078
2;30079
15;30080
60;30081
41;30082
32;30083
24;30084
34;30104
43;30111
6;30112
18;30119
29;30134
29;30137
26;30173
160;30175
16;30176
181;30177
10;30178
20;30179
4;30180
28;30188
21;30191
13;30205
13;30206
2;30208
601;30209
7;30227
22;30234
29;30269
172;30270
230;30271
59;30272
4;30276
13;30289
66;30292
28;30323
32;30327
4;30328
8;30355
204;30365
188;30366
200;30367
32;30368
21;30372
154;30385
42;30387
23;30388
21;30390
167;30410
24;30411
16;30417
7;30423
2;30458
204;30461
13;30462
25;30463
182;30464
13;30482
13;30490
24;30510
10;30518
11;30534
10;30557
38;30558
74;30559
41;30560
172;30578
14;30579
27;30589
14;30602
4;30605
15;30608
13;30654
10;30655
111;30656
27;30659
32;30674
51;30675
15;30676
159;30700
171;30702
3;30703
61;30749
26;30750
52;30753
1;30754
38;30756
578;30782
9;30784
11;30788
4;30792
34;30803
23;30804
9;30810
21;30812
415;30845
34;30846
73;30847
55;30848
97;30849
25;30850
81;30851
43;30852
13;30853
10;30858
7;30867
23;30878
60;30881
156;30884
28;30897
14;30898
5;30901
8;30902
16;30903
4;30904
3;30905
8;30906
85;30941
6;30942
24;30943
26;30944
29;30952
23;30961
47;30962
201;30964
35;30970
17;30984
2;30985
26;30986
31;30990
5;31015
16;31037
31;31038
47;31039
52;31040
10;31059
26;31060
549;31069
8;31078
30;31086
8;31092
9;31096
43;31133
34;31134
46;31135
43;31136
22;31141
9;31153
25;31154
26;31156
171;31168
9;31179
17;31182
5;31187
9;31193
9;31229
158;31230
22;31231
192;31232
49;31249
25;31251
27;31264
5;31277
11;31278
69;31279
6;31281
9;31282
2;31287
173;31291
44;31325
82;31326
59;31328
162;31333
146;31348
6;31355
2;31370
11;31372
1;31383
13;31384
168;31421
27;31424
61;31425
38;31426
26;31428
24;31454
33;31456
11;31457
32;31458
22;31459
10;31460
20;31463
27;31472
157;31476
19;31477
8;31479
25;31481
8;31517
4;31518
19;31519
178;31520
43;31521
16;31522
3;31524
11;31546
27;31549
43;31551
30;31553
27;31555
25;31567
13;31569
61;31574
190;31613
48;31614
30;31615
27;31616
22;31634
20;31635
24;31636
23;31638
12;31642
11;31645
33;31649
17;31659
15;31665
29;31667
2;31669
24;31672
21;31706
69;31709
71;31712
21;31729
19;31731
3;31733
17;31757
2;31760
3;31761
10;31762
40;31763
15;31767
22;31780
30;31805
38;31806
35;31807
73;31808
11;31816
6;31826
2;31827
33;31850
12;31851
147;31854
18;31857
14;31860
3;31862
14;31888
11;31901
74;31902
59;31903
43;31904
24;31923
208;31924
17;31933
8;31948
16;31958
143;31997
47;31998
45;31999
170;32000
8;32002
20;32003
13;32005
7;32010
18;32012
13;32019
3;32020
36;32029
33;32033
20;32041
158;32043
172;32044
14;32048
7;32049
171;32054
165;32055
5;32056
159;32066
32;32080
26;32093
172;32094
66;32095
7;32096
20;32097
41;32098
30;32099
15;32100
10;32103
6;32106
39;32112
18;32121
12;32126
41;32127
156;32128
173;32129
164;32135
6;32148
29;32190
38;32191
42;32192
48;32193
21;32194
10;32195
4;32196
20;32217
7;32223
31;32241
173;32242
14;32243
36;32244
67;32285
48;32286
51;32287
169;32288
21;32297
10;32305
22;32308
28;32312
158;32317
49;32331
21;32340
20;32361
46;32381
50;32382
26;32383
53;32384
7;32400
6;32401
11;32403
21;32404
9;32428
12;32429
11;32432
22;32439
15;32455
54;32477
5;32478
43;32479
33;32480
20;32498
159;32500
2;32502
1;32504
33;32522
1;32524
4;32527
11;32534
17;32536
95;32573
26;32574
7;32575
357;32576
4;32585
16;32592
47;32594
9;32617
17;32624
1;32630
18;32631
23;32642
20;32669
220;32670
40;32671
47;32672
5;32687
15;32691
55;32692
28;32697
17;32702
19;32703
7;32709
18;32716
11;32718
23;32721
18;32749
39;32766
182;32767
17;32769
180;32770
202;32771
102;32772
20;32773
32;32774
155;32783
3;32795
12;32797
222;32800
29;32801
48;32803
13;32804
4;32810
8;32812
29;32820
32;32823
27;32827
10;32832
88;32861
9;32862
30;32863
40;32864
17;32866
3;32872
165;32876
15;32886
16;32893
1;32898
36;32900
7;32908
2;32911
164;32915
34;32916
47;32957
240;32958
26;32959
35;32960
7;32968
1;32977
24;32978
21;32979
73;32980
30;32987
13;33003
16;33005
191;33013
32;33016
28;33053
90;33054
14;33055
11;33056
3;33058
4;33064
25;33071
29;33074
20;33075
36;33076
4;33081
13;33087
27;33101
26;33149
194;33150
75;33151
32;33169
13;33171
1;33172
150;33199
12;33200
32;33201
170;33203
23;33208
29;33215
10;33238
77;33245
759;33246
71;33247
28;33248
5;33249
8;33267
11;33268
13;33270
171;33274
11;33293
6;33297
8;33300
2;33304
57;33341
193;33342
62;33343
28;33344
40;33361
7;33362
26;33363
31;33388
51;33389
12;33394
19;33398
9;33409
4;33438
25;33439
169;33440
6;33441
46;33442
40;33443
6;33444
21;33452
1;33453
23;33470
51;33471
29;33472
1;33473
31;33474
35;33475
45;33476
15;33481
34;33484
13;33493
2;33499
4;33500
7;33508
22;33533
9;33534
35;33535
7;33536
20;33537
6;33538
44;33539
2;33565
161;33566
13;33568
14;33569
16;33572
17;33574
2;33578
2;33584
26;33586
2;33587
21;33588
33;33589
46;33590
18;33629
45;33631
30;33632
7;33635
35;33640
29;33649
17;33650
35;33651
26;33679
1;33684
25;33686
27;33725
237;33726
214;33727
54;33728
16;33735
3;33736
41;33746
159;33748
3;33756
11;33766
21;33778
15;33781
36;33820
44;33821
13;33823
344;33824
41;33841
23;33844
8;33855
156;33863
154;33865
27;33867
157;33871
12;33904
9;33917
68;33918
4;33919
7;33920
3;33930
4;33940
21;33961
9;33963
2;33983
12;33992
374;34013
81;34014
215;34015
200;34016
2;34035
41;34036
14;34049
4;34057
3;34066
1;34069
11;34071
12;34080
51;34109
72;34110
151;34112
150;34113
25;34114
6;34115
11;34142
59;34145
23;34148
35;34152
2;34161
28;34163
26;34206
10;34207
31;34208
68;34209
24;34210
10;34211
200;34212
31;34239
23;34240
15;34242
7;34244
13;34249
163;34250
31;34251
25;34264
4;34267
11;34301
96;34302
23;34303
200;34304
4;34310
28;34327
2;34335
12;34339
18;34356
21;34357
1;34358
38;34365
5;34384
10;34387
9;34398
1;34399
24;34400
31;34402
14;34417
31;34419
7;34437
13;34442
28;34443
30;34445
3;34452
6;34454
6;34455
3;34493
39;34494
3;34495
4;34500
163;34502
15;34511
3;34513
8;34514
46;34515
7;34516
23;34530
22;34542
205;34550
17;34589
72;34590
181;34591
59;34592
3;34600
26;34601
22;34609
89;34610
28;34612
14;34634
31;34637
20;34645
44;34686
50;34687
31;34688
25;34707
28;34731
13;34732
17;34740
23;34743
5;34781
174;34782
17;34784
69;34785
9;34786
36;34787
17;34794
16;34800
3;34814
5;34815
36;34816
160;34818
187;34819
10;34820
4;34824
9;34834
21;34842
43;34877
11;34878
13;34879
44;34880
43;34881
13;34883
22;34884
8;34896
30;34909
19;34911
23;34912
151;34914
47;34915
180;34930
4;34931
8;34935
156;34938
10;34959
182;34973
30;34974
25;34975
36;34976
17;34993
38;34996
18;34999
14;35003
15;35019
18;35025
20;35027
10;35028
10;35031
