sums of daily draw-off volumes
80.5
146
39.8
138
255.2
207.8
102.5
284.5
173
73.8
60.5
114.8
101.8
144.8
52
54.2
125.5
220.2
233
244.2
255.5
182.5
105.2
86.2
146.8
108
193
198.2
108.2
74.5
192.2
179.8
97.8
211.2
415.5
201.8
166.5
159.5
167
167.8
175.8
208.5
239
155.2
81.2
238.2
86.8
180.5
226.5
172.8
142.8
280.8
349.2
454.8
151.5
282
236.5
170.8
99.5
171
84
290
162.8
226.8
368.5
73
222
111
157
146.2
165.2
166.5
340
169.5
187.8
91.8
134.8
322
212.5
270.8
140
98
306.8
346.5
217.8
195.2
123.2
138.2
67.2
128.5
161
187.5
206.8
65.8
256.2
137.8
135.5
109
310.2
126
199.5
125.5
184.8
221.2
296.2
112.2
107.8
141.5
257.8
169.5
174.5
211
115.5
80
177.8
402.2
75.2
202.8
117.2
99.5
60.2
160.2
192.8
69.2
158.8
277.8
131
156.2
96.8
84.2
65.8
134.5
72
221
130.5
99
132.5
114
396
107
210.5
162
50
93.8
58.8
173
358
140
118
111
113.5
154.2
156.2
95.8
232.2
237
159.5
70.8
53.2
102.5
247.8
88
138.8
146.5
120.2
160.5
76.8
72.5
106.8
139
58
307.2
58.8
185.5
76
212.5
73
95.5
89.5
251.5
187.8
179
34
69
125.2
62.2
133.8
387
108
175.2
91.5
220
86.2
266.8
167.2
163
235.2
54.2
99.8
130.5
151.8
100.2
148.2
264.5
63.5
63
272
104
74.5
188.5
101.2
119.5
72.8
213.8
160
156.2
105.8
131
142
389.2
90.5
108
226.5
118.8
158
228.2
64.8
79.5
152.8
119.8
185.2
56
122.2
87.8
121
65.5
456.2
190
55.2
108.5
116
59.2
61.8
419.8
264.2
222.5
200
95.5
61.5
69.8
257.5
117.2
103.2
133.5
219.8
121.8
78.5
157.8
179
49
104.5
54.2
180.5
107.8
67
340
174
116
69.8
215
320
94.8
187.2
129.5
213.2
179.5
125
156.8
174
107
66.8
150.5
103.8
144.8
227.2
115.5
165.2
135
141.8
252.8
139
157.5
153
181
148
136.5
63
158.2
222.2
163.8
360.2
115.8
81
191
146.5
80.8
214.2
260
120.2
136.5
156.2
131.5
214
104.8
281
159.2
276.8
121.5
105
148
216.8
294.5
138
197.8
114.8
189.2
131.5
177
127
131.8
72.8
111
118.5
317
298.2
118.2
161
73.5
99.5
149.2
137
346
156.8
189
76
189.2
295
131.5
152.5
126.2
67
200.2
250.8
34.8
242.5
153.2
170.2
113.5
54.5
135.2
140.5
57.8
194.5
203.8
110.8
sums of draw-off volumes of each hour of the day
169.3
128.8
94.2
172.4
75.9
176.8
10145.9
13880.6
5502.2
1132.9
631.3
3100.9
2939.3
1673.9
1588.3
2604.9
2206.8
1389.6
2201.3
2592.9
2706.8
1915.4
809.7
265.3
sums of draw-off volumes of each hour of weekdays
87.2
47.7
60.3
149.7
43.5
59.7
7741.9
9440.4
2797.9
615.6
491.7
2863.2
2826
1252.4
483.2
719.4
392
956.5
1884.5
1951.6
1845
1139.1
365.9
143.5
sums of draw-off volumes of each hour of weekend-days
82.1
81.1
33.9
22.7
32.4
117.1
2404
4440.2
2704.3
517.3
139.6
237.7
113.3
421.5
1105.1
1885.5
1814.8
433.1
316.8
641.3
861.8
776.3
443.8
121.8
holidays of household(s), numbers correspond to day of year
