sums of daily draw-off volumes
82
117.2
139.5
98.8
49.5
111.2
361.5
188.5
71.5
71.5
64.5
89
43.2
102.8
54
126.8
112.2
93
97.5
160.5
140.2
100
187
283.8
74.5
78.2
74.5
84.8
72.2
78.2
295
96.2
186.5
185.5
135.8
117.8
114.8
151
84.5
76.8
66.2
237.8
115
140.5
148
67.8
204.8
207.5
165.5
99.8
95
92.8
108
207
91.5
163.5
92.5
94
92.8
172.5
121.2
51.5
252.5
70
56.2
125.5
131.8
205.8
174.8
100.5
137.5
162.5
136
48.2
163
288.8
82
102.5
215.2
130
59.2
101.5
231.8
119
86.8
77.2
95.2
151.5
43.2
161.2
160.2
53
186
93
66
138.5
92
197
47.8
52
68.8
60.5
63.8
99.5
79.8
82
108.5
141.5
112.8
220
257.2
194.5
89.2
111
88.8
154.2
99.8
396.2
146.8
74.8
61.8
32.5
63.8
242.2
97
111.5
141.5
42.8
211.8
92
119.2
131.2
97.2
45
19
92.2
121.8
249.5
93.5
154.5
248.5
171
44.5
165
87.2
102.2
159
160.5
80.5
114
99
148.5
98.2
42.8
93
160.2
52.2
73
29.5
265
123.2
201.5
146
147
159.2
187.2
153.5
90.5
51
83
75
93.8
352.2
133.8
152.2
153.8
237.8
60
87.2
39.2
106.2
144.8
229
28.5
52
77.2
84.8
87.2
122.5
292.2
132.2
141.8
113
27.8
13
145
77.8
81.2
115.5
50.2
45.2
58.2
36
211.2
118.2
107.2
65.5
53
68.5
136.5
222
63.5
101.2
152.5
74.2
120.5
157.5
179.8
56.8
36.5
79.5
129.5
158.2
77.2
156.8
92.2
147
54.2
47
90.5
60.5
91
218
64.8
65.5
249
226
113.8
111.5
77.8
68.5
9.8
105.2
88.5
40
120
49.2
133
36
180.2
113
82.8
156.8
73
54.5
231.8
106.8
125.5
89.8
81.8
158.8
48.5
200
140.5
120.8
67.2
90.5
81
42.5
178.5
166
97.8
115.2
44.8
51.8
304.8
191.2
37.5
72
71
137
113
56.2
119
74.5
260.5
81
118.5
97.2
115.2
144.2
67
147
75.2
80.5
52.8
134
80.8
160.2
105.8
62.2
177.2
44.5
41.8
122.8
80
221
162.8
78.8
69
110.5
131
208.2
148
233
118.8
64.2
117.2
178.5
152.8
74.2
181.8
101.2
188.8
43.2
84.8
61.2
70.5
107
55.2
129.2
82
41.8
175.5
191.8
137
149.5
106.8
132.5
181.8
93.2
97.2
50
139.5
154.2
90.8
145.5
121.5
76.2
45.8
130.2
148
82.2
212.2
137.2
285.5
80
119
422.2
96.8
106
54.5
76.2
82
229
sums of draw-off volumes of each hour of the day
106.1
73.3
51.6
53.9
143.2
94.1
8342.4
9367.9999999
4832
775.5
715
2103.1
2930.1
990.4
1121.9
1822.2
1237.6
948
1369.9
1732.4
2097.7
1631.5
540.3
425.8
sums of draw-off volumes of each hour of weekdays
61.5
38.5
22.6
27.7
70.3
37.6
6915
6780.7
2338.9
388.2
564.2
1934.7
2744.9
847.3
389.4
336.6
334.7
496.3
1248.7
1446.4
1513.2
1114.9
160.7
212.8
sums of draw-off volumes of each hour of weekend-days
44.6
34.8
29
26.2
72.9
56.5
1427.4
2587.3
2493.1
387.3
150.8
168.4
185.2
143.1
732.5
1485.6
902.9
451.7
121.2
286
584.5
516.6
379.6
213
holidays of household(s), numbers correspond to day of year
