sums of daily draw-off volumes
52.8
6.8
29.8
21
48.5
54.5
37.8
44.8
29
95
29.5
14.8
19
14.2
35.8
8.5
18.5
23
59.8
12
82.5
97.5
49.8
3
13.2
18.8
10.8
14
17
19.2
108
31.5
39.2
89.2
274.8
24.8
118.2
70.8
57.8
42.5
23.2
17.2
25.5
17.5
26.2
19.8
11.2
62.2
60
33
21.5
76
16.2
7.2
18.8
60.8
16
61.2
12.2
77.2
10.8
68.8
22.5
21
15.5
16.5
56.2
14
38.2
9.5
19.2
29
19.8
58
30.2
33.2
28.2
68.8
11
11.8
10.5
15.8
113.5
54
9.5
24.2
31.2
21.5
52.2
51
66.2
75.8
51.8
19.8
15.2
28.2
20.2
28
16.8
25.5
27.5
17
27.2
65.8
59.2
38.5
11.2
15.8
7.5
64.8
11.8
16.8
68
113.5
39.5
16.2
13
17.8
57.8
200.5
31.2
8
35.8
74.5
17.2
27.2
3.8
22.8
9.8
69.2
27.8
34
54.8
61.2
105
17
42.2
20.8
72.5
29.2
9
22
19.5
33
44.5
118.5
61.5
58.5
45.5
13.2
11.8
18.5
3
85
0.2
26
9
51.8
103
55.8
9.8
63.5
52.8
11
147.8
73.2
67.2
35.2
87.8
7.5
155.2
31.5
53
12.5
32
61.2
17
8.8
66
12.8
191.2
20.8
51
91.2
16
14.2
26.2
25
4.8
12.8
16
20
20
57.2
22.8
17.2
255.8
53.8
65.8
6.5
62
103.5
29.2
12
15
21
48.8
8
19.8
149
5.2
51
3
43.2
166.2
3.2
39.2
20.8
27.5
23.8
12.5
1
55
11
16.5
17.5
74.8
14.5
0.8
6.2
5.5
14.2
13.5
52.8
125.8
35.5
72.8
17.2
49.8
0.8
14.5
3
27.2
220
23
58.5
1.2
56.5
12.2
12
12
7.5
19.2
6.2
46.2
44.2
57
49.8
18.5
3.8
61.2
68
6.2
25.8
97.5
14.2
62.8
11.8
55.8
44.8
67
7.5
0.5
21.8
9
32.2
13.5
11.5
11
57
66.8
37.8
40.5
8
12.5
16.8
47.8
43.5
70.8
96.5
19.2
8.2
36.8
15
63.2
48.5
0
29
28.8
25.8
69.5
3.8
58.8
41.5
46.5
16.5
30
23.5
61.8
24
16
61.2
29
52.2
27
55.8
31.2
16.8
51.2
18.2
11.8
28.2
37.5
7.8
19.5
12.8
16.8
27.5
17.5
46.2
27
26.5
68.5
62.8
115.2
43.2
39
51.8
51.5
8
87
65.2
50.2
12.8
9.8
63.8
63.2
70.2
26
105.5
82.8
7.8
8.5
66.2
27.5
10
19
47
82
201.5
31.5
19
21.5
7
21.5
sums of draw-off volumes of each hour of the day
28
27.3
91.2
29
4.8
8
2370
3280.1
1085.9
286.2
413.4
685.6
1027.6
233.5
634.3
705.6
640.9
268.2
609.3
887.3
510.5
391
199.9
27.6
sums of draw-off volumes of each hour of weekdays
18.2
2.7
43.3
11.3
3
3.5
2164
2480.1
615.9
113.6
202.2
664.2
954.2
173.7
158.3
210.2
154.2
118.8
576.4
683
265
232.3
56.9
6.8
sums of draw-off volumes of each hour of weekend-days
9.8
24.6
47.9
17.7
1.8
4.5
206
800
470
172.6
211.2
21.4
73.4
59.8
476
495.4
486.7
149.4
32.9
204.3
245.5
158.7
143
20.8
holidays of household(s), numbers correspond to day of year
