196;29
219;30
32;31
29;32
2;34
58;50
21;51
36;55
4;71
170;74
4;76
14;78
23;84
192;125
50;126
78;127
61;128
1;139
184;147
155;158
29;169
154;171
163;173
33;175
10;192
93;221
65;222
168;223
10;224
148;241
5;242
34;244
3;252
12;267
1;268
22;269
6;270
3;275
358;317
64;318
151;319
89;320
33;323
15;334
1;337
18;338
41;339
79;340
3;344
2;349
9;360
754;361
5;373
28;374
71;413
63;414
188;415
207;416
13;424
4;431
29;434
31;436
11;462
10;464
13;468
8;480
41;509
69;510
17;511
30;512
7;513
20;514
65;516
173;542
19;545
25;546
4;547
39;562
1;568
16;570
14;572
6;602
44;605
20;608
68;610
60;611
10;616
5;619
34;637
23;638
14;639
22;640
565;645
26;655
22;658
14;661
5;667
26;669
23;674
6;693
30;697
74;701
214;702
41;703
200;704
39;722
170;743
2;745
1;756
10;757
9;760
11;769
20;787
52;797
91;798
51;799
205;800
28;802
24;803
25;811
14;819
8;820
6;835
27;837
16;844
16;846
22;848
21;849
17;851
5;853
59;893
216;894
46;895
63;896
51;913
11;914
7;915
3;931
5;937
19;940
31;943
59;945
20;946
32;951
23;978
81;989
32;990
25;991
9;993
6;1019
4;1036
10;1043
59;1085
69;1086
185;1087
35;1088
10;1089
22;1090
20;1098
154;1106
73;1107
47;1108
33;1135
16;1149
8;1152
14;1181
23;1182
23;1184
21;1186
3;1188
1;1198
31;1207
42;1213
14;1214
35;1215
30;1216
60;1219
36;1226
5;1235
11;1238
7;1240
20;1243
11;1244
3;1258
10;1271
8;1279
45;1280
10;1283
29;1284
20;1286
16;1293
24;1310
33;1311
23;1312
16;1315
40;1316
153;1330
158;1331
22;1339
12;1340
19;1373
21;1374
183;1375
199;1376
22;1393
33;1394
29;1395
39;1396
12;1406
9;1424
7;1425
7;1430
32;1431
5;1440
4;1457
21;1469
73;1471
82;1472
8;1478
13;1482
5;1489
12;1490
166;1491
3;1496
24;1516
13;1522
10;1524
22;1525
35;1526
158;1528
5;1565
85;1566
252;1568
13;1577
35;1586
25;1611
2;1661
124;1663
39;1664
9;1674
3;1677
3;1684
14;1704
16;1708
5;1712
20;1714
33;1718
7;1719
34;1757
182;1758
34;1759
66;1760
29;1774
5;1777
169;1778
88;1780
35;1804
25;1810
2;1811
8;1814
182;1816
28;1854
20;1855
19;1856
17;1857
12;1858
174;1859
54;1860
24;1863
1;1870
21;1877
2;1879
10;1887
1;1890
27;1891
30;1907
6;1908
23;1910
11;1911
18;1915
30;1949
16;1951
82;1952
32;1953
34;1954
355;1955
44;1956
25;1964
20;1966
30;1969
13;1970
5;1976
19;1981
3;1983
22;1985
41;1988
14;2004
170;2045
73;2046
35;2047
58;2048
7;2051
24;2058
160;2066
189;2067
13;2068
35;2090
168;2091
9;2094
21;2098
14;2099
14;2100
4;2103
14;2115
2;2141
53;2142
28;2143
27;2144
10;2146
40;2157
19;2161
22;2162
14;2163
13;2164
167;2174
6;2191
12;2198
15;2200
17;2208
1;2217
81;2237
1;2239
357;2240
33;2259
1;2278
21;2286
36;2288
11;2289
40;2290
152;2291
20;2333
74;2334
46;2335
85;2336
40;2349
10;2354
9;2357
18;2375
10;2376
29;2377
169;2380
17;2387
20;2389
8;2429
78;2430
29;2431
91;2432
4;2435
10;2439
5;2449
15;2450
6;2451
12;2473
12;2476
34;2478
10;2480
4;2513
6;2525
26;2526
37;2527
177;2528
14;2529
71;2531
1;2532
53;2557
17;2558
26;2559
40;2561
19;2580
3;2583
10;2588
59;2621
9;2623
48;2626
46;2627
40;2628
26;2654
15;2655
18;2657
31;2658
70;2659
8;2660
3;2674
9;2675
187;2677
5;2682
190;2717
59;2718
100;2719
153;2720
32;2725
18;2736
8;2737
6;2738
30;2739
11;2748
24;2749
24;2763
22;2773
34;2813
36;2814
250;2815
6;2816
30;2829
21;2834
14;2836
31;2848
3;2858
2;2861
38;2862
11;2869
27;2897
123;2909
12;2910
20;2911
35;2912
9;2929
1;2931
8;2944
35;2953
185;2956
18;2961
29;2962
169;2967
11;2968
50;3005
628;3006
23;3007
51;3008
29;3026
33;3034
12;3038
30;3052
187;3053
27;3054
21;3057
22;3062
2;3063
2;3064
1;3101
40;3102
203;3103
51;3104
2;3120
1;3121
28;3122
66;3123
19;3124
3;3145
13;3147
7;3148
181;3152
4;3154
25;3157
23;3159
35;3168
6;3197
37;3198
10;3199
8;3200
23;3201
44;3203
48;3204
10;3220
8;3230
17;3232
24;3233
5;3234
7;3235
170;3244
6;3251
36;3255
12;3257
16;3258
31;3259
58;3293
19;3294
4;3295
30;3296
1;3297
82;3298
26;3299
6;3300
23;3319
17;3325
32;3328
14;3329
14;3330
17;3345
30;3352
48;3356
179;3389
115;3390
35;3391
4;3392
14;3402
8;3409
54;3410
11;3411
40;3412
165;3413
6;3421
8;3440
16;3441
34;3465
13;3485
21;3486
40;3487
240;3488
23;3492
37;3507
28;3514
165;3532
8;3533
155;3537
11;3541
19;3580
27;3581
72;3582
224;3583
48;3584
12;3587
26;3592
169;3601
10;3602
11;3603
32;3604
56;3616
24;3632
4;3635
10;3636
1;3639
160;3647
5;3661
25;3668
238;3677
252;3678
76;3679
80;3680
165;3690
21;3696
6;3697
15;3698
172;3699
10;3722
22;3728
24;3731
5;3773
53;3775
31;3781
17;3782
12;3793
15;3794
25;3805
5;3812
14;3820
29;3821
29;3822
10;3823
3;3824
10;3826
16;3828
12;3858
77;3869
333;3872
32;3876
7;3903
26;3905
10;3906
50;3907
34;3908
1;3912
30;3915
13;3919
10;3921
15;3922
34;3928
9;3930
5;3932
173;3966
41;3967
13;3968
24;3969
19;3971
18;3972
148;3979
35;3981
165;3994
19;3998
12;3999
42;4000
24;4002
20;4004
33;4014
41;4020
41;4026
6;4027
11;4061
133;4062
55;4063
87;4064
10;4081
76;4082
24;4084
18;4091
37;4101
26;4109
34;4112
15;4154
74;4157
102;4159
90;4160
6;4168
20;4169
9;4178
49;4179
2;4183
38;4184
10;4197
4;4200
43;4201
150;4208
13;4212
168;4213
29;4215
11;4253
58;4255
23;4256
31;4266
4;4275
164;4276
9;4278
5;4297
4;4298
39;4304
39;4307
6;4311
30;4322
5;4329
31;4349
61;4350
81;4351
39;4352
32;4369
2;4370
27;4371
83;4372
34;4380
7;4386
24;4393
10;4398
3;4401
30;4402
71;4407
68;4445
81;4446
20;4447
17;4448
4;4451
4;4453
8;4461
33;4467
2;4476
13;4494
39;4495
24;4499
13;4501
44;4541
15;4543
48;4544
30;4545
56;4546
57;4547
40;4548
23;4550
18;4552
3;4555
7;4568
23;4577
4;4579
55;4580
13;4590
169;4593
29;4597
8;4600
41;4601
19;4609
116;4638
28;4639
27;4640
36;4642
187;4643
8;4644
4;4652
14;4656
28;4671
32;4675
42;4676
25;4689
8;4690
8;4694
3;4699
9;4700
38;4733
71;4734
35;4735
13;4736
6;4751
49;4754
32;4755
14;4763
15;4767
3;4778
15;4779
9;4786
19;4788
8;4789
18;4791
16;4829
16;4830
72;4831
47;4832
3;4845
175;4851
22;4852
3;4858
3;4860
9;4863
11;4875
42;4876
35;4883
4;4886
5;4919
95;4925
121;4926
153;4927
13;4928
4;4938
9;4945
185;4946
6;4947
55;4948
13;4963
32;4967
161;4970
151;4971
158;4980
23;4981
14;4983
33;5021
51;5022
115;5023
15;5024
34;5025
49;5041
8;5046
30;5049
34;5053
9;5062
34;5071
22;5107
1;5118
42;5119
57;5120
3;5125
20;5127
60;5139
163;5145
24;5150
10;5156
14;5157
2;5160
1;5163
14;5166
8;5169
16;5172
10;5173
26;5174
24;5182
18;5213
22;5214
33;5216
34;5217
54;5218
9;5220
35;5221
26;5236
11;5245
12;5246
30;5247
4;5248
162;5251
29;5265
19;5269
3;5270
22;5275
7;5290
3;5309
7;5310
29;5311
188;5313
25;5314
19;5316
163;5337
8;5341
156;5343
19;5344
1;5345
171;5355
17;5363
18;5366
16;5367
148;5370
6;5372
19;5392
172;5405
42;5407
210;5408
24;5411
8;5426
12;5427
164;5432
16;5434
11;5437
164;5443
16;5457
152;5458
8;5459
22;5464
22;5468
18;5501
756;5502
50;5503
21;5504
37;5524
10;5525
23;5528
14;5545
9;5549
31;5553
5;5581
199;5597
175;5598
100;5599
9;5600
2;5603
8;5617
65;5619
18;5621
27;5641
16;5653
164;5655
11;5664
4;5691
10;5693
33;5694
53;5695
47;5696
19;5708
32;5711
222;5713
23;5714
35;5716
31;5737
23;5740
16;5744
19;5789
31;5790
183;5791
482;5792
161;5802
10;5803
21;5805
16;5809
33;5810
13;5812
26;5828
4;5836
5;5839
37;5843
20;5845
2;5856
26;5866
199;5885
15;5886
37;5887
61;5888
22;5889
30;5890
13;5891
165;5896
28;5902
5;5922
16;5923
14;5925
8;5931
26;5936
19;5944
14;5945
16;5955
4;5981
37;5983
8;5984
53;5985
39;5986
27;5987
29;5988
23;5994
22;5996
3;6006
1;6012
34;6013
39;6014
20;6016
163;6020
17;6027
170;6033
12;6035
39;6040
38;6041
5;6077
17;6078
33;6079
178;6080
10;6082
11;6095
161;6096
20;6097
16;6098
29;6100
6;6122
26;6124
21;6129
39;6132
16;6160
59;6174
58;6175
33;6176
9;6191
7;6194
185;6196
5;6209
22;6221
2;6222
28;6223
15;6228
165;6229
1;6230
27;6231
12;6266
127;6270
25;6271
7;6272
28;6275
5;6277
60;6290
24;6291
9;6316
53;6319
7;6321
36;6322
12;6325
3;6365
95;6366
23;6367
49;6368
167;6382
26;6385
31;6387
10;6388
19;6396
39;6409
16;6417
176;6418
28;6444
238;6462
9;6463
45;6464
11;6482
39;6483
151;6495
12;6497
37;6510
41;6557
7;6558
22;6560
9;6562
159;6563
34;6564
4;6570
29;6578
26;6590
6;6592
28;6595
18;6596
8;6598
5;6601
34;6609
5;6612
70;6620
5;6633
23;6654
11;6655
37;6656
203;6657
159;6658
22;6659
164;6660
19;6664
24;6671
13;6679
15;6682
39;6685
20;6686
10;6687
16;6688
12;6689
48;6691
22;6705
170;6716
10;6749
13;6750
54;6751
30;6752
16;6754
18;6769
14;6771
32;6772
7;6780
29;6793
8;6797
32;6799
27;6803
2;6804
61;6845
220;6846
335;6847
53;6848
1;6851
11;6860
2;6866
6;6867
5;6868
21;6886
6;6890
12;6895
18;6896
171;6898
76;6941
58;6942
169;6943
21;6944
31;6957
24;6960
32;6962
12;6964
20;6970
17;6994
19;6996
174;6998
220;7037
18;7038
61;7039
185;7040
31;7042
38;7059
32;7060
152;7070
5;7075
30;7085
27;7089
15;7133
8;7134
5;7135
16;7149
161;7151
13;7153
32;7154
56;7156
31;7163
8;7180
25;7184
181;7186
50;7229
22;7231
21;7232
168;7233
29;7234
571;7235
187;7236
3;7241
8;7249
9;7252
18;7258
9;7261
1;7263
48;7264
20;7265
24;7266
6;7281
16;7283
18;7289
1;7291
25;7315
12;7321
28;7325
14;7326
65;7327
27;7329
6;7330
12;7331
81;7332
1;7335
22;7336
13;7359
12;7371
167;7378
9;7379
7;7383
154;7386
165;7387
71;7421
222;7422
87;7423
280;7424
34;7428
10;7441
33;7442
23;7444
20;7449
156;7463
1;7465
2;7470
41;7471
29;7476
30;7478
10;7503
176;7517
346;7518
179;7519
27;7520
165;7536
18;7537
162;7547
7;7555
10;7562
19;7565
10;7570
6;7571
7;7572
19;7584
3;7606
214;7613
28;7614
264;7615
9;7616
33;7619
162;7624
3;7635
20;7636
6;7650
25;7652
8;7657
13;7659
12;7664
15;7668
30;7675
50;7709
45;7710
36;7712
4;7729
32;7730
2;7732
159;7733
3;7753
20;7755
6;7761
30;7764
3;7766
26;7805
5;7806
55;7807
32;7808
23;7813
9;7822
311;7825
1;7826
26;7827
7;7830
31;7849
16;7853
9;7860
5;7861
30;7883
27;7902
9;7903
156;7905
39;7906
42;7907
11;7908
20;7931
173;7933
11;7934
26;7935
4;7936
17;7940
25;7955
17;7977
19;7998
72;8000
73;8001
47;8002
10;8004
7;8007
51;8030
55;8035
48;8036
27;8040
30;8052
156;8056
3;8059
6;8060
160;8080
35;8093
37;8094
89;8095
126;8096
8;8100
17;8108
10;8114
2;8115
19;8116
17;8120
33;8130
155;8146
46;8147
33;8148
13;8150
13;8152
79;8189
91;8190
62;8191
13;8192
21;8194
6;8196
31;8200
13;8203
29;8211
2;8231
33;8233
13;8236
12;8237
23;8240
23;8246
3;8271
29;8285
11;8286
142;8287
40;8288
30;8305
6;8306
28;8307
73;8308
25;8329
19;8335
4;8342
48;8381
52;8382
69;8383
12;8400
35;8402
43;8403
16;8404
5;8413
12;8425
23;8426
26;8428
35;8429
26;8432
11;8437
120;8477
22;8478
14;8479
26;8480
41;8497
7;8499
8;8500
23;8505
13;8519
2;8525
12;8528
35;8535
31;8536
28;8567
17;8574
36;8575
6;8577
8;8578
2;8579
46;8580
6;8589
33;8601
12;8604
19;8605
44;8608
34;8609
25;8610
22;8611
37;8612
31;8617
146;8626
14;8627
3;8630
157;8631
32;8634
8;8636
10;8641
68;8665
17;8666
169;8667
17;8668
21;8669
16;8671
201;8672
15;8676
10;8677
12;8698
1;8699
50;8701
58;8704
14;8719
16;8728
5;8746
181;8761
46;8762
11;8763
25;8764
7;8779
3;8780
16;8782
154;8784
5;8797
181;8806
19;8809
8;8811
173;8813
6;8815
5;8818
13;8819
87;8857
20;8858
43;8859
179;8860
13;8877
32;8901
166;8903
13;8953
37;8954
11;8955
13;8956
21;8965
20;8966
14;8973
21;8974
12;8997
27;8999
12;9010
12;9042
120;9049
54;9050
33;9051
8;9052
199;9072
15;9081
164;9087
17;9091
4;9106
9;9128
21;9145
37;9146
603;9147
212;9148
164;9150
11;9157
3;9159
61;9165
56;9166
5;9191
6;9196
20;9197
2;9199
13;9204
7;9231
24;9234
596;9241
15;9242
25;9245
49;9246
21;9247
27;9248
11;9249
18;9258
23;9260
5;9267
24;9276
16;9278
183;9279
31;9284
7;9294
11;9296
7;9298
17;9302
28;9304
29;9338
8;9341
9;9342
44;9343
53;9344
7;9364
13;9365
14;9372
10;9373
41;9374
163;9375
11;9388
4;9391
14;9392
13;9393
28;9397
2;9433
181;9434
223;9435
37;9436
169;9438
20;9453
13;9454
62;9455
6;9460
21;9474
20;9478
37;9480
2;9485
17;9491
22;9511
20;9514
34;9517
172;9529
168;9530
150;9531
17;9532
9;9533
7;9552
21;9555
20;9567
7;9573
9;9618
38;9625
165;9626
6;9627
172;9628
162;9647
4;9648
12;9651
14;9662
168;9669
3;9676
19;9683
12;9721
17;9722
11;9723
19;9724
24;9728
79;9744
2;9755
23;9756
2;9767
9;9768
39;9769
7;9774
39;9775
35;9777
20;9778
32;9795
34;9817
20;9818
69;9819
208;9820
7;9826
570;9838
22;9839
25;9847
4;9861
20;9864
204;9865
16;9870
14;9871
38;9873
6;9876
5;9881
5;9888
14;9913
175;9914
30;9915
52;9916
44;9917
56;9918
5;9919
12;9920
16;9925
22;9938
27;9948
18;9951
6;9952
9;9963
2;9969
9;9972
31;9975
14;9976
38;9995
114;10011
12;10012
111;10013
37;10014
23;10015
4;10016
8;10025
26;10039
35;10041
17;10042
14;10043
17;10045
6;10050
12;10061
18;10066
14;10070
44;10105
16;10106
14;10107
1;10108
29;10125
53;10127
14;10132
1;10151
33;10156
4;10157
23;10201
25;10202
153;10203
58;10204
4;10208
28;10215
24;10231
32;10251
152;10252
6;10258
34;10293
16;10297
45;10298
40;10299
2;10300
5;10309
26;10318
57;10319
1;10320
1;10329
13;10337
166;10339
11;10347
564;10349
28;10351
7;10354
1;10393
557;10395
68;10396
2;10402
37;10413
14;10414
36;10415
8;10416
4;10436
9;10437
19;10439
15;10441
7;10452
11;10466
32;10472
47;10489
22;10490
43;10491
150;10492
51;10509
25;10510
9;10512
2;10528
36;10533
17;10535
29;10538
22;10539
159;10541
11;10544
8;10569
22;10585
3;10586
9;10589
6;10590
19;10591
61;10592
19;10618
15;10620
37;10622
4;10623
13;10626
2;10629
8;10637
16;10638
35;10639
15;10640
7;10645
1;10652
25;10681
10;10683
158;10684
21;10686
10;10687
176;10694
4;10706
9;10712
20;10713
30;10716
30;10718
30;10719
155;10720
22;10727
20;10737
2;10742
22;10760
18;10777
232;10778
69;10779
204;10780
37;10790
29;10792
3;10797
60;10799
9;10804
21;10811
38;10816
21;10825
27;10826
44;10828
1;10830
47;10834
16;10835
29;10873
39;10874
103;10875
245;10876
9;10887
11;10893
18;10894
31;10918
29;10921
35;10925
22;10926
3;10928
32;10969
174;10970
76;10971
20;10972
174;10977
4;10990
19;10991
27;10992
36;10997
18;11000
5;11001
12;11005
164;11008
184;11016
22;11023
14;11024
33;11026
11;11028
45;11065
52;11066
76;11067
85;11068
10;11075
4;11077
30;11085
45;11088
9;11107
16;11113
9;11114
10;11115
15;11118
24;11123
6;11161
8;11162
19;11163
37;11164
155;11182
20;11205
27;11207
8;11214
10;11218
38;11238
8;11251
22;11258
23;11259
62;11260
51;11261
3;11263
27;11265
2;11273
28;11290
33;11294
14;11306
45;11310
31;11313
8;11314
29;11318
19;11319
4;11323
14;11353
38;11354
18;11355
34;11356
210;11357
8;11360
19;11385
41;11387
21;11388
20;11395
14;11401
8;11406
25;11409
30;11418
206;11449
48;11450
216;11451
264;11452
39;11458
55;11469
10;11499
1;11502
21;11521
53;11545
55;11546
13;11547
228;11548
14;11556
13;11558
40;11566
5;11567
5;11592
166;11594
163;11602
166;11641
47;11642
42;11643
50;11644
149;11661
22;11663
10;11685
161;11687
25;11695
24;11699
35;11737
57;11738
203;11740
3;11752
13;11757
9;11758
20;11759
20;11760
23;11768
14;11780
44;11781
3;11783
10;11789
19;11790
30;11816
60;11833
20;11834
12;11835
40;11836
20;11839
30;11844
30;11853
6;11854
38;11867
20;11878
7;11880
3;11881
26;11885
1;11887
46;11888
9;11890
15;11918
1;11929
1;11930
25;11931
51;11932
190;11933
574;11934
43;11936
28;11962
24;11964
25;11965
15;11966
6;11967
20;11968
148;11972
4;11980
8;11981
576;12025
1;12026
52;12027
50;12031
37;12032
3;12034
54;12040
31;12055
3;12057
26;12060
4;12062
1;12063
68;12064
27;12068
19;12069
10;12077
160;12079
25;12081
192;12082
4;12084
15;12090
40;12122
30;12123
4;12124
32;12129
3;12140
154;12141
169;12142
174;12143
164;12144
9;12161
26;12165
3;12167
9;12170
24;12171
31;12174
5;12176
3;12179
12;12180
84;12217
8;12218
202;12219
25;12220
7;12226
28;12233
7;12240
27;12254
41;12265
31;12270
50;12272
32;12313
40;12314
104;12315
201;12316
150;12329
24;12333
15;12335
12;12358
3;12360
25;12365
17;12368
7;12391
19;12409
92;12411
35;12412
5;12413
25;12429
149;12430
4;12443
8;12459
1;12466
27;12498
209;12505
5;12506
245;12507
81;12508
18;12512
5;12549
10;12560
11;12562
39;12597
600;12601
36;12602
1;12603
24;12605
26;12607
1;12619
27;12634
40;12636
24;12637
10;12640
5;12641
12;12643
11;12657
22;12660
20;12697
30;12698
68;12699
316;12701
166;12702
58;12703
28;12715
38;12721
9;12731
148;12732
57;12734
19;12735
13;12736
10;12749
24;12751
17;12752
6;12758
29;12793
781;12794
46;12795
210;12796
201;12815
19;12844
59;12889
182;12890
222;12891
32;12892
206;12909
158;12910
6;12912
12;12937
17;12942
39;12946
8;12947
20;12948
33;12958
26;12985
74;12986
12;12987
39;12988
10;13000
15;13005
29;13006
7;13022
20;13030
21;13034
16;13042
24;13056
77;13081
31;13082
29;13083
27;13084
568;13101
23;13102
3;13104
11;13107
8;13126
23;13128
28;13131
33;13140
15;13177
24;13179
43;13180
3;13186
9;13195
33;13198
21;13199
12;13200
2;13224
11;13226
20;13230
1;13234
31;13236
24;13263
30;13273
11;13274
11;13275
66;13277
1;13278
9;13279
47;13280
14;13281
10;13285
14;13305
9;13306
32;13309
14;13310
16;13311
37;13329
3;13369
19;13372
72;13373
17;13374
4;13375
74;13376
7;13379
162;13381
9;13383
1;13387
37;13401
23;13405
14;13406
2;13407
3;13423
21;13424
6;13426
18;13429
9;13431
20;13433
29;13458
190;13465
10;13466
46;13467
11;13468
24;13486
22;13487
5;13515
53;13561
11;13562
186;13563
26;13564
4;13584
18;13598
16;13601
40;13609
33;13610
23;13617
5;13658
24;13659
3;13669
7;13670
7;13678
7;13679
10;13680
1;13692
25;13698
24;13712
38;13716
12;13723
44;13753
73;13754
23;13755
26;13756
16;13758
41;13773
8;13774
34;13775
9;13776
3;13786
1;13796
9;13798
20;13801
23;13806
6;13811
36;13849
12;13850
38;13851
34;13852
3;13869
37;13870
1;13872
11;13929
12;13945
22;13946
157;13947
37;13950
41;13952
26;13961
25;13962
23;13971
26;13975
7;13977
26;13978
18;13980
553;13981
13;13983
180;13984
23;13988
36;13998
23;14002
24;14003
10;14018
5;14024
8;14042
15;14043
6;14044
2;14045
52;14046
70;14047
51;14048
160;14049
18;14068
25;14074
163;14075
22;14077
11;14094
45;14097
28;14098
16;14102
38;14137
64;14138
34;14139
37;14140
21;14159
7;14160
6;14164
36;14174
7;14181
164;14185
21;14189
30;14191
151;14192
12;14195
43;14196
21;14198
17;14233
17;14234
37;14235
230;14236
20;14249
39;14256
153;14277
27;14278
25;14282
3;14284
1;14288
40;14291
162;14329
185;14330
17;14331
4;14332
7;14343
15;14351
2;14355
564;14381
7;14385
13;14425
55;14426
31;14427
11;14431
2;14446
3;14462
26;14471
6;14492
24;14521
192;14524
36;14541
156;14543
19;14544
7;14551
6;14566
26;14567
17;14572
4;14573
7;14579
2;14617
193;14618
23;14619
34;14621
52;14622
19;14623
16;14627
27;14651
188;14653
22;14655
9;14661
20;14670
9;14672
19;14673
42;14713
1;14714
32;14715
13;14716
11;14717
24;14718
571;14719
154;14720
52;14747
6;14749
7;14750
6;14751
163;14757
15;14761
26;14768
3;14772
1;14773
22;14809
38;14810
30;14811
5;14812
39;14818
159;14828
5;14829
171;14831
20;14836
35;14905
176;14906
46;14908
156;14925
14;14926
38;14927
6;14945
30;14950
38;14955
31;14958
11;14964
36;15002
22;15003
26;15004
6;15021
16;15023
30;15024
7;15029
7;15035
2;15045
25;15056
164;15058
19;15059
16;15060
6;15097
38;15098
14;15099
46;15100
153;15116
8;15118
25;15129
163;15147
17;15149
4;15151
33;15176
18;15190
56;15193
77;15194
5;15195
24;15196
150;15214
10;15216
31;15228
11;15235
13;15239
17;15265
38;15289
86;15291
60;15292
44;15293
25;15294
51;15295
326;15296
4;15301
146;15306
3;15308
9;15319
7;15322
38;15323
1;15340
19;15342
13;15345
2;15346
9;15350
18;15384
16;15385
162;15386
8;15388
24;15389
12;15390
163;15391
35;15392
4;15400
19;15413
31;15419
19;15422
21;15423
13;15425
171;15428
15;15431
18;15439
160;15442
7;15448
90;15481
6;15482
94;15483
548;15484
28;15489
35;15501
38;15502
4;15503
7;15511
8;15514
156;15524
161;15525
10;15534
18;15537
6;15540
23;15577
31;15578
7;15579
8;15580
21;15591
64;15597
4;15598
8;15620
30;15624
25;15625
12;15630
4;15631
1;15633
6;15635
22;15670
23;15673
21;15674
202;15675
1;15678
159;15695
13;15702
3;15722
1;15725
15;15726
21;15727
17;15730
5;15731
60;15769
200;15770
218;15771
29;15790
9;15791
6;15792
30;15816
3;15817
21;15819
30;15821
159;15822
31;15824
21;15825
153;15826
1;15827
2;15856
10;15865
13;15866
185;15867
41;15868
13;15870
2;15875
5;15880
11;15886
29;15887
4;15897
28;15910
584;15912
6;15915
8;15923
2;15959
163;15961
18;15963
25;15964
149;15965
26;15966
16;15972
166;15992
38;15994
39;15996
22;15997
40;15998
20;16006
23;16009
6;16013
12;16014
18;16015
25;16017
7;16020
33;16022
1;16029
7;16041
29;16056
196;16058
26;16059
81;16060
16;16061
23;16062
62;16063
8;16064
25;16077
23;16088
3;16090
34;16091
40;16092
9;16094
166;16095
8;16102
33;16116
28;16117
38;16118
32;16129
157;16131
37;16153
70;16154
195;16156
34;16173
20;16176
24;16198
9;16200
10;16201
35;16205
2;16207
342;16249
91;16250
180;16251
11;16252
19;16267
5;16269
33;16270
37;16271
8;16277
26;16283
4;16284
24;16298
5;16299
13;16301
8;16303
33;16346
25;16347
106;16348
39;16366
24;16394
7;16396
155;16397
35;16399
14;16400
20;16403
197;16441
71;16442
22;16443
435;16444
19;16445
15;16446
7;16461
10;16462
31;16464
164;16465
10;16467
20;16471
40;16473
32;16475
17;16476
9;16488
26;16491
6;16500
32;16537
49;16538
42;16539
70;16540
2;16546
8;16549
23;16557
8;16560
17;16568
10;16581
1;16586
17;16587
1;16625
8;16629
21;16633
41;16634
66;16635
16;16637
60;16638
149;16639
8;16640
159;16655
2;16666
45;16669
25;16671
23;16672
17;16675
27;16677
19;16685
169;16688
18;16695
5;16696
6;16717
20;16729
18;16733
1;16734
10;16735
6;16761
22;16762
154;16765
5;16767
12;16786
28;16788
28;16789
26;16790
34;16791
176;16825
232;16826
93;16827
162;16828
15;16845
63;16847
3;16858
4;16861
5;16865
27;16881
30;16921
204;16922
20;16923
12;16927
12;16929
4;16936
8;16938
27;16941
7;16942
27;16943
17;16949
9;16952
19;16961
156;16966
155;16971
8;16975
16;16978
158;16980
43;17017
112;17018
13;17019
74;17020
18;17038
20;17040
33;17044
22;17061
7;17067
62;17113
43;17114
46;17115
34;17116
12;17117
21;17122
3;17133
27;17134
30;17135
32;17136
14;17152
11;17156
26;17166
27;17167
156;17168
29;17209
711;17211
299;17212
12;17219
180;17229
35;17230
16;17231
57;17232
6;17239
36;17259
7;17305
43;17306
31;17307
40;17308
19;17309
12;17312
24;17337
25;17339
15;17341
8;17342
11;17343
37;17353
8;17354
25;17357
23;17361
165;17363
17;17372
33;17374
151;17401
54;17402
30;17404
19;17405
24;17407
23;17408
1;17416
8;17421
18;17435
29;17437
15;17438
16;17439
11;17451
10;17460
31;17462
83;17497
58;17498
26;17500
29;17517
5;17518
1;17520
22;17531
6;17541
12;17543
13;17545
6;17550
22;17552
7;17566
26;17581
1;17593
5;17594
217;17595
69;17596
35;17613
6;17626
2;17651
35;17690
50;17691
128;17692
5;17711
4;17712
22;17721
12;17722
4;17735
31;17743
18;17747
219;17785
110;17786
45;17787
18;17788
10;17794
17;17795
9;17806
38;17827
5;17828
2;17829
9;17836
38;17838
151;17843
51;17844
46;17881
205;17882
172;17883
7;17901
39;17902
22;17904
23;17907
15;17933
21;17937
5;17938
41;17977
16;17981
1;17982
171;17983
37;17984
5;17985
32;17998
7;18000
10;18011
19;18013
26;18036
10;18037
26;18039
2;18069
33;18073
104;18074
49;18075
30;18076
180;18077
71;18078
18;18079
7;18080
27;18086
2;18105
15;18109
23;18110
33;18118
2;18128
156;18130
45;18133
12;18151
70;18169
35;18170
47;18171
339;18172
5;18187
27;18190
14;18191
7;18207
2;18208
8;18215
26;18220
34;18221
1;18224
28;18242
35;18265
49;18266
99;18267
6;18285
3;18286
31;18288
33;18308
26;18311
32;18318
10;18324
42;18361
66;18362
51;18363
33;18364
20;18381
154;18383
159;18409
8;18415
17;18457
6;18458
171;18459
68;18460
11;18477
24;18478
13;18480
18;18503
12;18512
27;18515
77;18553
5;18554
20;18555
28;18563
164;18569
10;18573
19;18575
162;18576
27;18597
4;18602
2;18609
35;18640
15;18651
26;18653
19;18654
3;18655
20;18656
24;18657
1;18681
5;18684
165;18686
154;18687
3;18709
37;18710
1;18712
11;18714
5;18721
46;18746
41;18747
12;18748
36;18749
50;18750
38;18751
14;18752
169;18765
23;18768
17;18778
2;18780
24;18781
17;18782
22;18784
31;18789
9;18797
182;18799
17;18803
59;18841
71;18842
55;18843
35;18844
11;18849
3;18852
43;18861
14;18863
7;18892
21;18895
168;18899
36;18937
9;18938
32;18940
32;18952
20;18957
37;18958
3;18967
20;18969
1;18982
7;18984
168;18990
7;18992
19;18995
32;19033
13;19035
18;19047
5;19050
3;19053
39;19054
20;19055
3;19083
4;19090
33;19092
67;19129
30;19130
596;19131
241;19132
40;19138
21;19142
3;19149
58;19150
6;19151
19;19152
156;19156
9;19159
3;19173
13;19175
10;19183
57;19186
22;19187
6;19201
161;19211
18;19225
236;19226
15;19227
204;19228
32;19237
10;19247
1;19248
11;19249
33;19250
30;19254
36;19255
16;19269
211;19270
9;19277
182;19281
6;19283
15;19294
22;19303
33;19322
18;19323
44;19324
7;19325
6;19326
55;19327
161;19328
10;19347
7;19354
22;19355
17;19360
22;19375
2;19380
567;19381
21;19382
29;19411
554;19419
36;19421
73;19423
19;19424
4;19426
2;19428
31;19446
25;19447
7;19450
33;19454
40;19461
25;19472
13;19473
20;19475
188;19513
74;19514
160;19515
55;19516
14;19525
34;19533
22;19536
157;19551
9;19558
6;19559
10;19564
30;19568
154;19569
52;19609
29;19610
45;19611
59;19612
7;19629
43;19630
35;19631
32;19653
15;19655
12;19656
16;19662
3;19664
28;19695
16;19705
9;19706
47;19707
205;19708
19;19712
11;19723
29;19727
29;19751
150;19754
16;19758
24;19762
32;19763
146;19801
208;19802
24;19803
11;19804
6;19807
21;19814
29;19821
35;19822
2;19845
32;19846
8;19849
5;19850
23;19851
10;19853
19;19857
22;19859
205;19897
62;19898
48;19899
61;19900
20;19917
35;19918
38;19919
14;19920
26;19948
10;19951
5;19955
12;19993
38;19994
66;19996
20;19997
24;19999
15;20000
26;20009
24;20011
171;20025
26;20027
26;20031
13;20032
14;20037
36;20065
27;20089
8;20090
21;20091
22;20093
4;20094
311;20095
18;20103
43;20121
161;20122
159;20123
14;20126
7;20128
42;20141
1;20143
9;20150
13;20182
49;20185
3;20186
26;20187
250;20188
9;20205
25;20208
2;20229
9;20230
13;20231
24;20234
33;20237
30;20238
6;20241
14;20243
14;20244
8;20281
1;20283
11;20301
19;20304
10;20305
1;20329
26;20330
43;20331
148;20337
23;20338
7;20340
26;20355
2;20377
37;20378
11;20379
193;20380
11;20386
5;20389
13;20397
1;20399
33;20422
8;20423
26;20428
6;20430
3;20435
27;20447
185;20473
93;20474
24;20475
16;20476
26;20495
35;20501
5;20505
3;20514
12;20520
26;20569
45;20570
26;20571
53;20572
32;20590
49;20592
29;20609
39;20621
201;20628
73;20665
86;20667
146;20668
18;20670
10;20671
51;20672
30;20676
37;20697
62;20698
27;20699
15;20702
8;20703
16;20722
9;20725
2;20727
25;20744
6;20761
9;20762
24;20763
43;20765
16;20776
10;20781
33;20793
87;20800
31;20802
15;20813
17;20815
8;20819
45;20820
24;20823
197;20857
61;20858
50;20859
189;20860
13;20864
11;20878
7;20889
15;20895
37;20901
22;20906
15;20913
26;20953
20;20954
23;20955
169;20956
37;20974
7;20976
13;20988
1;20998
3;21005
10;21006
1;21007
9;21010
39;21049
226;21050
14;21051
24;21052
10;21069
165;21070
5;21072
31;21078
156;21093
6;21096
164;21102
11;21107
6;21108
7;21117
172;21145
200;21146
45;21147
2;21148
28;21164
16;21168
7;21184
15;21190
182;21241
178;21242
41;21243
72;21244
23;21247
14;21251
6;21261
155;21262
12;21263
23;21277
27;21284
33;21286
14;21297
15;21318
30;21337
87;21338
39;21341
15;21343
36;21345
27;21353
6;21368
29;21369
3;21371
167;21376
150;21383
22;21390
31;21392
22;21396
198;21433
70;21434
53;21435
35;21436
203;21437
11;21439
29;21440
26;21451
18;21452
30;21464
31;21465
15;21466
12;21467
8;21470
56;21471
25;21472
148;21479
9;21483
155;21486
28;21488
13;21519
41;21529
42;21531
50;21532
170;21543
237;21551
178;21552
12;21563
40;21568
1;21576
2;21581
11;21583
27;21610
32;21625
65;21626
46;21627
14;21628
30;21630
10;21632
17;21646
11;21670
59;21671
35;21673
28;21674
2;21716
168;21722
14;21723
13;21724
23;21734
23;21736
170;21737
11;21743
47;21744
8;21745
13;21767
13;21768
6;21778
23;21780
14;21787
57;21818
47;21819
85;21820
51;21837
172;21872
55;21913
10;21914
33;21915
162;21916
3;21921
14;21925
6;21928
1;21936
1;21944
10;21961
29;21963
28;21967
5;21968
16;22009
57;22010
165;22011
32;22012
175;22014
37;22015
13;22038
20;22042
7;22043
158;22045
4;22048
12;22052
28;22053
160;22055
19;22063
2;22065
21;22066
18;22106
170;22108
74;22109
5;22110
28;22111
59;22112
12;22115
14;22134
165;22136
7;22138
9;22143
1;22157
3;22158
8;22165
15;22167
52;22201
186;22202
2;22203
27;22204
7;22216
12;22226
5;22256
73;22297
210;22298
18;22299
10;22300
27;22310
4;22320
11;22331
8;22335
2;22345
1;22347
17;22353
183;22393
23;22395
38;22396
9;22414
28;22416
20;22420
19;22436
11;22438
30;22489
4;22490
42;22491
28;22492
12;22495
6;22510
8;22512
19;22533
5;22535
6;22537
32;22538
161;22541
5;22546
25;22559
45;22585
21;22586
70;22587
20;22588
3;22596
1;22605
187;22606
24;22608
15;22612
16;22623
6;22629
27;22634
21;22642
38;22682
9;22683
13;22684
37;22685
37;22687
19;22713
11;22714
39;22715
25;22717
3;22718
7;22720
18;22724
16;22726
13;22735
17;22736
27;22739
19;22754
31;22760
555;22768
1;22777
8;22778
10;22779
36;22780
46;22782
211;22783
9;22784
23;22807
7;22809
40;22814
12;22816
29;22825
9;22829
7;22835
28;22836
147;22839
147;22873
35;22874
221;22875
29;22876
1;22882
9;22884
4;22893
37;22894
6;22895
16;22896
19;22917
9;22923
38;22929
20;22943
37;22948
45;22969
25;22970
180;22971
34;22972
7;22976
17;22991
20;22992
8;23010
12;23012
29;23025
4;23065
24;23066
41;23067
604;23068
7;23085
20;23088
19;23110
16;23111
4;23120
9;23121
69;23161
593;23163
203;23164
70;23182
6;23183
18;23195
29;23200
16;23208
36;23220
9;23257
26;23258
248;23259
34;23260
24;23261
56;23278
16;23280
26;23305
22;23308
3;23310
17;23311
33;23312
20;23327
27;23355
25;23356
30;23357
8;23377
9;23385
37;23387
19;23388
10;23389
11;23406
33;23410
9;23411
160;23415
15;23417
10;23422
167;23430
3;23439
43;23449
35;23450
28;23451
53;23453
40;23454
164;23456
29;23479
17;23481
16;23482
8;23485
199;23488
12;23503
13;23504
12;23505
12;23506
25;23507
85;23545
13;23548
31;23559
21;23566
8;23567
15;23588
19;23599
1;23602
57;23641
74;23642
193;23643
27;23644
33;23661
2;23689
37;23695
14;23698
19;23699
33;23705
17;23729
36;23737
25;23738
33;23739
18;23740
23;23742
23;23756
16;23757
9;23758
28;23759
23;23760
20;23786
2;23787
5;23789
39;23791
79;23833
67;23834
125;23835
23;23836
8;23853
21;23854
32;23855
16;23865
22;23868
27;23875
16;23876
23;23877
4;23878
188;23879
24;23886
17;23887
21;23889
14;23907
38;23929
14;23930
54;23931
54;23932
2;23941
26;23952
157;23959
24;23967
1;23975
21;23980
13;23981
3;24025
23;24026
12;24028
70;24029
19;24030
73;24031
151;24036
20;24057
33;24059
15;24061
19;24063
19;24064
10;24078
5;24083
7;24090
181;24121
30;24122
29;24126
7;24127
25;24128
15;24130
19;24143
6;24153
11;24155
14;24156
3;24157
22;24158
6;24160
4;24164
3;24173
160;24176
21;24178
17;24180
11;24190
1;24217
6;24218
185;24219
24;24220
11;24225
26;24237
16;24240
8;24265
591;24270
9;24313
49;24314
17;24315
19;24316
7;24319
24;24333
15;24335
19;24346
25;24359
10;24360
12;24362
3;24371
10;24409
41;24410
23;24411
7;24412
13;24420
28;24432
28;24441
14;24443
11;24453
10;24464
31;24466
25;24501
48;24505
32;24506
71;24507
74;24508
40;24522
15;24525
7;24526
1;24528
18;24551
10;24556
21;24562
56;24601
194;24602
170;24603
239;24604
11;24606
2;24621
4;24647
28;24652
15;24661
22;24670
147;24689
12;24691
8;24697
6;24698
49;24699
32;24701
5;24702
41;24704
16;24710
12;24727
8;24731
6;24732
42;24733
32;24734
2;24746
9;24753
15;24793
16;24794
13;24796
11;24797
155;24799
17;24800
167;24824
29;24827
12;24828
160;24829
8;24830
3;24831
28;24832
9;24838
13;24849
2;24854
25;24856
2;24889
36;24890
155;24891
11;24892
4;24909
47;24911
27;24912
4;24918
27;24929
6;24934
33;24936
144;24940
159;24942
4;24947
35;24948
17;24985
67;24986
358;24987
217;24988
6;24995
153;25006
7;25007
5;25008
24;25018
14;25030
12;25037
7;25039
10;25040
26;25081
7;25082
78;25083
1;25102
15;25103
28;25104
11;25121
10;25130
14;25136
13;25139
9;25141
41;25177
55;25178
48;25179
104;25180
7;25198
19;25222
17;25227
17;25228
4;25229
39;25232
168;25234
87;25273
67;25274
69;25276
29;25290
164;25293
20;25302
8;25307
25;25321
6;25326
34;25369
71;25371
9;25372
4;25373
250;25374
31;25375
30;25376
31;25377
3;25383
182;25404
6;25405
53;25406
16;25407
203;25408
23;25424
21;25426
6;25429
1;25451
29;25454
21;25455
11;25465
56;25466
53;25467
331;25469
49;25470
27;25471
58;25472
22;25477
33;25495
1;25497
159;25498
64;25500
39;25501
5;25504
23;25521
8;25523
2;25524
160;25531
71;25561
36;25562
27;25564
30;25581
6;25584
12;25591
28;25603
12;25613
5;25616
153;25619
192;25657
15;25658
31;25659
9;25668
4;25669
61;25672
29;25677
35;25678
12;25682
22;25702
11;25706
14;25709
159;25713
69;25753
97;25754
48;25755
50;25756
11;25773
8;25775
17;25780
27;25783
31;25800
1;25804
25;25808
36;25810
4;25837
21;25849
50;25850
44;25851
52;25852
35;25860
24;25867
28;25870
27;25871
1;25872
7;25896
6;25900
18;25908
25;25945
212;25946
252;25947
192;25948
9;25965
14;25968
24;25984
25;25998
8;25999
26;26011
11;26022
27;26041
74;26042
165;26044
4;26045
9;26046
24;26048
2;26051
155;26065
162;26076
42;26078
14;26080
11;26083
4;26085
8;26106
24;26137
15;26140
40;26141
17;26142
11;26144
30;26158
22;26167
37;26170
12;26174
29;26175
27;26191
194;26195
16;26197
9;26198
30;26233
53;26234
42;26235
1;26236
14;26239
31;26254
39;26256
6;26269
28;26278
20;26283
2;26287
22;26289
167;26290
5;26291
8;26329
47;26330
358;26331
610;26332
13;26344
3;26348
20;26350
13;26352
37;26366
3;26368
15;26373
27;26381
10;26388
10;26424
38;26425
51;26426
5;26427
58;26428
28;26448
17;26453
15;26455
25;26470
174;26477
79;26521
194;26522
60;26523
25;26526
26;26530
5;26533
14;26541
19;26543
161;26555
21;26556
21;26574
147;26588
45;26617
40;26618
79;26619
48;26620
33;26625
13;26626
6;26637
34;26639
11;26658
9;26659
23;26666
29;26670
31;26671
179;26676
24;26708
15;26714
21;26715
21;26716
166;26717
164;26718
3;26719
20;26720
32;26745
6;26749
52;26751
1;26752
22;26762
560;26768
31;26776
36;26799
5;26809
49;26810
31;26812
29;26814
31;26816
8;26841
20;26845
3;26847
47;26905
18;26906
100;26907
10;26908
36;26911
16;26925
15;26926
23;26928
7;26951
26;26956
1;26958
35;26962
21;27001
40;27002
139;27003
50;27004
36;27017
7;27022
19;27023
2;27024
29;27028
34;27047
4;27057
34;27097
25;27098
87;27099
37;27100
17;27117
163;27118
9;27119
7;27120
15;27122
6;27131
1;27141
28;27143
9;27145
25;27148
19;27155
23;27161
71;27193
25;27194
34;27195
17;27196
156;27206
26;27214
31;27215
35;27216
24;27222
5;27229
41;27245
8;27248
14;27251
12;27260
17;27288
177;27289
218;27290
7;27291
18;27292
3;27306
37;27312
8;27336
2;27339
38;27346
26;27371
158;27386
2;27387
6;27388
179;27389
34;27390
33;27391
20;27406
177;27418
2;27419
3;27422
15;27438
14;27439
27;27441
17;27444
11;27447
1;27448
37;27481
6;27482
71;27483
41;27485
4;27486
2;27487
6;27488
18;27501
5;27513
22;27516
167;27517
4;27519
11;27522
2;27531
163;27533
40;27538
41;27539
8;27541
13;27572
13;27577
202;27578
70;27579
77;27580
16;27585
25;27590
33;27596
9;27598
25;27599
3;27600
24;27622
8;27626
16;27628
7;27629
10;27634
30;27673
230;27674
23;27675
45;27676
151;27679
10;27685
17;27688
23;27693
153;27722
32;27728
8;27769
29;27770
31;27771
230;27772
6;27789
173;27790
13;27791
35;27792
10;27802
25;27815
2;27851
41;27865
20;27866
52;27867
95;27868
20;27874
37;27881
1;27886
12;27887
16;27912
9;27917
13;27919
17;27920
15;27923
11;27961
208;27962
65;27963
11;27982
28;27985
156;28009
24;28020
581;28057
18;28058
22;28060
25;28061
2;28062
24;28063
26;28064
32;28094
30;28096
7;28099
33;28112
1;28115
38;28118
13;28120
39;28153
27;28154
71;28155
10;28156
177;28159
52;28160
12;28163
1;28166
62;28187
37;28188
18;28190
199;28192
10;28206
4;28209
6;28211
41;28212
10;28213
2;28249
17;28250
15;28251
77;28252
152;28265
16;28267
5;28269
13;28270
14;28271
78;28272
5;28282
3;28297
8;28299
38;28307
4;28308
32;28310
21;28319
198;28345
170;28346
26;28347
49;28348
23;28358
167;28363
5;28365
25;28366
11;28372
8;28380
9;28390
19;28392
32;28398
27;28404
37;28441
18;28442
14;28443
35;28444
6;28463
22;28477
22;28490
154;28492
37;28497
2;28537
81;28538
227;28539
20;28540
4;28558
11;28560
7;28582
160;28584
16;28585
6;28587
22;28592
28;28593
40;28633
68;28634
196;28635
9;28643
38;28653
5;28655
13;28656
12;28678
19;28684
29;28729
22;28730
50;28731
187;28732
12;28733
13;28734
4;28735
33;28736
18;28752
4;28762
70;28763
31;28764
190;28765
13;28767
12;28768
15;28770
10;28778
26;28779
38;28787
23;28790
11;28792
33;28826
34;28828
81;28831
30;28832
10;28837
6;28841
23;28842
10;28858
23;28859
46;28861
14;28863
19;28867
9;28871
3;28872
31;28877
3;28882
2;28883
25;28885
548;28910
36;28921
558;28922
18;28923
22;28924
17;28934
20;28941
34;28942
7;28947
3;28948
12;28959
4;28966
33;28968
28;28972
22;28975
19;28978
27;29017
47;29018
38;29019
197;29020
3;29038
41;29039
162;29040
9;29042
2;29045
20;29054
19;29058
26;29064
3;29065
17;29066
19;29067
16;29069
6;29075
10;29098
167;29113
47;29114
32;29115
28;29116
1;29130
25;29133
27;29213
204;29214
8;29215
783;29216
167;29224
3;29233
1;29235
13;29243
2;29244
17;29259
47;29264
24;29309
1;29310
18;29311
30;29312
4;29354
37;29362
18;29363
154;29385
12;29387
8;29405
95;29407
34;29408
28;29409
156;29410
11;29411
42;29412
26;29417
4;29441
35;29443
26;29451
201;29459
9;29462
8;29463
30;29465
20;29467
17;29501
29;29503
29;29504
31;29505
24;29506
189;29507
71;29508
22;29514
559;29523
20;29524
36;29525
162;29535
4;29539
7;29540
11;29556
19;29563
17;29571
19;29597
166;29598
215;29599
86;29600
173;29617
40;29620
7;29648
3;29652
14;29654
30;29674
27;29680
60;29693
9;29694
14;29695
14;29696
17;29715
4;29716
22;29739
47;29745
153;29746
23;29747
158;29748
16;29789
88;29790
55;29791
59;29792
16;29799
4;29802
32;29809
52;29810
7;29811
157;29812
20;29827
20;29828
166;29830
19;29838
152;29840
26;29847
24;29885
82;29886
174;29887
24;29888
18;29905
29;29908
32;29922
165;29924
170;29929
21;29934
19;29936
33;29940
12;29941
33;29981
60;29982
193;29983
14;29984
27;29990
7;30002
23;30003
31;30004
21;30030
58;30033
5;30040
38;30055
30;30079
43;30080
36;30081
34;30082
53;30083
70;30084
15;30087
49;30109
38;30110
5;30112
33;30113
1;30114
18;30115
12;30122
1;30132
12;30139
12;30146
15;30149
34;30157
71;30173
12;30174
36;30175
26;30179
162;30180
161;30186
18;30191
24;30200
150;30202
29;30203
28;30205
32;30207
22;30208
11;30209
52;30211
207;30212
16;30225
28;30226
28;30228
24;30230
560;30234
11;30236
9;30264
15;30269
44;30270
9;30271
45;30272
2;30290
6;30292
9;30297
3;30302
31;30303
36;30306
2;30315
10;30322
23;30323
24;30324
10;30325
36;30357
25;30365
33;30366
49;30367
175;30368
3;30403
34;30417
15;30422
34;30424
6;30461
60;30462
39;30463
31;30464
6;30475
19;30478
14;30507
29;30514
5;30518
7;30519
39;30555
11;30557
236;30558
43;30559
566;30560
34;30574
9;30577
20;30578
165;30595
2;30601
14;30604
6;30612
20;30613
6;30615
170;30616
195;30653
186;30654
20;30655
5;30656
5;30660
4;30669
12;30673
29;30675
29;30676
7;30682
20;30687
37;30689
158;30699
34;30704
2;30712
14;30732
107;30749
17;30750
10;30752
6;30753
28;30754
166;30755
176;30756
28;30770
175;30777
168;30781
190;30782
9;30783
3;30784
22;30787
6;30795
4;30804
60;30805
2;30806
34;30810
14;30845
13;30846
56;30847
7;30849
28;30850
48;30851
5;30852
5;30861
27;30878
16;30879
4;30881
188;30882
22;30883
9;30897
19;30900
33;30907
19;30908
182;30941
41;30942
27;30943
278;30944
12;30954
18;30958
52;30962
12;30963
14;30980
11;30987
23;30990
163;30992
13;30993
18;30996
8;31037
21;31038
82;31039
30;31040
14;31044
58;31052
12;31056
2;31059
10;31060
11;31065
9;31081
4;31087
148;31089
18;31093
8;31095
10;31096
1;31119
87;31133
45;31134
70;31135
41;31136
20;31138
10;31153
19;31155
1;31168
31;31176
12;31184
35;31189
8;31191
22;31192
79;31229
83;31230
60;31231
4;31232
13;31247
156;31249
17;31251
25;31252
14;31282
17;31284
48;31325
588;31326
227;31327
28;31328
33;31335
35;31345
24;31346
174;31353
12;31354
27;31381
29;31383
36;31384
3;31421
6;31422
23;31423
107;31425
21;31426
24;31427
19;31428
9;31439
24;31447
39;31453
23;31457
35;31460
154;31466
3;31477
13;31517
59;31518
1;31519
2;31521
1;31522
6;31523
43;31524
32;31532
13;31540
14;31549
22;31551
14;31556
3;31573
25;31576
32;31577
27;31610
55;31613
29;31614
195;31615
28;31616
14;31633
48;31634
4;31635
156;31636
1;31661
12;31665
2;31666
11;31669
43;31709
67;31710
62;31711
45;31712
217;31729
22;31731
29;31736
21;31741
21;31754
21;31758
22;31764
22;31802
177;31805
40;31806
100;31807
45;31808
29;31825
14;31826
58;31828
7;31849
9;31852
31;31860
19;31864
20;31881
221;31901
51;31902
372;31903
35;31907
7;31924
17;31926
2;31942
6;31945
18;31952
8;31957
169;31959
199;31997
30;31998
34;31999
40;32000
27;32001
6;32017
9;32018
33;32019
24;32020
36;32035
17;32038
24;32039
31;32048
5;32049
17;32052
5;32064
9;32076
30;32093
48;32095
4;32096
35;32097
41;32098
78;32099
25;32109
3;32114
8;32115
23;32119
15;32125
61;32126
9;32128
33;32129
16;32132
15;32136
10;32140
8;32154
44;32189
6;32190
54;32191
65;32192
52;32193
18;32194
14;32195
18;32198
14;32220
5;32221
48;32223
15;32226
1;32245
12;32247
14;32249
156;32251
204;32285
22;32286
26;32287
49;32288
25;32291
172;32297
4;32306
32;32307
7;32309
3;32323
9;32332
9;32333
7;32338
5;32339
25;32343
54;32381
12;32382
15;32383
32;32384
24;32389
2;32394
10;32400
23;32404
3;32416
165;32431
3;32434
13;32436
43;32437
14;32440
19;32465
49;32477
227;32478
25;32479
59;32480
170;32497
14;32499
12;32534
14;32573
580;32574
184;32575
47;32576
18;32594
35;32595
14;32618
17;32623
23;32627
7;32657
49;32669
55;32670
58;32671
61;32672
35;32689
40;32690
28;32691
43;32692
7;32702
6;32712
22;32718
5;32719
8;32722
15;32723
9;32739
22;32754
12;32765
37;32766
12;32767
3;32768
6;32770
9;32771
16;32772
16;32774
4;32775
32;32792
20;32797
21;32798
21;32799
11;32800
21;32801
7;32803
18;32804
29;32818
30;32821
13;32827
33;32846
49;32861
26;32862
53;32863
23;32865
18;32866
167;32867
6;32869
7;32879
37;32893
22;32895
18;32897
24;32898
104;32899
9;32900
4;32917
16;32918
8;32920
10;32924
19;32956
7;32957
152;32958
129;32959
23;32960
10;32977
6;32978
24;32993
26;33002
23;33003
29;33007
4;33010
11;33012
5;33014
1;33016
43;33054
59;33055
39;33056
158;33073
3;33074
4;33098
3;33103
2;33108
13;33112
29;33149
114;33150
76;33151
133;33152
13;33158
7;33166
16;33167
164;33169
15;33170
20;33184
15;33198
23;33199
1;33205
3;33206
6;33207
17;33246
19;33247
643;33248
11;33265
175;33267
12;33269
22;33273
159;33291
1;33293
6;33299
13;33300
24;33304
21;33340
114;33341
38;33342
13;33343
27;33361
179;33364
20;33374
3;33387
22;33391
30;33392
13;33397
14;33399
66;33438
5;33439
163;33441
213;33442
30;33444
16;33455
15;33457
20;33460
157;33461
12;33467
48;33469
50;33470
22;33471
14;33472
157;33473
18;33474
31;33476
4;33480
26;33498
32;33502
24;33533
19;33534
35;33536
57;33537
57;33538
194;33540
19;33546
158;33567
3;33570
26;33587
1;33594
46;33629
32;33630
49;33632
1;33649
26;33650
5;33652
28;33673
11;33674
18;33675
1;33704
29;33719
23;33725
95;33726
52;33727
4;33728
15;33730
15;33745
22;33748
2;33777
17;33782
12;33783
7;33784
51;33821
49;33822
72;33823
93;33824
1;33830
4;33831
31;33842
12;33843
18;33844
10;33854
6;33869
23;33873
21;33874
198;33875
15;33879
38;33917
19;33918
4;33919
61;33920
27;33924
16;33937
19;33938
3;33971
27;33974
13;34005
13;34013
8;34014
226;34015
50;34016
47;34033
6;34034
16;34035
167;34038
32;34055
181;34059
1;34066
8;34068
8;34069
24;34081
11;34109
161;34110
241;34111
22;34112
63;34113
32;34115
46;34116
12;34117
27;34118
14;34121
5;34142
3;34143
5;34144
1;34147
12;34148
23;34164
2;34167
3;34170
7;34205
34;34206
22;34207
27;34208
36;34209
10;34210
14;34211
32;34212
30;34219
3;34222
19;34235
10;34237
19;34239
163;34241
9;34242
40;34244
22;34250
155;34252
33;34253
166;34257
164;34259
24;34264
6;34268
75;34301
59;34302
29;34303
289;34304
5;34307
33;34311
20;34316
4;34323
158;34347
28;34355
12;34360
45;34397
10;34398
22;34399
62;34400
6;34410
15;34417
198;34420
21;34422
10;34430
1;34445
24;34446
3;34450
35;34451
2;34470
106;34493
72;34494
234;34495
27;34496
6;34503
31;34513
32;34514
30;34515
12;34517
10;34521
19;34529
21;34540
18;34541
24;34544
1;34547
6;34585
24;34589
19;34590
48;34591
87;34592
23;34606
5;34609
13;34611
9;34612
8;34635
38;34636
12;34644
170;34646
77;34685
8;34686
53;34687
68;34688
5;34692
36;34706
2;34707
1;34714
11;34721
31;34729
20;34733
13;34734
13;34735
49;34740
18;34741
48;34782
163;34783
33;34785
30;34786
68;34787
25;34788
24;34789
16;34800
12;34809
19;34810
4;34813
5;34815
5;34817
4;34818
1;34831
15;34836
13;34838
13;34842
33;34877
44;34878
21;34879
18;34880
33;34881
36;34883
167;34888
35;34902
12;34908
16;34909
185;34910
25;34911
19;34912
164;34913
27;34914
6;34915
54;34936
10;34940
17;34963
80;34973
167;34974
96;34975
20;34976
31;34981
17;34983
575;34994
9;34996
16;34997
183;35018
11;35020
8;35021
4;35024
35;35030
