sums of daily draw-off volumes
202
277.5
142.5
412.5
162
135
241
204.8
164.8
155.5
47.5
182.8
96.8
155.5
154.2
162.2
103.8
68.8
214.8
124.5
196.2
248.5
114.8
183.5
136.8
78.5
126
143.5
169.2
119
170.5
279.2
175.5
129.5
105.2
163.8
193.8
226.2
277.8
68.5
174.5
218.5
127.8
205.5
98.2
142.5
81.5
170.8
148.5
86.2
114.5
299.5
103
129.2
130.8
250.2
265.5
242.2
199.8
137
265.8
174.5
198.5
143
158
101.2
163.5
142.5
126.2
258
73
230.5
163.2
199.8
137.8
307.2
205
259.8
290.2
211.2
97.5
139
147.5
155.2
203.2
112.8
102.5
103.2
88.5
191.5
173.8
214.5
135
50.2
156.5
305.8
286.2
115.2
202.5
161.8
193
84.5
324.8
135.5
126.5
52.2
126.2
254
194.2
166.5
75
180.5
224.5
143.5
256.2
107.5
72.5
111.8
125
209.8
194
174
118.2
99.5
294.5
339.5
223
127.5
155.8
86.2
152.8
219.5
256.8
321.5
248.5
73.2
215.2
56.2
86.2
130.2
84.2
102.5
40.8
84
40.2
320.8
176.8
173
152.2
240.8
36.8
123.5
158.2
281.8
122.2
145.2
94
118.5
107
224.5
229
302.2
61
125.8
242.8
235.2
212.2
213.8
156.2
201.5
114.5
282.8
69.8
219.8
92.5
195
222.2
85.5
136
345.2
135.8
110
72.5
90.2
77.2
180.5
138.8
100.2
199.2
156.8
88
133.2
91.8
129.5
129.8
188.8
121.8
97.8
42.5
337.8
308
253.5
227.8
228.2
87
153.8
150.2
131
118.8
220.8
130
74.2
100.5
99.8
125
147.5
98.2
154.2
79.8
216
121.2
195
169.8
290
199.2
93.5
137
103
89.2
231.5
147
72.8
95.2
82.8
95.8
114
82.2
307
147.8
103.5
187
260
133.5
100.8
219
48.2
122.2
79.2
178.2
104.5
119.8
146
217
52.2
54
90.5
185.2
106.8
170.8
173.5
224.2
53
129.8
118.8
243.2
288
95
148.5
105
79.2
196.8
178
120.8
115
291
105.2
193
145
284.5
53
83.5
95.2
126.2
124.8
131.2
181.2
162
137.8
178.5
140
87.5
125.8
213
194
125
192.2
86.2
146
100
202.8
100.5
345.2
163
77.5
318
33
224.8
307.5
185
144.5
222.2
200.8
118
122
442.2
69.5
101
54
335.2
185.8
306.2
128.2
216
111.2
100.5
117
315.2
122.5
70
145.5
142.5
137.8
231.5
134.2
117.8
134
149.8
103.2
143.8
233
109.8
92.2
158.5
117.2
81
158.8
275.5
123.5
274.8
148.2
54
73.5
151
53.5
194
176.8
261.2
178
113
161.2
115.5
101.2
124.5
226.2
317.2
sums of draw-off volumes of each hour of the day
186.9
96.7
211.7
233.8
332.9
89
10617.5
13485.6
5205.7
1062.5
940.1
3015
3027.4
1230
1484.7
2501.4
1509.2
1876.8
2176.1
2600.2
3449.5
1880.9
898.8
285
sums of draw-off volumes of each hour of weekdays
127
20
110.2
176.1
114.4
60.7
8461.5999999
9959.5999999
2673.8
352.5
609.8
2807.3
2768.2
1025.8
457.8
452.7
404.1
1161.5
1973.3
2144
2214.9
1146.6
238.7
146.1
sums of draw-off volumes of each hour of weekend-days
59.9
76.7
101.5
57.7
218.5
28.3
2155.9
3526
2531.9
710
330.3
207.7
259.2
204.2
1026.9
2048.7
1105.1
715.3
202.8
456.2
1234.6
734.3
660.1
138.9
holidays of household(s), numbers correspond to day of year
