sums of daily draw-off volumes
18.8
14.8
2.8
53
23.8
161
22.5
33
129.5
31.8
22.5
24.5
16.2
17.8
25.8
30.5
22
63.5
17.8
25.5
33.2
19.5
16.5
50
71.2
54.8
102
120.8
168.5
65.8
23
20.8
15
28.5
23.8
30.5
66.2
64
13.2
91.2
97.2
20
24.5
124.2
21.5
19.8
187.2
38.8
52.8
13.8
61.2
22.8
47.8
37
212.2
33.8
27.2
54.5
77.2
27.8
74.5
54.8
25.8
15.5
3.2
58
67
13
61.5
25
56
101.8
105.5
15.2
7.2
23
9.2
73.5
14.8
23.5
20.5
2.2
44
67.8
45.2
72.5
22
31.5
59.2
30.8
18.5
19
197.2
18.2
25.5
57.5
43
67.5
39.5
66.8
15.2
55.8
34.5
110.2
76.8
25.5
45.2
145.8
154.2
31.2
16
64.2
102.2
57
18.5
24.5
25.5
27.2
18.2
21.2
97
21.2
70.8
43
108
74.5
56.8
25.5
39.2
14
9.8
70
17.2
10.2
0
5.5
16
9.2
158.8
9
16
20.5
8
21
26.8
62.5
5
47.5
9.5
29.2
58.2
38.2
91.2
165.5
17.2
23.5
7.2
35.2
60.8
40.5
23.8
17
7.2
51
64.5
10.2
105.5
100.2
1.2
4.5
50.5
1.5
33.2
15.2
69.8
6.5
23.5
7.5
23.2
6.5
42
25.2
121.2
56.2
39.2
11.8
14.2
12.2
27
49.5
71.8
158.8
21.5
63.8
37
6.2
6.5
16
5
62.5
20.8
37
59
2.8
11.5
41.8
15.2
172.2
32.5
4.2
61.5
45.2
10.5
26.2
14
43.8
5.2
18.8
0
21.8
24.2
4.2
23.2
18.2
63.5
31.2
16.5
4
108
28.5
2
8.2
4.8
5.8
16
4.8
22
28.8
8.5
54.2
28.5
49.2
24.5
59
26.5
37
16.8
10.8
29.2
7.5
98
100.8
29.5
3
15.2
45.8
90.5
28.2
11.8
108.8
17
66.5
23
32.5
14.2
45
3
12.5
5.8
50
13.8
95
145
88.8
13.8
5.8
3.5
22.2
104.5
7.8
25.2
45.2
55.2
20
12.2
15
65
45.5
27.5
189.2
39
8.2
73.8
16.2
58
4.2
11
23.5
25.2
21.2
25.2
59
48.2
71.2
10.5
25
26.5
139.5
25.2
21.2
61.8
6.8
16.8
45.2
31
5.8
1.5
24
24.8
56.5
16
73.8
11.5
26.5
70
36.2
20.8
34
65
30.2
89
53.8
3.2
25.5
32
55
15
34.2
13
13.5
16.8
11
35.2
23
94.2
22.2
23.5
60.2
63.5
27.8
38.5
10.2
53.8
55.5
151.8
34.2
16.8
29.2
61.8
15
12.8
67.2
8.8
36.2
24.2
sums of draw-off volumes of each hour of the day
82
22.8
54.2
12.1
45.3
100.9
2607
3332.4
1219.4
332.1
98.8
700
1076
272.8
716.1
738.3
459.8
295.2
403.4
698.9
837.6
602.6
82.3
130.3
sums of draw-off volumes of each hour of weekdays
66.4
18.8
4.2
4.4
29.3
50.7
2131.1
2211.5
746.5
107.1
73.1
679.9
996.8
258.2
45.3
138.1
65.1
188.8
304
609.6
697
331.2
33.4
56.7
sums of draw-off volumes of each hour of weekend-days
15.6
4
50
7.7
16
50.2
475.9
1120.9
472.9
225
25.7
20.1
79.2
14.6
670.8
600.2
394.7
106.4
99.4
89.3
140.6
271.4
48.9
73.6
holidays of household(s), numbers correspond to day of year
