35;29
59;30
70;31
662;32
6;34
47;49
15;50
167;51
14;52
11;53
15;60
22;65
11;73
36;76
34;77
2;86
20;124
74;125
18;126
212;127
84;128
9;131
37;134
168;141
26;145
173;146
9;147
7;154
6;157
10;161
38;171
18;173
33;176
128;221
38;222
2;223
114;224
19;226
20;239
173;241
164;242
166;244
11;245
23;259
24;270
20;273
149;276
3;277
29;280
160;283
132;317
217;319
44;320
3;322
154;323
4;327
9;333
28;337
56;338
171;339
4;345
2;346
14;366
26;367
29;369
4;374
14;377
17;400
77;413
13;414
39;416
196;433
24;434
25;436
34;445
6;459
5;460
4;464
1;466
21;469
2;470
9;491
11;509
18;510
50;512
760;513
28;514
186;515
177;516
7;541
36;542
31;543
29;544
15;545
37;546
21;547
26;551
17;562
34;563
26;565
166;569
18;572
33;584
6;602
26;604
169;606
22;609
5;610
3;611
42;612
21;619
6;621
21;624
27;627
163;628
21;629
15;630
38;635
7;636
9;639
156;640
31;641
13;642
7;644
34;701
27;702
70;703
19;704
152;705
17;709
163;721
222;722
35;729
3;733
3;734
18;748
32;751
35;754
10;759
75;797
211;798
343;799
91;800
2;802
9;806
66;807
5;817
35;818
24;819
26;820
9;827
39;829
14;836
25;844
3;849
6;851
17;852
12;869
29;879
10;890
229;893
17;894
267;895
23;896
30;897
30;914
38;915
57;916
37;926
13;928
18;930
27;931
5;937
4;944
14;946
2;948
17;951
29;952
188;989
142;990
69;991
135;992
6;1004
170;1009
24;1010
1;1011
20;1012
1;1022
25;1035
16;1036
15;1038
16;1041
24;1044
25;1047
39;1048
161;1076
16;1086
177;1087
417;1088
12;1089
146;1092
34;1093
13;1099
9;1105
29;1108
157;1115
11;1127
5;1128
32;1132
8;1134
33;1136
17;1138
5;1139
39;1141
23;1142
14;1143
10;1144
20;1159
22;1160
147;1181
32;1182
1;1183
36;1185
103;1186
40;1187
185;1188
25;1191
7;1196
24;1201
10;1204
37;1210
38;1215
22;1216
17;1218
9;1220
27;1224
8;1225
21;1226
11;1236
8;1242
20;1244
10;1250
160;1255
3;1277
27;1278
72;1280
45;1281
1;1282
28;1283
19;1284
20;1294
6;1295
2;1297
100;1310
36;1311
18;1312
74;1314
10;1315
53;1316
32;1329
12;1332
19;1336
2;1337
58;1340
23;1369
49;1373
44;1374
35;1376
6;1377
196;1393
2;1400
8;1424
57;1428
10;1430
28;1438
14;1443
58;1469
21;1470
190;1471
34;1472
26;1485
170;1489
206;1491
25;1492
11;1501
2;1502
6;1515
163;1520
7;1524
28;1527
195;1565
20;1566
52;1567
50;1568
28;1569
6;1585
28;1586
558;1587
3;1596
33;1613
23;1646
58;1661
51;1662
15;1663
329;1664
27;1676
26;1681
51;1684
15;1690
30;1692
12;1693
13;1705
7;1711
8;1715
2;1720
122;1757
98;1758
177;1759
15;1760
166;1776
40;1778
277;1779
191;1780
163;1802
4;1803
13;1805
2;1806
6;1808
30;1831
18;1853
25;1854
61;1855
186;1856
4;1857
94;1858
54;1859
16;1860
2;1862
23;1864
53;1868
22;1874
25;1880
16;1885
28;1886
22;1887
24;1888
27;1890
19;1891
36;1892
11;1905
18;1907
159;1908
31;1909
26;1912
12;1913
26;1914
12;1915
6;1918
5;1942
43;1950
42;1952
37;1953
94;1955
220;1956
24;1960
25;1970
23;1978
9;1981
44;1982
16;1983
18;1985
37;1986
18;1989
13;2003
19;2007
9;2008
18;2045
23;2046
5;2047
34;2048
11;2065
36;2066
29;2067
9;2068
5;2087
7;2092
152;2094
28;2100
18;2104
9;2131
79;2141
341;2142
50;2143
60;2144
5;2147
11;2161
26;2163
18;2164
18;2187
24;2190
52;2192
33;2196
55;2199
37;2237
38;2238
64;2239
29;2240
11;2241
27;2242
30;2248
34;2250
18;2254
562;2257
196;2258
191;2259
27;2260
20;2271
4;2283
22;2284
13;2291
7;2294
9;2295
62;2333
80;2334
62;2335
74;2336
5;2345
5;2349
3;2351
33;2353
1;2354
27;2356
1;2368
27;2378
12;2385
44;2387
30;2388
15;2389
166;2391
19;2429
71;2430
269;2431
232;2432
9;2439
20;2443
10;2449
11;2450
22;2451
26;2452
15;2472
21;2474
183;2476
1;2478
64;2481
6;2488
10;2499
12;2525
30;2526
220;2528
163;2529
17;2530
27;2531
30;2536
17;2537
28;2559
160;2560
31;2562
26;2563
21;2564
17;2567
15;2572
17;2580
15;2583
9;2584
19;2585
14;2590
18;2592
14;2600
343;2621
21;2622
76;2623
177;2624
5;2625
10;2628
8;2636
30;2642
33;2648
16;2653
15;2655
160;2656
9;2657
25;2660
23;2670
37;2679
1;2699
25;2717
90;2718
34;2719
53;2720
162;2724
12;2725
25;2733
32;2737
149;2739
60;2740
32;2746
24;2761
25;2770
3;2776
14;2780
3;2800
27;2801
26;2813
56;2814
182;2815
27;2816
28;2833
26;2836
17;2859
34;2861
19;2869
21;2880
118;2909
72;2910
223;2911
185;2912
5;2918
27;2929
3;2930
162;2932
26;2933
10;2936
2;2945
162;2950
13;2959
10;2961
5;2963
37;2968
25;2993
76;3005
34;3006
25;3007
54;3008
15;3011
26;3025
166;3028
8;3029
15;3034
59;3054
1;3059
19;3062
29;3066
9;3075
29;3101
43;3102
422;3103
307;3104
14;3112
13;3116
19;3118
89;3121
7;3124
26;3125
20;3149
24;3152
176;3197
34;3198
27;3199
12;3200
67;3201
619;3202
16;3203
64;3204
10;3212
11;3221
24;3224
27;3225
26;3232
38;3234
1;3235
19;3251
10;3256
22;3257
31;3258
20;3259
9;3270
27;3293
161;3294
606;3295
162;3296
29;3297
48;3298
26;3299
31;3300
163;3308
11;3315
12;3317
55;3326
16;3327
25;3328
1;3329
58;3330
165;3348
7;3351
169;3353
4;3355
51;3356
19;3361
199;3389
343;3390
41;3391
171;3392
3;3405
61;3410
45;3411
18;3412
13;3414
9;3430
16;3436
26;3445
12;3446
2;3447
23;3485
246;3486
37;3487
21;3488
11;3491
32;3506
34;3507
32;3508
27;3514
12;3515
10;3522
9;3533
8;3534
6;3538
23;3540
25;3543
29;3561
62;3581
219;3582
112;3583
192;3584
24;3585
29;3601
7;3602
17;3603
7;3604
11;3608
16;3610
8;3624
11;3625
5;3627
4;3628
14;3629
33;3632
25;3633
42;3634
12;3676
61;3677
33;3678
17;3679
580;3680
5;3690
5;3691
13;3705
8;3721
10;3722
6;3724
20;3734
1;3772
12;3773
30;3774
24;3775
38;3776
13;3793
22;3794
15;3795
10;3815
20;3820
18;3821
21;3822
564;3826
5;3829
165;3854
43;3869
154;3870
33;3871
48;3872
5;3873
8;3875
193;3876
33;3887
22;3898
49;3901
24;3902
10;3903
1;3904
43;3905
2;3906
38;3907
26;3908
26;3914
156;3917
12;3919
31;3923
171;3929
18;3932
148;3933
3;3942
33;3965
1;3966
20;3969
16;3970
54;3971
21;3972
6;3976
14;3990
4;3997
34;3999
3;4000
12;4002
28;4015
24;4017
13;4018
26;4020
32;4024
169;4027
158;4028
78;4061
45;4062
131;4063
80;4064
7;4067
2;4069
151;4090
26;4096
26;4101
9;4105
19;4117
32;4118
31;4127
10;4148
210;4157
34;4158
84;4159
23;4160
13;4177
47;4178
20;4179
27;4180
5;4184
15;4193
12;4196
18;4203
3;4205
22;4206
14;4209
4;4221
45;4253
2;4254
45;4255
243;4256
18;4263
32;4269
6;4274
17;4275
33;4276
34;4281
11;4284
29;4292
11;4300
2;4302
41;4305
1;4309
151;4311
49;4349
102;4350
26;4351
62;4352
14;4369
15;4370
60;4371
6;4377
7;4378
18;4380
8;4393
3;4394
2;4395
27;4397
5;4402
18;4404
57;4445
94;4446
213;4447
21;4448
1;4465
27;4466
16;4467
4;4471
8;4476
13;4479
26;4480
17;4481
1;4489
14;4490
38;4496
14;4498
30;4503
25;4518
12;4537
58;4541
256;4542
179;4543
36;4544
127;4545
37;4546
169;4547
3;4548
2;4571
2;4573
15;4574
25;4575
29;4576
20;4578
34;4579
8;4580
27;4588
175;4591
6;4593
49;4594
6;4598
1;4599
16;4603
33;4604
19;4616
7;4637
24;4638
179;4639
52;4640
43;4641
61;4642
15;4643
56;4644
6;4657
159;4659
19;4661
25;4664
170;4669
6;4672
61;4673
19;4674
186;4676
53;4679
3;4680
155;4692
1;4694
5;4695
3;4699
169;4733
199;4734
85;4735
291;4736
27;4741
67;4753
29;4754
12;4755
37;4756
21;4766
4;4779
29;4787
27;4788
19;4794
376;4829
165;4830
48;4831
15;4832
158;4843
16;4850
22;4851
11;4852
152;4871
15;4875
67;4877
18;4882
11;4884
36;4886
54;4887
11;4925
9;4926
58;4927
44;4928
10;4946
26;4947
10;4948
8;4952
6;4955
10;4971
9;4972
15;4973
7;4974
13;4978
9;4979
6;4982
3;4984
8;4987
16;4998
23;5009
36;5018
78;5021
133;5022
567;5023
47;5024
181;5041
596;5043
15;5047
35;5050
11;5067
4;5069
563;5071
23;5076
13;5080
12;5099
7;5105
362;5118
10;5119
83;5120
7;5126
21;5137
29;5138
15;5139
27;5140
23;5144
16;5162
3;5164
164;5167
37;5174
36;5185
3;5207
3;5209
3;5212
73;5213
45;5214
33;5216
11;5217
80;5218
219;5219
56;5220
12;5225
16;5228
11;5234
6;5236
191;5246
19;5247
173;5248
73;5249
9;5251
8;5252
17;5254
29;5261
2;5262
30;5265
2;5267
10;5269
12;5271
15;5275
32;5309
47;5310
42;5311
32;5312
13;5313
41;5314
187;5315
31;5316
19;5317
5;5331
1;5333
8;5336
15;5339
6;5340
96;5341
724;5342
5;5343
15;5344
3;5345
55;5346
35;5347
32;5348
10;5351
9;5363
5;5367
25;5369
37;5405
68;5406
66;5407
63;5408
50;5425
27;5426
18;5427
51;5428
3;5438
31;5439
9;5444
11;5445
9;5446
5;5457
14;5458
1;5462
41;5501
30;5502
42;5503
72;5504
170;5507
22;5509
72;5521
18;5522
179;5523
199;5524
19;5528
1;5548
45;5549
8;5551
161;5552
4;5554
6;5557
70;5597
79;5598
126;5599
41;5600
31;5601
9;5606
2;5607
11;5611
22;5617
8;5618
14;5619
10;5627
14;5643
21;5651
148;5652
28;5653
37;5655
23;5680
45;5693
32;5694
118;5695
18;5696
9;5704
21;5707
163;5713
23;5715
27;5716
27;5717
9;5719
11;5739
21;5740
7;5742
1;5746
35;5750
11;5759
14;5768
117;5789
26;5790
102;5791
40;5792
23;5794
25;5798
28;5809
4;5810
160;5811
9;5817
6;5831
21;5834
17;5835
13;5837
21;5840
31;5841
20;5846
4;5877
61;5885
12;5886
77;5887
20;5888
167;5889
30;5891
60;5892
8;5894
2;5895
9;5917
29;5918
32;5920
16;5921
201;5922
9;5923
33;5925
20;5927
17;5941
3;5944
8;5948
17;5968
156;5981
65;5982
3;5983
32;5985
200;5986
53;5987
3;5988
30;5991
10;5994
36;5996
11;6013
14;6014
12;6015
6;6016
48;6017
23;6020
28;6022
24;6025
21;6032
28;6036
8;6041
7;6042
54;6077
21;6078
55;6079
73;6080
5;6083
25;6087
19;6095
20;6096
23;6097
30;6099
76;6100
14;6106
22;6121
9;6123
15;6129
28;6130
2;6134
15;6152
71;6173
275;6174
55;6175
69;6176
4;6190
33;6193
13;6194
7;6195
6;6196
25;6206
10;6209
2;6217
18;6228
5;6232
2;6268
209;6269
290;6270
28;6271
31;6272
33;6292
24;6302
22;6314
26;6321
42;6325
16;6365
817;6366
175;6367
91;6368
39;6381
9;6387
17;6388
16;6394
26;6405
6;6409
2;6410
34;6411
12;6412
23;6414
552;6418
63;6424
13;6461
88;6462
85;6463
17;6467
4;6468
20;6469
1;6475
9;6481
42;6483
32;6486
13;6489
22;6503
32;6506
1;6509
27;6515
30;6518
154;6523
19;6533
23;6536
18;6550
24;6552
45;6557
11;6558
19;6560
39;6561
30;6562
50;6563
14;6564
31;6572
35;6589
25;6590
26;6591
21;6592
16;6594
6;6596
19;6605
1;6609
21;6615
2;6617
20;6618
25;6620
8;6629
10;6652
184;6654
6;6655
11;6656
73;6657
16;6658
25;6659
36;6660
161;6664
34;6669
5;6686
26;6687
26;6696
9;6704
20;6706
23;6707
17;6709
26;6711
5;6713
5;6715
76;6749
42;6750
62;6751
149;6752
38;6755
4;6764
19;6765
14;6769
27;6770
20;6771
167;6772
11;6781
5;6793
7;6796
40;6803
28;6804
40;6805
40;6806
21;6808
223;6845
192;6846
264;6847
178;6848
16;6857
37;6865
15;6866
181;6867
25;6868
7;6877
6;6890
23;6892
70;6941
220;6942
58;6943
43;6944
10;6961
151;6962
6;6963
171;6966
16;6967
8;6969
165;6988
36;6993
27;6999
15;7025
175;7037
14;7038
37;7039
15;7040
154;7042
3;7048
19;7057
21;7058
7;7087
9;7092
21;7094
2;7095
192;7133
196;7134
78;7135
44;7136
26;7151
31;7153
50;7154
11;7156
14;7181
26;7183
4;7188
13;7190
15;7227
15;7229
10;7231
64;7232
35;7233
21;7234
29;7235
52;7236
8;7240
19;7244
16;7261
186;7262
177;7264
3;7265
4;7266
40;7267
14;7280
5;7284
18;7285
18;7288
14;7298
13;7301
9;7303
7;7326
16;7327
329;7328
17;7329
337;7330
197;7331
17;7336
9;7343
22;7359
4;7360
33;7361
7;7363
184;7364
33;7369
178;7378
12;7382
36;7383
73;7384
16;7386
77;7422
82;7423
220;7424
5;7432
29;7441
164;7443
161;7444
27;7448
16;7453
30;7477
158;7478
160;7512
33;7516
209;7517
55;7518
187;7519
32;7520
26;7524
23;7527
20;7536
35;7537
21;7538
11;7539
172;7540
176;7551
22;7557
162;7569
5;7570
22;7575
107;7613
99;7614
89;7615
61;7616
23;7618
23;7623
7;7624
24;7627
13;7633
10;7634
174;7635
30;7636
168;7638
12;7661
36;7665
23;7666
20;7669
17;7670
14;7671
18;7672
14;7678
246;7709
36;7710
230;7711
41;7712
6;7727
34;7729
22;7731
5;7732
154;7746
12;7758
12;7767
1;7783
20;7805
14;7806
36;7807
127;7808
3;7821
12;7826
3;7828
2;7834
31;7851
18;7854
5;7864
60;7874
9;7875
3;7878
33;7901
27;7902
17;7903
64;7904
59;7905
190;7907
156;7911
23;7929
169;7933
33;7934
23;7935
7;7936
160;7937
11;7939
166;7943
18;7958
30;7959
156;7961
185;7962
19;7968
23;7977
4;7978
48;7997
102;7998
175;7999
3;8000
111;8001
170;8002
17;8003
62;8004
4;8016
7;8018
25;8019
4;8023
26;8030
9;8034
19;8037
155;8044
9;8050
12;8051
6;8052
1;8056
5;8058
38;8063
9;8090
76;8093
189;8094
201;8095
196;8096
16;8102
8;8109
10;8111
26;8113
9;8115
14;8116
2;8128
25;8129
11;8146
14;8148
2;8149
43;8150
14;8151
17;8152
199;8189
77;8190
13;8191
45;8192
18;8197
25;8200
24;8205
76;8209
13;8212
22;8219
1;8220
12;8235
9;8241
14;8247
115;8285
61;8286
27;8287
198;8288
51;8294
18;8299
14;8305
19;8306
4;8307
32;8308
6;8317
12;8329
13;8330
19;8336
25;8337
27;8339
4;8342
13;8358
69;8381
70;8382
60;8383
105;8384
21;8388
5;8400
11;8402
35;8403
48;8404
27;8408
168;8424
156;8428
11;8431
1;8439
26;8440
166;8456
132;8477
26;8478
16;8479
6;8480
8;8486
26;8500
13;8523
25;8524
6;8526
51;8527
9;8528
5;8529
25;8530
3;8533
32;8536
3;8552
29;8574
6;8575
17;8576
22;8577
2;8578
19;8579
49;8580
42;8586
148;8590
160;8595
17;8605
1;8607
588;8608
169;8609
2;8610
20;8611
48;8612
39;8626
6;8628
20;8629
39;8630
29;8631
6;8632
10;8644
5;8665
15;8666
30;8668
206;8669
39;8670
23;8671
35;8676
5;8694
177;8697
5;8699
33;8700
27;8703
168;8704
3;8708
1;8714
20;8719
35;8721
6;8724
183;8761
266;8762
87;8763
202;8764
28;8781
24;8782
21;8784
1;8793
174;8795
14;8796
11;8806
49;8815
19;8817
16;8818
11;8820
24;8840
203;8857
42;8858
558;8859
68;8860
15;8877
33;8880
15;8901
11;8902
33;8903
25;8907
8;8910
28;8911
39;8913
8;8915
73;8953
43;8954
190;8955
31;8956
158;8957
10;8965
11;8973
734;8974
40;8975
72;8976
38;8981
3;9005
6;9007
26;9008
19;9010
6;9012
26;9033
85;9049
117;9051
38;9052
181;9069
36;9072
6;9095
20;9098
10;9106
37;9108
209;9145
192;9146
2;9147
47;9148
15;9165
60;9167
183;9168
31;9190
156;9191
7;9192
24;9193
30;9195
29;9199
10;9215
1;9234
52;9241
169;9242
47;9243
27;9244
16;9246
19;9247
23;9248
7;9257
11;9259
49;9273
31;9274
37;9275
30;9276
2;9277
209;9278
15;9279
64;9280
8;9281
28;9284
27;9299
12;9302
5;9303
24;9310
60;9337
16;9338
76;9339
31;9341
180;9342
1;9343
24;9344
86;9369
5;9370
10;9373
8;9374
3;9376
26;9379
4;9383
13;9384
55;9389
6;9392
36;9395
23;9397
34;9435
12;9436
17;9450
14;9453
55;9454
36;9455
21;9456
18;9470
9;9481
9;9484
26;9487
1;9489
14;9491
30;9492
32;9512
13;9526
41;9529
97;9530
209;9531
74;9532
50;9550
27;9551
28;9552
15;9565
9;9577
158;9584
7;9586
19;9587
4;9588
72;9625
45;9626
48;9627
42;9628
24;9645
3;9646
166;9647
6;9657
10;9661
12;9670
192;9671
30;9678
6;9681
4;9683
6;9684
78;9721
11;9722
54;9723
94;9724
20;9730
48;9741
36;9742
32;9743
20;9744
2;9748
17;9752
9;9758
10;9764
31;9769
6;9772
10;9779
6;9780
46;9817
183;9818
58;9819
62;9820
2;9822
3;9834
29;9837
1;9838
15;9839
157;9840
27;9862
14;9864
28;9866
26;9867
165;9898
26;9904
30;9913
13;9914
98;9915
55;9916
13;9918
36;9919
26;9920
25;9925
7;9930
1;9931
8;9937
1;9945
20;9946
18;9949
3;9952
16;9955
7;9956
13;9958
5;9969
4;9973
2;9976
9;10006
45;10009
83;10010
167;10011
36;10012
13;10014
2;10015
13;10016
11;10030
4;10039
42;10042
47;10044
9;10045
6;10047
1;10048
30;10063
15;10075
51;10105
81;10107
209;10108
22;10110
6;10118
10;10122
7;10126
16;10127
5;10128
17;10131
16;10132
8;10134
34;10142
31;10155
4;10157
1;10165
241;10201
35;10202
18;10203
247;10204
35;10206
20;10210
26;10221
193;10222
9;10223
40;10224
19;10242
1;10250
1;10251
33;10256
25;10258
71;10297
195;10298
50;10299
63;10300
9;10317
6;10319
24;10320
3;10336
1;10348
19;10353
7;10383
13;10393
81;10394
58;10395
71;10396
30;10399
33;10413
20;10415
53;10416
5;10425
26;10436
13;10437
4;10444
29;10447
10;10448
163;10452
167;10489
22;10490
76;10491
57;10492
27;10510
28;10511
23;10512
4;10535
23;10538
14;10540
9;10541
19;10545
27;10546
78;10585
57;10587
24;10588
226;10589
57;10590
26;10591
38;10592
18;10599
20;10603
29;10607
16;10617
28;10618
21;10619
27;10620
54;10622
1;10623
5;10625
2;10631
21;10642
22;10645
12;10647
36;10653
36;10660
29;10664
30;10681
64;10682
21;10683
25;10684
5;10685
1;10687
10;10688
5;10695
4;10703
14;10706
25;10713
10;10715
37;10716
7;10717
71;10718
9;10719
37;10720
14;10734
21;10736
16;10737
2;10741
41;10742
2;10772
32;10777
82;10778
274;10779
171;10780
57;10798
33;10799
17;10812
18;10822
4;10823
165;10829
26;10833
11;10852
78;10873
206;10874
120;10875
124;10876
14;10881
13;10888
98;10894
16;10896
12;10912
53;10918
14;10922
12;10925
13;10926
4;10928
14;10929
232;10969
22;10970
23;10971
103;10972
3;10977
25;10986
27;10987
22;10991
26;10992
3;11001
22;11016
7;11017
21;11022
7;11051
14;11057
62;11065
32;11066
207;11067
61;11068
35;11074
7;11085
59;11086
154;11087
37;11088
156;11109
21;11110
8;11113
14;11114
23;11118
25;11161
62;11162
48;11163
14;11164
24;11168
16;11175
38;11183
14;11184
6;11186
1;11197
14;11205
10;11206
20;11211
35;11257
5;11258
56;11259
30;11261
38;11262
29;11263
40;11264
18;11289
54;11290
22;11291
31;11296
20;11302
2;11309
23;11311
11;11313
2;11314
11;11316
3;11318
4;11320
4;11348
2;11352
56;11353
19;11355
21;11356
22;11357
21;11358
47;11359
1;11367
10;11372
4;11380
20;11385
13;11386
36;11387
27;11390
59;11391
19;11408
12;11409
19;11442
60;11449
95;11450
59;11451
47;11452
56;11455
147;11464
23;11469
31;11470
8;11471
38;11472
12;11478
28;11493
20;11496
3;11497
3;11500
40;11501
38;11503
18;11505
8;11545
11;11546
17;11547
208;11548
3;11565
18;11567
25;11572
36;11574
29;11590
36;11595
162;11596
275;11641
250;11642
18;11643
19;11644
14;11648
27;11662
32;11663
1;11664
4;11667
2;11685
15;11692
27;11732
39;11737
24;11738
5;11739
15;11740
4;11741
4;11747
46;11760
7;11781
3;11784
36;11789
20;11790
5;11791
44;11792
166;11795
22;11833
59;11834
62;11836
4;11837
7;11839
15;11855
13;11859
17;11870
21;11871
22;11873
11;11877
3;11878
144;11881
15;11883
33;11884
35;11886
17;11902
10;11909
29;11929
5;11931
58;11933
35;11934
9;11935
13;11936
30;11940
17;11963
148;11965
29;11966
17;11967
14;11968
29;11990
159;11991
1;11997
162;12020
18;12026
21;12027
149;12028
11;12029
45;12031
46;12032
165;12045
46;12058
59;12059
19;12060
27;12061
61;12062
16;12069
22;12072
5;12079
6;12080
6;12081
152;12082
43;12084
157;12086
4;12103
36;12121
177;12122
24;12123
3;12124
49;12141
56;12143
73;12144
10;12166
15;12168
11;12171
21;12177
13;12185
13;12192
10;12217
58;12218
213;12219
27;12220
9;12228
158;12229
28;12230
21;12237
39;12238
8;12239
29;12261
6;12264
41;12265
39;12267
20;12270
22;12271
24;12272
26;12276
127;12313
347;12314
47;12315
10;12316
22;12317
17;12319
22;12333
2;12345
13;12350
2;12357
25;12358
31;12361
11;12367
29;12368
165;12371
34;12381
27;12409
13;12410
71;12411
28;12412
18;12429
15;12430
28;12454
27;12457
66;12458
2;12459
15;12461
2;12463
2;12498
56;12505
34;12506
149;12507
70;12508
11;12510
19;12527
4;12528
6;12541
25;12544
21;12549
8;12550
1;12553
38;12554
4;12555
16;12557
22;12558
81;12601
25;12602
22;12603
23;12604
73;12605
50;12606
3;12607
10;12608
7;12620
12;12622
3;12634
33;12636
4;12637
32;12639
9;12640
10;12641
40;12646
31;12656
1;12682
13;12688
30;12697
79;12699
23;12701
31;12702
190;12703
6;12727
14;12730
2;12731
1;12732
5;12733
32;12736
13;12746
18;12753
25;12755
181;12756
11;12758
8;12759
26;12793
28;12795
44;12796
18;12806
2;12811
53;12813
27;12814
37;12816
159;12825
22;12828
1;12833
19;12843
39;12846
4;12847
7;12849
200;12889
19;12890
225;12891
19;12892
37;12897
6;12909
19;12911
159;12912
24;12935
18;12937
8;12941
17;12946
2;12948
4;12978
345;12985
52;12986
73;12987
155;12988
560;12990
8;13005
5;13027
9;13032
2;13037
26;13038
5;13039
24;13041
28;13042
53;13081
8;13082
45;13083
234;13084
30;13102
1;13103
34;13104
14;13116
30;13129
12;13132
1;13135
1;13137
4;13138
3;13139
5;13175
95;13177
15;13178
22;13179
62;13180
13;13195
193;13198
3;13203
5;13209
24;13212
20;13223
1;13228
167;13232
11;13233
11;13236
18;13260
8;13273
39;13274
39;13275
52;13276
30;13277
24;13278
46;13280
28;13281
10;13295
1;13297
12;13298
9;13305
32;13306
22;13311
20;13327
14;13329
27;13331
12;13356
15;13369
27;13370
14;13371
233;13374
10;13375
3;13376
564;13384
7;13387
168;13388
33;13389
45;13405
16;13406
372;13407
21;13418
3;13421
154;13428
66;13465
107;13466
81;13467
30;13475
3;13486
32;13487
48;13488
33;13510
34;13512
31;13513
167;13518
9;13524
59;13561
38;13562
68;13563
30;13564
33;13567
5;13581
12;13583
39;13606
13;13610
2;13612
6;13619
8;13624
19;13641
9;13646
1;13657
66;13658
39;13659
85;13660
24;13675
6;13677
6;13678
11;13680
12;13683
7;13693
17;13697
2;13713
162;13715
39;13753
34;13754
31;13755
33;13756
13;13760
3;13767
3;13770
58;13773
32;13774
24;13775
25;13781
21;13795
21;13797
7;13800
30;13807
7;13809
10;13810
34;13830
160;13849
211;13850
33;13851
85;13852
9;13870
30;13881
9;13894
25;13896
26;13900
33;13905
15;13906
17;13917
170;13946
18;13947
30;13948
25;13949
32;13950
108;13951
366;13952
19;13976
10;13978
5;13979
55;13980
9;13982
5;13983
3;13984
29;13990
4;13997
7;14000
12;14005
38;14007
17;14008
18;14026
52;14042
8;14043
164;14044
28;14045
26;14046
19;14047
26;14048
9;14067
157;14073
23;14074
2;14076
11;14077
25;14079
3;14080
7;14094
16;14095
23;14097
13;14099
4;14104
232;14137
104;14138
2;14139
10;14140
12;14148
21;14157
19;14158
32;14162
20;14171
14;14175
7;14176
19;14181
7;14184
12;14185
7;14189
3;14191
8;14224
12;14233
80;14234
73;14235
223;14236
147;14241
60;14253
31;14255
9;14259
44;14277
21;14280
29;14286
23;14287
21;14289
28;14290
99;14329
373;14330
55;14331
23;14332
2;14335
1;14341
8;14342
10;14349
6;14350
30;14352
15;14364
9;14373
7;14378
3;14379
18;14380
14;14381
6;14390
65;14425
35;14426
29;14427
74;14428
4;14434
17;14447
12;14448
26;14454
8;14467
13;14468
11;14472
145;14477
41;14484
316;14521
72;14522
61;14523
57;14524
29;14529
27;14536
6;14541
1;14543
37;14550
4;14555
175;14565
22;14566
39;14567
24;14573
50;14617
23;14618
555;14619
12;14620
224;14621
14;14622
165;14623
167;14624
159;14631
23;14632
7;14636
17;14644
29;14650
4;14654
6;14655
173;14656
28;14669
19;14680
4;14688
15;14713
33;14714
14;14715
39;14716
36;14717
14;14718
8;14719
24;14720
7;14727
9;14729
9;14745
9;14746
166;14748
163;14751
23;14752
9;14768
9;14771
36;14772
25;14774
6;14804
4;14809
27;14810
31;14811
56;14812
160;14823
13;14826
20;14830
19;14832
11;14840
19;14860
14;14861
4;14864
23;14867
197;14905
116;14906
29;14907
94;14908
3;14912
4;14913
149;14925
21;14926
34;14928
1;14930
26;14951
10;14958
1;14959
32;14963
19;14964
57;15001
21;15002
132;15003
115;15004
58;15022
212;15024
37;15025
3;15037
8;15046
9;15049
10;15051
147;15052
15;15053
181;15054
7;15056
12;15059
2;15080
81;15097
180;15098
4;15099
25;15100
29;15112
38;15117
20;15118
163;15119
15;15128
8;15143
5;15144
8;15147
55;15151
75;15193
192;15194
46;15195
84;15196
2;15202
39;15213
70;15214
14;15224
11;15233
32;15237
9;15240
2;15247
17;15260
21;15261
23;15279
7;15289
15;15290
78;15291
569;15292
21;15294
58;15295
29;15296
28;15299
176;15303
19;15313
15;15322
27;15324
66;15326
20;15327
22;15329
39;15336
36;15342
7;15348
26;15349
10;15366
65;15385
72;15386
156;15387
14;15388
46;15389
50;15390
169;15391
20;15392
24;15405
31;15414
1;15416
9;15417
40;15418
241;15419
5;15420
78;15421
208;15448
69;15481
103;15482
32;15483
32;15484
8;15501
15;15502
52;15503
1;15526
8;15538
574;15577
224;15578
17;15579
45;15580
28;15588
14;15590
22;15597
44;15598
17;15599
8;15600
10;15605
13;15606
3;15623
28;15627
9;15631
51;15673
42;15674
35;15675
34;15676
17;15693
11;15723
13;15730
5;15762
141;15769
77;15770
40;15771
105;15772
28;15778
11;15791
31;15792
10;15814
11;15815
186;15817
166;15819
13;15820
173;15822
28;15823
184;15828
22;15832
69;15865
123;15866
28;15867
37;15868
10;15869
2;15874
50;15875
31;15876
10;15881
159;15885
40;15886
25;15892
25;15904
19;15912
5;15916
2;15934
7;15936
7;15949
156;15961
65;15962
35;15965
73;15967
13;15971
4;15982
82;15994
165;15995
45;15998
25;16000
1;16003
22;16014
21;16016
4;16017
57;16018
13;16021
6;16028
158;16043
44;16057
37;16058
21;16060
183;16061
77;16062
97;16063
162;16064
12;16089
13;16090
24;16092
12;16095
14;16116
10;16117
8;16119
93;16153
193;16154
205;16155
50;16156
3;16164
155;16166
23;16173
14;16174
8;16175
11;16176
23;16190
19;16200
10;16201
28;16204
2;16211
33;16250
67;16251
14;16253
7;16257
9;16269
41;16270
38;16271
153;16272
28;16295
8;16300
1;16306
6;16307
4;16308
7;16345
17;16347
60;16348
29;16349
32;16365
9;16366
66;16368
20;16376
10;16380
26;16390
12;16394
32;16396
101;16441
49;16442
2;16443
51;16444
4;16462
31;16469
4;16492
22;16493
24;16495
68;16538
418;16539
77;16540
10;16551
31;16557
32;16559
151;16576
4;16581
13;16582
25;16584
18;16589
13;16595
4;16633
32;16635
193;16636
51;16638
17;16639
17;16649
21;16659
31;16665
12;16666
6;16667
31;16669
8;16670
17;16671
54;16672
10;16693
561;16694
11;16695
151;16699
35;16729
28;16730
49;16731
31;16733
8;16734
22;16735
39;16736
145;16761
26;16762
31;16763
19;16765
14;16767
171;16782
8;16784
167;16786
32;16788
13;16789
34;16805
87;16825
95;16826
185;16827
99;16828
53;16845
154;16846
16;16851
26;16852
5;16867
5;16870
28;16871
17;16872
155;16873
12;16876
19;16881
81;16921
18;16922
46;16923
42;16924
34;16926
29;16941
23;16943
12;16944
5;16954
40;16967
15;16978
4;16980
32;17017
9;17018
178;17019
39;17020
28;17023
37;17031
23;17037
53;17038
4;17039
17;17040
20;17043
7;17045
20;17059
186;17062
26;17066
18;17068
5;17073
2;17076
74;17113
388;17114
24;17115
57;17116
153;17125
2;17133
27;17134
20;17143
161;17148
24;17150
13;17158
29;17161
37;17168
17;17169
9;17210
62;17211
44;17230
16;17254
19;17259
211;17305
18;17306
34;17307
161;17310
37;17311
32;17312
9;17320
24;17321
24;17323
21;17328
16;17338
24;17339
10;17361
10;17368
8;17377
4;17379
36;17401
59;17402
39;17403
54;17404
15;17406
56;17407
314;17408
25;17414
51;17433
22;17434
1;17436
8;17438
144;17439
19;17445
30;17446
29;17454
8;17455
1;17456
27;17460
17;17492
193;17497
19;17498
67;17499
103;17500
20;17501
10;17510
30;17517
547;17524
6;17536
30;17541
6;17542
171;17549
170;17550
12;17551
5;17552
45;17593
203;17594
41;17595
70;17596
21;17602
1;17604
161;17611
9;17614
3;17615
178;17616
19;17621
3;17626
6;17641
6;17642
24;17643
26;17674
47;17689
40;17691
359;17692
158;17696
34;17704
6;17708
8;17717
27;17718
33;17722
6;17732
40;17737
25;17741
11;17742
11;17784
175;17785
196;17786
41;17787
226;17788
3;17801
32;17804
145;17805
10;17806
26;17807
3;17831
12;17833
16;17835
9;17838
28;17843
3;17857
3;17881
63;17882
51;17883
36;17884
3;17893
34;17901
6;17903
24;17929
22;17931
25;17938
11;17971
48;17978
175;17979
157;17980
168;17981
36;17982
242;17983
198;17984
14;18001
17;18002
49;18009
12;18010
26;18012
30;18013
607;18014
20;18015
8;18016
4;18029
3;18037
159;18040
1;18047
16;18073
34;18074
2;18075
6;18076
55;18077
18;18078
4;18079
31;18080
14;18099
29;18104
32;18107
8;18108
33;18109
32;18111
16;18112
176;18114
171;18123
14;18125
11;18133
36;18135
26;18169
43;18170
156;18171
5;18209
4;18224
6;18231
31;18265
33;18267
27;18268
23;18271
26;18280
13;18281
30;18285
18;18286
35;18288
202;18289
31;18303
1;18311
16;18314
148;18315
26;18361
13;18362
37;18363
98;18364
213;18381
55;18382
3;18383
25;18400
11;18405
15;18406
8;18410
18;18411
20;18412
20;18414
36;18415
12;18417
23;18457
44;18458
80;18459
150;18460
12;18469
26;18471
6;18476
334;18477
10;18478
1;18484
9;18486
4;18496
6;18499
12;18501
15;18508
7;18509
15;18513
186;18514
15;18516
8;18553
41;18554
80;18555
81;18556
5;18560
2;18571
29;18573
23;18574
31;18575
18;18576
160;18588
2;18602
36;18604
7;18609
162;18649
13;18650
18;18651
19;18652
15;18653
23;18654
203;18655
32;18656
1;18659
39;18683
12;18684
6;18686
6;18687
150;18688
8;18689
26;18692
33;18701
14;18702
15;18707
152;18709
16;18745
7;18746
45;18747
5;18748
70;18749
11;18750
148;18751
23;18752
13;18757
19;18772
42;18777
7;18778
13;18779
1;18780
17;18783
13;18791
183;18794
9;18797
28;18798
22;18801
13;18811
105;18841
44;18843
34;18844
3;18853
164;18861
49;18863
9;18864
167;18884
11;18886
3;18891
4;18894
11;18895
46;18937
45;18938
65;18939
601;18940
3;18956
37;18959
3;18960
160;18967
3;18982
14;18983
3;18987
18;18989
15;18991
31;18993
18;18995
40;18996
10;18997
30;19033
616;19034
159;19035
173;19036
17;19040
9;19044
3;19050
58;19054
204;19055
8;19083
20;19086
28;19087
1;19088
16;19090
28;19092
88;19129
192;19130
19;19131
43;19132
28;19137
4;19138
7;19142
10;19148
11;19149
4;19161
5;19167
9;19174
7;19179
29;19184
6;19186
2;19187
6;19204
83;19225
55;19226
41;19227
6;19245
42;19246
11;19248
24;19250
26;19282
5;19321
57;19323
24;19324
162;19325
21;19326
62;19327
13;19328
5;19343
9;19350
14;19353
2;19354
7;19355
4;19356
37;19360
28;19377
22;19378
27;19379
24;19382
33;19383
13;19384
7;19391
27;19417
81;19418
63;19419
25;19420
25;19421
38;19422
203;19423
15;19424
9;19426
33;19444
2;19449
13;19450
7;19453
15;19455
4;19456
13;19469
47;19476
66;19513
37;19514
82;19515
58;19516
15;19518
33;19528
151;19533
171;19535
40;19536
168;19539
164;19552
29;19559
145;19560
17;19562
23;19563
10;19565
11;19569
5;19571
17;19603
31;19609
30;19610
67;19611
1;19612
4;19631
22;19632
10;19638
156;19639
19;19655
14;19661
7;19705
190;19706
198;19708
7;19713
12;19723
157;19725
19;19726
27;19727
5;19734
24;19739
27;19750
27;19752
9;19753
7;19756
25;19759
7;19761
98;19801
636;19802
165;19803
21;19804
10;19819
5;19822
1;19843
6;19845
166;19846
4;19847
32;19857
194;19898
37;19899
93;19900
23;19906
17;19916
43;19917
172;19918
61;19920
25;19922
1;19924
1;19926
11;19929
8;19943
20;19951
21;19956
5;19981
6;19991
168;19993
38;19994
6;19995
83;19996
8;19997
31;19998
42;19999
65;20000
190;20026
10;20027
81;20029
36;20032
16;20044
5;20048
42;20049
24;20052
2;20081
19;20090
45;20091
36;20092
237;20094
200;20095
201;20096
8;20107
16;20118
20;20121
8;20124
198;20126
5;20128
31;20145
1;20185
152;20186
37;20187
193;20188
5;20203
21;20204
54;20206
30;20207
18;20208
3;20222
16;20227
12;20228
5;20230
40;20232
16;20238
76;20281
47;20282
48;20283
63;20284
1;20293
29;20301
66;20304
33;20308
15;20321
148;20326
6;20327
34;20331
8;20336
14;20338
39;20351
31;20377
13;20378
30;20379
59;20380
4;20386
12;20397
26;20400
1;20418
52;20421
66;20422
36;20423
3;20429
35;20430
25;20436
4;20473
95;20474
53;20475
24;20476
15;20491
150;20493
8;20494
7;20496
186;20518
20;20520
20;20522
4;20524
17;20526
57;20531
57;20569
293;20570
6;20571
20;20572
5;20573
7;20582
18;20590
13;20591
10;20601
162;20621
16;20624
154;20625
3;20626
43;20664
37;20665
192;20666
264;20668
131;20669
46;20670
37;20671
18;20672
26;20683
158;20697
1;20698
153;20700
31;20701
15;20702
37;20703
42;20704
4;20708
4;20719
2;20720
18;20724
12;20726
33;20757
11;20761
51;20762
13;20763
75;20764
44;20767
25;20768
7;20787
20;20789
70;20793
5;20795
191;20797
51;20798
191;20799
31;20800
4;20810
1;20814
34;20815
17;20819
158;20820
172;20857
65;20858
10;20859
33;20860
157;20861
6;20872
19;20876
28;20878
29;20903
20;20909
208;20953
173;20954
11;20955
44;20956
4;20958
20;20973
18;20974
10;20990
34;20997
28;20999
23;21002
37;21006
7;21008
12;21029
164;21049
256;21050
68;21051
11;21057
3;21061
3;21069
16;21070
14;21071
17;21072
8;21080
5;21090
8;21103
17;21106
22;21145
73;21146
112;21147
91;21148
15;21161
83;21166
32;21175
12;21193
13;21200
20;21201
36;21203
4;21241
24;21242
76;21243
34;21244
28;21261
22;21262
54;21263
4;21265
39;21276
4;21283
3;21286
8;21288
157;21290
3;21293
35;21296
15;21297
2;21299
17;21331
21;21337
33;21339
15;21341
26;21342
100;21343
562;21344
25;21371
30;21372
6;21373
27;21376
12;21383
62;21391
1;21392
20;21396
2;21397
3;21398
4;21425
5;21428
41;21433
45;21434
2;21435
6;21436
82;21438
12;21439
52;21440
12;21441
185;21465
4;21466
41;21469
40;21470
13;21472
19;21473
37;21484
17;21485
13;21493
7;21508
34;21529
24;21530
199;21531
8;21542
16;21548
32;21549
147;21550
33;21551
9;21557
16;21559
22;21568
4;21602
84;21625
118;21626
32;21627
72;21628
32;21643
42;21648
3;21659
19;21670
3;21675
9;21677
43;21679
31;21682
73;21721
44;21722
34;21723
114;21724
13;21737
34;21741
27;21742
9;21744
27;21750
4;21751
28;21765
22;21775
14;21776
16;21779
32;21780
5;21814
12;21817
33;21818
43;21819
56;21820
28;21836
17;21837
41;21838
29;21841
30;21850
2;21863
3;21875
528;21914
39;21915
184;21916
75;21934
17;21935
16;21936
9;21941
6;21956
27;21965
6;21966
19;21967
38;21970
37;22009
90;22010
20;22011
31;22012
9;22013
204;22015
43;22016
7;22017
4;22035
13;22036
12;22042
28;22043
35;22044
6;22046
12;22047
9;22058
10;22065
12;22066
5;22067
32;22088
13;22093
46;22105
78;22106
32;22107
13;22108
175;22109
1;22111
6;22115
1;22134
56;22139
11;22142
19;22143
9;22144
7;22146
32;22157
4;22158
20;22160
26;22161
29;22162
5;22163
10;22164
17;22168
1;22201
19;22202
202;22203
21;22204
8;22221
183;22222
31;22224
7;22227
159;22240
8;22256
52;22297
50;22298
20;22299
6;22300
12;22302
38;22317
35;22318
54;22344
176;22345
20;22350
19;22351
11;22354
32;22393
10;22394
50;22395
42;22396
20;22413
81;22414
20;22415
5;22420
23;22427
8;22430
23;22439
23;22444
23;22445
5;22447
154;22449
11;22450
34;22451
170;22452
14;22489
58;22491
61;22492
12;22504
13;22509
14;22511
8;22512
2;22516
11;22535
37;22536
30;22540
24;22544
40;22585
359;22586
29;22587
187;22588
17;22598
12;22601
52;22605
16;22606
10;22611
22;22629
8;22634
14;22638
29;22641
30;22679
171;22681
26;22683
12;22684
17;22685
29;22687
5;22702
5;22703
29;22707
10;22719
8;22726
21;22734
23;22740
4;22742
16;22744
157;22746
185;22777
324;22778
18;22779
3;22780
37;22781
23;22782
16;22783
27;22784
12;22796
5;22798
29;22809
185;22814
51;22815
13;22817
29;22818
16;22832
26;22873
130;22874
38;22875
15;22876
19;22894
20;22895
85;22896
21;22920
20;22926
21;22929
27;22930
597;22969
86;22970
88;22971
56;22972
7;22983
37;22984
24;22985
20;22989
7;22990
3;22991
10;22992
8;22996
30;23014
34;23015
21;23018
33;23020
159;23027
170;23028
24;23051
33;23065
399;23066
29;23068
2;23085
72;23086
12;23087
47;23088
4;23095
2;23098
8;23100
5;23103
16;23110
2;23111
7;23112
19;23113
9;23117
16;23123
7;23132
95;23161
200;23162
244;23163
107;23164
3;23168
3;23177
6;23181
36;23182
29;23183
18;23184
9;23190
2;23200
12;23205
34;23208
4;23212
10;23214
12;23216
557;23218
28;23219
5;23246
70;23257
66;23258
64;23259
250;23260
32;23272
32;23278
67;23279
8;23292
3;23302
5;23305
20;23307
21;23310
36;23313
202;23315
197;23353
34;23354
9;23355
40;23356
42;23357
32;23358
32;23359
39;23360
23;23363
8;23371
15;23384
35;23388
18;23390
78;23391
40;23407
6;23416
21;23427
11;23428
13;23449
23;23450
32;23451
15;23453
4;23454
25;23456
160;23468
11;23478
20;23481
8;23482
13;23484
14;23488
24;23503
561;23509
20;23511
39;23512
10;23515
48;23545
211;23546
371;23547
164;23548
11;23551
1;23558
14;23561
53;23565
35;23567
35;23568
158;23588
12;23591
27;23612
8;23620
190;23641
81;23642
177;23643
12;23644
20;23656
158;23661
7;23662
26;23667
2;23674
24;23687
9;23693
3;23699
7;23728
177;23737
92;23738
59;23739
25;23740
157;23758
30;23759
36;23777
9;23786
20;23789
57;23795
31;23796
62;23833
119;23834
93;23835
10;23836
24;23844
48;23853
7;23854
17;23855
18;23856
9;23865
35;23875
14;23882
6;23883
567;23889
58;23929
174;23930
35;23931
33;23932
22;23947
20;23951
6;23971
8;23980
4;23981
28;23986
52;23988
8;24016
11;24025
15;24027
15;24028
42;24029
30;24030
58;24031
69;24032
12;24041
27;24056
29;24058
8;24061
33;24063
32;24064
32;24077
169;24081
9;24085
149;24088
5;24092
4;24116
34;24121
2;24122
10;24123
31;24124
585;24125
8;24126
46;24127
42;24128
1;24130
25;24135
4;24153
3;24154
59;24155
12;24156
161;24157
22;24158
37;24160
34;24164
13;24175
9;24177
24;24195
183;24217
134;24218
199;24219
8;24220
23;24228
38;24232
14;24237
24;24238
33;24239
8;24240
21;24263
19;24264
12;24266
155;24267
17;24272
24;24274
37;24313
16;24314
112;24315
37;24316
16;24319
25;24321
18;24327
29;24333
15;24334
4;24335
4;24336
9;24342
19;24345
12;24346
2;24356
32;24358
162;24359
9;24362
54;24409
599;24410
19;24411
22;24412
4;24429
5;24430
574;24431
24;24432
8;24442
170;24454
11;24457
1;24463
34;24464
12;24467
9;24486
210;24505
195;24506
56;24508
6;24511
19;24525
6;24528
15;24530
10;24532
6;24534
28;24551
6;24554
31;24555
2;24559
27;24563
246;24601
46;24602
44;24603
224;24604
25;24609
21;24620
5;24623
14;24632
8;24637
43;24647
23;24654
7;24665
8;24684
52;24697
66;24698
212;24699
179;24701
8;24702
21;24703
183;24704
37;24729
13;24730
45;24731
19;24734
53;24735
27;24736
11;24738
20;24749
12;24750
17;24754
39;24758
15;24766
36;24767
36;24787
34;24793
4;24795
17;24796
23;24797
171;24798
31;24799
10;24800
8;24804
16;24814
17;24830
12;24832
20;24841
18;24845
171;24848
2;24851
12;24855
27;24863
18;24867
17;24878
27;24889
31;24890
58;24891
50;24892
9;24905
24;24907
35;24909
5;24910
42;24936
10;24937
4;24939
7;24940
26;24941
22;24945
1;24950
221;24985
19;24986
31;24987
47;24988
34;25005
17;25006
37;25007
172;25008
23;25016
24;25029
9;25030
163;25034
18;25038
25;25040
30;25075
59;25081
103;25082
623;25083
8;25084
25;25094
28;25095
162;25101
151;25104
15;25118
38;25131
7;25132
156;25135
4;25137
33;25138
30;25168
29;25177
14;25178
232;25179
33;25180
4;25193
178;25197
44;25199
22;25210
6;25217
33;25227
19;25234
47;25273
80;25274
5;25275
136;25276
6;25281
18;25293
43;25294
17;25296
35;25364
29;25369
66;25370
1;25371
22;25372
151;25374
62;25375
8;25382
34;25386
13;25394
24;25398
563;25401
12;25402
12;25403
10;25404
50;25405
185;25408
1;25410
11;25416
24;25417
29;25425
24;25429
17;25434
169;25462
60;25466
192;25467
22;25469
56;25470
13;25471
4;25472
29;25479
7;25490
25;25498
15;25499
33;25500
161;25501
10;25503
159;25517
31;25523
11;25527
19;25561
11;25562
40;25563
15;25564
10;25575
2;25580
18;25583
27;25597
32;25605
19;25607
15;25615
35;25618
65;25657
26;25658
68;25659
173;25679
26;25680
32;25690
161;25691
168;25715
27;25716
78;25753
15;25754
76;25755
32;25756
16;25773
16;25774
2;25775
10;25782
4;25790
5;25800
24;25801
8;25802
5;25810
23;25814
9;25838
29;25842
2;25846
28;25849
57;25850
81;25851
236;25852
158;25857
10;25860
104;25869
35;25870
9;25871
163;25879
9;25893
166;25894
22;25895
2;25899
18;25905
32;25945
90;25946
30;25947
27;25948
19;25950
5;25958
167;25965
39;25966
13;25967
14;25986
7;25989
158;25994
34;26004
15;26028
37;26041
25;26043
50;26044
57;26046
22;26047
19;26048
9;26064
18;26073
158;26074
23;26075
25;26078
20;26080
9;26093
11;26097
2;26098
9;26099
20;26104
6;26115
49;26137
6;26139
18;26140
12;26141
15;26142
232;26143
188;26144
27;26145
18;26146
16;26150
2;26168
22;26174
21;26176
13;26189
160;26190
18;26191
8;26195
242;26233
50;26234
244;26235
226;26236
9;26244
15;26253
55;26256
17;26259
3;26261
10;26263
1;26265
8;26277
24;26278
204;26281
4;26290
4;26292
3;26302
9;26310
16;26326
31;26329
391;26330
132;26332
10;26340
29;26349
24;26350
17;26374
22;26380
33;26382
16;26385
34;26388
8;26425
79;26426
54;26427
65;26428
34;26435
15;26445
31;26447
17;26454
16;26462
45;26465
22;26466
18;26471
171;26472
20;26478
10;26482
26;26502
84;26521
47;26522
223;26523
80;26524
35;26537
33;26541
15;26544
21;26566
5;26571
8;26574
22;26576
19;26578
358;26617
59;26618
33;26619
27;26620
19;26625
11;26639
2;26640
7;26644
19;26646
34;26649
161;26661
42;26662
2;26664
26;26669
21;26675
14;26699
34;26713
157;26714
21;26715
37;26716
167;26717
19;26718
175;26745
13;26746
168;26748
13;26750
7;26752
10;26754
32;26761
25;26764
7;26766
31;26767
11;26772
9;26773
25;26788
1;26809
46;26811
46;26812
21;26813
39;26814
154;26815
15;26816
5;26836
1;26837
11;26841
27;26843
162;26844
3;26845
25;26846
16;26847
158;26858
149;26861
30;26862
37;26867
45;26905
198;26906
178;26907
63;26908
43;26927
174;26928
10;26942
167;26946
1;26951
173;26953
57;26961
81;27001
188;27002
45;27003
11;27004
160;27015
35;27021
47;27022
16;27027
22;27035
10;27039
9;27048
27;27056
157;27060
12;27089
266;27097
85;27098
37;27099
36;27100
12;27103
32;27117
68;27118
169;27119
36;27120
31;27125
32;27143
3;27145
10;27147
18;27149
28;27151
10;27152
15;27181
51;27193
37;27194
4;27195
205;27196
12;27199
20;27206
5;27212
13;27213
65;27214
15;27215
10;27230
5;27234
34;27239
30;27242
29;27247
561;27251
31;27289
248;27290
235;27291
207;27292
18;27295
14;27308
176;27309
21;27310
15;27311
54;27312
23;27319
23;27329
15;27340
10;27348
164;27349
26;27359
8;27375
183;27385
67;27386
52;27387
6;27388
51;27389
8;27391
26;27392
23;27403
184;27419
33;27420
18;27423
28;27424
19;27425
1;27427
3;27442
28;27443
35;27445
19;27456
53;27481
10;27482
55;27483
11;27484
66;27485
81;27486
192;27487
166;27498
10;27513
3;27517
1;27518
8;27519
19;27520
5;27535
13;27540
11;27541
32;27542
20;27546
5;27555
255;27577
94;27578
164;27579
37;27580
33;27584
159;27597
11;27598
39;27599
17;27600
2;27606
22;27615
7;27622
18;27629
153;27630
22;27632
20;27673
20;27674
19;27675
207;27676
9;27694
3;27695
9;27696
6;27700
5;27710
7;27716
7;27717
9;27720
19;27721
8;27725
43;27726
2;27731
48;27769
66;27770
46;27771
6;27772
15;27789
22;27790
18;27791
21;27792
18;27798
6;27799
5;27813
30;27814
14;27820
14;27822
6;27825
27;27827
173;27838
329;27865
46;27866
116;27867
347;27868
12;27870
28;27875
180;27885
24;27888
19;27895
10;27897
11;27910
21;27911
13;27912
13;27916
7;27917
16;27919
18;27961
58;27962
80;27963
2;27964
192;27982
27;27983
165;27984
4;27986
22;28000
8;28005
31;28008
16;28011
1;28014
1;28018
6;28020
29;28059
10;28060
1;28062
2;28063
24;28064
17;28066
11;28067
17;28080
4;28090
26;28095
2;28096
4;28100
11;28113
10;28115
11;28119
310;28153
39;28154
7;28155
550;28156
48;28157
1;28159
165;28160
10;28183
31;28185
17;28188
79;28189
77;28192
6;28199
14;28206
4;28210
19;28212
2;28213
194;28249
91;28251
8;28252
3;28269
156;28272
161;28281
11;28284
25;28294
13;28298
10;28302
16;28304
20;28308
240;28345
71;28346
50;28347
29;28348
28;28362
61;28365
16;28369
2;28375
36;28378
19;28380
2;28393
1;28396
24;28399
16;28400
5;28404
12;28439
207;28441
88;28442
224;28443
47;28444
13;28461
3;28462
35;28464
11;28476
163;28491
13;28497
23;28537
35;28538
30;28539
29;28540
9;28544
35;28546
14;28554
1;28557
14;28559
25;28560
1;28569
33;28585
31;28587
166;28589
45;28590
6;28591
23;28595
30;28596
74;28633
34;28634
38;28635
11;28636
25;28639
31;28653
9;28675
23;28678
152;28679
2;28715
26;28723
39;28729
171;28730
45;28731
205;28732
172;28733
175;28736
11;28753
28;28761
2;28763
8;28764
32;28765
2;28766
16;28767
19;28782
157;28784
7;28787
3;28790
18;28805
67;28826
11;28827
63;28828
20;28829
72;28830
16;28831
11;28832
168;28838
25;28840
30;28842
25;28846
28;28855
63;28857
20;28858
37;28859
24;28860
10;28862
7;28863
17;28870
36;28873
23;28878
28;28880
14;28881
38;28885
42;28921
161;28922
55;28923
177;28924
160;28941
6;28942
13;28954
12;28959
174;28961
4;28966
27;28972
62;29017
39;29018
53;29019
22;29020
29;29031
19;29033
6;29037
21;29039
18;29040
39;29060
13;29069
53;29072
8;29076
7;29077
36;29088
3;29113
42;29114
86;29115
16;29116
1;29133
14;29135
213;29136
31;29156
35;29157
37;29160
4;29170
207;29213
38;29214
68;29215
96;29216
23;29233
34;29235
31;29258
3;29260
16;29262
166;29266
23;29270
30;29309
45;29310
79;29311
12;29312
15;29318
13;29322
21;29329
14;29330
10;29331
9;29332
31;29333
12;29354
169;29405
26;29406
38;29408
51;29409
60;29411
52;29412
16;29416
4;29438
28;29439
163;29442
29;29452
32;29454
31;29455
38;29460
28;29462
22;29463
32;29485
18;29495
17;29500
161;29501
26;29502
49;29503
29;29505
44;29506
35;29512
16;29519
1;29533
29;29535
10;29538
26;29541
40;29549
32;29550
44;29555
7;29557
2;29558
4;29595
9;29597
204;29598
30;29599
2;29613
14;29616
26;29617
579;29619
26;29626
168;29641
559;29642
7;29649
13;29652
22;29654
86;29693
64;29694
56;29695
145;29696
1;29708
42;29713
7;29714
3;29715
57;29716
20;29722
18;29732
14;29737
24;29775
44;29789
192;29790
18;29791
58;29792
150;29794
32;29799
9;29800
9;29804
184;29809
33;29810
12;29811
13;29812
3;29819
2;29823
2;29833
10;29837
28;29846
26;29852
65;29885
77;29886
46;29887
49;29888
33;29890
9;29897
7;29903
51;29905
32;29906
2;29907
29;29908
6;29910
8;29935
20;29936
38;29938
11;29941
20;29943
217;29982
94;29983
13;29984
37;30001
162;30002
22;30003
25;30004
39;30015
27;30034
5;30038
17;30062
25;30071
19;30072
24;30078
218;30079
66;30080
47;30081
55;30082
28;30083
23;30084
3;30088
11;30089
5;30092
8;30095
38;30099
2;30105
26;30110
36;30111
3;30113
167;30114
21;30115
30;30116
5;30131
20;30135
16;30136
19;30170
70;30173
38;30174
177;30175
6;30177
16;30178
19;30179
8;30180
168;30187
30;30189
38;30201
10;30204
43;30205
35;30206
6;30207
22;30208
176;30211
4;30216
27;30217
55;30228
15;30229
37;30231
6;30235
15;30236
66;30269
790;30270
31;30271
138;30272
72;30289
21;30291
26;30292
1;30300
16;30315
28;30319
16;30320
3;30321
10;30322
161;30357
36;30365
33;30367
11;30368
7;30385
12;30386
35;30387
14;30394
9;30408
36;30409
16;30416
19;30418
22;30461
206;30462
58;30463
35;30464
34;30470
14;30481
8;30482
35;30483
556;30484
16;30494
30;30497
8;30504
33;30507
26;30510
15;30517
1;30518
169;30522
2;30538
1;30546
11;30557
144;30558
179;30559
77;30560
159;30577
9;30578
29;30579
45;30580
25;30602
318;30604
21;30609
35;30610
2;30612
28;30622
9;30625
87;30653
222;30654
54;30655
102;30656
8;30661
25;30673
16;30674
28;30675
9;30676
10;30686
10;30693
4;30695
9;30697
11;30698
30;30699
24;30700
9;30711
11;30717
56;30749
36;30750
11;30752
34;30753
25;30754
11;30755
4;30758
6;30769
29;30778
8;30781
6;30782
36;30783
18;30784
15;30785
199;30786
1;30795
12;30801
168;30802
170;30804
13;30805
19;30806
9;30807
10;30817
20;30819
33;30845
226;30846
30;30847
38;30848
40;30849
95;30851
2;30865
53;30877
9;30880
40;30882
25;30883
4;30902
7;30903
162;30908
3;30911
361;30941
212;30942
34;30943
320;30944
12;30948
33;30961
52;30962
59;30963
51;30964
8;30970
9;30989
12;30992
599;30993
37;30994
61;31037
58;31038
79;31039
196;31040
2;31058
2;31062
33;31081
183;31084
7;31086
18;31089
29;31096
76;31133
11;31134
7;31135
184;31136
19;31137
33;31153
36;31154
35;31155
27;31174
14;31178
7;31180
14;31181
25;31183
9;31186
110;31229
67;31230
20;31231
35;31232
3;31235
21;31237
9;31249
19;31252
15;31269
160;31273
24;31275
7;31277
1;31296
38;31325
88;31326
50;31327
241;31328
11;31336
13;31345
13;31346
3;31347
13;31350
5;31351
2;31376
11;31410
11;31417
37;31421
171;31422
22;31423
6;31424
2;31425
61;31427
26;31428
20;31437
10;31441
15;31442
1;31447
9;31449
23;31454
15;31455
87;31457
363;31459
16;31460
164;31474
165;31475
16;31479
13;31482
20;31496
30;31513
18;31518
75;31520
226;31521
28;31523
23;31524
24;31528
36;31529
34;31551
214;31552
33;31553
29;31554
3;31555
16;31556
20;31570
5;31571
3;31573
53;31578
49;31613
5;31614
212;31615
60;31616
12;31619
23;31620
170;31634
35;31657
1;31658
3;31660
12;31661
2;31664
7;31670
36;31709
72;31710
28;31711
37;31712
26;31717
18;31729
40;31731
30;31732
22;31736
4;31743
164;31747
23;31756
16;31757
7;31759
36;31761
1;31763
35;31765
22;31771
40;31805
68;31806
45;31807
57;31808
22;31811
6;31815
15;31817
38;31826
224;31827
8;31859
1;31893
31;31901
238;31902
14;31903
33;31904
12;31915
2;31918
20;31921
7;31923
7;31924
48;31947
7;31949
25;31951
160;31952
2;31953
5;31955
16;31957
16;31997
12;31998
40;31999
1;32000
4;32001
8;32009
52;32018
183;32020
13;32038
12;32041
1;32046
1;32053
9;32054
3;32055
7;32079
18;32091
81;32095
32;32096
81;32097
14;32098
9;32099
35;32100
3;32107
21;32111
6;32118
6;32125
11;32126
15;32128
30;32132
22;32139
2;32145
31;32147
11;32149
167;32151
18;32154
22;32173
61;32189
11;32190
9;32191
34;32192
35;32194
188;32195
22;32196
21;32210
9;32219
11;32222
20;32223
5;32224
17;32228
165;32241
22;32242
12;32285
3;32286
99;32287
33;32288
21;32294
9;32307
17;32308
21;32331
10;32332
33;32338
574;32339
30;32344
35;32369
116;32381
10;32382
113;32384
16;32385
145;32398
19;32399
39;32401
5;32420
22;32427
9;32428
27;32429
17;32431
5;32432
15;32437
2;32470
1;32471
215;32477
65;32478
212;32479
164;32480
3;32495
182;32497
150;32498
15;32500
28;32519
18;32521
15;32522
44;32523
36;32525
24;32528
39;32533
4;32536
40;32573
270;32574
70;32575
261;32576
28;32582
10;32586
2;32587
16;32595
161;32596
5;32608
1;32624
7;32627
92;32669
5;32670
4;32671
59;32672
5;32682
50;32689
33;32690
5;32692
2;32696
11;32714
24;32716
18;32718
150;32719
35;32765
20;32766
51;32767
102;32768
12;32769
34;32770
62;32772
26;32780
6;32798
49;32799
61;32800
23;32801
33;32802
199;32804
5;32819
18;32820
2;32824
4;32862
23;32863
39;32865
46;32867
16;32868
33;32875
171;32894
36;32895
6;32896
39;32898
15;32899
163;32900
1;32907
166;32911
27;32913
53;32915
21;32919
20;32921
7;32924
24;32958
22;32959
30;32960
17;32964
5;32970
2;32979
166;32985
33;32989
21;33004
1;33008
28;33028
123;33053
71;33054
71;33055
8;33056
155;33069
18;33071
25;33072
20;33073
10;33074
9;33075
4;33076
155;33084
152;33086
23;33097
2;33104
4;33105
13;33107
14;33109
54;33149
570;33150
41;33151
219;33152
17;33159
18;33161
39;33169
45;33170
4;33172
19;33178
29;33185
11;33194
34;33195
6;33203
158;33204
4;33206
205;33245
348;33246
29;33247
20;33248
51;33265
352;33266
5;33268
2;33272
35;33284
157;33292
11;33295
16;33300
16;33304
753;33341
21;33342
79;33343
10;33344
7;33358
48;33361
84;33362
107;33363
17;33364
7;33379
32;33383
23;33385
30;33388
15;33393
16;33395
16;33396
23;33397
28;33399
8;33429
195;33437
187;33438
10;33439
39;33440
12;33441
33;33442
64;33443
29;33444
64;33471
9;33472
34;33474
26;33475
2;33476
16;33478
11;33480
5;33486
12;33490
159;33494
5;33495
16;33498
23;33514
1;33525
165;33529
31;33534
53;33535
186;33536
23;33537
3;33538
181;33539
65;33540
14;33547
30;33555
16;33565
29;33566
39;33569
57;33570
8;33585
64;33587
148;33588
39;33589
5;33590
12;33592
30;33618
17;33629
244;33631
31;33632
7;33637
1;33649
12;33650
35;33651
18;33662
28;33675
17;33677
1;33679
42;33684
34;33725
74;33726
265;33728
16;33732
28;33735
32;33737
23;33745
25;33747
24;33748
8;33751
16;33772
8;33778
1;33783
4;33807
50;33821
65;33822
5;33823
180;33824
24;33832
11;33842
23;33843
11;33857
28;33865
150;33876
10;33878
49;33917
73;33918
246;33919
83;33920
7;33928
37;33938
164;33939
11;33940
27;33954
22;33971
26;33974
63;34013
100;34014
30;34015
51;34016
8;34018
14;34033
161;34035
163;34037
13;34057
24;34059
38;34065
158;34066
9;34070
568;34109
189;34112
64;34113
230;34114
549;34115
34;34116
29;34120
6;34124
2;34141
36;34142
55;34144
11;34145
12;34146
27;34148
3;34162
11;34168
12;34170
29;34171
27;34205
40;34206
8;34207
38;34208
54;34209
32;34211
22;34212
10;34216
7;34226
14;34231
21;34236
14;34237
3;34238
35;34239
9;34240
73;34241
33;34243
13;34260
35;34263
2;34264
28;34267
165;34283
64;34301
266;34302
34;34303
63;34304
19;34321
14;34323
2;34329
8;34332
17;34342
30;34350
47;34354
15;34358
195;34397
201;34399
220;34400
16;34417
167;34419
33;34420
24;34432
19;34442
33;34447
4;34456
11;34472
106;34493
197;34494
68;34495
17;34496
35;34501
175;34505
20;34506
71;34515
2;34516
31;34519
19;34520
6;34531
7;34537
10;34538
27;34541
12;34543
20;34545
22;34550
18;34552
9;34589
255;34590
180;34591
55;34592
10;34612
15;34640
161;34644
17;34648
7;34673
70;34685
32;34686
88;34687
14;34697
73;34705
12;34706
24;34708
31;34719
22;34722
32;34732
25;34738
19;34749
31;34776
36;34781
166;34782
6;34783
26;34784
33;34786
552;34787
113;34788
18;34789
10;34801
63;34813
63;34815
1;34816
6;34817
13;34818
11;34819
13;34826
17;34827
13;34831
25;34833
12;34836
19;34840
49;34878
49;34879
19;34880
407;34881
39;34882
26;34883
3;34884
168;34909
213;34910
37;34913
24;34914
22;34916
30;34921
2;34925
10;34934
152;34937
28;34940
218;34973
157;34974
64;34975
30;34976
19;34994
200;34995
28;34996
8;35003
29;35017
2;35020
23;35022
167;35024
13;35028
6;35029
557;35031
