sums of daily draw-off volumes
301.5
235.5
310.8
227.8
116
425.5
210.2
210
250
227
229
342
217.5
201.8
114.5
240.2
243.2
166.8
318.5
271.5
174
93.8
195.2
334.8
161.8
244.8
229
250.5
185.2
116.5
265
138
255.5
313.5
459
244.5
139
216.8
192.5
198.2
364.8
167.8
159.2
140.2
180.2
105.5
148.5
337.5
331.8
254
291
65.5
585.2
204
299.2
373.2
115.8
272.2
167.8
150.2
169.2
204.5
208.8
122.8
152
176.8
474.5
147.5
135
181.5
202.5
291.8
245.2
123
171.2
187.2
390.8
242.2
342.8
245.5
199.5
68
404.5
258.8
220.5
137
161.2
206.5
137.2
370.2
210.8
276.5
277.5
365
139
248.8
228.2
165.8
74
195.8
166.5
121
162.8
148
133.2
129.5
235.8
110.2
154
124
204.5
133.5
220.2
200.5
134
224.2
73
108.5
98.2
186.2
138.2
164.2
111.2
125
150.8
309
126.2
194.5
226
78
121.5
117
170.8
121.5
188.2
324
117.5
161.8
107.8
424.2
160.2
78.2
116.5
97.8
171.8
240.5
158.5
130.2
202.2
169.8
120
217.5
419.8
162
101.8
184
256
158.2
153.5
320.2
309.8
80
264
50.8
307.8
160.5
198.5
218
209.2
102.2
80
72
215
306.8
209.5
247.5
87.2
176
256.5
37.5
157.8
237.5
351.5
197.5
205
233.2
67.5
496.2
184.5
60
158.5
152.5
238.8
130.8
236.8
176.2
151
278
342.5
116
73.5
144
155
306.2
92.8
187
286
181.8
214
256.5
150.8
156.8
98.2
165
191
317.8
258
134.8
154.2
150.5
127.2
128
240.5
157.5
136.8
123
122.8
74.8
241
146.8
160.5
159.8
123.2
183.5
71
198.8
140.8
243.2
105.5
347.5
178.2
352.2
220.2
162
256
285
179.2
175
257.2
110
188.2
285.5
234
139.5
384.2
156.5
176.5
268.2
157.2
96.5
210
360.5
161
88
345.8
249.2
60.8
186.5
78.5
284.5
158.8
132.2
207.8
279.8
191
151.2
154.5
205.2
237.5
242.8
277.2
202
221.2
277.8
320
198
189
259.5
98.2
133.8
298
157.8
44.8
344.8
177
150
204
137.5
99.2
280
217.8
207.8
106.2
120.5
176.2
72.8
196.8
154.5
415.8
128.2
212.2
125.8
160.2
228.2
260
304.5
97.2
316.5
271.2
169.5
221.5
199.2
449.8
167
124.2
122.8
119.2
316
222.5
147.8
154.2
130.8
157
88.8
155
163
215.5
148.2
304.2
217.8
114.5
184.5
221.5
80.2
226.2
317
311.8
329
234
298
120.8
138.5
140.2
186.2
208
466.8
129.5
186
228
218.5
175.5
112.2
311.8
319.5
380.2
sums of draw-off volumes of each hour of the day
112.6
162.1
296.8
123.4
142.8
244.4
13056.5
16689.2
7245.5
1370.8
928.1
4050.3
4937.4
1759.3
1894.3
3050.5
2379.7
1932.7
2160.1
2882.1
3733.9
2723.8
1024
387
sums of draw-off volumes of each hour of weekdays
43.8
57.4
143.8
35.4
99.9
109.9
10693.3
11415.2
3305.1
634.7
476.1
3688.6
4706.3
1621
585.9
501.7
519
1438.4
1897.5
2220.2
2848.3
1389.7
279.3
144.9
sums of draw-off volumes of each hour of weekend-days
68.8
104.7
153
88
42.9
134.5
2363.2
5274
3940.4
736.1
452
361.7
231.1
138.3
1308.4
2548.8
1860.7
494.3
262.6
661.9
885.6
1334.1
744.7
242.1
holidays of household(s), numbers correspond to day of year
