sums of daily draw-off volumes
66.2
38.5
118
141.5
254.5
16.5
34.5
101.8
44
115.5
38.8
42
102
75.5
137.5
73.2
133.8
75
46.2
78.2
82.5
72.8
24.5
47.5
41.5
66.5
94.5
36
41
87.5
76.8
110.2
34
67.2
88.5
49.2
118.5
42.2
232
77.5
87
106.8
171
120.5
38.5
107.5
75.8
117.2
159.8
81.5
90.2
59.2
33.2
124.5
78
80
47.2
51.8
25.2
216.5
20.5
93.2
182
56.8
177.8
85
113.5
36.8
109.5
51
130
11.2
64.5
25
40.8
100.8
109.8
60.8
35.8
131.2
102.8
56.5
190
41
140.8
109.2
42.2
69
107
107
97.8
45
66.5
29.8
56.8
106.2
223.8
118.8
72.5
83
103.5
80.5
30.5
146
127
95.5
108.5
264
42.8
36.8
133
132
23.5
107
22.8
64.8
25.5
29.8
92.2
51.8
90.2
211.5
42.2
44
83.5
116.2
89.2
112.5
111
68.2
38.2
95
103.2
35
21.2
48.8
59.5
40.5
77.2
118.8
92.8
47.8
66.5
95
82.2
40.5
82.5
27.2
117
89.5
29.8
33
80.8
111.2
249
30.8
93
122.8
82
72.8
272.5
36.2
19.8
34
45.8
81.8
125.8
119.5
21.2
102
67
117
30.8
34.8
18
68.8
60.5
150.8
27.5
65.2
119.8
15.8
74.8
28.2
45.5
121.2
24.8
88.2
135.2
24
24.8
78.8
26.2
10.5
116.2
39.5
19.5
71
45
83.5
38
166.2
35
38
74.2
21.8
17
31.8
35.8
51.2
33.2
37.5
81.5
91.2
12
36.2
41.5
10.8
220.8
22.8
30
37.2
56.5
71.5
88.8
101
78.8
52.2
29.5
108.5
50.5
70
59.2
259.5
152.8
95.5
68.5
31.8
66.5
51.2
43.2
42
21.8
63.5
56
79.5
79.8
173.8
30
20
93.2
64
203.5
77
29
24
45
106.8
22.8
100
77.2
19
218.8
79.8
80.5
117
33.8
61.2
141.8
25.8
47.5
73
119.2
183.8
3
89.5
27
27.8
49.2
60.5
34.8
221.5
20.8
30
30.2
81
68.8
63.5
30.8
17
18.2
84.2
36.2
42.2
83.2
36.5
65
99.2
23
87.8
132.2
165.2
82.8
100.2
79
72.5
66.8
153.5
35.2
31.2
102.8
107.5
113.2
75
84.2
30.2
60.2
35.8
221
144.5
61
173
28
35.8
32.8
116.5
54.5
22.5
251.8
64.2
104
109
38.5
64.5
89.5
87
96.5
144.8
20.5
90.5
92.8
50.8
24
173.5
86
46.2
31
88.5
149
202.8
71
14.5
106.2
225.8
34.5
32.5
131.5
69
210.5
66.5
181.8
240.8
101.5
276
100.8
sums of draw-off volumes of each hour of the day
135.5
107.3
101.2
121.7
83.7
105.8
4943.8
6655
3161.5
804.9
482.6
1922.1
1541.1
878.9
653.2
932.59999999
940.9
776.5
962
1363.5
1014.9
1024.6
479.7
187.4
sums of draw-off volumes of each hour of weekdays
77.2
89.7
34.7
49.5
53.1
5.7
4007.7
4893.4
1653.8
319
213.9
1754.3
1461.9
725.1
207.2
87.7
146.4
561.9
828.6
1133.1
573.9
572.1
223.1
109.8
sums of draw-off volumes of each hour of weekend-days
58.3
17.6
66.5
72.2
30.6
100.1
936.1
1761.6
1507.7
485.9
268.7
167.8
79.2
153.8
446
844.89999999
794.5
214.6
133.4
230.4
441
452.5
256.6
77.6
holidays of household(s), numbers correspond to day of year
