sums of daily draw-off volumes
89
94.5
102.5
113.5
171.5
70
139.2
124.8
146.8
104.2
145.5
136.5
111
111
93
129.5
121.8
76.8
73.8
137.8
281.2
208.5
132.5
111.5
104.8
205
116.5
145.2
150.8
55
170.2
130.5
96.5
151
210
94.8
136.2
101.2
66.5
31.5
133
128.5
124.5
200.8
52.5
161.8
102
178.2
172.5
64.2
73.2
222.5
214
83.8
279
98.5
114
138.8
107.2
97.2
154.8
182
128.8
156.2
116.5
94.5
146.2
39.5
180.5
183.2
49.8
22.5
96.2
70.5
52.2
201.2
258.8
56.2
112
104.5
92
167.5
130.8
114.8
96.8
252.5
246.8
125.5
51.8
24
137.5
125.2
108.8
105.2
81.5
165
72
81.2
84.8
162
116.2
105.2
131.2
138.5
162.2
80
133.5
140.5
299.2
132.2
135.5
168.8
96.5
176.5
118
112
101.8
145.5
205.8
55
64.5
69.2
111.2
83
147.2
104.2
57.5
192
24
195.5
89.2
286.5
180.5
157.2
53.2
38.5
82.8
256.5
192
293
97.5
20.2
77.8
82
108
142.2
122.5
135.2
84
83.8
159.5
161.5
78.5
104.8
72.2
385
299.5
143.2
82.5
189
73.8
63
131.5
120
170
38.8
72.2
43
44.2
64.8
113.2
93.2
46
139.8
49.5
121.8
205.5
108.5
172
90.5
72.5
106
103.8
111.2
81.2
119
32.2
181
261
94.2
43.5
56.2
102.2
75.2
137
108.5
180.5
79.2
60.5
292
72
105.8
98.2
72.5
106.2
35.2
46.5
61
171.2
77.2
116.8
150.5
88.8
498.5
51.8
66.2
51
132.2
120
76.8
85
66.5
232.8
173.5
90
161.8
43
116.8
64
44.2
84.8
52.2
31.2
89.8
68.8
171.8
44
142.5
75.2
100.2
90.8
33.2
147.8
56.2
90.8
131.5
74.8
97
92.2
160.8
49.5
80.5
78.5
50.8
45
73
128.5
85.5
130.8
103.8
35.5
79.2
467.2
183
85.5
167.8
158
222.8
408.8
263.2
122.2
123.8
117
194.8
217.8
107
150.5
84.5
227.2
127.2
125.5
94.8
76.8
86.2
47
189.5
190.2
96.8
91.8
187.5
119.5
133.2
66.8
32.2
118.8
114
34
148.8
264.2
146
76
117.8
33.8
38.2
66.8
55
105.8
110.2
142
220
75.5
218.5
57
144
180.2
76
58
131.5
82.2
71.2
44.8
138.8
139.8
120.5
69.8
56.8
87.5
109.5
68.8
69
41
56.2
148.5
112
75.5
161.5
89
120
186
48.2
255.2
88.8
185
56.8
64.2
114.2
73.5
167
131.2
248
140
95.8
58.8
163.2
66.5
100.8
290.5
136.5
98
126
142
135.2
68.8
100
67.2
sums of draw-off volumes of each hour of the day
106.8
119.4
139.2
62.3
55.6
119.5
7313.1999999
9863
3817.9
876.9
549.4
2897.5
2741.4
947.1
1322.8
1985.4
1684
997.8
1964.2
1919.6
2016.6
1596.8
726.2
85
sums of draw-off volumes of each hour of weekdays
29
46
77.1
30.4
20.7
76.7
6089.8999999
6779.6
1943.8
349.1
392.1
2710.5
2543.8
770.9
504.9
393.3
440.7
781.4
1876.3
1643.9
1267
879.8
296.8
37.9
sums of draw-off volumes of each hour of weekend-days
77.8
73.4
62.1
31.9
34.9
42.8
1223.3
3083.4
1874.1
527.8
157.3
187
197.6
176.2
817.9
1592.1
1243.3
216.4
87.9
275.7
749.6
717
429.4
47.1
holidays of household(s), numbers correspond to day of year
