21;29
26;30
43;32
13;50
23;52
180;67
17;76
33;85
53;125
29;126
11;127
162;128
10;143
14;146
17;148
16;153
17;155
15;176
34;192
44;222
35;223
29;224
17;232
162;243
21;255
21;260
4;274
30;276
34;278
13;279
21;319
164;320
170;344
32;346
4;353
25;361
38;372
23;388
71;414
4;415
52;416
157;433
156;448
186;458
37;471
32;509
4;510
34;511
21;513
8;516
22;541
13;542
28;545
9;546
11;547
18;548
10;560
26;568
3;569
24;570
17;572
36;605
34;607
34;608
202;609
55;610
20;611
16;612
8;624
9;627
18;640
24;641
9;642
29;643
20;656
12;659
13;666
7;667
11;668
192;701
38;702
44;703
13;704
20;747
13;751
10;756
169;757
57;797
25;799
57;800
3;801
9;809
17;810
32;817
18;819
19;820
13;827
6;838
6;841
159;843
166;854
10;884
18;893
32;894
32;895
37;896
20;902
11;905
7;907
163;909
13;912
4;914
29;915
16;916
1;922
24;935
23;966
205;990
197;991
18;992
16;1000
40;1009
39;1010
21;1011
4;1021
3;1034
9;1039
1;1040
6;1044
35;1068
55;1085
17;1086
56;1087
70;1088
4;1094
20;1099
18;1105
12;1106
37;1107
6;1108
12;1136
26;1137
11;1138
167;1144
25;1183
17;1184
5;1185
50;1186
12;1187
17;1188
189;1213
5;1217
35;1218
22;1220
22;1230
27;1234
18;1238
1;1270
8;1278
16;1279
32;1280
35;1281
23;1282
26;1284
163;1300
4;1301
33;1306
4;1313
27;1314
8;1316
2;1329
7;1335
1;1337
25;1338
29;1340
9;1361
41;1373
12;1374
17;1375
174;1393
56;1394
35;1395
3;1396
25;1427
27;1469
22;1470
6;1471
244;1472
25;1489
16;1490
18;1492
154;1513
6;1515
77;1565
165;1566
37;1568
35;1573
33;1584
7;1585
15;1586
64;1588
21;1608
14;1610
3;1612
16;1618
38;1662
8;1663
166;1664
13;1678
12;1681
12;1682
18;1692
36;1694
4;1717
8;1757
163;1758
29;1759
35;1771
20;1778
35;1802
4;1807
1;1811
7;1827
19;1834
13;1838
1;1848
109;1855
22;1856
10;1857
16;1858
6;1860
27;1886
22;1887
34;1890
161;1891
9;1892
51;1900
32;1912
12;1918
34;1950
13;1952
8;1953
219;1954
51;1955
36;1956
17;1959
18;1979
32;1981
26;1985
16;1986
35;1987
13;1999
3;2002
15;2006
558;2009
31;2010
70;2045
20;2046
32;2047
25;2048
31;2051
4;2062
24;2065
50;2068
570;2090
8;2102
215;2141
33;2143
167;2145
30;2150
3;2151
14;2157
38;2162
1;2171
1;2192
22;2194
6;2198
32;2237
39;2238
51;2239
25;2240
37;2257
8;2260
19;2269
18;2270
5;2283
19;2285
34;2290
159;2292
26;2315
34;2333
41;2334
162;2335
22;2336
14;2337
29;2354
6;2362
19;2379
26;2384
23;2389
17;2391
20;2429
312;2430
36;2431
41;2432
25;2433
36;2444
30;2449
32;2452
35;2463
13;2464
26;2465
15;2467
170;2473
29;2479
29;2526
9;2527
17;2530
174;2532
57;2558
1;2559
25;2560
154;2582
321;2622
19;2623
59;2624
14;2625
28;2626
11;2628
30;2629
31;2655
4;2656
23;2674
22;2675
12;2679
7;2680
169;2717
27;2718
41;2720
13;2723
24;2737
178;2739
23;2740
28;2751
6;2758
42;2761
52;2765
136;2813
51;2814
8;2815
5;2866
20;2870
1;2908
24;2909
97;2910
26;2911
69;2912
4;2918
12;2923
18;2929
14;2930
8;2931
6;2932
144;2943
15;2953
8;2954
35;2962
43;2965
157;2968
150;3005
21;3006
13;3007
54;3008
29;3014
159;3025
19;3033
9;3044
20;3054
27;3060
21;3063
25;3101
219;3102
14;3103
28;3104
30;3108
12;3121
15;3122
6;3124
20;3147
16;3149
1;3152
163;3199
27;3200
207;3203
30;3204
6;3224
31;3230
25;3231
15;3233
23;3234
15;3236
20;3250
22;3253
20;3254
1;3276
42;3293
162;3294
58;3295
25;3296
30;3297
3;3298
20;3299
26;3300
8;3317
13;3322
11;3325
42;3326
11;3327
206;3329
157;3331
17;3347
8;3350
4;3368
29;3389
58;3390
93;3391
40;3392
21;3400
12;3409
17;3411
28;3412
17;3416
1;3418
20;3424
20;3435
4;3438
6;3446
9;3447
249;3485
28;3486
30;3488
2;3505
28;3507
12;3517
155;3522
7;3530
15;3534
19;3544
54;3581
16;3583
11;3603
46;3604
15;3620
163;3625
60;3627
12;3629
28;3632
48;3677
9;3678
27;3679
5;3680
28;3692
4;3697
60;3698
12;3700
25;3712
11;3726
4;3728
2;3730
31;3736
52;3773
17;3776
11;3793
12;3794
17;3796
6;3820
11;3831
23;3842
174;3869
43;3870
14;3871
38;3872
24;3875
13;3876
32;3886
23;3902
69;3903
14;3905
43;3906
10;3907
8;3908
4;3925
24;3938
17;3965
27;3967
9;3968
32;3969
63;3970
50;3971
35;3972
23;3996
5;3997
172;3999
18;4003
10;4004
10;4018
19;4022
30;4061
13;4062
161;4064
53;4081
21;4084
165;4091
30;4117
25;4118
8;4135
51;4157
241;4158
55;4159
177;4160
30;4170
4;4177
24;4178
4;4180
158;4193
1;4212
49;4213
1;4220
21;4253
28;4254
56;4256
3;4258
3;4266
26;4273
5;4289
9;4309
59;4310
59;4349
213;4350
44;4351
34;4352
53;4369
4;4394
18;4401
20;4402
20;4405
170;4407
12;4408
66;4445
24;4446
162;4447
17;4448
18;4449
18;4456
18;4467
30;4468
20;4495
21;4498
14;4504
19;4520
55;4541
20;4542
21;4543
56;4544
81;4545
28;4546
62;4547
1;4548
22;4550
5;4552
32;4556
2;4558
16;4562
8;4566
21;4569
28;4575
21;4593
156;4597
8;4598
22;4601
16;4603
13;4608
162;4612
10;4639
23;4640
7;4641
163;4642
196;4643
32;4647
1;4651
5;4669
18;4670
4;4671
3;4675
19;4689
4;4694
32;4699
11;4700
23;4717
5;4733
34;4734
17;4735
8;4752
2;4753
165;4754
3;4786
165;4829
12;4831
19;4832
15;4849
25;4851
3;4855
43;4885
11;4888
26;4904
767;4925
20;4926
4;4927
6;4928
18;4964
12;4972
16;4973
19;4976
2;4980
89;5021
197;5022
73;5023
54;5024
24;5030
8;5042
153;5043
5;5044
26;5058
7;5059
27;5066
165;5077
22;5078
6;5084
197;5117
3;5118
28;5119
46;5120
5;5139
1;5140
8;5154
13;5170
34;5176
1;5214
37;5216
31;5217
183;5220
10;5225
20;5245
6;5246
34;5248
16;5249
11;5251
9;5252
6;5255
11;5263
562;5265
155;5270
24;5272
5;5303
8;5309
3;5310
30;5311
33;5312
21;5314
38;5315
75;5316
16;5321
16;5334
32;5341
42;5345
20;5355
11;5362
24;5363
16;5366
4;5371
23;5405
44;5406
27;5407
14;5408
37;5412
33;5415
50;5425
32;5426
6;5428
26;5438
164;5457
23;5476
8;5501
68;5502
20;5503
189;5504
35;5506
155;5513
4;5521
22;5523
2;5530
29;5546
19;5597
49;5598
31;5599
243;5600
27;5607
8;5620
10;5623
12;5634
7;5645
14;5646
9;5648
24;5693
177;5694
48;5696
19;5698
1;5713
23;5714
11;5715
23;5719
28;5738
29;5744
6;5745
238;5789
57;5790
25;5791
235;5792
9;5801
12;5810
15;5811
8;5812
14;5816
6;5827
200;5885
191;5886
197;5887
37;5889
31;5890
18;5892
3;5898
4;5901
3;5920
2;5921
6;5922
21;5932
14;5941
1;5943
6;5975
10;5982
46;5984
31;5987
26;5988
21;5992
2;5993
9;5996
44;6015
24;6016
164;6017
7;6018
39;6020
42;6038
11;6039
18;6040
15;6048
23;6049
2;6077
38;6078
223;6079
55;6080
16;6090
17;6092
2;6097
33;6098
11;6099
2;6100
31;6122
160;6126
9;6127
2;6128
1;6133
20;6173
46;6175
33;6176
19;6181
11;6191
22;6194
20;6196
10;6200
27;6218
29;6221
163;6223
18;6225
28;6231
20;6232
82;6269
62;6270
3;6271
26;6272
31;6273
34;6292
11;6298
15;6303
6;6315
19;6318
57;6320
20;6323
12;6326
19;6365
202;6366
8;6367
40;6368
4;6376
24;6385
1;6386
7;6387
27;6388
9;6391
165;6398
19;6411
25;6414
35;6417
24;6461
13;6462
18;6463
11;6482
27;6484
33;6494
11;6501
3;6503
18;6511
29;6557
10;6558
7;6559
51;6561
9;6562
6;6563
53;6564
2;6566
10;6576
20;6584
57;6589
42;6590
23;6591
46;6592
34;6593
69;6594
18;6595
184;6596
9;6599
14;6609
28;6615
1;6618
28;6640
8;6651
9;6653
5;6654
29;6655
161;6657
14;6658
372;6659
30;6662
14;6683
16;6687
9;6689
38;6696
43;6749
13;6750
6;6751
29;6752
35;6769
28;6772
21;6797
24;6798
22;6845
2;6846
18;6847
10;6848
4;6853
10;6865
4;6868
20;6898
243;6941
6;6942
34;6943
9;6944
6;6963
3;6966
18;6976
39;6979
12;6986
11;6994
4;6999
37;7037
29;7038
82;7039
30;7040
6;7050
47;7057
27;7059
15;7078
9;7081
39;7133
14;7134
26;7135
14;7136
27;7142
34;7153
7;7156
8;7177
7;7182
33;7188
5;7229
6;7230
27;7232
4;7233
555;7234
34;7236
27;7238
28;7259
22;7261
3;7264
66;7266
14;7270
2;7284
12;7285
27;7298
9;7314
27;7325
17;7326
1;7327
33;7329
25;7331
24;7332
12;7341
573;7358
185;7359
26;7362
2;7363
35;7364
23;7377
13;7379
3;7384
8;7416
45;7421
22;7423
31;7424
39;7443
30;7464
34;7476
16;7480
18;7517
63;7518
172;7519
29;7520
20;7533
5;7536
4;7537
13;7538
10;7539
16;7542
18;7559
5;7562
9;7566
10;7567
43;7572
13;7575
21;7613
21;7614
44;7615
42;7616
10;7621
11;7628
19;7634
172;7635
4;7636
13;7653
24;7659
37;7671
33;7688
24;7709
193;7710
8;7711
52;7712
18;7721
6;7729
8;7731
5;7751
8;7756
11;7758
2;7774
31;7805
44;7806
11;7807
332;7808
29;7825
9;7828
14;7830
32;7844
168;7852
9;7901
4;7902
213;7904
14;7906
15;7908
2;7931
151;7933
3;7934
15;7936
53;7937
9;7938
35;7960
54;7997
52;7998
36;8002
1;8003
25;8004
2;8014
19;8021
31;8029
2;8031
23;8032
4;8033
14;8049
195;8054
1;8059
39;8093
38;8094
52;8096
7;8099
12;8113
79;8115
2;8137
158;8141
50;8189
55;8190
293;8191
51;8192
150;8210
34;8212
28;8217
146;8224
6;8237
12;8239
185;8246
5;8285
21;8286
162;8288
6;8296
7;8301
537;8305
2;8307
23;8330
4;8332
28;8335
160;8336
10;8337
22;8344
1;8379
31;8381
18;8382
178;8383
164;8384
31;8392
5;8401
25;8402
1;8403
21;8428
3;8434
24;8436
20;8477
7;8478
27;8479
36;8480
37;8498
17;8499
16;8512
7;8519
5;8522
8;8534
27;8535
11;8574
4;8576
5;8577
17;8578
2;8579
1;8580
3;8602
16;8611
25;8631
12;8632
3;8665
19;8666
199;8667
154;8668
4;8669
10;8670
24;8671
6;8672
10;8691
33;8697
21;8704
33;8709
22;8717
12;8721
43;8761
162;8762
201;8763
3;8764
14;8776
30;8800
17;8805
7;8812
4;8817
20;8818
60;8857
50;8859
8;8860
55;8877
158;8878
39;8879
4;8883
4;8892
7;8908
23;8909
6;8911
18;8915
3;8927
4;8953
14;8954
52;8956
164;8966
22;8974
12;8975
3;8982
29;8990
38;8993
37;8999
5;9004
33;9006
8;9010
5;9049
6;9050
202;9051
40;9052
17;9077
7;9097
22;9101
27;9108
367;9145
19;9146
24;9147
28;9148
165;9155
22;9165
20;9194
15;9201
39;9231
13;9243
8;9244
21;9247
61;9248
3;9254
15;9259
13;9274
6;9276
21;9277
23;9278
11;9289
10;9299
44;9302
31;9339
6;9340
7;9341
25;9342
19;9344
165;9358
1;9372
20;9375
18;9376
6;9377
12;9390
15;9400
31;9433
7;9434
7;9435
20;9448
27;9453
164;9455
25;9456
14;9485
3;9486
29;9487
12;9488
15;9529
188;9531
4;9532
5;9561
39;9562
305;9580
16;9582
24;9583
49;9585
3;9593
59;9625
165;9626
22;9627
25;9628
7;9646
29;9647
31;9648
7;9652
28;9670
24;9675
27;9679
13;9681
28;9682
19;9721
33;9722
11;9723
213;9724
77;9744
25;9757
30;9769
13;9776
84;9817
186;9818
12;9819
16;9820
1;9821
7;9823
84;9837
41;9838
3;9840
23;9863
29;9864
14;9868
25;9869
7;9892
10;9895
4;9901
56;9913
8;9916
58;9917
24;9918
10;9919
1;9925
23;9941
170;9946
48;9948
6;9949
3;9950
8;9952
11;9956
20;9965
17;9969
35;9971
22;9972
6;9973
7;9974
23;10009
2;10010
3;10011
178;10012
44;10013
4;10014
19;10015
40;10016
20;10020
10;10026
35;10036
175;10040
28;10041
50;10047
7;10060
11;10068
166;10091
20;10105
9;10106
34;10108
15;10116
18;10124
5;10127
27;10130
4;10159
22;10163
21;10190
34;10201
212;10202
27;10203
46;10204
5;10205
66;10221
36;10223
15;10249
14;10251
58;10256
3;10280
39;10297
9;10298
1;10299
42;10300
26;10313
2;10315
3;10317
3;10320
167;10322
151;10331
15;10341
26;10343
9;10345
35;10347
31;10353
10;10391
11;10393
186;10395
28;10396
18;10413
56;10414
554;10415
147;10441
159;10443
10;10445
18;10452
27;10489
52;10490
164;10491
46;10492
21;10505
161;10510
7;10534
11;10537
17;10541
22;10544
1;10545
26;10585
22;10588
19;10589
51;10590
1;10591
57;10592
14;10615
38;10618
61;10620
14;10621
17;10622
8;10623
162;10624
7;10637
27;10638
18;10646
27;10681
25;10682
13;10683
34;10685
39;10686
66;10687
26;10700
32;10707
15;10713
2;10715
166;10717
13;10718
16;10720
30;10730
161;10735
10;10743
52;10777
6;10778
9;10779
182;10780
11;10797
11;10798
54;10799
2;10800
17;10822
1;10823
35;10825
6;10836
85;10873
206;10874
38;10875
4;10879
21;10890
49;10893
19;10894
47;10895
202;10896
6;10899
20;10925
9;10926
34;10969
58;10970
46;10971
7;10973
13;10989
24;10991
212;10992
26;10996
5;11008
22;11018
25;11021
19;11043
89;11066
42;11067
21;11068
22;11087
23;11092
8;11112
171;11114
26;11118
27;11121
21;11161
17;11162
62;11163
13;11168
55;11181
46;11182
155;11183
3;11184
7;11199
9;11207
11;11215
8;11218
27;11257
19;11258
53;11260
9;11261
153;11262
21;11263
18;11289
5;11291
28;11293
13;11295
15;11296
168;11299
13;11302
31;11313
9;11320
30;11348
35;11354
8;11355
28;11356
31;11361
4;11366
3;11368
34;11384
11;11387
22;11388
144;11389
172;11390
50;11391
26;11401
10;11405
29;11411
31;11413
155;11419
15;11449
59;11450
8;11451
16;11456
11;11470
12;11471
64;11472
10;11499
15;11503
10;11504
39;11545
14;11546
74;11547
28;11548
27;11549
10;11556
9;11562
30;11566
7;11578
2;11585
18;11603
35;11641
49;11642
56;11643
41;11644
11;11651
28;11661
20;11663
8;11685
29;11698
6;11736
21;11737
43;11738
65;11739
199;11740
23;11757
19;11758
16;11760
18;11767
4;11773
19;11784
6;11785
6;11792
27;11833
35;11834
46;11835
5;11836
7;11846
9;11853
3;11855
20;11856
12;11877
149;11886
19;11890
25;11929
34;11930
52;11932
29;11933
26;11934
25;11935
69;11936
153;11944
15;11961
30;11962
12;11963
31;11966
10;11968
11;11981
19;11982
25;11991
23;11992
17;12022
2;12025
173;12026
19;12028
19;12029
21;12031
6;12039
27;12057
9;12058
28;12059
50;12063
17;12067
2;12078
22;12085
5;12089
27;12121
17;12122
74;12124
12;12126
11;12141
4;12144
9;12158
22;12165
16;12170
25;12175
13;12177
207;12217
71;12218
22;12219
190;12220
35;12237
12;12257
13;12263
6;12266
167;12269
10;12270
35;12274
73;12313
19;12315
4;12316
255;12409
33;12410
22;12411
15;12412
13;12429
53;12430
150;12432
4;12436
173;12447
9;12453
30;12463
25;12464
182;12505
4;12506
32;12507
42;12508
20;12513
16;12526
18;12527
18;12528
25;12557
40;12601
3;12602
1;12604
588;12605
6;12606
176;12607
12;12608
11;12619
1;12632
39;12633
10;12635
11;12636
25;12638
2;12639
24;12654
159;12656
4;12657
10;12658
24;12662
6;12697
6;12698
173;12699
7;12701
14;12702
3;12703
18;12704
13;12725
12;12730
175;12731
10;12732
8;12734
26;12735
10;12738
11;12749
172;12752
30;12753
28;12758
147;12793
216;12794
20;12795
14;12796
15;12800
19;12816
8;12822
2;12838
14;12840
15;12841
159;12850
52;12889
29;12890
2;12891
30;12892
4;12897
32;12911
25;12912
13;12925
15;12944
11;12946
31;12986
41;12987
7;12988
31;13007
20;13014
15;13017
3;13032
4;13037
2;13043
3;13081
51;13082
36;13083
7;13084
5;13089
3;13090
8;13094
172;13103
1;13114
28;13129
17;13136
32;13177
34;13178
44;13179
221;13180
6;13199
7;13203
28;13208
26;13224
561;13229
27;13233
40;13236
14;13273
19;13278
557;13279
11;13306
47;13307
1;13310
18;13317
1;13321
25;13324
17;13327
6;13330
31;13331
21;13334
14;13345
8;13365
158;13369
187;13370
65;13372
26;13374
8;13375
35;13376
19;13378
27;13401
29;13403
156;13404
16;13406
170;13408
36;13415
15;13418
15;13419
24;13429
164;13432
73;13465
29;13466
75;13467
32;13468
68;13485
13;13487
10;13492
2;13503
9;13511
36;13514
26;13515
17;13521
19;13562
13;13564
16;13566
2;13605
4;13610
27;13611
62;13657
2;13658
5;13659
21;13660
33;13678
163;13688
25;13696
29;13753
5;13754
203;13755
29;13756
16;13770
13;13776
8;13797
7;13805
18;13812
164;13849
21;13850
166;13851
18;13852
13;13879
2;13902
18;13905
30;13914
31;13945
160;13947
204;13948
28;13950
27;13951
24;13959
9;13965
29;13977
12;13982
39;13984
6;13997
40;14042
16;14043
25;14044
9;14045
244;14046
8;14047
9;14048
11;14063
16;14073
21;14075
4;14078
28;14080
41;14093
18;14107
21;14137
166;14138
5;14139
230;14140
35;14157
34;14167
6;14186
14;14187
19;14193
11;14194
212;14233
45;14234
61;14236
2;14260
16;14285
3;14329
51;14332
149;14345
29;14349
3;14352
36;14379
23;14384
6;14385
35;14395
92;14425
51;14426
49;14427
35;14428
163;14430
20;14446
153;14471
34;14473
20;14478
21;14481
25;14521
197;14523
12;14524
6;14533
15;14535
12;14541
28;14562
162;14569
161;14575
11;14580
17;14590
28;14617
4;14618
170;14619
43;14620
23;14623
2;14624
7;14654
27;14656
10;14676
11;14713
24;14715
184;14716
20;14717
33;14718
28;14719
9;14720
26;14731
14;14741
16;14749
6;14750
2;14756
13;14763
26;14772
7;14776
59;14810
19;14811
61;14812
10;14818
17;14829
38;14831
33;14838
32;14863
20;14873
62;14905
29;14906
42;14907
196;14908
564;14909
3;14919
37;14926
13;14927
13;14928
171;14934
22;14945
4;14949
23;14952
30;14953
157;14960
12;14962
162;14968
148;15001
193;15002
3;15004
24;15015
567;15021
12;15023
11;15024
19;15030
16;15038
171;15047
11;15048
23;15057
24;15098
35;15099
21;15100
31;15115
18;15117
33;15118
307;15120
14;15138
10;15143
22;15144
18;15147
6;15149
34;15155
10;15170
54;15193
5;15194
161;15196
21;15212
3;15213
12;15214
2;15238
11;15239
9;15241
34;15244
8;15249
30;15289
166;15291
18;15293
2;15294
15;15295
27;15296
13;15298
6;15299
35;15301
16;15305
171;15318
31;15324
3;15340
11;15343
171;15344
27;15345
14;15349
9;15371
11;15385
22;15386
8;15387
14;15388
17;15389
10;15390
2;15418
12;15420
8;15421
182;15424
25;15481
76;15482
43;15483
19;15484
18;15502
17;15503
1;15504
22;15527
9;15532
3;15533
19;15535
19;15577
14;15578
24;15579
6;15580
36;15597
32;15599
174;15600
1;15602
145;15608
20;15625
55;15626
40;15673
50;15674
19;15675
21;15676
34;15691
2;15693
154;15694
9;15725
151;15731
18;15767
9;15769
207;15770
6;15771
56;15772
13;15788
23;15790
18;15791
5;15792
27;15810
25;15816
27;15818
25;15820
10;15825
5;15826
171;15827
35;15828
12;15857
30;15865
28;15866
22;15867
10;15868
16;15885
5;15887
1;15891
26;15902
5;15909
13;15961
57;15962
25;15964
27;15965
15;15966
4;15968
14;15993
16;15994
16;15995
47;15997
23;16000
2;16003
19;16006
11;16020
33;16053
3;16057
2;16058
12;16062
10;16063
14;16064
31;16085
11;16090
13;16091
2;16095
3;16098
8;16109
19;16112
11;16114
34;16153
26;16154
19;16155
8;16165
13;16174
25;16175
27;16182
2;16198
23;16211
3;16249
25;16250
49;16251
22;16252
41;16270
34;16271
23;16276
15;16294
6;16296
14;16297
27;16301
7;16345
167;16347
22;16348
161;16367
24;16386
36;16389
19;16394
17;16398
31;16441
47;16442
45;16443
161;16462
5;16464
23;16483
15;16488
25;16489
21;16496
43;16537
33;16538
47;16539
3;16557
42;16559
9;16591
7;16594
17;16635
38;16636
13;16637
23;16639
79;16640
13;16644
36;16647
152;16652
146;16658
1;16669
4;16670
7;16671
23;16686
7;16688
2;16713
14;16716
2;16729
20;16731
35;16732
16;16733
30;16735
33;16736
7;16740
27;16761
9;16779
3;16782
17;16825
2;16826
16;16827
9;16828
4;16840
28;16847
169;16848
154;16861
15;16871
14;16873
32;16874
12;16879
15;16880
209;16921
29;16922
153;16923
226;16924
16;16927
5;16944
160;16966
24;16979
36;17017
54;17018
197;17019
36;17020
2;17037
31;17038
25;17039
12;17061
25;17065
16;17071
204;17113
46;17114
4;17115
157;17130
2;17133
161;17134
8;17135
7;17160
30;17166
29;17169
40;17172
21;17209
7;17210
207;17212
26;17216
20;17229
31;17230
5;17232
12;17252
9;17255
24;17266
2;17307
9;17308
45;17309
22;17312
3;17325
25;17329
26;17335
17;17337
28;17338
42;17341
13;17342
15;17364
30;17365
13;17367
20;17391
17;17393
30;17401
17;17402
15;17404
7;17405
32;17406
7;17408
12;17419
5;17427
22;17429
5;17432
22;17435
13;17438
9;17439
12;17455
19;17457
160;17459
19;17493
40;17497
55;17498
46;17499
33;17500
153;17509
19;17519
26;17520
8;17523
8;17528
7;17543
1;17547
53;17593
34;17594
54;17595
52;17596
9;17614
7;17621
23;17630
164;17641
24;17643
25;17649
50;17689
41;17690
196;17691
17;17692
6;17728
12;17742
3;17743
96;17785
6;17786
18;17787
3;17788
8;17808
7;17809
164;17828
154;17833
15;17836
5;17841
14;17885
32;17886
25;17892
25;17903
27;17926
5;17928
1;17950
12;17958
34;17969
30;17976
51;17979
17;17980
160;17981
228;17982
63;17983
35;17984
17;17986
24;18013
3;18014
19;18015
5;18016
26;18037
28;18073
567;18074
15;18075
45;18077
51;18078
11;18079
33;18080
7;18092
17;18104
7;18107
1;18109
22;18110
23;18111
165;18112
21;18114
3;18127
28;18128
35;18170
9;18171
32;18176
26;18177
16;18181
23;18190
185;18192
18;18213
33;18238
39;18266
18;18268
18;18279
20;18285
7;18286
1;18287
16;18295
33;18305
22;18312
6;18361
54;18362
49;18363
50;18364
18;18380
6;18382
8;18388
5;18409
6;18411
2;18413
21;18419
33;18457
201;18458
43;18459
58;18460
21;18478
18;18480
2;18502
33;18509
8;18553
43;18554
17;18556
24;18574
3;18575
5;18576
10;18598
11;18602
150;18603
10;18604
10;18611
10;18620
33;18638
33;18650
39;18652
18;18653
11;18654
52;18655
18;18656
34;18664
17;18680
179;18683
17;18686
15;18687
24;18688
35;18708
21;18712
2;18717
12;18738
40;18746
5;18747
8;18748
39;18749
62;18750
45;18751
159;18753
7;18761
11;18783
16;18784
23;18803
7;18804
6;18820
17;18841
87;18842
174;18843
1;18861
13;18862
197;18864
29;18873
160;18885
7;18886
9;18888
5;18897
17;18906
34;18937
11;18938
157;18939
13;18940
10;18942
38;18952
29;18959
15;18990
10;18992
5;19013
39;19033
48;19035
13;19036
32;19053
28;19054
39;19056
26;19086
12;19092
177;19129
245;19130
34;19131
179;19132
16;19149
161;19150
9;19152
171;19184
176;19188
21;19220
49;19225
12;19226
19;19227
50;19228
6;19239
36;19245
4;19246
46;19247
3;19255
27;19272
3;19273
12;19277
20;19302
35;19317
24;19319
6;19321
25;19322
2;19324
20;19325
14;19326
7;19327
30;19328
28;19334
11;19353
26;19354
12;19358
155;19359
8;19374
4;19396
8;19400
14;19417
8;19418
27;19419
35;19422
23;19424
20;19426
7;19427
1;19453
180;19455
22;19469
1;19470
4;19478
39;19487
90;19513
53;19514
24;19515
53;19533
21;19536
8;19555
12;19560
29;19572
37;19609
40;19610
5;19611
103;19612
24;19613
14;19629
32;19632
11;19660
159;19673
42;19707
9;19709
16;19724
11;19728
3;19740
2;19748
24;19753
5;19758
29;19763
7;19802
42;19803
8;19804
30;19805
22;19821
5;19822
23;19823
5;19845
28;19846
16;19855
29;19876
66;19897
25;19899
12;19900
13;19917
2;19919
20;19935
17;19942
22;19950
38;19953
39;19984
5;19993
58;19994
54;19995
22;19998
31;19999
49;20027
22;20029
177;20031
27;20032
168;20049
33;20051
7;20090
14;20091
66;20092
15;20093
17;20095
34;20096
19;20101
32;20122
31;20125
13;20127
3;20136
15;20140
33;20147
5;20148
5;20149
24;20185
30;20186
163;20187
7;20188
24;20201
20;20206
25;20207
4;20208
170;20209
22;20283
158;20284
158;20291
1;20301
17;20302
3;20303
9;20306
19;20326
11;20328
6;20331
3;20334
8;20337
159;20338
28;20351
29;20377
63;20378
106;20379
64;20380
14;20384
10;20397
25;20399
24;20400
11;20425
9;20427
41;20473
12;20474
33;20475
577;20476
556;20483
8;20484
9;20487
11;20496
154;20501
569;20524
13;20527
11;20529
5;20552
40;20569
27;20570
21;20572
30;20577
14;20586
18;20592
5;20619
12;20621
29;20625
6;20628
34;20665
3;20666
16;20667
12;20668
35;20669
1;20670
3;20671
79;20672
2;20676
44;20698
31;20717
1;20727
4;20728
26;20762
10;20763
13;20765
2;20766
7;20767
22;20768
27;20772
20;20797
21;20798
20;20802
17;20818
5;20822
14;20827
183;20858
47;20859
15;20860
12;20863
28;20875
44;20878
1;20880
28;20896
171;20903
26;20953
95;20954
41;20955
41;20956
16;20988
12;20990
17;20999
150;21005
32;21008
25;21009
25;21012
18;21049
40;21051
28;21058
38;21075
26;21103
157;21105
20;21145
50;21146
11;21148
2;21153
24;21166
34;21167
8;21168
156;21173
5;21191
4;21192
23;21201
3;21202
56;21241
9;21242
28;21261
1;21264
22;21292
150;21300
2;21337
195;21338
17;21339
14;21340
24;21341
31;21342
10;21367
5;21370
45;21372
2;21374
1;21375
23;21394
562;21398
2;21409
3;21433
54;21434
26;21435
26;21436
165;21437
30;21438
33;21440
17;21445
17;21448
175;21450
60;21466
10;21468
16;21472
20;21478
40;21485
41;21529
30;21531
39;21532
20;21549
3;21550
23;21558
14;21580
190;21582
28;21616
39;21625
61;21626
177;21627
150;21628
6;21630
15;21631
10;21636
39;21645
38;21646
16;21669
12;21673
6;21674
50;21680
9;21721
2;21722
16;21723
57;21724
20;21726
25;21742
37;21744
4;21768
2;21776
6;21818
3;21819
10;21820
18;21831
14;21839
30;21842
18;21861
14;21866
148;21867
22;21868
163;21871
21;21876
60;21914
57;21915
27;21916
27;21930
25;21932
12;21945
17;21959
25;21963
3;21969
3;21970
1;22009
15;22010
2;22012
29;22013
18;22014
63;22016
9;22042
12;22044
27;22048
1;22066
11;22105
4;22106
5;22108
11;22110
57;22111
43;22112
10;22119
45;22137
28;22138
22;22140
7;22143
6;22146
17;22153
15;22158
22;22159
7;22164
23;22165
6;22167
30;22201
33;22202
16;22203
41;22204
38;22210
33;22223
18;22249
68;22298
3;22300
6;22308
30;22318
1;22319
15;22342
2;22352
17;22381
27;22393
47;22395
25;22396
22;22398
154;22433
11;22442
15;22447
3;22449
38;22451
10;22489
55;22490
168;22491
10;22492
6;22509
19;22514
7;22518
31;22585
334;22587
161;22607
155;22621
1;22629
3;22634
2;22639
7;22680
29;22683
11;22684
29;22686
24;22687
22;22690
13;22694
18;22713
23;22739
3;22756
6;22777
25;22778
46;22779
19;22780
13;22782
21;22783
9;22784
9;22787
12;22789
169;22790
9;22809
164;22810
4;22814
31;22825
19;22836
11;22840
165;22873
6;22875
33;22876
22;22887
28;22892
9;22894
5;22918
30;22920
3;22930
40;22969
35;22970
58;22971
171;22972
8;22982
25;22989
27;22990
31;22991
5;23015
1;23018
5;23049
53;23065
81;23066
67;23067
27;23068
10;23083
4;23086
17;23088
13;23105
26;23117
24;23119
36;23122
5;23161
1;23162
4;23163
23;23170
6;23180
23;23181
25;23182
24;23207
3;23209
19;23211
179;23257
4;23258
59;23259
16;23260
160;23261
50;23277
13;23278
30;23279
11;23304
17;23306
32;23311
3;23315
1;23316
16;23324
25;23355
11;23356
28;23358
24;23359
34;23370
26;23387
5;23390
10;23391
3;23395
22;23406
8;23410
24;23411
5;23419
71;23449
12;23451
22;23452
145;23453
22;23454
6;23455
24;23483
24;23504
4;23507
33;23511
4;23531
24;23545
29;23546
64;23547
16;23548
16;23557
6;23558
55;23566
168;23568
16;23585
25;23588
35;23591
37;23600
31;23603
73;23642
156;23643
21;23664
17;23683
11;23690
21;23694
18;23737
45;23738
34;23739
66;23740
14;23754
13;23759
40;23788
157;23789
1;23793
37;23833
212;23834
24;23835
15;23836
20;23851
15;23855
11;23856
16;23877
19;23886
155;23925
37;23929
48;23930
22;23931
14;23932
7;23942
29;23949
10;23976
150;23982
14;23987
157;24000
5;24025
67;24026
13;24028
8;24029
10;24031
20;24045
8;24057
3;24058
30;24062
4;24064
30;24087
35;24121
17;24122
27;24125
172;24126
6;24155
6;24156
25;24159
11;24169
5;24173
2;24178
16;24180
25;24218
29;24219
39;24220
168;24240
15;24243
3;24244
35;24245
25;24313
26;24314
37;24315
37;24333
2;24362
7;24364
30;24365
34;24369
5;24371
17;24409
36;24410
38;24411
22;24414
23;24422
9;24438
10;24444
7;24461
18;24466
45;24505
31;24506
16;24507
10;24508
29;24516
7;24522
25;24524
21;24525
13;24528
29;24534
15;24544
7;24549
1;24551
14;24553
10;24554
19;24557
54;24602
78;24604
19;24621
182;24623
159;24624
22;24656
27;24697
37;24699
170;24700
2;24701
3;24702
1;24703
20;24722
3;24726
13;24730
6;24731
19;24736
5;24749
2;24750
25;24752
9;24754
33;24793
32;24795
2;24798
170;24800
40;24813
16;24816
22;24817
4;24829
27;24830
16;24846
161;24856
24;24889
210;24890
11;24891
51;24892
19;24909
22;24910
2;24915
16;24932
24;24935
4;24936
28;24939
4;24948
5;24974
16;24985
8;24986
2;25003
21;25005
35;25006
6;25008
25;25017
24;25035
49;25081
1;25084
162;25095
8;25101
7;25104
2;25113
16;25116
14;25130
58;25136
13;25177
69;25178
10;25179
16;25190
5;25197
349;25198
572;25199
29;25212
27;25221
170;25223
563;25224
46;25236
39;25273
40;25274
581;25275
2;25295
34;25297
11;25319
16;25320
2;25322
6;25325
1;25328
27;25372
12;25376
14;25394
11;25396
176;25401
9;25404
27;25405
14;25408
25;25416
27;25426
4;25453
5;25467
6;25468
26;25469
15;25470
1;25472
158;25484
4;25492
29;25494
65;25497
24;25498
31;25500
9;25501
203;25503
31;25504
19;25513
9;25521
7;25522
25;25523
12;25558
199;25561
35;25563
173;25583
190;25584
23;25598
121;25657
21;25658
55;25659
24;25664
27;25679
572;25680
4;25681
3;25708
30;25709
9;25715
25;25722
9;25732
42;25753
14;25754
16;25756
155;25770
21;25773
584;25774
36;25775
2;25776
4;25799
163;25801
564;25803
2;25806
23;25810
185;25849
33;25850
200;25851
623;25852
3;25872
2;25891
7;25900
8;25946
215;25947
19;25948
8;25952
6;25971
9;25977
11;25978
31;25985
2;25995
156;26003
24;26004
40;26041
15;26043
313;26045
16;26046
12;26047
1;26048
12;26054
7;26075
9;26076
2;26077
18;26079
23;26098
27;26104
163;26123
46;26137
9;26140
10;26143
4;26170
26;26171
11;26172
164;26173
28;26175
7;26196
201;26233
80;26234
321;26235
16;26236
23;26245
43;26255
27;26256
25;26258
10;26280
21;26287
12;26290
55;26329
5;26330
319;26331
23;26332
22;26349
23;26351
164;26352
23;26354
167;26375
15;26376
9;26377
19;26382
27;26383
50;26425
40;26426
49;26427
41;26428
11;26429
14;26445
187;26447
6;26448
23;26473
5;26475
2;26480
10;26521
93;26522
391;26523
25;26537
26;26540
15;26542
9;26543
29;26570
4;26580
34;26596
6;26617
71;26618
177;26619
13;26620
25;26635
2;26657
2;26666
8;26674
36;26714
1;26715
2;26717
9;26718
20;26719
35;26720
6;26738
580;26745
2;26747
160;26748
2;26755
36;26765
20;26769
186;26814
23;26815
180;26816
14;26818
2;26828
22;26841
23;26842
8;26843
42;26846
9;26864
21;26905
166;26906
38;26907
45;26908
26;26925
13;26927
1;26950
15;26954
20;26962
157;26964
58;27001
61;27003
18;27004
18;27021
17;27029
167;27048
21;27049
19;27059
24;27094
24;27097
210;27100
19;27108
2;27117
5;27119
20;27140
3;27144
56;27193
61;27194
26;27195
178;27214
8;27225
5;27243
9;27244
2;27251
16;27289
16;27290
46;27291
13;27292
14;27294
11;27309
25;27334
10;27339
29;27340
8;27345
11;27386
24;27388
25;27389
18;27390
6;27391
196;27392
35;27410
34;27419
15;27421
26;27422
10;27423
18;27426
12;27431
156;27437
162;27440
10;27448
48;27481
208;27482
40;27483
31;27486
13;27488
1;27499
10;27514
1;27516
24;27517
204;27519
4;27520
16;27537
161;27540
16;27577
49;27578
36;27579
209;27580
60;27599
8;27608
5;27628
4;27636
52;27673
22;27675
37;27676
15;27686
23;27687
169;27693
2;27694
8;27698
11;27718
10;27723
18;27726
22;27769
13;27770
239;27771
24;27772
37;27791
30;27813
21;27814
17;27815
153;27817
150;27818
19;27819
10;27822
15;27828
32;27865
21;27866
27;27867
14;27868
26;27877
164;27886
22;27887
14;27888
158;27920
85;27961
38;27962
77;27963
9;27964
21;27971
6;27972
15;27981
26;27983
158;27988
4;27999
11;28000
21;28002
29;28009
12;28012
6;28017
6;28019
9;28020
39;28037
1;28049
12;28058
28;28059
4;28060
25;28061
33;28062
12;28063
20;28086
22;28089
25;28092
10;28094
11;28095
24;28115
1;28116
13;28131
10;28155
8;28157
28;28160
2;28175
3;28183
7;28186
34;28199
24;28209
20;28249
35;28250
76;28251
24;28252
316;28270
4;28272
65;28347
33;28348
30;28360
2;28365
13;28366
5;28367
18;28368
11;28376
9;28383
28;28392
169;28394
28;28395
17;28396
23;28400
5;28401
24;28441
46;28442
20;28477
15;28489
31;28498
156;28537
22;28538
24;28539
73;28540
8;28560
30;28563
9;28568
33;28580
28;28586
40;28592
172;28594
265;28633
173;28634
13;28635
375;28636
7;28650
31;28652
27;28653
25;28654
70;28655
57;28682
14;28685
38;28730
168;28731
2;28732
14;28733
32;28735
194;28736
23;28746
20;28761
27;28763
41;28764
24;28778
1;28788
2;28825
17;28826
12;28827
74;28829
6;28830
4;28832
27;28846
27;28849
19;28854
30;28862
27;28877
26;28879
8;28880
12;28883
7;28885
6;28886
194;28921
194;28923
14;28924
4;28926
22;28942
10;28973
33;28980
13;29018
11;29020
6;29027
14;29046
28;29049
48;29065
15;29067
6;29114
10;29115
48;29116
39;29136
12;29157
16;29164
22;29169
22;29213
29;29214
18;29215
70;29216
23;29225
14;29226
9;29236
24;29259
38;29262
20;29265
26;29309
47;29310
40;29311
12;29330
29;29332
24;29344
20;29358
6;29365
16;29368
29;29405
28;29406
34;29407
6;29408
20;29411
25;29412
34;29437
20;29440
18;29441
3;29444
163;29461
29;29463
11;29465
3;29468
11;29473
34;29496
152;29501
7;29503
4;29504
16;29506
17;29522
23;29534
29;29535
30;29536
15;29537
17;29553
30;29557
38;29562
18;29563
26;29597
28;29598
13;29599
46;29600
10;29607
72;29617
35;29620
201;29622
30;29626
8;29636
3;29641
7;29642
27;29643
10;29644
33;29646
8;29651
11;29655
86;29693
98;29694
588;29695
50;29696
4;29738
20;29740
34;29748
18;29789
19;29790
64;29792
2;29811
5;29831
7;29832
24;29838
163;29842
72;29886
42;29887
44;29888
3;29895
15;29903
18;29906
558;29912
4;29913
26;29934
23;29936
18;29939
12;29940
24;29941
15;29942
23;29957
4;29963
26;29981
74;29982
25;29983
47;29984
5;30026
24;30033
12;30078
57;30079
6;30081
15;30083
7;30084
20;30089
1;30097
3;30100
13;30109
27;30111
30;30114
159;30115
27;30116
27;30129
13;30132
153;30134
6;30142
7;30149
19;30173
6;30174
6;30175
28;30176
57;30180
12;30206
167;30207
30;30208
14;30209
319;30210
4;30211
20;30225
13;30233
19;30235
1;30260
14;30269
12;30270
3;30272
36;30279
206;30292
16;30309
16;30323
7;30365
163;30368
4;30386
17;30387
23;30389
8;30396
10;30414
23;30461
17;30462
32;30463
13;30464
163;30476
2;30481
161;30484
38;30492
32;30509
18;30510
27;30516
63;30557
38;30558
16;30559
13;30560
11;30575
11;30577
28;30579
22;30580
29;30594
20;30599
34;30605
2;30610
31;30614
10;30617
1;30618
63;30653
16;30654
31;30655
65;30656
29;30673
35;30675
19;30676
22;30703
5;30712
16;30750
40;30752
2;30754
21;30756
21;30783
8;30784
1;30785
12;30786
12;30787
31;30794
15;30804
29;30822
32;30845
168;30846
28;30848
23;30850
13;30851
179;30852
13;30877
11;30882
16;30883
10;30893
11;30896
7;30903
15;30906
26;30941
172;30942
14;30943
163;30944
18;30964
158;30983
8;30996
24;31019
28;31031
63;31037
60;31038
71;31039
172;31040
20;31044
25;31058
19;31089
6;31133
31;31134
30;31135
4;31136
13;31154
9;31156
163;31172
23;31188
34;31217
13;31230
22;31232
22;31234
25;31249
26;31252
35;31273
24;31278
26;31286
2;31325
26;31326
23;31327
63;31328
8;31351
161;31353
2;31366
28;31373
5;31383
12;31384
20;31392
30;31421
22;31422
56;31423
40;31424
22;31425
2;31426
12;31427
28;31428
17;31454
3;31455
21;31456
60;31458
6;31459
25;31460
19;31463
16;31470
8;31473
20;31475
31;31483
26;31517
29;31521
37;31522
4;31523
45;31524
6;31529
10;31550
10;31551
32;31552
11;31553
48;31556
15;31569
1;31579
1;31580
71;31613
43;31614
23;31616
21;31623
45;31634
24;31635
31;31656
7;31664
11;31666
21;31692
57;31709
24;31710
28;31712
1;31739
33;31755
24;31805
73;31806
39;31807
31;31808
1;31823
4;31825
18;31826
20;31852
13;31855
2;31861
194;31901
12;31902
26;31903
112;31904
8;31921
4;31922
3;31924
23;31926
34;31935
13;31953
165;31958
10;31997
9;31999
163;32000
10;32007
11;32008
9;32018
25;32019
27;32020
34;32046
150;32047
55;32093
28;32094
3;32095
20;32098
19;32099
31;32100
10;32113
34;32126
14;32129
11;32130
15;32132
23;32142
36;32151
3;32155
198;32190
58;32191
27;32192
57;32193
8;32194
16;32195
190;32224
11;32228
2;32234
38;32242
25;32243
2;32246
14;32247
2;32257
56;32285
5;32286
190;32287
29;32288
9;32331
30;32338
17;32341
15;32342
3;32352
45;32381
77;32382
6;32383
9;32384
7;32388
25;32401
166;32402
32;32403
13;32411
24;32417
11;32419
19;32427
32;32436
14;32440
592;32477
26;32478
20;32479
5;32480
1;32486
20;32494
19;32498
11;32523
34;32529
16;32541
30;32573
12;32574
6;32575
36;32577
18;32592
14;32593
13;32595
8;32610
1;32621
26;32623
18;32629
11;32630
1;32646
26;32669
650;32670
40;32671
189;32690
9;32691
30;32703
9;32709
28;32715
32;32724
7;32727
13;32759
30;32765
31;32767
10;32768
16;32770
20;32771
22;32772
12;32773
33;32783
14;32796
40;32798
14;32799
12;32800
51;32801
20;32802
9;32803
8;32804
19;32843
186;32861
182;32862
1;32864
4;32865
39;32866
24;32867
20;32868
8;32882
2;32885
5;32894
1;32895
22;32896
166;32899
27;32902
3;32915
7;32918
9;32920
12;32924
3;32928
56;32957
19;32958
35;32959
27;32960
15;32979
3;32983
21;33004
51;33009
35;33053
40;33054
44;33055
14;33056
1;33073
3;33074
29;33076
10;33081
7;33082
27;33086
29;33093
18;33110
242;33149
27;33150
36;33151
19;33152
7;33169
5;33171
25;33182
6;33183
13;33193
4;33198
9;33199
64;33200
21;33243
47;33246
82;33247
33;33248
13;33252
23;33259
36;33260
13;33266
17;33293
9;33300
60;33341
195;33342
9;33343
16;33344
44;33352
30;33359
174;33362
52;33364
22;33385
13;33388
11;33391
33;33395
4;33397
5;33400
52;33437
170;33440
8;33441
10;33443
4;33459
8;33470
27;33471
6;33472
56;33473
159;33490
12;33493
13;33495
39;33535
7;33536
29;33537
41;33539
55;33540
8;33544
184;33555
29;33558
67;33565
55;33567
192;33568
177;33569
6;33570
10;33571
66;33572
12;33585
6;33591
9;33594
50;33629
336;33630
18;33631
70;33632
8;33643
3;33650
55;33652
8;33660
4;33674
8;33678
80;33725
18;33726
155;33728
3;33746
33;33747
36;33748
32;33777
7;33779
19;33789
32;33821
6;33822
34;33823
30;33836
15;33841
17;33842
21;33843
21;33855
6;33871
11;33874
8;33876
34;33879
7;33917
34;33918
9;33919
32;33920
22;33934
36;33937
72;33938
177;33939
27;33940
7;33959
8;33962
171;33964
45;33968
6;33972
71;34013
18;34014
80;34034
23;34035
33;34036
5;34049
4;34050
28;34057
4;34068
46;34109
44;34110
50;34111
65;34112
11;34113
37;34114
26;34115
28;34118
3;34135
5;34141
9;34146
40;34147
10;34153
3;34163
26;34166
559;34205
44;34207
30;34208
184;34209
69;34210
8;34211
13;34212
166;34227
6;34237
11;34239
33;34240
5;34242
10;34243
10;34244
14;34271
200;34301
46;34302
72;34303
12;34304
8;34308
6;34321
13;34323
33;34350
7;34354
149;34360
45;34398
5;34399
32;34400
39;34401
34;34409
8;34417
1;34418
44;34419
154;34436
30;34455
173;34493
34;34494
62;34495
28;34496
159;34499
35;34515
7;34516
1;34545
5;34551
9;34581
122;34589
31;34590
129;34591
21;34592
8;34603
4;34611
3;34612
20;34634
39;34635
162;34636
15;34639
5;34647
6;34659
9;34666
5;34685
183;34686
24;34687
28;34705
165;34708
1;34716
16;34726
23;34734
37;34737
26;34740
18;34744
23;34783
33;34784
19;34785
46;34786
37;34788
36;34790
6;34816
21;34817
8;34818
13;34820
2;34839
31;34844
9;34857
160;34878
16;34879
30;34880
8;34882
2;34883
5;34884
20;34885
34;34908
23;34910
35;34911
18;34912
13;34913
9;34916
5;34932
7;34935
6;34936
37;34973
49;34974
2;34975
54;34976
12;34985
3;34994
4;34996
16;35009
10;35019
27;35024
33;35025
13;35026
6;35029
3;35032
