data=[3	31.232
3.285	77.044
3.56	115
3.7	141
3.84	171
3.98	204
4.12	240
4.26	276
4.4	311
4.54	343
4.68	372
4.82	395
4.96	436
5.1	479
5.24	515
5.38	553
5.52	581
5.66	638
5.8	686
5.94	744
6.08	775
6.22	832
6.36	895
6.5	963
6.64	1041
6.78	1110
6.92	1190
7.06	1260
7.2	1334
7.34	1426
7.48	1542
7.62	1617
7.76	1737
7.9	1821
8.04	1887
8.18	1955
8.32	2053
8.46	2126
8.6	2184
8.74	2255
8.88	2316
9.02	2377
9.16	2408
9.3	2456
9.44	2511
9.58	2567
9.72	2621
9.86	2669
10	2706
10.14	2749
10.28	2775
10.42	2809
10.56	2848
10.7	2888
10.84	2925
10.98	2954
11.12	2968
11.26	2983
11.4	2991
11.986	3000
12.879	3000
22.5	3000];
windspeed_mps=data(:,1);
turbinepower_kW=data(:,2);
save WindturbinePower.mat windspeed_mps turbinepower_kW

