sums of daily draw-off volumes
108
97.5
207.8
42.8
57.2
70
49.2
22.2
89.8
51.2
42
106.2
119.2
29.2
35.5
41
69.2
119
175.8
132.8
60.2
90
35.2
28.2
169.8
56.8
111.8
36.2
130.5
45.2
95.5
111.5
157.5
47.8
136.8
81
106.5
78
86.2
88
37.5
45
45
95.8
80.2
32
189.2
47.8
110.8
43.8
100.2
89.5
30.2
41.5
102.5
158.5
56.8
158.2
126.8
63.8
61.5
194
64
21.5
228
32
18
69.8
41.8
69.8
34.5
141.8
92.8
97.5
98
102.2
69.5
119
72.5
26.5
31.8
65.5
44.2
85.2
66
86.2
82.2
69.8
63.5
93.2
183.2
62.8
107.8
96.8
23.2
35.2
45.5
101.5
61.2
188.5
49.2
24.5
61
137.2
31
59.5
70
145.5
92.2
120.5
94.8
109.2
101.8
49.8
32.8
105.2
30.5
80.8
261.8
62.8
128.8
136.2
112.8
127.2
47.2
67.8
219.2
68.5
36.2
25.5
31.8
67.2
127.2
66.5
68.8
46.2
44.8
75.2
102.5
206.8
49.8
59.2
57
76.8
193.2
67.8
119.8
217.5
85.2
43.2
28
31.5
77.2
21.8
28.8
81.8
119.5
28
69
82.5
59.8
149.8
57
39.5
44
65.2
76.2
202.5
78.5
24
74.2
98.5
43.2
43.8
120.5
105.5
108
39.2
53.2
25
228.8
52.5
61
153.2
42.5
56
16.2
138.5
136.8
74.2
30.2
15.5
106.8
106.2
65.2
100.8
54.8
31.8
51.5
38.5
151.5
101.8
10.8
57
49
86
21.5
162.5
152
10.2
35.8
34.5
51.2
86.5
38.2
62.8
31.2
11.2
42.5
56.2
14.5
23.2
27.8
224.2
63.5
27.2
26.8
39
21.2
44.2
106
160.8
115.2
13.2
46
40.8
72.5
121.2
61.8
31.8
20.5
248
80.5
43.2
89.5
81
42.5
72
74.5
60.5
85.8
91.8
63.2
26
86.8
46.2
60
113.2
76.2
34
17.2
59.2
130.2
57.2
101.8
46.8
16.2
64.2
46
131.8
73.8
78
82.8
52.5
72
13.5
29
182.8
106
217.5
75
49
107.2
31.2
75.5
42.8
77.5
62
74.8
74.5
27.8
133.8
199.2
77
53
194.8
54.2
70.5
75.5
55.8
72
185
34.2
62
63.2
42
336.8
65
63.2
72.2
86.5
90.2
108
85.5
38.5
102.8
28.8
52.5
138.8
60.2
66.5
30
23
88.5
67.8
62
62.2
32.2
79.2
88.8
94
20
23
28
51.5
110.8
66.8
70.8
83
61.2
19.8
45
74.5
110
168.5
125.5
70.8
49.5
82.5
78.5
14.8
67.8
74.8
102.8
32.5
113.2
29.8
98.5
231.2
70.8
71.5
38
238
91.8
65.5
sums of draw-off volumes of each hour of the day
84.5
95.1
119.8
45.3
76.7
115.3
5831.8
5876.3
2590
644
530.6
1340.1
1709.2
708.2
691.1
1218.6
890.1
840.8
934.1
1282.2
1843
951.6
283.1
134.2
sums of draw-off volumes of each hour of weekdays
45
23.7
97.6
22.5
17.5
99.6
4428.5
4225.1
1385.7
366.5
334.1
1289.9
1608.4
518.5
168.5
156.6
317
507.8
673.4
1065.1
1342.4
399.8
115.8
22.5
sums of draw-off volumes of each hour of weekend-days
39.5
71.4
22.2
22.8
59.2
15.7
1403.3
1651.2
1204.3
277.5
196.5
50.2
100.8
189.7
522.6
1062
573.1
333
260.7
217.1
500.6
551.8
167.3
111.7
holidays of household(s), numbers correspond to day of year
