sums of daily draw-off volumes
108.8
83.8
93.8
159
50.2
131.5
103.5
84.2
84.5
45.8
59.2
75.2
29.2
270.8
113.5
62.8
15
157.8
134.8
74.2
118.2
93
110.8
148.2
74.2
61.5
81.8
68
18
20.8
83
52.2
54
155.8
154
106.2
232.5
98.8
146
29
58.8
105
94.8
70.2
53
74
45.5
42
120.2
41.5
27.2
109.2
183.8
117.5
77.2
24
57.8
131.5
145.2
70.2
96.2
54.2
78.5
179
86.5
67.8
51.8
78.5
64.8
132.5
43.2
38
128.2
33.8
134.8
103.8
71
132.8
107.2
58.5
45.2
43.5
99
140
56.5
98.5
134.5
99.5
50
100.8
123.5
80.5
20.5
65.8
37.2
94.2
177
133
37
75
112
70.2
127.2
387.8
82.5
49
50
82.2
99.8
53
33.5
155.8
67.5
48.8
52.5
117.2
62.5
17.5
255.5
59.5
69
46
91.2
50.2
84.2
78
118.2
56.8
13.8
37
135.8
70.8
35
73
75.2
11.5
14.2
31.8
123.5
34.2
67
28.2
71.2
100
54.8
59
254
103.8
33.5
180
35.2
78
66
67
76.5
27.5
55.2
149.5
90
20.5
12
19.8
70.2
150.5
54.5
14.2
162.2
47.2
113
66.8
96.8
23.5
46
145
114.2
46.8
82.8
163.8
25
37
72.8
99
39.8
73
15.2
58
34.5
58
49.2
157.2
19.5
111
103.8
74
163
107.5
26
176
49.2
66.5
101.2
96.2
56.2
27.2
78.2
123.5
62.2
77
83.2
42.2
66
21.2
54.2
68.2
96.5
84.5
73
13
13.5
69.2
57
22.2
84.8
41.2
114.8
79
52
27.2
166.8
12
38.8
60.8
76.8
35
77.5
49
84
21.5
77.5
26.8
48.2
19.2
23.5
81.2
105.2
10
126.2
26.8
82.8
33.8
76.5
131
15.2
66.2
37
28
193.5
95
89.8
146.8
38.5
36.5
71
24.2
111.2
115
66.8
39.5
57.5
97.5
31.5
35.2
171
30
31
10.8
56.8
10.2
311
296
70.5
80.8
122.8
38.5
65.2
98.5
76.8
17.8
64.2
54.5
66.5
108.8
107.5
26
175.5
131.2
29
49.8
83.2
95.2
81.2
79
70.2
10.5
52
47.5
115.2
24.2
99.2
65.2
59
62.8
80.8
45.2
97.8
21.5
194.2
39.5
31.8
80
71
121.8
219.2
71.2
73.2
157
61
31
90.8
91.2
94.2
81.8
45.8
56.2
65.5
85
159.2
61.8
167
139
178.5
227.2
61.8
104.5
45.5
95.5
93.5
162.5
73.8
115.5
30
65.8
40.5
146
10.8
42.5
30.5
118.8
28.2
36.8
45
60.2
62.2
85.2
21.5
sums of draw-off volumes of each hour of the day
197.8
139.7
72.9
75.9
30.8
154.8
4931.4
7365.3
2707.2
489.6
393.8
1269.9
1863.5
752.4
818.5
1185.8
984.6
753.2
1040.9
1130.8
1170.5
1228.8
322.2
190.4
sums of draw-off volumes of each hour of weekdays
59.4
70.3
43.7
55.1
5.3
30
3905.7
4941.7
1357.6
192.8
255.3
1228.6
1765.9
615.2
232.4
229.8
102.2
467.4
926.90000000
879.5
810.3
811.5
120.6
148.6
sums of draw-off volumes of each hour of weekend-days
138.4
69.4
29.2
20.8
25.5
124.8
1025.7
2423.6
1349.6
296.8
138.5
41.3
97.6
137.2
586.1
956
882.4
285.8
114
251.3
360.2
417.3
201.6
41.8
holidays of household(s), numbers correspond to day of year
