sums of daily draw-off volumes
62
196
59
38.2
28.5
61.2
7.2
5.5
33.8
96
68.5
71
47
22.2
74
119.8
27.8
49.8
89.2
69
285.8
131.5
219.5
99.5
114.2
44.2
277.8
59.8
214
72
43
186.8
73.8
104
71.8
135
40
81.8
69
57.2
75.8
111.2
28.5
64.5
60
79.2
42.8
86.2
128.5
62.5
21.2
114.5
88.8
25.2
119
71.8
33.2
164.5
218.8
63
9.2
171.8
133
121.2
28
111.2
93.8
60.8
124.5
53.5
40
164.8
65.8
31.5
101.2
31
38
76.5
29
40.2
27.5
64
39.5
61.2
18
109.8
80
18.2
32
82.8
89.2
23.5
56.5
21.2
115.5
100.5
70.2
201.2
32.8
81.5
81.2
71.2
21
76.8
222.8
173
51.5
42.5
66.2
89.8
44
93.5
70.5
198.2
65.8
60.5
97.8
66.8
126.5
122.5
43.5
65.2
151
69
79.2
131.8
57.8
156.8
64.2
170
114.2
73.5
47.8
9.2
120.2
79.5
37.8
48
81
140.2
66
32.8
82.2
179.5
71.2
32.2
60.2
39.5
39
164
37.5
29.5
76
188.5
81.5
29.8
66.5
70.5
42
52.2
191
87.5
34.5
26.5
45.5
90.8
11.5
36.2
130.2
39.2
84.5
93
80.8
121.5
47.5
146.8
59.5
67
100
30.5
113.5
81.2
37
97.5
35.5
42.2
86.5
69.5
30
36.8
62
109.2
110.2
40.2
49.5
88
90.2
41.5
179
44.8
89.8
133.5
38.2
28.8
85.2
43.8
76
73.8
99.2
79.5
30.5
4
30.5
78.2
76.8
113.2
152
71.8
46.8
75.8
141.5
31
31.2
92
19.2
33.5
148
108.8
65.2
73.8
83
127.5
86
53
38.8
76.5
71.8
43
46.5
113.5
56.2
100
102.5
25.2
98
16
158
51.2
92.8
31.2
218.8
46.2
23
82.8
75.8
21.8
68.5
24.2
76.5
77.8
220.5
33.5
86.8
81.8
31.5
39.8
57.2
11.2
35
167.5
63.8
81
99.8
112.5
17
28
29.8
76.2
85.2
57
82.5
89.2
30
17
123.2
107.5
33.2
19.2
70.8
88.5
102.5
47.8
212.2
114.5
68.2
43.8
27.2
25
25.5
69
35.2
52.8
69.8
30.5
37.8
32.8
108.8
119.5
10.5
42.5
97.2
57.2
30
52.5
136.5
171.2
98
108.8
24.8
66.8
60.8
118
198.5
31
91.8
28
64
48.8
39
63
80.2
93
55
52.5
135.5
32
78.5
206.2
41.8
37
37.5
47.5
139.2
71
33.8
127
132.2
61
122.8
45.2
114
117.5
126.8
33.2
73.8
212.5
133.2
63.2
73.8
178.5
62.5
462.2
35
39
115
sums of draw-off volumes of each hour of the day
90.3
58.7
61
17.1
97.5
77.8
5351.3
6371.8999999
2893.5
557.2
403.2
1737.9
1963.2
584.8
632.5
1234.5
695.7
616.3
1257.2
1288.4
1603
785.7
444.1
46.4
sums of draw-off volumes of each hour of weekdays
79
28.2
44.8
11.2
24
28.3
4394
4402.3
1501.5
182.9
283.2
1480.1
1866.3
510.5
169.1
171.5
206.7
403
1183
1059.4
1000.4
473.6
128.2
20.4
sums of draw-off volumes of each hour of weekend-days
11.3
30.5
16.2
5.9
73.5
49.5
957.3
1969.6
1392
374.3
120
257.8
96.9
74.3
463.4
1063
489
213.3
74.2
229
602.6
312.1
315.9
26
holidays of household(s), numbers correspond to day of year
