157;29
13;30
7;31
32;32
14;50
25;77
49;126
561;127
19;128
14;129
23;136
5;146
47;147
20;172
9;176
37;184
25;221
24;222
30;223
24;224
10;225
28;241
16;242
25;249
27;259
17;262
10;267
30;290
22;318
1;361
1;362
5;363
24;366
3;369
32;370
7;371
28;372
37;413
16;416
5;435
10;439
13;457
7;461
7;463
6;464
4;470
9;472
28;509
1;512
30;513
34;516
16;543
19;544
2;546
1;547
29;548
16;554
12;560
9;561
45;563
3;569
5;608
3;610
21;658
13;677
3;703
6;722
8;797
46;798
6;799
25;800
17;817
20;819
3;846
10;849
28;896
173;903
183;915
12;989
39;991
30;992
30;1002
18;1012
31;1032
32;1037
26;1043
16;1044
40;1045
31;1085
30;1086
151;1106
12;1107
9;1132
12;1134
39;1135
48;1184
13;1188
19;1207
24;1213
4;1215
18;1218
2;1220
25;1238
35;1243
12;1277
7;1281
24;1282
8;1283
35;1284
3;1335
31;1373
8;1374
17;1376
14;1389
163;1390
15;1396
18;1403
10;1421
5;1422
2;1423
7;1431
6;1432
167;1469
22;1470
7;1471
29;1472
3;1490
25;1491
34;1514
165;1520
10;1521
17;1534
5;1565
8;1566
28;1588
16;1606
27;1608
12;1611
4;1618
3;1619
8;1624
160;1661
18;1663
12;1664
9;1718
29;1757
42;1758
30;1759
29;1760
9;1775
26;1777
162;1804
29;1809
1;1816
4;1854
8;1855
33;1858
11;1859
11;1860
22;1875
18;1885
12;1886
48;1889
32;1890
32;1891
13;1892
7;1907
12;1908
13;1911
12;1950
325;1952
38;1954
53;1955
557;1964
21;1969
28;1980
28;1981
18;1983
31;1984
6;2001
26;2008
19;2045
232;2046
14;2047
12;2048
17;2067
32;2080
161;2091
28;2093
3;2095
8;2098
183;2141
20;2142
19;2143
13;2144
30;2151
26;2162
567;2166
15;2191
4;2195
1;2197
36;2237
35;2238
20;2240
161;2257
19;2258
9;2270
30;2281
26;2283
59;2286
3;2296
29;2334
12;2335
47;2336
55;2354
43;2356
14;2377
28;2386
168;2387
12;2389
21;2390
28;2391
26;2429
1;2431
65;2432
3;2449
3;2450
37;2474
17;2476
14;2481
11;2484
27;2525
2;2527
202;2528
26;2529
38;2530
52;2532
160;2535
157;2538
24;2553
6;2557
59;2558
37;2564
150;2578
160;2579
11;2586
37;2608
10;2622
19;2623
13;2624
17;2625
13;2626
20;2655
34;2673
26;2675
13;2679
23;2683
14;2684
42;2718
182;2719
95;2720
3;2732
162;2735
6;2737
163;2738
18;2739
1;2740
6;2761
20;2763
156;2765
2;2766
41;2813
48;2814
89;2816
15;2834
17;2836
23;2862
27;2867
28;2871
40;2909
16;2911
85;2912
1;2938
8;2943
6;2945
9;2946
7;2963
618;3005
32;3006
41;3008
7;3010
4;3026
5;3058
12;3059
2;3062
26;3063
56;3102
3;3103
19;3104
10;3118
39;3121
8;3122
156;3147
4;3156
185;3197
28;3198
25;3201
65;3202
52;3203
17;3229
4;3230
10;3233
28;3234
2;3253
44;3294
8;3299
182;3300
8;3329
19;3331
1;3332
23;3347
2;3348
29;3389
25;3391
32;3392
170;3408
26;3409
144;3410
26;3416
23;3423
18;3438
17;3442
30;3448
3;3485
26;3486
53;3487
12;3488
43;3505
23;3507
7;3582
34;3583
16;3584
39;3596
23;3627
32;3628
174;3631
2;3636
51;3678
42;3679
3;3680
4;3688
2;3696
170;3727
4;3731
19;3773
33;3775
48;3776
8;3783
8;3784
18;3792
24;3793
1;3795
8;3796
40;3818
22;3825
5;3869
4;3870
168;3872
36;3876
22;3902
22;3905
2;3906
3;3914
36;3924
5;3926
4;3967
180;3969
12;3970
31;3971
24;3972
33;3974
28;3978
14;3983
1;3992
12;4001
2;4002
26;4003
7;4004
25;4006
19;4013
11;4020
16;4023
7;4063
38;4064
22;4065
6;4083
5;4084
16;4110
20;4126
36;4157
15;4160
6;4177
22;4178
3;4187
165;4194
10;4203
1;4207
50;4253
8;4254
22;4255
8;4256
3;4268
146;4273
3;4308
2;4348
8;4350
37;4351
195;4352
8;4353
7;4358
17;4371
12;4383
29;4390
2;4395
35;4445
26;4446
24;4447
42;4448
9;4465
3;4475
7;4479
4;4486
5;4488
16;4499
12;4546
34;4547
30;4548
153;4557
1;4574
25;4576
20;4577
25;4579
6;4580
5;4581
9;4602
25;4603
3;4638
174;4642
6;4643
21;4644
15;4653
6;4671
7;4672
164;4676
6;4680
5;4691
37;4695
12;4696
28;4697
30;4699
191;4733
6;4735
3;4755
11;4759
14;4766
25;4790
4;4829
34;4831
6;4834
15;4849
16;4864
10;4876
29;4925
41;4926
81;4927
213;4928
8;4946
8;4973
18;4977
31;4982
29;4983
2;5023
145;5024
22;5041
7;5047
163;5068
13;5073
1;5075
2;5076
27;5117
16;5120
22;5129
11;5137
25;5139
5;5213
21;5214
5;5215
167;5216
12;5217
23;5218
28;5219
191;5245
24;5253
33;5310
3;5311
33;5312
78;5315
21;5316
34;5322
31;5342
22;5343
19;5347
13;5359
24;5405
17;5406
28;5408
24;5425
31;5428
9;5456
153;5501
17;5503
163;5504
9;5523
34;5542
30;5548
202;5551
23;5552
27;5555
58;5597
6;5598
56;5599
714;5600
3;5605
37;5619
1;5645
79;5693
3;5694
3;5696
35;5704
7;5713
13;5714
33;5720
20;5739
33;5747
26;5751
17;5812
1;5835
19;5838
150;5885
7;5886
34;5888
6;5889
175;5890
38;5891
37;5896
35;5918
21;5919
43;5920
43;5921
23;5922
16;5938
24;5940
31;5941
4;5944
32;5973
161;5983
7;5984
10;5985
22;5986
19;5988
1;6002
25;6018
13;6019
50;6020
7;6030
26;6031
5;6033
154;6043
18;6068
28;6077
61;6078
159;6079
13;6080
4;6081
7;6086
3;6097
10;6098
9;6099
17;6114
38;6119
34;6121
32;6123
22;6126
7;6128
23;6130
25;6173
16;6174
24;6176
18;6184
1;6196
19;6219
9;6227
90;6269
42;6270
172;6271
1;6272
29;6276
62;6290
12;6291
2;6310
35;6328
48;6365
23;6366
215;6368
19;6386
7;6411
6;6420
34;6422
23;6432
154;6461
26;6463
31;6464
9;6483
4;6496
3;6514
16;6519
22;6533
26;6557
30;6558
12;6559
17;6560
190;6561
147;6562
12;6563
34;6564
8;6620
30;6653
12;6656
18;6657
6;6658
2;6659
64;6685
29;6687
43;6691
10;6709
31;6750
22;6751
61;6752
17;6769
23;6770
6;6807
23;6845
9;6846
36;6848
171;6865
165;6866
196;6867
13;6880
12;6885
15;6895
19;6902
27;6943
47;6944
151;6961
5;6963
1;6964
20;6986
12;6990
6;7011
48;7040
4;7048
11;7050
35;7059
4;7060
18;7096
17;7118
40;7133
19;7134
1;7135
152;7136
153;7155
16;7156
7;7182
12;7229
23;7232
64;7234
6;7251
11;7265
5;7270
3;7284
60;7325
22;7327
8;7328
6;7330
4;7331
10;7341
3;7363
23;7364
10;7374
6;7382
161;7421
64;7422
1;7423
3;7424
17;7442
25;7444
10;7465
25;7470
27;7517
16;7518
21;7519
11;7520
39;7568
2;7571
18;7603
43;7615
10;7633
66;7636
24;7651
23;7703
2;7709
9;7711
20;7712
8;7730
13;7731
35;7754
53;7806
31;7807
62;7808
16;7812
41;7825
2;7826
24;7828
20;7849
7;7862
31;7902
8;7903
26;7904
23;7906
54;7907
4;7930
6;7938
4;7950
2;7958
21;7973
16;7997
28;7998
2;7999
41;8000
49;8003
10;8029
2;8031
11;8033
7;8049
25;8051
13;8054
10;8058
9;8059
1;8060
38;8096
7;8107
4;8108
15;8114
8;8144
25;8190
23;8192
16;8196
19;8212
20;8215
7;8233
171;8234
158;8241
26;8285
19;8286
18;8287
25;8292
34;8305
21;8307
170;8338
7;8340
36;8381
28;8382
8;8384
1;8437
14;8470
11;8479
1;8480
11;8496
33;8497
27;8498
23;8511
8;8534
18;8565
172;8572
6;8574
5;8576
29;8578
31;8579
14;8580
6;8608
19;8610
24;8612
2;8624
5;8627
20;8645
22;8665
2;8669
1;8670
26;8672
4;8682
31;8683
21;8700
62;8702
19;8703
149;8724
10;8761
6;8762
7;8763
7;8764
15;8769
28;8783
9;8784
12;8813
2;8857
10;8874
18;8877
22;8878
165;8879
9;8888
17;8954
14;8955
3;8976
12;8980
34;8998
5;9008
28;9037
23;9049
33;9050
58;9051
188;9052
11;9072
35;9092
35;9097
51;9103
20;9145
183;9146
17;9147
20;9148
29;9153
22;9165
45;9167
34;9171
25;9195
7;9198
43;9241
15;9242
59;9243
22;9244
28;9245
18;9246
7;9247
24;9275
27;9276
3;9281
1;9301
14;9303
20;9308
6;9330
12;9338
20;9339
9;9340
20;9341
586;9342
17;9344
3;9355
5;9361
12;9370
3;9373
26;9375
10;9382
37;9387
3;9389
36;9391
17;9410
11;9433
5;9434
36;9435
25;9436
6;9452
8;9454
23;9456
168;9529
16;9530
22;9531
36;9535
15;9551
6;9577
1;9578
34;9582
28;9587
46;9625
24;9626
7;9627
206;9628
5;9646
7;9658
30;9682
11;9705
11;9721
77;9722
9;9723
2;9724
11;9741
136;9743
1;9759
15;9767
12;9770
27;9794
33;9820
24;9861
12;9891
36;9913
8;9914
38;9915
9;9917
59;9918
20;9919
12;9920
19;9930
13;9932
30;9946
9;9951
5;9963
28;9970
9;9977
156;10009
6;10010
55;10011
553;10015
5;10029
12;10041
23;10042
2;10043
13;10044
4;10045
23;10046
8;10047
17;10058
14;10072
169;10105
58;10107
13;10108
170;10122
15;10125
28;10126
9;10135
23;10142
2;10149
23;10152
169;10156
13;10159
29;10200
11;10201
28;10202
22;10204
37;10221
17;10222
4;10243
32;10259
26;10260
39;10297
22;10298
50;10299
3;10319
12;10326
3;10338
19;10339
5;10343
7;10346
10;10354
23;10393
162;10396
22;10405
15;10414
6;10416
6;10446
31;10449
47;10489
63;10490
38;10510
22;10524
4;10530
19;10543
166;10548
18;10588
18;10590
13;10612
7;10617
10;10621
33;10622
25;10623
19;10624
21;10627
12;10647
11;10679
15;10681
4;10683
15;10686
3;10688
12;10714
7;10715
195;10716
14;10720
9;10724
31;10726
14;10735
18;10738
11;10739
15;10746
163;10778
49;10779
70;10780
153;10873
45;10874
48;10875
32;10876
162;10883
157;10896
10;10921
16;10925
170;10931
1;10969
175;10970
2;10972
2;10990
4;10991
33;10992
8;11001
8;11018
30;11028
31;11056
8;11065
2;11067
37;11068
149;11087
6;11102
9;11109
3;11161
16;11162
86;11164
13;11175
32;11183
30;11184
8;11200
167;11203
16;11206
12;11215
3;11219
5;11220
1;11258
28;11259
29;11261
36;11262
5;11264
29;11280
49;11291
23;11293
18;11299
5;11305
15;11310
14;11313
15;11314
10;11336
26;11354
2;11355
47;11356
27;11357
152;11358
65;11385
49;11386
4;11388
4;11389
42;11390
5;11392
16;11401
31;11406
13;11407
13;11408
9;11449
184;11450
1;11451
25;11452
17;11464
31;11469
26;11471
189;11472
8;11475
47;11545
2;11546
13;11548
6;11552
4;11565
25;11566
16;11593
39;11596
22;11602
27;11641
59;11642
64;11643
31;11644
25;11657
9;11661
30;11685
5;11691
11;11695
320;11737
32;11739
8;11759
165;11770
3;11785
17;11787
32;11788
27;11796
5;11833
24;11834
35;11835
162;11860
8;11862
2;11880
4;11889
7;11890
29;11891
160;11933
25;11934
13;11935
13;11936
17;11944
28;11962
26;11968
4;11972
31;11987
19;12028
6;12031
164;12032
29;12043
13;12057
26;12058
30;12060
11;12061
19;12063
152;12064
10;12079
8;12083
9;12085
19;12086
12;12088
26;12102
33;12122
146;12123
11;12124
2;12144
13;12171
11;12217
13;12218
163;12219
41;12220
170;12237
21;12238
7;12239
166;12262
4;12265
4;12271
27;12274
6;12296
6;12297
11;12313
10;12314
19;12315
14;12357
5;12358
157;12365
29;12368
16;12404
22;12410
569;12411
23;12447
18;12453
3;12465
29;12466
46;12505
76;12507
8;12508
19;12525
10;12527
150;12533
15;12549
2;12550
25;12554
28;12556
27;12559
37;12561
14;12564
21;12596
24;12602
27;12603
41;12604
5;12606
9;12607
13;12608
35;12622
32;12633
12;12634
20;12636
24;12638
31;12664
21;12699
4;12701
13;12703
29;12728
25;12732
2;12734
16;12743
21;12746
29;12752
31;12760
14;12796
20;12827
3;12841
36;12890
175;12891
5;12909
25;12911
16;12912
29;12921
34;12936
161;12940
14;12985
24;12987
163;12988
20;13007
25;13036
39;13037
32;13040
1;13044
14;13081
26;13082
43;13084
29;13098
24;13101
6;13126
9;13139
17;13177
26;13178
20;13179
21;13180
10;13215
5;13229
28;13231
15;13232
4;13234
35;13235
11;13236
16;13272
19;13273
23;13274
6;13277
183;13279
17;13280
29;13282
10;13307
10;13312
11;13322
1;13358
47;13370
29;13371
23;13373
164;13375
147;13376
27;13378
17;13379
7;13395
24;13403
8;13425
27;13426
16;13429
24;13431
11;13465
25;13466
39;13467
47;13468
36;13475
23;13486
37;13488
16;13498
27;13514
3;13516
3;13561
19;13564
35;13568
1;13580
31;13610
11;13615
5;13618
26;13620
98;13658
76;13659
13;13678
61;13679
26;13682
26;13685
13;13701
16;13706
22;13753
34;13754
318;13755
62;13756
12;13769
155;13773
35;13775
13;13794
25;13798
18;13799
20;13803
4;13807
151;13849
6;13850
9;13851
48;13852
19;13867
4;13869
25;13898
23;13904
5;13924
20;13945
14;13946
2;13947
19;13948
22;13952
8;13983
39;13984
29;14042
28;14043
25;14046
11;14047
9;14048
32;14067
18;14074
47;14075
35;14078
2;14087
5;14093
30;14138
7;14140
29;14157
30;14159
8;14160
25;14179
29;14196
38;14234
40;14235
19;14255
3;14260
24;14279
32;14285
563;14329
42;14332
10;14349
1;14352
10;14381
30;14387
37;14425
39;14426
13;14427
21;14428
13;14446
4;14447
23;14472
15;14521
32;14523
24;14524
13;14539
12;14543
22;14558
173;14617
12;14618
6;14619
21;14620
5;14621
5;14622
51;14650
20;14652
11;14656
6;14694
32;14705
34;14714
8;14715
11;14716
17;14717
202;14718
32;14719
206;14720
8;14745
164;14747
26;14756
8;14775
20;14809
25;14810
36;14811
29;14812
11;14831
170;14856
10;14864
25;14868
44;14906
17;14907
20;14908
34;14939
4;14945
68;15004
25;15021
11;15035
157;15036
5;15046
19;15097
112;15098
41;15099
33;15100
17;15102
8;15117
26;15119
26;15135
30;15193
26;15194
64;15195
43;15196
5;15244
4;15273
32;15289
14;15291
11;15292
15;15293
32;15294
57;15295
20;15322
9;15344
12;15345
3;15352
168;15387
41;15389
1;15392
329;15420
32;15423
21;15437
158;15441
14;15445
168;15481
6;15482
18;15483
156;15484
1;15504
1;15549
8;15577
30;15578
30;15579
7;15590
19;15595
1;15597
7;15600
13;15623
4;15628
19;15635
9;15666
35;15673
26;15676
22;15680
14;15694
38;15763
13;15769
49;15770
8;15771
23;15772
11;15778
22;15786
6;15789
5;15792
6;15825
1;15828
155;15867
25;15868
23;15887
42;15888
12;15889
18;15898
38;15909
23;15920
27;15924
10;15963
36;15997
10;16047
14;16057
2;16058
13;16061
9;16062
7;16063
6;16064
2;16074
27;16080
23;16089
5;16095
8;16108
4;16112
15;16116
36;16153
155;16154
19;16155
190;16156
14;16174
7;16176
18;16184
32;16194
21;16200
9;16202
20;16207
18;16249
32;16250
73;16252
12;16257
2;16272
20;16281
15;16345
56;16346
44;16347
203;16348
12;16366
8;16368
16;16442
160;16459
3;16481
15;16485
10;16486
148;16488
20;16489
3;16518
202;16538
29;16539
16;16540
11;16557
13;16561
25;16574
6;16581
10;16594
8;16595
29;16633
17;16636
19;16637
157;16638
32;16639
28;16661
12;16666
173;16669
14;16671
5;16672
6;16729
47;16731
53;16732
24;16734
4;16747
14;16761
31;16764
11;16789
37;16826
39;16827
4;16828
153;16844
176;16845
32;16846
18;16847
24;16850
50;16874
24;16883
29;16884
1;16888
6;16921
3;16924
25;16929
155;16944
18;16954
7;16959
7;16965
6;16968
11;16970
60;17018
28;17028
156;17037
24;17053
7;17113
6;17114
7;17115
7;17116
28;17129
4;17134
164;17135
152;17141
25;17162
13;17210
12;17211
30;17212
3;17224
25;17229
15;17230
23;17231
1;17233
31;17305
26;17308
50;17310
13;17311
8;17338
168;17357
158;17359
3;17403
22;17405
26;17406
10;17430
41;17434
194;17436
1;17440
28;17460
26;17497
78;17498
25;17499
12;17508
7;17520
2;17593
340;17595
21;17596
2;17616
10;17646
15;17649
41;17690
23;17692
11;17697
5;17708
30;17710
17;17736
3;17739
11;17746
1;17748
1;17784
26;17785
73;17786
2;17787
47;17788
5;17798
9;17808
6;17844
20;17881
204;17882
22;17883
94;17884
6;17934
11;17976
34;17977
34;17979
22;17980
33;17981
9;17982
25;17984
27;17992
12;18009
4;18011
17;18013
22;18014
19;18016
9;18037
5;18073
1;18076
2;18077
54;18078
27;18110
20;18114
7;18118
4;18128
22;18169
31;18170
17;18171
36;18172
14;18190
27;18195
14;18265
178;18266
5;18268
17;18288
34;18328
18;18362
29;18363
154;18364
13;18382
3;18406
6;18407
195;18411
5;18413
10;18414
4;18419
165;18434
24;18457
4;18458
25;18459
34;18460
8;18477
4;18478
166;18479
4;18497
1;18509
6;18510
34;18553
31;18554
28;18555
19;18573
34;18574
9;18575
6;18604
19;18650
35;18651
25;18652
23;18656
18;18662
15;18679
1;18682
11;18687
15;18699
14;18703
21;18705
1;18710
2;18748
170;18750
153;18751
27;18780
159;18841
60;18842
46;18843
35;18844
16;18854
4;18885
7;18890
4;18892
7;18893
4;18894
19;18896
63;18938
56;18939
1;18940
30;18957
10;18970
6;18976
590;19033
42;19035
8;19053
20;19056
10;19080
12;19081
21;19087
13;19089
18;19129
26;19130
38;19131
44;19132
31;19151
22;19169
37;19225
29;19226
19;19228
170;19246
21;19248
13;19272
4;19273
35;19275
13;19276
8;19277
10;19280
11;19310
154;19313
28;19321
31;19323
182;19326
17;19347
15;19358
36;19360
30;19361
2;19369
28;19380
16;19418
22;19421
12;19423
15;19424
3;19451
10;19453
14;19456
28;19474
3;19478
4;19479
26;19480
39;19513
27;19515
25;19516
9;19522
15;19535
28;19611
29;19612
56;19629
36;19631
34;19657
158;19667
30;19706
16;19707
49;19708
39;19725
17;19753
24;19754
48;19801
196;19804
14;19822
22;19836
24;19860
3;19897
31;19900
21;19918
163;19919
47;19945
12;19946
18;19949
1;19980
3;19995
44;19996
18;19997
42;19999
14;20001
30;20026
22;20027
25;20029
5;20030
37;20031
156;20051
3;20069
29;20072
9;20089
17;20093
31;20094
8;20109
150;20110
3;20115
7;20123
38;20124
5;20125
18;20138
18;20185
93;20188
7;20230
4;20239
3;20281
4;20283
2;20301
7;20304
16;20378
16;20380
45;20397
11;20400
30;20424
4;20426
41;20473
28;20474
36;20475
4;20476
167;20493
32;20494
5;20525
31;20569
24;20570
60;20572
5;20579
14;20588
152;20620
21;20623
38;20665
179;20666
10;20668
40;20669
10;20672
2;20697
4;20699
7;20712
160;20724
3;20727
16;20761
163;20762
21;20767
16;20794
32;20808
184;20817
23;20818
153;20819
17;20857
60;20858
47;20859
37;20860
38;20878
1;20897
25;20912
32;20915
30;20918
7;20953
39;20954
30;20955
51;20956
37;21000
23;21001
43;21050
20;21051
38;21070
165;21071
37;21095
4;21145
172;21147
205;21148
8;21168
166;21170
6;21187
5;21194
24;21241
4;21242
9;21243
32;21244
25;21252
30;21286
13;21337
6;21338
10;21341
11;21346
19;21360
9;21371
30;21373
4;21396
23;21399
26;21433
25;21435
1;21436
21;21437
15;21439
21;21440
5;21446
38;21465
20;21468
10;21481
162;21489
24;21491
17;21529
25;21530
2;21531
18;21532
4;21552
8;21573
3;21586
35;21625
27;21626
8;21627
15;21643
30;21673
2;21681
17;21683
11;21721
5;21724
24;21728
162;21741
196;21744
167;21768
27;21769
9;21817
183;21819
182;21820
15;21830
15;21863
31;21865
6;21914
25;21916
157;21934
31;21935
4;21941
8;21960
22;21961
8;21970
9;22014
26;22016
4;22032
19;22043
17;22044
191;22048
29;22065
34;22105
166;22107
1;22108
61;22111
6;22112
6;22123
7;22126
32;22141
19;22142
219;22202
47;22204
13;22223
24;22228
19;22244
155;22257
33;22258
35;22297
51;22298
31;22299
9;22300
21;22313
10;22315
167;22318
20;22319
39;22393
7;22396
10;22428
156;22449
23;22467
45;22490
3;22492
2;22501
4;22509
24;22531
8;22538
19;22543
25;22544
2;22547
166;22585
32;22587
26;22588
30;22591
14;22592
38;22601
14;22682
27;22684
9;22685
5;22686
6;22707
10;22715
14;22716
39;22719
163;22720
10;22754
12;22777
10;22781
22;22783
8;22784
1;22787
16;22789
19;22799
7;22809
36;22810
2;22815
4;22831
3;22834
22;22843
77;22873
17;22874
2;22876
23;22895
6;22908
20;22921
12;22927
29;22928
158;22970
40;22971
31;22972
35;22975
27;22989
12;22991
149;22992
2;23017
17;23066
39;23067
4;23068
160;23088
5;23112
2;23161
15;23163
171;23182
11;23183
27;23184
174;23220
9;23257
169;23259
197;23260
6;23274
16;23277
13;23280
27;23350
6;23354
2;23356
31;23358
12;23359
14;23385
9;23409
159;23450
3;23451
19;23478
145;23479
15;23486
35;23504
13;23506
3;23507
17;23547
18;23548
7;23565
12;23572
10;23590
6;23641
35;23642
25;23643
1;23644
9;23662
556;23691
32;23738
51;23739
15;23740
27;23753
38;23757
17;23760
17;23785
8;23796
25;23833
159;23834
2;23835
5;23861
28;23873
152;23881
20;23929
20;23930
18;23932
10;23948
3;23949
23;23952
14;23980
17;23984
2;24025
4;24027
37;24028
9;24030
9;24031
26;24032
15;24033
39;24057
157;24059
569;24062
8;24087
28;24122
40;24123
16;24124
16;24153
19;24156
30;24176
36;24183
9;24218
36;24219
3;24220
37;24237
7;24256
196;24313
46;24315
5;24316
15;24354
27;24357
22;24358
11;24361
1;24362
8;24366
21;24409
16;24410
167;24411
5;24412
14;24431
26;24432
24;24458
8;24465
13;24466
9;24468
27;24506
24;24553
17;24554
15;24556
4;24560
45;24601
8;24602
30;24603
158;24622
7;24623
26;24642
40;24698
20;24701
1;24703
17;24731
19;24758
21;24793
6;24794
9;24795
24;24797
9;24800
7;24812
22;24814
25;24825
159;24836
3;24851
21;24853
59;24889
2;24890
42;24891
11;24892
3;24896
28;24898
20;24904
18;24909
17;24911
16;24931
60;24934
17;24940
9;24942
9;24945
15;24985
35;24986
2;24987
334;24988
10;25005
18;25007
10;25008
8;25018
450;25040
22;25081
2;25083
17;25084
17;25087
5;25102
9;25103
30;25112
18;25134
14;25140
148;25177
36;25178
2;25179
51;25180
22;25199
13;25200
12;25222
9;25233
34;25235
20;25236
9;25273
47;25274
22;25275
34;25293
165;25296
37;25316
13;25325
5;25370
16;25371
4;25374
13;25375
43;25376
11;25405
15;25419
7;25423
12;25427
7;25465
27;25466
11;25468
6;25469
31;25470
24;25499
2;25500
21;25519
18;25523
12;25528
72;25561
20;25562
28;25563
39;25581
6;25582
1;25597
15;25606
22;25609
19;25612
7;25619
9;25657
2;25658
5;25660
2;25678
17;25680
10;25708
25;25729
6;25754
21;25755
18;25757
18;25791
28;25801
24;25806
555;25850
16;25851
8;25852
29;25871
12;25872
2;25873
18;25893
30;25905
151;25945
29;25946
25;25947
20;25961
30;25968
2;26033
25;26042
9;26043
191;26044
10;26045
32;26047
7;26050
35;26069
13;26075
38;26139
50;26141
32;26142
49;26143
21;26151
8;26170
14;26172
17;26173
10;26175
152;26192
8;26195
197;26233
11;26234
51;26236
158;26244
4;26248
14;26283
12;26288
3;26298
5;26331
15;26332
7;26351
19;26355
22;26367
20;26406
17;26425
4;26427
18;26428
12;26442
2;26446
5;26448
18;26456
16;26483
2;26522
32;26524
31;26537
19;26542
18;26556
7;26566
10;26580
22;26617
7;26618
156;26619
35;26620
32;26640
18;26661
5;26663
30;26671
179;26713
8;26714
9;26718
8;26726
16;26734
42;26746
28;26747
31;26749
1;26754
19;26777
14;26810
21;26811
20;26816
15;26824
21;26827
8;26838
15;26840
26;26841
5;26842
21;26845
14;26848
32;26861
16;26868
16;26902
50;26906
175;26907
6;26925
7;26926
21;26927
3;26946
8;26952
33;26961
11;26964
10;27001
160;27002
15;27003
14;27023
19;27024
13;27047
13;27049
20;27052
31;27056
35;27057
27;27070
34;27098
1;27099
27;27120
28;27148
22;27152
8;27154
11;27193
4;27194
15;27196
1;27213
26;27231
11;27249
26;27284
18;27289
163;27290
15;27291
21;27292
19;27324
20;27336
12;27339
199;27344
1;27375
21;27385
19;27387
67;27388
32;27389
4;27391
7;27392
33;27418
11;27419
166;27421
49;27423
5;27434
11;27436
4;27437
22;27466
15;27482
15;27514
7;27515
31;27534
7;27536
36;27539
22;27578
14;27597
9;27600
10;27625
22;27629
26;27673
182;27675
5;27676
13;27692
19;27717
38;27721
12;27769
238;27770
11;27771
28;27772
33;27790
9;27796
1;27807
22;27828
197;27866
3;27873
1;27888
25;27895
21;27922
163;27923
8;27941
48;27961
39;27962
52;27963
18;27981
1;28008
5;28012
11;28013
9;28015
184;28057
25;28058
175;28059
172;28061
21;28063
9;28064
18;28090
35;28095
37;28096
173;28110
23;28153
15;28154
169;28155
29;28159
151;28160
10;28187
5;28189
8;28191
30;28210
18;28216
24;28249
54;28250
165;28251
25;28270
4;28296
1;28304
13;28345
43;28346
94;28347
7;28348
5;28371
13;28396
34;28421
9;28441
2;28442
34;28443
4;28444
5;28463
21;28474
66;28540
25;28560
9;28583
19;28634
43;28635
6;28654
29;28685
5;28689
10;28724
3;28731
13;28733
5;28734
38;28735
159;28760
48;28789
30;28817
1;28820
38;28828
18;28829
5;28853
24;28859
25;28860
62;28921
34;28922
22;28923
29;28924
36;28969
28;28972
178;29018
1;29019
10;29027
7;29037
5;29038
17;29040
5;29048
24;29061
28;29065
2;29069
2;29070
6;29113
22;29116
17;29133
19;29136
58;29163
68;29213
32;29214
14;29215
1;29234
24;29261
12;29271
5;29309
26;29310
24;29312
13;29329
7;29330
25;29332
27;29339
4;29358
10;29380
18;29405
44;29406
28;29407
1;29411
56;29412
14;29436
23;29438
27;29441
50;29457
149;29460
15;29463
23;29475
27;29501
9;29504
11;29506
162;29509
20;29534
8;29539
27;29540
27;29545
164;29554
25;29598
17;29619
58;29693
5;29695
46;29696
36;29704
4;29711
1;29729
20;29742
8;29792
10;29799
25;29809
173;29810
1;29845
172;29846
19;29885
13;29886
20;29888
162;29906
5;29907
10;29930
22;29981
45;29982
6;29983
6;29989
20;29998
10;30004
10;30035
1;30038
18;30069
25;30079
7;30080
14;30081
46;30082
3;30084
24;30111
26;30114
17;30116
2;30131
28;30140
36;30165
10;30173
188;30174
14;30176
29;30177
17;30178
8;30180
157;30195
24;30205
16;30208
28;30209
8;30211
11;30213
5;30269
582;30270
22;30272
17;30278
12;30289
2;30290
29;30299
4;30306
8;30315
4;30323
40;30365
4;30367
199;30368
17;30370
33;30386
33;30387
24;30411
20;30415
22;30418
22;30461
25;30462
20;30463
34;30464
155;30481
6;30483
12;30484
161;30516
29;30557
36;30559
30;30560
4;30576
77;30653
53;30655
16;30656
37;30675
48;30676
11;30682
8;30699
17;30700
14;30749
34;30752
12;30753
36;30754
31;30756
14;30759
23;30786
2;30788
29;30795
3;30798
24;30799
11;30807
10;30808
1;30847
10;30848
32;30849
8;30851
148;30852
14;30858
162;30877
15;30880
24;30884
33;30896
25;30904
110;30942
60;30944
21;30978
450;30981
153;30986
1;31037
3;31038
51;31039
39;31040
15;31057
10;31059
5;31064
11;31135
34;31136
30;31144
13;31153
36;31154
27;31155
34;31178
160;31180
22;31187
1;31208
18;31229
16;31230
27;31231
15;31238
6;31250
14;31253
10;31283
5;31288
28;31325
6;31327
168;31328
2;31346
21;31351
12;31367
19;31374
27;31409
5;31422
20;31425
18;31426
11;31428
15;31451
21;31454
22;31458
25;31460
31;31477
24;31509
38;31517
37;31518
19;31520
15;31521
5;31553
18;31574
12;31613
27;31614
164;31616
16;31658
4;31670
29;31672
9;31687
40;31709
17;31710
45;31711
11;31712
1;31729
11;31731
24;31732
163;31755
52;31805
9;31807
41;31808
35;31809
169;31816
4;31818
10;31822
21;31851
3;31856
28;31863
55;31901
15;31902
39;31904
20;31905
20;31907
3;31918
37;31922
2;31939
3;31943
5;31947
17;31948
4;31953
51;31998
3;31999
156;32018
160;32089
26;32093
26;32094
186;32096
14;32097
9;32100
26;32127
18;32129
33;32130
20;32132
8;32147
9;32150
7;32151
10;32190
23;32193
30;32196
28;32210
34;32221
3;32250
21;32285
13;32286
41;32287
8;32288
5;32300
12;32307
167;32309
6;32323
15;32328
26;32338
14;32381
44;32382
26;32402
586;32431
155;32436
12;32477
34;32478
21;32480
9;32497
14;32500
7;32504
40;32508
30;32536
21;32573
46;32574
40;32575
11;32594
2;32595
28;32617
3;32669
5;32672
25;32689
47;32690
58;32692
12;32696
6;32752
24;32765
18;32766
9;32767
12;32772
11;32794
32;32800
23;32802
16;32819
8;32827
31;32828
172;32863
204;32864
90;32866
16;32897
23;32900
7;32911
27;32921
18;32922
10;32957
19;32958
31;32959
188;32978
9;32980
27;33016
3;33053
25;33054
40;33055
38;33056
24;33074
5;33087
8;33149
182;33150
12;33151
35;33152
9;33165
32;33171
10;33172
59;33193
155;33195
5;33196
1;33206
221;33245
147;33247
42;33248
49;33267
28;33290
1;33294
21;33296
20;33305
32;33341
173;33342
8;33343
13;33363
18;33392
17;33437
163;33438
3;33440
27;33444
158;33447
24;33469
10;33473
33;33475
12;33476
33;33491
11;33496
21;33537
28;33540
33;33566
34;33567
14;33568
5;33569
1;33572
23;33581
20;33589
2;33591
155;33611
49;33629
13;33630
6;33631
18;33632
166;33649
1;33650
12;33658
10;33673
9;33681
17;33694
13;33725
177;33726
35;33727
179;33728
9;33733
29;33771
2;33774
26;33784
182;33821
12;33822
61;33823
162;33824
34;33829
17;33853
25;33866
14;33871
13;33917
16;33918
19;33920
3;33939
21;33963
23;33969
16;33971
22;33974
75;34013
6;34014
31;34015
35;34016
22;34033
33;34034
2;34036
28;34044
28;34049
22;34058
6;34062
7;34066
21;34109
169;34111
2;34112
3;34116
14;34142
23;34143
38;34144
8;34146
11;34165
559;34168
2;34172
21;34205
27;34207
174;34208
168;34209
15;34211
10;34212
27;34236
25;34237
52;34238
7;34240
7;34242
53;34301
54;34302
59;34303
24;34324
6;34336
20;34355
37;34359
21;34397
184;34398
3;34400
11;34428
6;34433
33;34446
37;34452
1;34493
598;34494
12;34495
7;34496
22;34501
31;34514
25;34537
18;34540
5;34589
10;34590
8;34591
30;34592
19;34595
2;34596
150;34610
14;34634
5;34637
7;34644
38;34685
310;34686
621;34687
560;34688
12;34705
191;34707
28;34708
20;34732
13;34735
3;34738
44;34741
9;34743
20;34785
31;34786
9;34787
10;34813
7;34818
21;34819
5;34821
19;34833
8;34838
10;34841
35;34852
56;34879
8;34882
6;34883
32;34891
4;34898
6;34911
1;34914
8;34916
192;34973
3;34974
13;34976
15;34993
2;34995
10;34996
26;35017
8;35021
191;35032
