sums of daily draw-off volumes
31.2
18.2
15
13.2
44.2
16.2
51.8
67.5
1.8
70
21
20.2
60.5
67.2
29.8
58.8
34
68.2
35.5
16
192.2
36
12.5
31.2
10.2
19.5
83.8
29.8
14.2
22
56
33
96.2
30
100
151.5
205.2
87.2
17.2
26.2
7.2
66.2
55
22.8
30
22.8
137.5
53
73.5
21.5
63.8
62.2
21.2
46.5
20
98.8
65
97.5
22.2
60.8
46
55.5
182
134.8
132.8
52.8
15
79
223.8
61.5
44.5
9.5
3
14.8
15.2
105.2
18.2
14.2
56.5
80.8
57.2
22.2
30.8
117.5
64
18
20.8
23.5
17.5
57.2
25.2
110.2
18.2
55.5
53
67.2
37.2
98.8
70.5
22.2
53.5
22.5
152.2
30.2
19
45.5
21.5
19.2
111
15.2
14
152.2
50.8
56.2
49
24.5
15.2
55.2
99.2
48.8
10.2
29.8
61
62.8
26.2
25.5
12.2
32.8
61.5
13.2
21.2
15.8
23.2
15.5
7.2
24.8
5.2
23.5
25.5
12
97.5
15.5
19
15.5
11.8
30.2
58
95.5
2.2
35
43.8
14
17.5
20
86.2
34
43.2
12.5
15.8
25
66.8
9.5
60.5
44.2
17.5
16.8
35.8
158.2
6.8
5.2
50
23
53
172
46
8
59.5
23.2
51
1.2
37.8
10
120
51.5
13
94.8
6.5
51
4
11
13
11.8
39.5
54.8
30.5
53.8
58
19.5
51.8
19.2
22.2
17.8
45.5
44.8
24
18.8
21.2
19.2
30.5
7
13.8
59.8
14.2
59.8
41.5
55.2
66.5
22.5
15.8
3
22.5
13.8
5
36.5
16
55.2
46.2
21.5
16.8
24
35.5
20.5
95.8
23.8
20
16.8
19
83.2
14.5
19.2
0
5.5
16.2
67.5
70.5
61.8
16.8
27.8
14.8
20.8
25.2
44.5
11.5
20
21.8
18.2
24
20
15.5
20
52.8
8.8
31
4.8
87.2
14.2
21.5
21.2
99.8
3
25.5
20.2
33.8
22
114.5
46.5
3.5
7.8
53
68.8
16.2
33.5
15.5
70
47.2
35.8
3.8
14.2
70.2
28.5
7.8
26.8
15.2
13.8
22.8
62
24.8
15.8
16.8
67
59
46
108
3
33.8
19.5
67.5
41.8
56
23
53.8
19
25
53.2
31.2
7.2
11
14
18.2
65
74.2
9
14
24
22.8
45.5
35
26.8
52.5
21.5
153.2
27.2
22.2
5.8
41
17
63.8
55.8
24
47.5
8.5
64.2
63
48.8
48
4.8
17.5
11.5
7.8
72.5
9
7.2
1.8
165
2.8
50.8
23.2
23.2
16.8
50.5
14
20.8
27.5
12.2
24.2
sums of draw-off volumes of each hour of the day
23.7
61.4
44.2
30
38.5
43.2
2622.1
3310.1
1579.6
259.9
242.7
935.9
816
507.6
343.7
561.6
360.7
242.1
627.7
358.6
639.6
652.9
161.1
237.1
sums of draw-off volumes of each hour of weekdays
2.7
48.3
4
13.8
22.1
26.4
1992.9
2228.8
598.2
95
223
878.1
762.9
470.5
59.8
90.6
84.9
186.8
563.8
282.4
468.6
317.7
41.8
64.7
sums of draw-off volumes of each hour of weekend-days
21
13.1
40.2
16.2
16.4
16.8
629.2
1081.3
981.4
164.9
19.7
57.8
53.1
37.1
283.9
471
275.8
55.3
63.9
76.2
171
335.2
119.3
172.4
holidays of household(s), numbers correspond to day of year
