sums of daily draw-off volumes
17.2
107
95.5
59.5
191.5
59.8
170.2
89
51.8
102.5
65
63.5
69
95.8
71.2
49.8
76
61.8
65.5
52
225
118
70.8
41.5
61.2
12.5
121
128.2
91
98
107.5
58.8
60.8
106.5
93.2
34.8
37
25
112.2
54.2
67.5
92
60
81.8
240
119.2
131.2
134
60
63.5
128.5
75.5
22.8
42
37.5
163.5
113.2
48.2
137.2
35.5
55
76.5
126.5
74.2
102.2
56.5
116
132.8
95.8
55.5
111.2
63
198.2
82
134
41
81.2
42.8
65.5
88.8
44.2
175.2
133.2
131.5
223.2
87.2
55.8
25.2
165.5
127.5
110.8
56.5
181
50.5
23.2
71
75.2
59.2
31
41.2
138.5
96
216
93.8
40.5
68.8
43
127.2
112
27.8
105.2
87
67
32.8
70.2
69
77.5
122.2
94.8
194.5
116.8
16.8
103.8
101.5
132.8
64.8
29.2
57
47
83.8
53
70.2
56.8
63.5
11.5
63
36.2
121.5
100.8
68.5
89.5
93.2
92
70
63.2
92.5
47
42.8
71.8
19.5
88.8
43
118
116.5
87
51.5
95
39.2
105.2
167.5
54.5
31.8
78
46
51.8
91.5
43.8
35.5
150.5
45.2
0.8
37.8
70.5
69
25.8
35.5
147
126.5
42.5
157
135.2
127.2
27.8
41.2
17
57.5
31.2
68.8
92
78.8
211
53
43.5
100.5
62
54.8
21.5
50
44
62.2
79.5
77.5
38.8
62.5
92
59.2
118.2
93
32.8
34.2
34.8
88
24.5
45.8
191.2
110.8
105.5
25.2
43.2
58.8
21
86
41.2
39.2
87.5
13.8
34
66.8
257
44.5
87.5
15.2
53.2
199
71.8
32
44.2
39.2
58.2
166.2
267.5
162.5
163.2
27.2
42.8
12.8
18.8
27
96
53.5
123.2
33.2
72.2
101.2
31.8
48.2
69.8
46.5
29.2
69.2
21.8
63.2
182.8
66.8
64.2
7.8
75.5
82
33.8
173.2
22.5
89.2
50.2
51
40.2
69.8
78
218
164.2
111.2
59
137.2
32.8
55
75
63.8
171
43
122.5
160.5
68
74.2
74.2
34.2
100
48.8
282.8
62.5
45.5
42.2
234.8
68.8
21
253.2
121.8
77.5
161.8
58.5
79.8
158.2
56.8
25
26
33.5
88.8
95.8
163
59.8
69.8
69.8
116.5
110.2
16.8
185.5
113
79
16
215.8
72.2
81.8
20.8
166.5
37.5
52.8
40.2
127
40.2
38.2
127.2
32.2
79.8
126.8
54
58.8
54.2
37.5
170
75.8
56.5
109.2
65
37.8
29.2
20.5
27.2
118.2
109
36
38.8
84.5
23.8
36
199.8
39.8
18.2
sums of draw-off volumes of each hour of the day
43
356.3
50.8
36.6
34.4
114
5679.5
6311.3
2919
838.8
237.8
1564.6
1538.6
703.3
687.4
1039.9
1149.5
744.3
1292.8
1212.8
1565
954.2
351.9
63.4
sums of draw-off volumes of each hour of weekdays
28.9
34.6
23.4
16.7
17.8
108.3
4568.7
5005.4
1440.6
364
187.6
1416.5
1423.6
560.6
85.1
214.7
217.7
619.2
1181.6
1026.1
1156.2
507
181.2
26.2
sums of draw-off volumes of each hour of weekend-days
14.1
321.7
27.4
19.9
16.6
5.7
1110.8
1305.9
1478.4
474.8
50.2
148.1
115
142.7
602.3
825.2
931.8
125.1
111.2
186.7
408.8
447.2
170.7
37.2
holidays of household(s), numbers correspond to day of year
