27;29
9;31
4;32
8;49
21;84
34;125
13;127
17;128
2;146
13;164
20;171
315;172
14;179
227;222
44;223
15;224
46;242
12;244
6;267
32;275
66;317
59;318
49;319
31;320
12;337
8;340
6;368
7;374
55;413
20;414
8;415
14;416
6;433
633;434
9;452
21;463
10;487
7;489
21;509
2;510
3;512
19;515
24;516
28;541
50;542
49;547
26;572
211;605
41;607
102;608
25;609
24;611
14;612
20;632
14;640
181;641
1;649
19;651
26;655
3;664
246;701
23;702
6;721
13;724
22;749
25;753
21;754
6;797
44;798
105;800
23;819
13;825
6;844
9;852
1;856
30;893
20;894
146;895
15;899
9;914
8;916
156;939
26;940
21;989
8;991
149;992
11;1005
28;1009
2;1012
27;1018
14;1046
37;1087
169;1088
12;1098
3;1100
22;1121
4;1131
4;1138
3;1140
17;1180
5;1182
152;1183
24;1184
20;1212
6;1213
44;1234
8;1241
164;1255
40;1281
38;1282
15;1283
12;1286
10;1300
25;1310
23;1311
13;1323
5;1335
20;1336
18;1340
31;1373
167;1374
5;1375
16;1376
27;1384
6;1391
17;1393
11;1394
5;1395
47;1469
66;1471
11;1472
27;1489
20;1490
8;1498
20;1528
189;1565
17;1566
7;1568
20;1586
13;1588
6;1601
29;1614
23;1616
11;1661
8;1662
41;1663
31;1664
7;1681
149;1713
36;1757
26;1758
43;1759
35;1760
12;1761
8;1762
60;1780
24;1810
18;1816
13;1852
6;1857
16;1860
26;1862
5;1866
19;1869
12;1872
6;1885
12;1886
35;1887
13;1889
16;1910
29;1914
177;1949
50;1951
3;1952
20;1953
58;1954
160;1955
162;1956
21;1973
26;1981
13;1982
18;1988
3;1998
7;2004
160;2006
22;2008
43;2045
17;2046
167;2047
9;2048
189;2065
30;2089
17;2094
60;2141
69;2142
48;2143
1;2144
41;2148
15;2162
30;2163
19;2199
21;2237
52;2238
19;2240
3;2250
2;2257
21;2258
6;2260
11;2269
5;2288
26;2294
165;2335
31;2336
5;2377
12;2380
2;2382
30;2392
9;2429
13;2431
28;2482
171;2525
27;2527
30;2530
66;2531
24;2534
5;2542
19;2548
3;2549
26;2557
22;2560
48;2561
22;2562
16;2584
5;2586
31;2622
9;2623
22;2625
4;2626
168;2627
20;2628
26;2640
153;2644
5;2658
25;2659
2;2676
2;2682
2;2683
44;2684
53;2717
62;2718
24;2719
23;2720
159;2739
7;2749
1;2761
24;2762
11;2770
68;2813
49;2814
153;2815
39;2816
27;2834
16;2864
13;2866
8;2867
19;2872
163;2909
24;2912
16;2927
172;2929
17;2931
4;2953
9;2955
25;2968
26;2983
30;3005
3;3006
34;3007
48;3008
38;3025
25;3026
16;3027
13;3031
2;3036
36;3102
1;3104
1;3120
2;3124
9;3143
7;3145
4;3157
15;3159
168;3160
169;3199
35;3203
161;3205
3;3229
29;3249
5;3252
10;3254
14;3255
5;3295
54;3299
7;3300
5;3307
9;3308
170;3325
25;3326
18;3328
16;3331
26;3336
18;3345
20;3354
37;3390
12;3391
22;3411
34;3412
1;3416
16;3433
12;3439
5;3448
18;3486
32;3487
8;3488
24;3506
17;3508
19;3541
7;3543
10;3544
5;3545
8;3551
13;3582
12;3583
8;3584
2;3598
31;3600
4;3604
20;3615
7;3631
3;3634
43;3678
34;3679
16;3680
5;3697
175;3700
13;3728
163;3732
11;3775
39;3776
162;3794
5;3817
6;3841
8;3869
47;3870
27;3871
10;3873
42;3874
58;3875
8;3876
4;3883
7;3901
7;3902
1;3903
11;3908
24;3913
8;3919
2;3928
204;3965
2;3966
9;3967
60;3969
25;3972
17;3999
21;4002
7;4004
23;4019
23;4038
15;4052
30;4061
25;4062
32;4063
5;4064
24;4081
31;4082
11;4110
29;4111
15;4114
12;4157
216;4158
28;4160
37;4179
6;4180
9;4199
19;4210
1;4235
3;4239
192;4253
312;4254
167;4255
1;4273
31;4274
14;4275
15;4276
4;4288
194;4298
2;4303
24;4308
9;4349
222;4351
10;4352
11;4366
167;4370
8;4390
40;4396
10;4410
20;4445
2;4446
174;4447
162;4465
3;4467
156;4498
8;4501
19;4542
6;4543
48;4544
25;4546
17;4547
37;4548
11;4555
3;4558
152;4565
19;4573
169;4574
9;4577
5;4578
16;4588
16;4632
15;4638
42;4639
24;4640
15;4641
2;4642
27;4644
18;4653
24;4666
29;4671
2;4674
1;4676
25;4699
41;4733
181;4734
28;4736
4;4789
210;4829
42;4830
59;4831
17;4832
54;4849
12;4870
33;4876
6;4881
26;4883
26;4886
29;4888
61;4926
34;4927
11;4935
156;4946
11;4966
29;4974
14;5021
29;5022
30;5023
1;5041
17;5042
3;5111
16;5117
37;5118
29;5119
53;5120
23;5139
7;5161
8;5187
3;5214
42;5216
43;5220
28;5232
5;5265
21;5275
4;5281
14;5300
28;5314
182;5315
166;5316
19;5319
21;5343
163;5347
25;5348
32;5367
24;5406
101;5407
76;5408
8;5421
25;5425
169;5444
12;5450
38;5455
7;5501
10;5502
51;5503
30;5504
26;5506
4;5509
44;5521
8;5558
13;5564
28;5597
30;5598
8;5599
144;5600
16;5604
158;5617
39;5619
24;5631
12;5647
27;5649
32;5650
31;5654
24;5693
31;5695
13;5696
4;5715
22;5739
23;5746
7;5748
18;5752
34;5789
27;5791
27;5802
58;5811
18;5816
29;5826
27;5834
3;5888
7;5889
8;5890
50;5891
22;5912
13;5917
21;5921
18;5922
3;5923
49;5924
35;5937
18;5938
35;5943
24;5946
20;5981
22;5982
9;5984
33;5986
6;5988
16;5991
17;5997
24;6007
153;6008
20;6015
33;6016
37;6017
7;6018
23;6020
29;6028
57;6035
12;6078
46;6079
160;6080
24;6094
4;6097
19;6122
29;6124
3;6128
14;6149
18;6173
168;6174
7;6175
37;6176
4;6195
161;6197
16;6242
27;6246
49;6269
63;6270
4;6271
6;6272
18;6277
18;6289
5;6295
11;6320
9;6328
59;6365
36;6366
102;6367
220;6368
24;6385
4;6387
1;6388
15;6421
3;6424
27;6461
31;6462
24;6463
63;6464
26;6471
159;6477
201;6518
3;6539
30;6557
23;6559
175;6560
48;6561
2;6562
15;6585
28;6589
23;6594
22;6601
14;6613
17;6653
13;6654
22;6655
14;6656
33;6658
27;6659
25;6660
40;6681
11;6696
4;6705
4;6708
12;6712
7;6750
256;6751
161;6752
9;6772
9;6798
3;6806
4;6846
7;6847
25;6848
4;6883
9;6891
26;6892
26;6898
151;6904
55;6941
219;6942
38;6943
309;6944
12;6958
22;6961
27;6964
7;6989
39;6992
33;6995
4;6998
28;7000
8;7037
22;7038
51;7040
16;7058
11;7060
162;7071
20;7088
37;7090
1;7091
2;7133
338;7134
76;7135
25;7156
25;7166
32;7178
5;7181
33;7186
26;7231
32;7232
21;7234
5;7236
2;7261
7;7262
20;7281
17;7289
34;7290
10;7325
20;7326
19;7327
14;7328
35;7330
37;7331
29;7332
7;7334
29;7345
12;7357
21;7362
65;7363
27;7386
23;7421
3;7422
38;7423
59;7424
29;7442
10;7460
1;7467
8;7480
8;7517
11;7518
10;7527
12;7557
1;7559
165;7562
1;7565
6;7567
26;7569
22;7570
19;7613
24;7614
161;7615
22;7616
18;7626
2;7630
29;7636
27;7657
36;7660
17;7670
7;7709
46;7710
41;7711
26;7712
15;7728
13;7741
29;7762
526;7805
164;7807
7;7826
4;7861
8;7878
32;7901
64;7904
30;7905
7;7906
172;7908
11;7909
11;7911
14;7913
7;7920
41;7933
33;7934
21;7938
29;7940
20;7956
33;7958
21;7987
12;7997
13;7999
2;8001
15;8003
9;8012
173;8013
13;8026
2;8029
12;8033
2;8036
29;8050
167;8052
44;8053
12;8054
5;8065
16;8093
48;8095
14;8096
20;8107
17;8114
158;8116
19;8117
562;8143
16;8145
18;8148
36;8190
23;8191
3;8192
19;8210
38;8211
38;8212
158;8235
18;8241
8;8246
8;8248
26;8285
27;8286
49;8287
20;8293
10;8306
10;8315
40;8332
3;8333
6;8334
20;8335
12;8343
29;8381
4;8383
28;8384
2;8410
24;8438
14;8439
21;8477
18;8478
169;8479
175;8480
43;8498
13;8499
40;8500
30;8518
151;8525
2;8534
22;8573
1;8574
8;8575
154;8578
16;8580
5;8588
23;8605
173;8608
30;8610
29;8622
15;8626
34;8632
9;8660
34;8666
26;8668
18;8669
38;8670
27;8671
7;8672
5;8679
40;8699
31;8701
149;8702
22;8704
36;8720
1;8723
25;8748
30;8762
52;8764
38;8781
8;8784
33;8807
5;8813
35;8820
15;8857
24;8858
149;8859
13;8877
159;8878
157;8880
36;8902
10;8903
5;8908
156;8913
63;8953
4;8954
20;8955
10;8956
60;8974
19;8989
26;9004
6;9049
19;9050
9;9058
24;9076
15;9097
17;9103
3;9105
31;9145
166;9146
9;9147
29;9148
3;9187
15;9192
31;9202
24;9241
11;9242
26;9243
29;9247
8;9248
163;9255
5;9262
29;9276
6;9278
12;9337
21;9340
3;9342
4;9372
3;9374
6;9391
172;9397
16;9407
10;9434
50;9435
8;9436
8;9454
3;9469
23;9485
22;9488
30;9529
35;9530
30;9531
27;9536
6;9551
16;9552
1;9575
19;9580
1;9581
177;9625
52;9626
48;9627
6;9628
34;9639
175;9645
23;9646
39;9657
16;9721
22;9722
23;9723
39;9724
30;9727
38;9741
149;9744
11;9765
25;9770
31;9771
171;9817
35;9818
346;9820
41;9837
7;9838
41;9839
36;9840
160;9867
15;9868
12;9872
12;9913
23;9914
15;9917
19;9918
191;9920
12;9947
20;9948
7;9949
13;9951
32;9966
27;9970
4;9973
6;10009
27;10013
16;10014
8;10015
34;10016
12;10035
17;10045
14;10048
1;10051
8;10064
19;10066
35;10106
9;10107
19;10108
20;10126
10;10147
16;10160
166;10163
31;10201
37;10202
19;10203
26;10204
6;10221
31;10222
1;10235
14;10250
7;10258
1;10281
51;10298
41;10299
22;10300
162;10317
172;10318
37;10319
2;10322
14;10334
7;10355
31;10393
53;10394
69;10395
62;10396
23;10413
18;10416
184;10437
8;10447
9;10489
22;10490
11;10491
3;10492
9;10509
7;10511
18;10512
13;10522
15;10541
4;10546
29;10585
25;10588
38;10590
26;10592
10;10595
15;10617
178;10618
23;10619
13;10620
29;10640
6;10642
29;10647
9;10663
15;10682
26;10683
16;10685
9;10686
9;10687
10;10691
23;10692
164;10712
2;10713
16;10715
31;10718
7;10719
11;10739
76;10777
14;10778
15;10797
1;10798
153;10827
9;10834
21;10873
2;10874
69;10875
5;10882
32;10894
2;10917
17;10970
26;10991
21;10992
205;11013
12;11029
3;11046
35;11065
7;11066
15;11068
5;11087
25;11102
31;11105
155;11124
13;11161
28;11162
46;11163
6;11181
23;11184
1;11201
11;11204
173;11213
9;11215
9;11236
159;11238
9;11243
9;11250
15;11257
24;11259
18;11261
42;11263
34;11269
33;11290
44;11292
19;11293
6;11294
12;11296
15;11297
32;11311
9;11320
25;11339
56;11353
17;11355
21;11356
10;11358
78;11360
39;11386
40;11387
33;11389
23;11392
23;11400
13;11412
1;11415
556;11449
7;11450
40;11451
30;11452
7;11469
29;11470
11;11471
5;11494
15;11497
8;11498
34;11500
36;11502
175;11546
1;11547
34;11548
20;11549
27;11562
31;11566
162;11571
17;11600
15;11643
23;11644
23;11661
2;11664
4;11699
26;11739
182;11740
18;11758
10;11767
17;11771
162;11782
24;11833
68;11834
9;11835
11;11836
32;11849
12;11853
35;11854
25;11869
168;11870
4;11884
4;11889
14;11900
26;11909
3;11930
177;11931
171;11932
9;11933
17;11935
12;11936
6;11952
11;11956
17;11964
24;11965
30;11967
7;11977
21;11984
22;12025
30;12026
51;12028
4;12029
18;12031
34;12032
8;12058
4;12059
10;12060
32;12077
28;12078
9;12083
9;12088
21;12108
5;12121
59;12123
14;12124
4;12144
10;12173
4;12175
29;12209
6;12215
13;12217
53;12218
13;12220
35;12228
11;12235
15;12237
29;12239
9;12275
15;12281
76;12313
3;12314
64;12315
4;12316
6;12349
2;12353
25;12364
8;12365
14;12409
16;12411
33;12412
30;12419
25;12427
15;12429
26;12441
3;12443
22;12458
151;12466
10;12505
37;12506
30;12507
28;12525
1;12527
35;12528
28;12549
10;12550
33;12562
1;12585
20;12595
171;12600
12;12603
19;12604
1;12606
1;12608
5;12633
8;12635
3;12640
29;12649
11;12653
46;12697
24;12698
34;12700
40;12701
37;12704
10;12724
1;12729
7;12731
8;12735
1;12754
6;12755
13;12759
45;12793
27;12794
35;12795
63;12796
1;12799
48;12804
4;12832
31;12837
1;12890
6;12911
39;12933
8;12985
22;12986
39;12987
38;12988
36;13008
36;13033
8;13034
11;13037
29;13040
25;13044
22;13081
21;13082
17;13083
14;13084
30;13128
11;13132
4;13134
16;13136
10;13140
172;13177
11;13178
180;13179
15;13180
14;13197
30;13199
30;13222
8;13230
26;13233
3;13273
166;13275
4;13276
5;13279
34;13280
36;13305
24;13306
39;13308
24;13313
17;13329
17;13330
34;13331
25;13369
62;13371
3;13374
22;13376
3;13377
28;13396
32;13401
21;13405
26;13423
20;13428
32;13431
28;13465
21;13466
25;13467
190;13468
9;13470
1;13493
13;13494
20;13503
33;13522
15;13523
3;13524
28;13562
171;13563
174;13564
12;13657
211;13658
36;13659
62;13660
17;13680
25;13707
5;13716
165;13753
25;13754
4;13755
3;13757
25;13773
36;13774
22;13801
8;13849
4;13850
32;13851
154;13852
7;13858
13;13866
10;13871
25;13879
170;13945
19;13946
12;13947
10;13948
34;13952
15;13978
32;13979
54;13982
1;13995
1;14003
16;14006
6;14013
12;14041
18;14042
14;14045
48;14047
1;14074
36;14077
21;14096
38;14097
46;14138
5;14140
2;14156
24;14157
32;14182
40;14184
11;14187
3;14192
8;14193
23;14218
3;14233
8;14234
29;14235
30;14236
160;14237
17;14279
2;14282
15;14291
4;14329
28;14331
41;14332
5;14350
48;14425
48;14428
7;14436
31;14445
156;14447
28;14475
10;14477
27;14481
74;14521
2;14522
12;14523
20;14543
18;14544
6;14555
15;14572
25;14580
9;14606
172;14617
29;14619
11;14620
5;14621
13;14622
5;14643
14;14646
13;14653
9;14655
162;14656
6;14670
1;14674
23;14679
11;14714
202;14715
25;14716
8;14718
3;14719
4;14720
17;14745
33;14747
163;14752
38;14810
196;14811
54;14812
8;14832
3;14850
32;14857
17;14862
38;14905
43;14906
13;14907
26;14908
11;14924
1;14927
1;14951
4;14952
27;14953
24;14958
18;14962
188;15002
154;15003
28;15010
1;15023
9;15056
15;15097
19;15098
14;15099
69;15100
1;15107
20;15119
2;15120
3;15156
14;15159
1;15189
59;15193
20;15194
196;15195
36;15201
8;15213
20;15216
36;15217
11;15223
12;15242
21;15244
1;15247
171;15271
164;15289
47;15293
62;15294
21;15321
157;15325
5;15327
24;15334
9;15348
10;15352
16;15386
9;15405
6;15406
11;15420
176;15424
1;15483
34;15503
32;15525
23;15529
22;15530
15;15533
8;15565
31;15573
161;15577
19;15578
4;15579
44;15583
33;15598
12;15600
157;15673
11;15696
9;15718
7;15723
16;15769
35;15770
58;15771
28;15772
6;15788
40;15790
10;15796
14;15822
26;15867
5;15868
29;15870
37;15897
29;15912
30;15913
150;15918
32;15922
28;15923
25;15961
36;15962
34;15966
43;15994
5;15996
12;16001
20;16018
20;16064
33;16091
27;16092
43;16093
12;16100
7;16113
80;16153
31;16154
180;16155
218;16156
7;16162
29;16166
9;16173
1;16181
26;16200
12;16202
5;16209
4;16210
59;16250
19;16251
34;16252
17;16269
28;16295
24;16299
3;16367
51;16441
48;16442
25;16444
27;16462
160;16537
17;16539
13;16540
35;16554
15;16557
24;16558
16;16590
2;16596
33;16633
159;16634
17;16635
2;16636
1;16637
62;16640
2;16669
33;16731
5;16732
1;16735
19;16736
22;16763
23;16782
65;16825
18;16826
53;16827
6;16851
154;16921
214;16922
3;16923
12;16941
11;16954
19;16969
11;16973
164;16975
13;16998
182;17018
18;17019
18;17020
23;17022
47;17037
32;17049
16;17068
157;17070
49;17113
20;17114
35;17116
17;17121
33;17127
1;17161
15;17168
4;17211
27;17212
36;17221
28;17223
341;17229
3;17230
13;17232
156;17257
13;17261
7;17265
15;17281
15;17305
27;17307
197;17310
30;17311
27;17324
7;17337
1;17338
28;17355
14;17357
16;17362
157;17363
7;17372
174;17402
22;17410
18;17424
193;17433
50;17434
8;17436
25;17438
19;17453
34;17497
35;17498
14;17499
12;17546
4;17548
12;17551
32;17593
34;17596
28;17639
3;17642
4;17643
27;17647
13;17651
24;17652
10;17689
2;17690
8;17691
11;17711
30;17739
1;17742
6;17745
17;17785
12;17786
81;17787
25;17788
33;17806
26;17831
36;17844
26;17882
9;17883
6;17884
36;17928
15;17929
33;17933
194;17977
1;17982
2;18009
7;18010
8;18011
56;18012
7;18014
34;18073
15;18076
5;18077
12;18078
23;18079
186;18106
19;18107
34;18108
12;18124
10;18125
18;18134
11;18169
36;18170
24;18171
30;18172
28;18183
8;18187
17;18192
159;18198
2;18214
11;18241
733;18266
19;18268
4;18279
23;18285
14;18318
30;18320
10;18322
13;18361
21;18362
81;18363
29;18364
12;18384
21;18404
9;18415
26;18420
3;18457
12;18458
3;18459
25;18460
14;18477
33;18480
31;18505
10;18509
4;18510
6;18513
33;18514
14;18554
16;18555
157;18556
7;18560
7;18574
27;18575
162;18603
9;18605
3;18624
8;18643
5;18649
8;18652
40;18655
17;18656
19;18669
7;18681
30;18683
8;18684
31;18686
15;18688
19;18690
19;18701
22;18704
52;18746
4;18748
20;18749
3;18758
25;18777
12;18782
32;18784
23;18788
25;18792
1;18796
3;18803
19;18804
14;18841
21;18842
16;18844
21;18853
7;18864
7;18895
25;18937
62;18938
10;18940
23;18957
14;18959
37;18984
8;18991
21;18994
37;19033
26;19034
19;19035
43;19036
16;19049
12;19079
23;19089
11;19131
36;19132
168;19143
9;19148
25;19151
2;19226
216;19227
1;19242
12;19248
10;19265
35;19274
23;19276
19;19277
8;19321
12;19323
17;19325
33;19326
35;19328
11;19352
15;19355
7;19357
7;19358
3;19359
10;19374
152;19377
30;19420
28;19421
8;19425
25;19453
27;19454
9;19455
18;19472
6;19476
4;19477
26;19513
29;19514
9;19515
87;19516
14;19533
35;19534
11;19535
4;19544
7;19557
6;19562
22;19568
85;19609
24;19610
2;19611
58;19612
155;19618
1;19629
13;19656
1;19659
9;19660
9;19664
11;19665
38;19705
99;19706
9;19707
14;19708
29;19726
24;19728
24;19731
11;19801
150;19802
23;19803
166;19805
8;19808
35;19822
31;19823
33;19824
1;19846
15;19848
192;19897
6;19898
7;19899
42;19900
7;19902
29;19912
24;19918
27;19935
37;19937
1;19953
36;19994
17;19999
42;20025
18;20027
6;20029
12;20038
9;20092
11;20093
15;20094
9;20095
11;20107
5;20117
18;20123
35;20124
7;20128
17;20152
2;20167
26;20168
55;20185
6;20186
35;20187
6;20205
3;20231
3;20237
3;20239
21;20281
32;20282
8;20283
28;20284
23;20301
19;20303
29;20311
178;20326
14;20334
5;20377
4;20380
12;20382
60;20397
10;20398
7;20429
19;20473
26;20474
13;20475
59;20476
19;20492
12;20493
17;20509
18;20527
163;20566
29;20569
188;20570
12;20571
2;20572
166;20589
161;20616
10;20619
4;20623
30;20627
5;20666
9;20668
14;20670
33;20672
183;20690
154;20706
11;20722
9;20723
3;20724
22;20725
5;20738
28;20761
6;20762
31;20763
42;20764
162;20782
9;20788
39;20793
13;20796
36;20797
6;20798
36;20804
9;20814
31;20857
1;20858
49;20859
20;20860
17;20954
7;20955
50;20956
51;20973
29;20975
19;20997
28;21049
22;21050
157;21051
11;21104
17;21105
6;21146
26;21182
28;21191
24;21195
23;21241
57;21242
46;21243
20;21244
154;21262
5;21286
15;21288
24;21299
22;21338
21;21340
35;21342
26;21344
6;21370
26;21372
12;21373
17;21389
5;21416
9;21421
16;21433
10;21437
28;21438
12;21439
28;21465
5;21468
26;21469
18;21471
48;21529
4;21531
37;21532
8;21549
1;21551
53;21552
169;21579
26;21585
4;21587
14;21627
17;21638
4;21648
11;21652
7;21660
2;21676
23;21723
9;21724
31;21728
18;21738
27;21757
5;21759
23;21776
31;21817
19;21818
17;21819
9;21837
17;21839
6;21850
165;21857
3;21859
14;21914
596;21916
4;21926
25;21934
30;21936
156;21952
4;21958
166;21961
14;21965
19;21966
3;22010
26;22012
17;22013
5;22014
14;22015
50;22041
14;22044
48;22062
1;22068
63;22105
14;22107
3;22108
10;22110
8;22111
26;22140
19;22141
186;22160
21;22169
30;22204
3;22245
28;22255
9;22297
157;22298
9;22299
1;22316
11;22320
26;22351
12;22378
11;22385
35;22393
91;22396
565;22413
18;22416
38;22421
4;22437
22;22442
6;22473
5;22489
5;22492
34;22503
2;22533
21;22537
10;22542
163;22545
11;22548
30;22558
18;22585
35;22586
34;22587
2;22630
6;22639
30;22641
3;22643
10;22681
8;22682
25;22683
10;22685
1;22688
20;22696
27;22703
23;22713
33;22714
7;22715
8;22718
5;22728
7;22780
26;22784
19;22802
29;22809
24;22829
21;22830
20;22833
11;22835
16;22873
24;22875
168;22889
25;22926
2;22969
39;22970
35;22971
5;22979
12;22989
8;22991
3;22992
561;23019
50;23065
600;23066
35;23067
28;23068
145;23073
22;23100
160;23111
28;23122
2;23123
568;23161
10;23176
14;23179
3;23181
11;23183
8;23184
36;23206
329;23257
10;23258
10;23259
196;23260
6;23263
33;23282
10;23295
25;23297
10;23303
5;23308
19;23314
4;23354
2;23358
34;23359
34;23385
30;23392
5;23412
17;23451
10;23453
11;23456
17;23484
2;23486
18;23488
24;23491
32;23501
30;23504
2;23507
8;23511
4;23546
23;23553
13;23567
11;23587
23;23641
1;23661
22;23664
28;23669
1;23687
30;23737
25;23740
14;23744
1;23759
30;23760
8;23791
16;23815
321;23833
8;23836
2;23854
5;23866
32;23886
18;23929
5;23930
14;23932
17;23947
31;23949
8;23951
34;23958
28;23968
39;23972
20;23973
20;24008
13;24014
167;24025
9;24027
19;24030
6;24031
18;24053
11;24058
157;24060
18;24063
30;24077
25;24080
28;24121
29;24122
10;24124
2;24140
8;24156
17;24157
7;24158
9;24160
20;24179
3;24182
2;24200
10;24206
13;24217
177;24218
2;24219
6;24220
22;24239
27;24240
30;24272
13;24298
30;24314
56;24315
55;24316
10;24362
35;24368
14;24369
163;24370
29;24383
18;24409
9;24411
1;24412
31;24428
14;24430
7;24431
45;24432
2;24461
34;24506
39;24507
51;24508
3;24525
4;24527
20;24528
3;24538
30;24550
9;24561
176;24601
1;24602
21;24604
28;24610
26;24655
27;24659
37;24697
26;24698
24;24701
29;24702
11;24706
20;24731
23;24732
7;24751
1;24754
8;24759
14;24812
4;24826
14;24827
10;24839
12;24844
4;24850
37;24854
22;24861
226;24889
5;24891
9;24892
7;24899
1;24906
29;24940
22;24985
2;24986
13;24987
2;24988
18;25030
30;25032
27;25082
48;25083
3;25084
159;25102
3;25117
13;25120
43;25178
581;25180
10;25185
17;25197
14;25199
7;25200
59;25226
197;25274
26;25275
27;25318
1;25319
5;25322
11;25325
11;25370
13;25385
10;25396
12;25401
29;25404
163;25405
19;25408
30;25468
1;25469
48;25561
17;25562
4;25563
34;25564
31;25581
13;25602
7;25606
2;25610
146;25620
182;25657
6;25658
31;25659
23;25660
18;25680
29;25701
39;25702
24;25753
12;25754
19;25756
4;25767
24;25774
27;25776
10;25805
4;25808
11;25822
64;25849
30;25850
35;25851
1;25871
7;25893
553;25897
3;25908
1;25942
10;25945
26;25946
2;25948
22;25966
17;25967
12;25982
26;26041
311;26045
13;26071
7;26094
41;26138
16;26143
25;26144
30;26167
29;26169
15;26189
9;26195
5;26196
31;26199
31;26224
4;26233
1;26234
28;26235
40;26236
19;26253
10;26254
31;26255
40;26279
82;26330
18;26331
40;26332
5;26366
10;26384
6;26388
60;26425
8;26426
3;26427
13;26428
4;26437
12;26447
15;26448
164;26481
27;26517
8;26523
180;26524
23;26541
6;26544
32;26550
6;26567
13;26572
17;26577
178;26617
61;26619
564;26628
20;26638
33;26673
16;26676
15;26689
160;26693
6;26713
160;26715
16;26717
29;26719
11;26735
32;26738
7;26750
147;26759
32;26765
18;26767
24;26769
3;26799
9;26810
13;26816
28;26830
15;26838
4;26841
28;26848
167;26850
163;26868
10;26869
5;26870
17;26905
87;26906
13;26907
10;26908
6;26923
38;26925
31;26927
9;26932
25;26949
57;27002
162;27003
19;27036
151;27045
160;27056
11;27098
27;27099
13;27143
34;27147
23;27153
23;27156
25;27194
160;27195
3;27209
7;27213
25;27252
12;27290
31;27291
174;27292
28;27310
16;27312
20;27324
19;27337
62;27385
152;27387
10;27390
7;27392
2;27409
22;27440
566;27461
28;27482
10;27484
22;27486
11;27488
9;27515
21;27520
17;27534
44;27577
32;27578
6;27579
24;27580
9;27592
19;27595
2;27604
6;27612
24;27624
6;27630
13;27673
22;27674
50;27676
24;27689
20;27690
20;27703
152;27715
3;27723
31;27724
155;27729
7;27769
61;27770
199;27771
199;27772
164;27793
3;27813
7;27822
2;27826
14;27847
27;27865
30;27866
4;27867
3;27885
5;27886
160;27887
29;27888
18;27962
203;27963
36;27964
10;27981
2;27982
10;28009
18;28014
18;28057
2;28060
3;28062
41;28064
15;28069
2;28070
205;28096
9;28110
2;28115
9;28147
36;28153
18;28160
25;28173
18;28188
1;28190
11;28210
19;28214
21;28227
13;28250
33;28251
49;28252
33;28253
152;28256
35;28269
16;28271
23;28303
25;28307
39;28346
65;28348
18;28365
3;28366
5;28368
25;28394
11;28397
3;28398
11;28401
15;28402
365;28441
20;28442
76;28443
40;28444
17;28446
13;28464
7;28493
18;28498
570;28499
5;28512
171;28537
24;28539
14;28559
6;28575
23;28581
12;28583
4;28634
61;28635
10;28646
9;28654
44;28655
29;28656
17;28672
8;28699
18;28718
2;28729
1;28731
12;28733
4;28736
32;28739
7;28745
29;28763
32;28784
6;28787
26;28788
5;28805
15;28825
557;28827
20;28828
13;28829
17;28840
4;28853
183;28858
29;28861
14;28862
9;28864
40;28880
19;28882
14;28884
5;28921
184;28923
9;28924
1;28942
41;28943
8;28951
27;28960
40;29017
26;29019
8;29037
10;29076
169;29114
604;29116
24;29133
160;29134
27;29160
2;29162
11;29165
16;29168
15;29205
159;29206
44;29213
24;29215
12;29228
9;29235
49;29236
16;29260
150;29270
9;29272
184;29310
29;29312
16;29315
1;29318
15;29329
2;29330
23;29358
29;29361
11;29363
6;29388
14;29406
204;29408
3;29410
29;29411
9;29412
24;29437
18;29439
6;29440
158;29441
156;29451
20;29463
64;29503
11;29508
24;29510
15;29529
16;29533
10;29545
21;29551
25;29555
27;29559
21;29560
36;29597
27;29598
8;29599
8;29600
39;29611
174;29639
1;29645
26;29652
5;29693
19;29694
33;29695
551;29696
25;29739
6;29789
181;29792
7;29809
14;29811
6;29842
13;29848
27;29885
7;29887
13;29908
20;29937
33;29939
10;29981
27;29983
12;29984
12;30004
20;30032
4;30033
19;30041
29;30079
9;30080
32;30081
8;30084
14;30113
16;30114
10;30119
6;30133
5;30135
5;30140
23;30174
162;30176
29;30177
4;30178
4;30180
28;30207
10;30208
58;30209
34;30210
3;30212
10;30270
60;30271
300;30292
13;30325
19;30365
29;30366
18;30367
357;30368
4;30374
163;30375
7;30378
30;30386
14;30398
9;30399
2;30413
39;30461
20;30462
10;30470
169;30476
1;30481
10;30537
29;30558
23;30559
22;30560
9;30570
16;30577
156;30583
6;30614
8;30617
12;30654
16;30656
156;30659
34;30673
6;30675
46;30676
3;30689
6;30691
24;30749
21;30752
12;30754
26;30755
4;30756
157;30781
13;30784
170;30785
36;30786
3;30809
22;30828
14;30845
7;30847
15;30849
150;30850
13;30851
38;30857
29;30866
11;30877
17;30878
24;30879
4;30882
26;30889
33;30897
38;30900
11;30941
9;30944
14;30964
5;30988
16;30994
12;30998
6;31010
39;31037
33;31038
17;31039
17;31040
23;31054
1;31059
4;31060
33;31068
567;31086
2;31088
28;31133
9;31134
11;31135
15;31136
2;31155
18;31180
176;31185
167;31189
26;31192
20;31229
55;31231
168;31232
7;31236
8;31241
26;31249
5;31250
27;31252
11;31326
10;31327
23;31328
4;31372
1;31377
15;31378
20;31421
206;31422
10;31424
8;31425
17;31426
590;31427
8;31443
4;31456
35;31517
155;31519
25;31520
35;31523
34;31531
5;31569
194;31613
11;31615
18;31616
22;31633
9;31634
15;31651
33;31657
25;31680
30;31730
6;31731
24;31740
23;31747
589;31805
4;31807
17;31844
11;31854
38;31856
7;31859
2;31901
19;31903
109;31904
10;31924
10;31953
8;31997
22;31998
56;32000
19;32002
16;32008
14;32018
21;32034
26;32041
9;32045
20;32053
35;32094
8;32095
39;32097
44;32098
4;32099
3;32126
24;32127
2;32151
2;32153
33;32189
58;32190
167;32192
48;32194
13;32195
161;32196
4;32226
10;32230
14;32248
52;32285
16;32287
10;32288
29;32298
21;32305
7;32307
21;32331
5;32333
11;32354
10;32381
9;32382
26;32383
24;32384
2;32404
71;32427
28;32477
163;32478
45;32479
19;32480
39;32497
4;32504
21;32519
162;32533
28;32535
33;32572
6;32573
6;32574
13;32576
1;32595
21;32596
1;32607
4;32624
10;32625
34;32627
51;32670
22;32671
165;32672
4;32689
21;32696
5;32715
20;32716
31;32728
7;32766
36;32768
173;32769
8;32771
28;32772
33;32775
8;32789
31;32803
15;32806
168;32820
11;32861
17;32862
26;32865
28;32866
31;32867
20;32868
14;32896
9;32899
6;32910
23;32913
2;32919
29;32922
58;32957
23;32958
9;32959
43;32960
17;32979
5;32980
16;33001
16;33002
13;33003
15;33004
20;33010
11;33044
44;33054
19;33055
49;33056
22;33075
14;33106
27;33111
31;33112
37;33151
34;33152
34;33169
26;33194
19;33199
177;33245
35;33246
189;33247
24;33248
3;33251
165;33265
34;33274
17;33280
36;33293
33;33342
25;33343
22;33344
10;33361
173;33364
29;33386
11;33390
26;33416
5;33437
49;33441
22;33443
23;33469
39;33470
15;33471
24;33475
18;33491
5;33500
6;33534
160;33536
4;33566
48;33568
148;33569
7;33570
22;33583
10;33587
8;33594
24;33595
13;33630
16;33631
6;33642
12;33648
154;33651
37;33652
2;33671
14;33675
6;33684
41;33726
28;33727
32;33728
15;33745
4;33746
31;33776
1;33793
15;33795
35;33822
48;33823
5;33824
13;33865
26;33918
16;33919
16;33920
24;33971
23;34013
25;34014
28;34015
33;34034
6;34111
162;34113
26;34114
35;34115
15;34116
27;34131
156;34145
33;34151
10;34164
3;34170
14;34185
25;34206
18;34207
1;34209
37;34212
17;34226
14;34239
38;34242
32;34243
19;34251
6;34252
2;34254
28;34257
1;34259
11;34260
166;34264
4;34266
3;34267
38;34301
17;34302
13;34304
2;34309
10;34316
10;34323
27;34349
6;34352
21;34356
19;34397
13;34398
23;34411
8;34418
40;34419
22;34430
23;34442
7;34449
224;34493
13;34494
38;34496
35;34513
2;34542
23;34546
3;34547
17;34589
30;34590
12;34631
13;34643
23;34647
35;34685
16;34687
25;34688
23;34705
6;34722
13;34733
26;34737
40;34781
25;34782
75;34784
49;34787
190;34788
22;34792
14;34804
156;34816
20;34817
15;34832
175;34837
18;34843
24;34878
19;34880
4;34881
24;34882
21;34884
3;34910
17;34913
32;34914
9;34915
6;34933
27;34974
14;34975
15;34980
4;35009
13;35029
