sums of daily draw-off volumes
79.5
168.8
112.5
191.2
184.5
106.2
383
403.5
175.5
141.5
209
317
282
198.2
352.2
237
274.5
110.2
122.5
222.8
232
127
149.8
118.5
441
368
148.5
372.2
95.2
153
350.2
301
345.8
286.5
112.8
191
97
287.5
251.2
135
360.5
300.2
152
276.8
209
205
158
196.2
142
288.5
350.5
76.5
159.5
344.5
276.8
224.2
129
182.2
139.8
85.8
172.8
307.8
250.5
113.5
185.5
336.2
90.8
172.5
176.8
238.8
190.5
81.8
353.8
216.5
338
266.5
326
108.2
125.8
125.5
85.8
144.2
152.2
153.2
298.8
223
175.5
281.2
219.5
254.2
303.8
95.8
144.2
202.5
199.8
165.5
237
274.8
179.8
127.2
283
136
214.8
275
206.5
205.5
183
292.5
135.8
124.2
216
149.8
145.8
170.8
376.5
246
236.2
239.8
391.2
486.5
174.2
206.5
98
184
246
203.5
460.2
263.5
432.5
177
130.5
188.5
316.2
131.2
298
118
140.2
245.8
156.2
160.5
55
138.8
165.8
247.8
171.5
196.5
503.5
85.2
155.2
196.2
144.2
148.2
259
179
137.2
296.5
222.2
82
232
274.5
205.5
243.8
222.8
217
172.2
224.8
201.8
131.5
218.8
207
89.2
227
139.5
155
147
198.2
228
240.8
309.5
168.5
387.5
180
155
117
113.8
155.8
397.8
141.5
215.2
57.2
322.5
78
174
218.5
133.8
368.2
267.2
104.2
102.2
138
59.5
219.2
175.8
109.5
205
148.8
172.8
199.5
235.8
203.5
185.8
211.2
143
188.2
185.2
216.5
176.5
263
129.5
214
174.8
157.2
244.8
123.8
87
209
47.8
319.8
160.5
259.8
381.2
280.5
145.5
165.2
440.2
83.5
248.2
102.8
169
119.2
97.8
52.5
181.8
156.2
231
227.8
87.5
90.5
123
79
163.8
253.8
147.5
178.2
155.5
172.5
174.8
153.5
316.8
178.5
292.8
169
226.5
255.5
187
228.8
165.5
133.5
64
115
178
210.2
86
218
200.8
146.2
147.8
160.8
281.8
333.2
324.5
218.2
83
211
57.5
271.8
468
162
160.8
64.8
280.8
133.2
99.2
201.2
81
99.2
354.8
192.5
113
124.2
127.2
145.2
116.8
306.5
230.2
166.2
235.2
242
125.2
153.8
188.5
163.5
180.5
141.5
338.2
148.5
135.2
265.5
115.8
175.2
186.8
237.2
133.8
182.8
231.5
177.2
161
116.8
144
197.2
246
136.2
194.5
221
210.8
214.5
177.8
167.2
179.8
342
218.8
223.2
385.2
367.2
181.8
131
86.2
342.2
185
281.8
99.5
61
173
170.2
154.8
210.5
231
220.2
165
193.5
324.2
199.5
376.2
298.5
123.8
sums of draw-off volumes of each hour of the day
140.9
165
190.8
108.8
188.4
458
12753.9
17212.2
5707.1
1511.3
934.7
4821.3
4300.2
1631.7
1751.7
2550.9
2455.6
2296.5
2747.9
2820.9
4233
2499.1
1253.8
411.6
sums of draw-off volumes of each hour of weekdays
97.3
56.6
62.7
44.3
138.5
331.9
10260.7
11543
2878.6
586.8
622.1
4567
4140.7
1287
534.4
308.9
679.9
1550.3
2550.5
2219.7
2935.9
1140.1
519.5
130.5
sums of draw-off volumes of each hour of weekend-days
43.6
108.4
128.1
64.5
49.9
126.1
2493.2
5669.2
2828.5
924.5
312.6
254.3
159.5
344.7
1217.3
2242
1775.7
746.2
197.4
601.2
1297.1
1359
734.3
281.1
holidays of household(s), numbers correspond to day of year
