28;29
46;30
24;31
33;32
22;34
43;49
11;50
40;51
1;52
2;72
6;77
20;84
24;85
1;86
17;87
32;125
97;126
55;127
29;128
158;145
9;146
40;148
32;152
33;164
11;165
19;169
160;170
37;221
31;222
56;223
30;224
28;241
8;242
173;243
9;252
6;258
12;265
1;266
24;273
29;278
6;279
25;317
50;318
22;319
112;320
18;325
16;338
176;339
20;340
151;356
18;357
30;361
5;363
10;364
5;365
13;368
16;369
13;370
13;373
2;375
9;381
5;382
36;383
114;413
96;414
214;415
33;416
26;419
5;427
35;433
75;434
43;435
32;436
9;443
11;464
9;465
27;470
9;472
5;491
20;509
23;510
59;511
45;512
39;513
10;514
7;516
38;542
29;543
39;544
45;545
18;546
16;548
25;568
7;570
33;578
212;605
57;606
57;607
178;608
35;609
172;610
69;611
188;612
2;617
157;629
20;634
19;637
34;638
23;639
36;640
177;641
28;644
27;651
8;671
25;689
14;701
11;702
7;703
194;704
30;713
17;721
31;722
570;723
5;724
12;740
5;745
614;747
42;749
3;751
14;752
20;759
1;791
76;797
61;798
136;799
190;800
6;817
32;818
71;819
6;820
40;843
12;850
40;854
28;855
3;857
29;893
13;894
51;895
191;896
10;899
40;912
18;914
67;915
17;916
23;917
15;938
22;943
37;945
13;946
4;950
16;952
26;970
233;989
59;990
26;991
40;992
8;994
19;1008
7;1009
62;1010
60;1012
26;1024
14;1028
10;1037
201;1042
12;1043
5;1044
28;1046
10;1082
11;1085
120;1086
52;1087
411;1088
17;1105
174;1106
49;1107
171;1108
155;1124
8;1132
7;1135
11;1137
34;1138
15;1139
23;1142
73;1181
53;1182
71;1183
50;1184
19;1185
191;1186
184;1187
76;1188
18;1212
19;1213
54;1214
14;1215
39;1216
35;1217
31;1218
170;1219
21;1234
1;1235
7;1238
2;1239
38;1278
292;1279
44;1280
6;1281
1;1282
38;1283
32;1284
6;1295
1;1309
27;1311
27;1312
18;1313
175;1314
11;1316
5;1320
30;1332
4;1335
38;1338
29;1367
171;1370
265;1373
40;1374
195;1375
65;1376
7;1391
67;1393
35;1394
75;1395
170;1396
28;1404
6;1412
166;1417
17;1418
34;1419
4;1421
4;1423
16;1427
15;1428
82;1469
77;1470
187;1471
46;1472
17;1485
10;1489
37;1490
24;1491
24;1492
11;1494
30;1506
15;1510
9;1513
26;1516
189;1522
164;1523
260;1565
388;1566
228;1567
55;1568
28;1587
37;1588
28;1594
3;1603
14;1610
5;1611
6;1612
29;1616
4;1619
1;1621
12;1624
1;1647
31;1657
73;1661
99;1662
63;1663
52;1664
7;1681
33;1684
30;1685
26;1700
7;1705
3;1708
14;1709
2;1720
55;1757
48;1758
47;1759
50;1760
21;1765
18;1770
6;1772
14;1776
17;1778
1;1779
54;1780
31;1783
10;1789
19;1794
22;1800
23;1804
27;1809
27;1815
10;1846
49;1853
35;1854
10;1856
36;1857
23;1858
57;1859
29;1860
19;1874
18;1882
60;1885
2;1886
10;1889
167;1891
2;1892
185;1905
156;1906
12;1908
10;1914
1;1919
12;1938
65;1949
40;1950
64;1951
18;1952
8;1953
57;1955
8;1956
6;1965
29;1966
10;1973
318;1981
42;1982
23;1984
10;1987
30;1988
5;2001
167;2003
13;2007
3;2010
9;2032
7;2040
27;2045
8;2046
167;2047
1;2048
18;2064
49;2065
6;2067
14;2090
158;2093
13;2095
8;2102
23;2104
32;2141
27;2142
43;2143
35;2144
1;2147
11;2155
15;2161
5;2163
45;2164
11;2169
6;2177
24;2180
5;2185
165;2186
9;2187
154;2191
3;2192
2;2194
2;2199
4;2201
13;2237
70;2238
14;2239
196;2240
11;2245
39;2258
30;2260
30;2266
15;2287
2;2291
19;2293
34;2295
1;2296
59;2333
101;2334
212;2335
120;2336
730;2342
157;2354
9;2355
11;2369
18;2377
15;2378
180;2379
1;2381
148;2386
3;2389
4;2418
255;2429
10;2430
48;2431
184;2432
5;2434
15;2450
4;2451
22;2452
145;2454
16;2474
189;2475
12;2480
1;2481
7;2482
555;2490
17;2513
1;2525
66;2526
55;2527
14;2529
13;2530
28;2531
31;2532
27;2538
23;2547
12;2557
20;2558
17;2559
14;2561
14;2565
17;2566
159;2574
16;2578
20;2581
18;2584
12;2587
10;2597
6;2598
38;2602
4;2605
11;2621
84;2622
195;2623
16;2624
63;2626
376;2627
3;2628
6;2653
51;2654
10;2655
29;2656
72;2657
1;2658
167;2660
16;2661
10;2671
40;2675
24;2676
2;2678
29;2679
56;2680
14;2682
156;2684
8;2708
23;2717
206;2718
23;2719
7;2720
29;2739
15;2746
13;2764
25;2773
14;2774
18;2776
11;2813
189;2814
41;2815
71;2816
3;2820
3;2832
22;2833
26;2834
31;2835
52;2836
23;2837
14;2840
1;2842
26;2857
31;2861
28;2864
14;2866
26;2870
657;2909
15;2910
57;2911
163;2912
29;2919
182;2925
3;2926
30;2929
20;2931
13;2932
32;2957
15;2958
17;2960
9;2962
159;2968
84;3005
6;3006
176;3007
279;3008
21;3018
14;3025
25;3026
178;3027
7;3028
8;3044
9;3053
22;3056
41;3057
169;3060
165;3061
239;3101
269;3102
272;3103
72;3104
21;3105
6;3113
166;3122
10;3123
82;3124
12;3143
35;3145
166;3146
1;3148
31;3160
1;3168
10;3193
22;3197
25;3198
344;3199
70;3200
50;3201
174;3202
40;3203
26;3204
3;3209
18;3222
6;3227
157;3230
19;3232
44;3234
12;3235
31;3245
39;3254
32;3255
4;3257
20;3259
10;3281
19;3291
27;3294
23;3295
4;3296
44;3297
22;3299
189;3300
9;3311
6;3318
14;3325
22;3329
1;3330
16;3333
25;3337
20;3349
169;3389
21;3390
55;3391
34;3392
7;3399
28;3402
60;3409
7;3410
24;3411
28;3412
6;3413
38;3437
8;3439
5;3440
22;3441
162;3442
56;3443
18;3445
16;3448
41;3485
1;3486
38;3487
74;3488
4;3490
62;3507
31;3508
8;3519
18;3527
30;3531
1;3534
29;3537
24;3538
27;3543
83;3581
103;3582
154;3583
19;3584
6;3601
32;3602
32;3603
7;3604
10;3606
12;3610
24;3616
6;3625
33;3631
553;3632
22;3634
10;3639
11;3640
33;3641
116;3677
15;3678
213;3679
6;3680
160;3682
8;3697
2;3698
117;3699
17;3700
5;3708
29;3713
29;3717
36;3723
26;3725
37;3727
3;3730
6;3733
180;3736
18;3760
101;3773
48;3775
221;3776
2;3777
18;3792
23;3795
47;3796
29;3819
10;3831
23;3832
32;3869
1;3870
8;3871
72;3872
18;3874
3;3875
54;3876
155;3882
14;3886
15;3890
144;3892
38;3901
13;3902
28;3903
27;3905
12;3906
14;3907
559;3908
45;3921
157;3923
14;3928
19;3933
27;3965
90;3966
26;3969
36;3972
6;3980
23;3982
153;3989
18;3990
11;3997
189;3998
33;4000
186;4002
160;4003
10;4004
26;4010
22;4017
19;4019
152;4022
14;4023
58;4061
17;4062
184;4064
23;4068
7;4078
26;4081
4;4082
8;4083
5;4084
9;4086
9;4087
30;4104
3;4108
11;4111
157;4112
7;4114
31;4118
19;4119
84;4157
20;4158
65;4159
201;4160
8;4177
605;4179
2;4180
34;4185
21;4198
18;4200
36;4201
1;4207
12;4211
26;4233
18;4246
69;4253
53;4254
148;4255
2;4256
169;4257
6;4264
38;4273
13;4274
6;4275
162;4279
33;4297
19;4300
4;4302
34;4303
7;4304
28;4305
1;4306
230;4349
32;4350
41;4351
44;4352
37;4354
156;4367
10;4369
40;4370
29;4373
27;4385
12;4390
109;4394
8;4396
16;4399
1;4400
6;4401
5;4402
17;4403
177;4445
37;4446
41;4447
166;4448
32;4465
32;4467
23;4468
23;4486
31;4489
20;4491
22;4492
25;4493
3;4502
1;4530
24;4541
14;4542
86;4543
68;4544
61;4545
24;4547
3;4548
5;4549
25;4558
5;4568
30;4574
190;4575
4;4576
50;4577
11;4579
32;4580
11;4583
18;4585
46;4595
20;4597
22;4600
35;4603
9;4630
42;4637
54;4638
1;4639
26;4640
20;4641
9;4642
26;4643
26;4644
8;4648
17;4670
19;4672
4;4673
5;4674
53;4675
152;4676
13;4685
12;4690
27;4692
37;4696
8;4699
4;4723
210;4733
408;4735
25;4736
18;4742
7;4747
5;4751
163;4753
16;4754
36;4761
20;4766
49;4770
4;4782
23;4783
166;4791
146;4829
200;4830
223;4831
49;4832
6;4845
19;4849
24;4850
27;4852
21;4853
5;4857
3;4862
1;4866
25;4867
17;4875
15;4878
11;4881
562;4882
12;4884
12;4885
24;4888
8;4911
25;4925
49;4926
26;4927
55;4928
38;4941
7;4945
27;4946
32;4948
16;4962
1;4973
8;4975
14;4981
28;5021
31;5022
47;5023
45;5024
151;5031
9;5035
39;5041
1;5042
23;5043
15;5044
12;5054
153;5065
12;5067
20;5071
37;5076
15;5078
639;5117
52;5118
24;5119
251;5120
38;5121
5;5122
32;5127
70;5137
10;5138
165;5139
10;5140
7;5151
17;5154
4;5157
12;5164
12;5170
16;5172
14;5176
13;5211
174;5213
39;5215
112;5216
187;5218
147;5219
39;5220
28;5225
2;5229
20;5239
33;5245
23;5246
18;5247
60;5248
71;5250
37;5252
8;5260
15;5265
19;5266
6;5269
22;5270
9;5273
20;5275
5;5276
25;5293
255;5309
67;5310
31;5312
35;5313
15;5314
79;5316
50;5343
6;5344
30;5345
20;5346
24;5348
179;5361
35;5363
27;5366
19;5371
28;5405
214;5406
24;5407
75;5408
7;5425
12;5426
1;5428
39;5443
20;5449
16;5455
13;5457
16;5458
38;5461
13;5462
19;5483
8;5492
58;5501
24;5502
165;5503
241;5504
28;5518
28;5522
22;5523
24;5524
15;5529
10;5546
30;5550
29;5551
28;5556
4;5592
49;5597
46;5598
166;5599
49;5600
15;5614
15;5617
59;5619
16;5634
6;5639
7;5641
4;5642
4;5645
4;5647
31;5648
45;5649
36;5651
3;5653
84;5693
46;5694
24;5695
76;5696
29;5697
5;5705
22;5713
3;5715
12;5716
4;5738
29;5751
9;5759
48;5789
60;5790
32;5791
203;5792
32;5800
18;5810
3;5811
65;5812
14;5828
6;5830
26;5834
168;5842
16;5845
20;5881
43;5886
16;5888
61;5889
7;5890
27;5891
51;5892
12;5899
158;5916
62;5919
45;5921
189;5923
5;5924
1;5936
9;5937
41;5941
163;5945
158;5947
163;5948
12;5980
31;5981
86;5982
15;5983
11;5984
24;5985
54;5986
12;5987
34;5988
156;5994
57;6013
76;6014
27;6016
21;6019
31;6020
39;6023
9;6027
2;6032
2;6033
17;6035
26;6036
23;6039
8;6040
35;6041
194;6044
19;6062
14;6077
64;6078
21;6079
95;6080
18;6087
6;6088
24;6095
24;6097
19;6099
38;6100
26;6108
7;6124
29;6125
9;6126
20;6127
12;6132
8;6134
1;6135
10;6152
51;6173
58;6174
68;6175
81;6176
154;6189
21;6192
209;6193
2;6194
11;6203
25;6210
1;6221
5;6222
1;6225
35;6228
10;6230
225;6269
12;6270
586;6271
31;6272
2;6275
25;6289
161;6291
26;6307
5;6311
22;6314
165;6315
51;6317
21;6318
5;6319
4;6322
4;6328
47;6365
29;6366
71;6367
65;6368
5;6384
20;6386
64;6387
22;6413
4;6415
4;6416
6;6420
26;6422
5;6444
62;6461
124;6462
61;6463
6;6464
37;6478
177;6481
31;6482
32;6489
15;6491
16;6507
2;6509
22;6510
6;6512
45;6515
31;6516
18;6527
44;6558
13;6559
27;6560
40;6561
61;6563
18;6567
156;6572
29;6579
61;6591
10;6592
8;6593
166;6594
31;6595
4;6596
7;6597
4;6610
28;6618
24;6628
73;6653
226;6654
159;6655
64;6656
8;6657
12;6658
10;6659
33;6660
8;6669
6;6673
59;6678
4;6685
41;6686
12;6687
29;6688
40;6690
38;6691
21;6692
13;6698
20;6699
10;6701
4;6708
5;6711
3;6713
33;6716
50;6749
38;6750
76;6751
195;6752
2;6755
23;6764
16;6768
40;6769
3;6770
16;6771
32;6772
29;6783
4;6798
5;6799
159;6804
27;6806
32;6808
15;6810
56;6845
12;6846
56;6847
23;6848
31;6865
6;6866
21;6867
20;6868
7;6870
8;6887
25;6889
35;6904
27;6908
17;6941
392;6942
609;6943
20;6944
5;6955
25;6961
26;6962
32;6963
11;6964
16;6980
23;6984
32;6985
160;6988
7;6990
30;6998
10;6999
98;7037
245;7038
232;7039
53;7040
35;7042
24;7057
13;7058
1;7059
15;7060
46;7062
16;7077
28;7079
11;7080
20;7081
10;7089
2;7091
17;7094
754;7133
50;7134
73;7135
34;7136
33;7152
19;7153
179;7154
15;7156
3;7162
30;7171
13;7178
149;7184
16;7219
58;7230
52;7231
69;7232
23;7233
345;7234
28;7235
19;7236
34;7240
23;7252
13;7261
16;7262
11;7264
16;7265
18;7266
51;7268
157;7271
20;7284
4;7285
32;7287
21;7288
34;7289
6;7293
27;7302
184;7325
205;7326
196;7327
5;7328
3;7329
18;7330
16;7331
168;7332
2;7335
21;7336
2;7349
23;7358
11;7360
21;7361
18;7362
178;7363
2;7368
169;7378
31;7382
4;7388
4;7420
76;7421
75;7423
48;7424
4;7443
156;7449
11;7462
24;7465
13;7466
3;7470
10;7475
9;7479
20;7517
31;7518
86;7519
98;7520
22;7528
30;7535
36;7537
20;7538
27;7539
52;7540
2;7546
10;7547
13;7557
11;7565
6;7566
23;7574
16;7576
44;7613
16;7614
44;7615
94;7616
19;7623
16;7633
61;7635
30;7636
4;7651
10;7668
6;7670
158;7672
8;7687
208;7709
23;7711
27;7712
8;7729
17;7732
20;7754
13;7759
3;7762
16;7768
14;7805
24;7806
128;7807
50;7808
35;7824
21;7825
55;7826
39;7828
1;7834
18;7838
13;7841
21;7856
158;7862
12;7894
5;7901
44;7902
48;7903
56;7904
26;7905
45;7906
56;7907
98;7908
25;7911
2;7918
14;7934
23;7935
29;7937
5;7940
25;7946
1;7951
29;7955
11;7957
10;7958
22;7959
23;7961
196;7999
16;8000
43;8001
23;8003
72;8004
26;8012
38;8029
44;8030
24;8031
39;8033
3;8034
52;8035
11;8049
10;8052
7;8054
9;8058
367;8093
72;8094
56;8095
124;8096
16;8099
7;8104
158;8105
7;8108
11;8112
169;8113
30;8114
1;8115
22;8116
13;8120
6;8130
32;8137
23;8139
25;8140
18;8141
17;8144
11;8145
10;8149
84;8189
223;8190
35;8191
18;8192
12;8202
18;8209
22;8211
8;8214
44;8216
35;8219
20;8222
13;8225
164;8227
9;8235
157;8237
28;8243
2;8247
3;8275
26;8285
78;8286
167;8287
95;8288
8;8296
165;8306
10;8307
40;8308
5;8326
39;8329
16;8330
28;8331
8;8338
9;8339
5;8341
43;8381
6;8382
95;8383
48;8384
29;8389
161;8395
29;8400
10;8401
33;8402
14;8403
31;8414
25;8416
557;8431
17;8433
27;8434
254;8477
94;8478
105;8479
68;8480
19;8497
5;8498
53;8500
33;8504
5;8506
2;8509
15;8520
24;8522
24;8529
17;8530
155;8531
5;8532
30;8549
6;8551
30;8553
22;8573
38;8574
97;8575
19;8576
54;8577
43;8578
19;8579
33;8580
11;8598
17;8605
25;8606
35;8608
6;8609
8;8610
205;8611
159;8612
20;8615
22;8626
20;8628
13;8629
32;8631
9;8634
44;8635
156;8651
35;8665
22;8666
41;8667
24;8668
609;8669
25;8670
69;8671
25;8672
6;8679
3;8699
28;8702
26;8704
32;8710
10;8715
1;8717
9;8718
69;8719
25;8727
31;8761
1;8762
28;8763
38;8764
25;8768
38;8771
44;8781
19;8782
41;8787
3;8788
12;8789
2;8804
12;8810
33;8811
18;8812
34;8816
4;8819
2;8849
28;8857
35;8858
9;8859
15;8860
1;8868
170;8877
202;8878
14;8879
27;8880
22;8897
18;8908
1;8909
33;8910
180;8953
44;8954
71;8955
162;8956
3;8973
13;8974
2;8981
168;9004
15;9009
152;9010
32;9028
27;9030
51;9049
75;9050
20;9051
179;9052
18;9065
168;9069
45;9071
46;9072
8;9073
3;9077
92;9082
5;9090
17;9096
8;9099
5;9104
27;9145
166;9146
202;9147
63;9148
32;9159
3;9163
32;9165
16;9166
40;9167
12;9168
13;9184
17;9189
26;9195
1;9198
1;9201
11;9204
10;9226
34;9241
19;9242
199;9244
49;9245
53;9246
20;9247
24;9248
17;9273
167;9275
40;9276
30;9277
50;9278
25;9279
11;9295
27;9297
2;9298
14;9301
157;9302
13;9337
14;9338
27;9339
204;9340
1;9341
175;9342
22;9343
30;9359
26;9365
56;9370
14;9371
224;9372
16;9373
39;9374
7;9375
20;9379
43;9390
161;9393
7;9396
159;9426
10;9433
53;9434
198;9435
58;9436
15;9453
45;9454
21;9455
18;9461
4;9468
18;9473
25;9477
3;9482
23;9483
9;9488
23;9489
7;9491
10;9492
20;9503
6;9529
204;9530
79;9531
30;9532
37;9549
17;9550
9;9551
29;9552
21;9568
27;9583
18;9584
6;9585
26;9586
15;9616
250;9625
44;9626
85;9627
79;9628
26;9645
37;9646
27;9648
172;9657
13;9661
34;9663
160;9671
9;9672
1;9680
30;9682
150;9684
18;9699
45;9721
33;9722
40;9723
202;9724
24;9738
16;9741
37;9742
5;9743
10;9744
9;9751
30;9754
13;9765
16;9767
27;9772
19;9775
124;9817
12;9818
224;9819
22;9820
38;9824
4;9827
167;9838
12;9839
168;9840
11;9844
32;9863
16;9864
29;9866
23;9895
18;9913
16;9914
24;9915
233;9916
9;9917
34;9918
183;9919
54;9920
12;9921
27;9943
20;9944
22;9945
35;9946
84;9948
32;9949
172;9951
25;9965
4;9971
36;9972
14;9973
22;9974
1;9975
2;10009
187;10011
37;10013
49;10014
47;10015
25;10023
19;10037
21;10040
21;10041
29;10042
167;10043
16;10044
150;10047
40;10048
2;10049
14;10068
351;10105
127;10106
137;10107
5;10108
18;10122
39;10125
69;10126
18;10127
5;10152
19;10156
26;10158
8;10159
16;10177
220;10201
177;10202
21;10203
35;10204
3;10221
19;10222
1;10223
20;10224
33;10232
18;10254
3;10255
9;10257
157;10268
356;10297
2;10298
153;10299
47;10300
9;10303
15;10310
17;10315
10;10316
9;10317
13;10318
156;10327
17;10330
19;10344
160;10350
27;10353
156;10355
4;10362
50;10393
126;10394
33;10395
107;10396
32;10413
33;10414
17;10416
34;10425
10;10432
30;10442
17;10444
35;10447
19;10450
30;10489
10;10490
69;10491
45;10492
12;10497
57;10509
43;10510
11;10511
24;10512
149;10521
9;10527
22;10530
9;10538
7;10540
12;10567
11;10574
32;10585
36;10586
3;10587
28;10588
54;10589
158;10590
30;10591
77;10592
168;10600
10;10605
44;10617
20;10618
157;10621
14;10638
6;10639
2;10647
2;10648
36;10681
6;10682
39;10683
28;10684
6;10685
18;10687
35;10688
14;10693
25;10694
18;10697
20;10703
4;10711
17;10714
16;10716
3;10717
19;10718
35;10722
170;10725
11;10733
48;10734
23;10735
8;10740
127;10777
67;10778
59;10779
199;10780
2;10799
17;10800
16;10823
10;10829
32;10830
16;10831
30;10835
8;10839
24;10871
14;10873
32;10875
212;10876
26;10893
1;10894
33;10895
7;10896
27;10900
2;10904
30;10911
171;10916
11;10922
12;10924
19;10925
10;10926
26;10927
12;10928
14;10932
33;10969
21;10970
52;10971
212;10972
36;10974
38;10981
52;10989
15;10991
157;10992
25;11010
16;11012
566;11013
29;11016
19;11017
197;11018
38;11027
599;11065
71;11066
33;11067
85;11068
35;11072
10;11074
19;11080
49;11086
20;11087
15;11111
21;11114
27;11123
5;11154
199;11161
37;11162
29;11163
234;11164
4;11165
212;11181
19;11182
2;11183
12;11190
13;11200
40;11209
35;11210
12;11212
23;11214
13;11216
26;11217
9;11219
21;11220
21;11242
189;11257
9;11258
31;11259
38;11260
3;11261
48;11262
176;11263
6;11264
39;11267
8;11269
8;11274
172;11280
13;11289
3;11291
161;11294
23;11296
7;11312
4;11320
67;11353
27;11355
96;11356
335;11357
63;11358
319;11359
181;11360
8;11374
11;11376
14;11385
87;11387
37;11388
22;11389
12;11391
21;11392
4;11396
35;11403
176;11405
3;11407
18;11410
6;11413
23;11416
802;11449
136;11450
28;11451
188;11452
146;11462
24;11469
168;11472
23;11473
13;11479
8;11490
28;11493
24;11494
12;11495
166;11496
17;11499
163;11506
24;11544
1;11545
72;11546
134;11547
266;11548
40;11550
19;11566
26;11567
26;11568
17;11577
13;11578
2;11581
1;11590
36;11601
20;11603
13;11641
197;11642
70;11643
57;11644
17;11662
217;11663
153;11677
26;11688
11;11694
15;11695
28;11697
22;11701
50;11737
35;11738
37;11739
4;11740
8;11746
23;11748
31;11749
27;11755
35;11757
49;11758
31;11759
20;11783
19;11786
6;11787
16;11789
1;11791
8;11819
24;11833
48;11834
78;11835
24;11836
155;11851
154;11852
39;11853
38;11854
23;11855
12;11856
26;11865
3;11866
14;11867
12;11870
6;11871
7;11880
14;11890
34;11892
11;11897
6;11902
15;11919
22;11929
44;11930
12;11931
23;11932
154;11933
158;11934
47;11935
4;11936
27;11940
12;11954
39;11962
28;11963
25;11964
31;11965
185;11968
31;11969
23;11973
18;11984
18;11985
31;11987
26;11988
11;11989
2;12014
4;12025
6;12026
3;12028
45;12029
156;12030
58;12031
13;12035
15;12049
25;12060
33;12061
176;12064
27;12072
19;12073
32;12083
30;12087
15;12088
155;12090
22;12098
48;12121
156;12122
233;12123
71;12124
225;12141
19;12142
567;12143
205;12144
35;12147
29;12155
10;12167
14;12168
6;12170
5;12174
187;12180
9;12192
191;12217
247;12218
196;12219
96;12220
9;12225
12;12236
45;12237
22;12238
17;12264
167;12268
1;12269
51;12271
5;12303
131;12313
68;12314
53;12315
120;12316
11;12321
35;12329
571;12333
145;12335
561;12353
12;12359
8;12362
6;12365
4;12368
29;12409
37;12410
6;12411
86;12412
4;12422
27;12424
35;12428
7;12429
68;12430
27;12432
163;12437
7;12451
23;12452
10;12455
9;12457
12;12463
158;12465
3;12496
24;12505
57;12506
80;12507
8;12508
18;12520
31;12525
160;12528
25;12540
20;12548
25;12554
12;12555
18;12561
41;12563
26;12577
42;12601
13;12602
20;12603
27;12604
23;12605
34;12606
5;12607
25;12608
24;12612
1;12616
31;12626
9;12633
89;12634
46;12636
163;12638
145;12645
17;12655
14;12671
12;12679
167;12680
23;12697
61;12700
38;12701
570;12702
214;12703
7;12704
9;12710
4;12714
5;12730
39;12733
38;12735
2;12739
22;12749
6;12750
4;12755
32;12757
12;12759
57;12793
38;12794
167;12795
102;12796
25;12802
3;12803
13;12804
31;12813
54;12816
6;12824
3;12839
23;12840
3;12849
38;12889
61;12891
389;12892
16;12901
34;12910
43;12912
7;12939
5;12941
6;12943
34;12945
554;12947
5;12948
15;12985
67;12986
51;12987
13;12988
20;12999
5;13005
7;13006
36;13007
22;13008
11;13031
35;13038
164;13039
26;13042
84;13081
93;13082
30;13083
46;13084
2;13098
8;13102
9;13103
21;13104
25;13115
12;13122
2;13125
12;13127
166;13130
14;13132
28;13138
9;13148
572;13173
22;13177
66;13178
18;13179
56;13180
7;13197
31;13198
6;13199
2;13200
5;13212
26;13220
45;13226
48;13227
15;13231
22;13232
10;13234
23;13235
9;13247
88;13275
44;13276
31;13279
50;13280
8;13284
12;13287
21;13303
31;13305
15;13306
30;13307
16;13310
27;13311
35;13312
10;13323
162;13325
7;13326
3;13327
7;13334
6;13335
22;13336
7;13365
13;13369
29;13370
51;13371
18;13372
14;13373
41;13375
27;13376
157;13402
21;13404
14;13414
8;13417
5;13421
10;13422
22;13423
4;13429
184;13430
17;13432
18;13445
13;13465
14;13466
38;13467
17;13468
31;13472
9;13478
17;13485
15;13487
20;13507
13;13517
7;13519
7;13520
1;13524
181;13561
12;13562
95;13563
62;13564
32;13567
3;13573
11;13579
36;13581
61;13582
20;13583
3;13589
17;13619
22;13620
166;13657
41;13658
165;13659
35;13660
31;13667
5;13679
32;13680
28;13681
24;13685
32;13693
7;13694
5;13703
52;13707
5;13714
35;13716
167;13753
171;13754
41;13755
54;13756
29;13763
13;13770
5;13773
11;13774
209;13775
13;13776
28;13778
20;13786
30;13801
167;13802
10;13803
23;13805
13;13849
56;13850
29;13851
178;13852
8;13855
26;13870
49;13871
161;13872
1;13876
40;13886
33;13888
23;13893
36;13896
20;13897
13;13902
2;13945
46;13946
21;13947
177;13948
20;13949
25;13951
178;13952
1;13958
22;13959
27;13964
9;13968
4;13977
11;13978
46;13979
38;13980
38;13982
68;13984
12;14001
24;14006
17;14014
149;14039
33;14041
187;14042
37;14043
23;14044
87;14045
44;14046
29;14047
27;14048
25;14054
6;14055
22;14062
10;14070
31;14074
208;14075
49;14078
196;14079
8;14080
171;14083
23;14095
4;14098
35;14099
577;14100
11;14102
22;14105
1;14137
47;14138
67;14139
89;14140
27;14158
31;14160
27;14162
18;14165
7;14183
25;14192
2;14193
8;14221
73;14233
70;14234
30;14235
14;14236
8;14237
57;14242
173;14254
9;14256
178;14284
1;14286
3;14329
101;14330
171;14331
57;14332
164;14349
15;14351
47;14368
179;14373
40;14376
8;14377
36;14425
20;14426
84;14427
33;14428
7;14443
39;14446
32;14448
37;14470
28;14471
167;14473
15;14477
29;14479
3;14480
32;14481
15;14482
53;14521
255;14522
14;14523
38;14524
7;14535
9;14541
60;14542
31;14543
52;14544
25;14550
7;14571
9;14574
1;14575
6;14578
4;14579
22;14592
3;14598
21;14617
23;14618
97;14619
68;14620
13;14621
10;14622
21;14623
222;14624
18;14627
32;14644
22;14647
38;14651
185;14652
32;14653
54;14654
6;14656
12;14658
29;14660
4;14671
28;14672
9;14673
17;14676
37;14679
29;14680
6;14686
8;14692
8;14712
323;14714
14;14715
32;14716
12;14717
14;14718
6;14719
27;14720
1;14731
6;14747
163;14748
7;14749
20;14750
7;14751
12;14758
18;14767
3;14769
11;14771
9;14774
2;14775
13;14779
52;14809
2;14810
71;14811
22;14812
12;14840
12;14855
24;14856
29;14861
167;14866
12;14867
146;14868
52;14905
162;14906
172;14907
230;14908
23;14925
5;14926
9;14928
153;14930
31;14947
10;14956
169;14957
9;14959
16;14963
145;14964
3;14999
93;15001
165;15002
179;15003
32;15004
32;15009
5;15022
240;15023
4;15039
37;15046
12;15048
54;15051
6;15057
27;15058
59;15097
6;15098
14;15099
36;15100
2;15102
13;15115
87;15117
34;15121
8;15143
18;15145
7;15151
32;15154
12;15158
36;15194
51;15195
19;15196
16;15203
58;15213
315;15214
190;15215
12;15222
17;15225
1;15231
163;15234
7;15243
21;15246
18;15247
4;15248
35;15282
30;15289
12;15290
34;15291
208;15292
36;15293
179;15294
178;15297
157;15307
37;15318
20;15322
25;15325
28;15326
36;15327
8;15342
23;15343
31;15349
8;15350
13;15352
206;15385
181;15386
23;15387
44;15388
7;15389
193;15390
3;15401
13;15418
17;15419
19;15421
77;15423
15;15433
4;15440
1;15441
12;15444
7;15448
171;15481
27;15482
238;15483
9;15497
27;15501
17;15502
31;15503
18;15516
11;15529
185;15530
149;15531
30;15535
7;15536
26;15537
3;15539
26;15552
21;15554
13;15577
92;15578
19;15579
22;15580
6;15596
34;15597
39;15598
200;15600
7;15622
8;15623
172;15626
32;15628
7;15629
29;15630
9;15632
24;15633
157;15635
13;15656
28;15659
598;15673
84;15674
12;15675
7;15676
4;15681
3;15690
25;15693
11;15694
20;15701
17;15716
10;15718
17;15722
19;15723
37;15756
30;15767
44;15769
30;15770
42;15771
258;15772
161;15774
10;15789
3;15790
15;15792
16;15799
14;15815
2;15821
9;15824
18;15825
62;15865
208;15866
91;15867
2;15868
11;15873
4;15879
35;15885
131;15887
3;15888
8;15911
163;15912
18;15913
7;15919
156;15922
2;15938
11;15940
25;15942
209;15961
51;15962
9;15963
26;15964
72;15965
47;15966
21;15967
79;15968
6;15973
10;15983
170;15995
6;15997
34;15999
21;16012
8;16013
4;16048
101;16057
7;16059
44;16060
64;16061
4;16062
3;16063
75;16064
19;16079
11;16089
31;16094
27;16095
7;16096
30;16109
16;16110
23;16111
24;16113
28;16114
3;16115
4;16119
1;16120
51;16153
597;16154
19;16155
36;16156
6;16173
38;16174
27;16175
29;16176
13;16184
4;16197
32;16206
23;16208
51;16249
324;16250
42;16251
227;16252
16;16261
23;16270
5;16271
22;16278
17;16288
20;16291
28;16298
21;16300
6;16302
10;16303
11;16305
5;16307
24;16339
13;16345
50;16346
28;16347
91;16348
47;16365
2;16366
66;16368
12;16394
9;16397
10;16398
2;16400
2;16401
1;16404
72;16441
214;16442
3;16443
50;16444
34;16461
46;16462
355;16464
6;16466
11;16485
20;16488
2;16489
22;16491
42;16495
5;16499
26;16500
230;16537
105;16538
45;16539
22;16540
19;16543
4;16557
8;16558
19;16560
3;16565
48;16584
33;16589
22;16591
31;16625
44;16633
8;16634
24;16635
11;16636
48;16637
77;16638
13;16639
167;16640
23;16645
20;16649
13;16650
41;16665
59;16666
4;16668
14;16670
23;16692
4;16709
3;16729
29;16730
197;16731
25;16732
47;16733
42;16734
20;16736
41;16761
40;16763
48;16765
3;16767
5;16772
27;16781
22;16783
12;16787
12;16788
11;16790
161;16825
52;16826
66;16827
64;16828
15;16837
27;16845
29;16848
166;16851
5;16856
161;16870
21;16874
26;16875
265;16921
113;16922
183;16923
76;16924
4;16930
18;16931
21;16940
72;16942
69;16943
11;16944
22;16970
7;16978
20;16979
31;16982
43;17017
359;17018
64;17019
25;17020
7;17026
170;17038
30;17039
26;17040
162;17064
9;17065
16;17066
12;17072
40;17075
8;17110
78;17113
619;17114
118;17115
170;17116
7;17120
36;17128
3;17132
45;17133
42;17134
2;17135
13;17166
21;17168
54;17170
22;17171
90;17209
239;17210
17;17211
94;17212
14;17215
12;17229
14;17230
29;17231
4;17232
23;17239
24;17242
2;17246
14;17252
19;17254
13;17255
6;17256
20;17259
16;17260
24;17268
33;17305
27;17306
200;17307
35;17308
16;17310
16;17311
6;17312
33;17316
10;17336
3;17338
168;17339
54;17340
3;17341
30;17342
32;17343
41;17344
27;17349
25;17357
557;17360
33;17361
164;17362
37;17367
196;17401
19;17402
56;17403
39;17404
39;17405
47;17406
7;17407
37;17408
16;17426
4;17427
6;17428
24;17433
11;17437
48;17439
31;17440
38;17448
20;17453
10;17456
15;17457
8;17458
9;17460
40;17463
37;17497
38;17498
25;17499
63;17500
1;17516
27;17518
6;17520
12;17525
175;17530
6;17531
1;17537
25;17541
26;17545
165;17553
13;17554
46;17593
2;17594
38;17595
235;17596
23;17611
51;17616
17;17630
20;17637
7;17640
15;17644
14;17649
223;17689
39;17690
41;17691
31;17692
26;17701
11;17706
14;17710
32;17711
8;17723
4;17735
4;17737
3;17738
17;17744
2;17748
72;17785
279;17786
107;17787
29;17788
40;17798
12;17805
33;17808
24;17809
5;17829
21;17843
1;17844
7;17857
568;17878
76;17881
570;17882
34;17883
66;17884
150;17886
3;17901
31;17904
30;17924
10;17926
2;17929
8;17935
14;17936
8;17938
14;17940
11;17958
17;17967
55;17977
23;17979
41;17980
155;17981
20;17982
34;17983
6;17984
39;17993
12;18002
31;18004
12;18010
36;18012
18;18013
10;18015
9;18030
10;18033
27;18035
19;18061
210;18074
154;18075
13;18076
156;18077
17;18079
23;18080
12;18095
3;18096
16;18106
27;18107
20;18108
2;18109
19;18111
170;18135
11;18169
82;18170
29;18171
35;18172
3;18178
1;18186
6;18189
8;18191
6;18207
8;18213
4;18217
28;18225
8;18236
436;18265
210;18266
110;18267
73;18268
17;18272
8;18283
346;18285
17;18287
20;18308
25;18311
20;18317
6;18320
2;18324
32;18361
62;18362
61;18363
11;18364
16;18397
21;18407
25;18408
20;18410
7;18411
27;18414
28;18415
2;18416
32;18443
47;18457
43;18458
56;18459
31;18460
17;18464
166;18477
29;18478
161;18480
32;18490
1;18495
13;18501
27;18503
14;18508
27;18514
37;18541
223;18553
388;18554
137;18556
3;18568
18;18572
13;18574
1;18576
23;18587
25;18601
6;18603
1;18636
12;18651
63;18653
54;18654
39;18655
194;18656
12;18661
7;18676
5;18684
45;18685
12;18687
60;18688
21;18701
6;18708
4;18716
9;18732
7;18736
37;18745
18;18746
215;18747
58;18748
77;18749
86;18750
190;18751
167;18757
3;18758
10;18777
18;18778
149;18780
23;18781
156;18782
38;18784
18;18803
167;18805
27;18812
213;18841
86;18842
115;18843
15;18861
66;18862
56;18863
164;18866
15;18874
13;18885
163;18887
7;18889
156;18892
1;18937
37;18938
64;18939
1;18940
10;18958
42;18960
2;18981
20;18983
14;18984
24;18987
6;18990
14;18991
182;18995
23;19033
37;19034
11;19036
26;19046
29;19051
12;19052
44;19054
5;19055
9;19059
1;19078
22;19081
22;19082
167;19087
1;19090
3;19129
27;19130
51;19131
202;19132
4;19134
12;19139
1;19150
3;19151
11;19167
171;19177
2;19178
21;19183
44;19185
16;19225
31;19226
19;19227
41;19228
1;19229
28;19247
7;19272
11;19275
26;19278
26;19280
19;19282
13;19283
35;19316
198;19321
52;19322
51;19323
62;19324
6;19325
34;19326
49;19327
11;19328
24;19337
10;19340
14;19342
36;19354
162;19355
32;19356
21;19357
13;19360
9;19374
58;19380
32;19412
27;19417
4;19418
21;19419
37;19420
200;19421
33;19422
24;19423
29;19424
34;19430
9;19444
16;19446
8;19449
13;19453
14;19454
10;19473
23;19476
160;19479
9;19480
44;19513
147;19514
87;19515
6;19516
28;19524
5;19533
35;19536
27;19547
27;19553
12;19560
12;19564
8;19570
19;19589
5;19609
31;19610
28;19611
10;19616
13;19617
550;19626
22;19630
27;19631
22;19651
18;19656
33;19660
9;19661
33;19662
15;19684
93;19705
122;19707
95;19708
13;19726
26;19727
10;19738
4;19739
30;19749
8;19761
162;19762
11;19763
6;19769
2;19790
71;19801
103;19802
51;19803
12;19804
10;19824
157;19828
2;19829
10;19849
18;19852
60;19853
170;19858
25;19860
154;19897
109;19898
1;19899
96;19900
12;19917
5;19918
34;19919
197;19920
1;19925
5;19926
1;19927
36;19945
36;19947
22;19948
38;19949
23;19950
11;19953
15;19954
2;19965
18;19969
29;19981
23;19993
32;19994
1;19995
31;19996
56;19997
226;19998
153;19999
25;20000
16;20011
25;20021
24;20023
21;20024
48;20026
1;20028
13;20029
2;20030
7;20031
13;20032
15;20036
1;20037
17;20043
146;20048
5;20073
13;20086
24;20089
49;20090
45;20091
59;20092
42;20093
15;20095
35;20096
5;20100
1;20117
31;20121
48;20122
9;20123
10;20125
154;20126
173;20127
8;20131
30;20143
9;20148
18;20149
31;20152
358;20185
36;20186
64;20187
76;20188
26;20205
26;20206
42;20207
20;20208
36;20209
20;20211
22;20214
1;20223
8;20234
8;20240
230;20281
268;20282
15;20283
78;20284
20;20285
39;20301
4;20302
60;20303
16;20310
25;20312
36;20331
18;20332
19;20338
13;20339
4;20340
12;20377
30;20378
45;20379
93;20380
27;20394
6;20395
22;20398
39;20399
193;20400
18;20425
30;20426
32;20429
25;20436
206;20473
81;20474
101;20475
204;20476
27;20487
36;20493
22;20494
30;20495
15;20496
20;20529
11;20531
12;20569
119;20570
293;20571
173;20572
3;20583
11;20589
19;20590
36;20592
22;20593
10;20614
1;20618
14;20622
5;20623
8;20624
2;20626
13;20627
12;20665
8;20666
48;20667
159;20668
7;20669
215;20670
7;20671
3;20677
23;20689
5;20697
27;20699
17;20701
40;20702
8;20703
23;20704
165;20706
8;20714
24;20717
36;20718
31;20719
8;20748
5;20752
29;20760
41;20761
165;20762
23;20763
5;20765
5;20766
178;20767
19;20768
22;20793
35;20794
26;20796
18;20798
17;20800
28;20803
10;20807
2;20811
37;20821
33;20823
611;20857
42;20858
163;20859
31;20860
39;20878
8;20880
37;20884
34;20892
29;20903
32;20907
2;20909
18;20910
6;20914
30;20929
55;20953
37;20954
48;20955
31;20956
12;20966
8;20974
36;20987
23;21001
188;21003
20;21006
17;21009
13;21010
85;21049
41;21050
334;21051
231;21052
49;21056
23;21057
10;21062
19;21063
3;21067
59;21072
2;21104
26;21145
32;21146
25;21147
48;21148
18;21161
2;21165
321;21166
150;21167
5;21168
8;21183
20;21200
38;21202
4;21204
2;21216
25;21241
163;21242
39;21243
219;21244
29;21258
47;21261
1;21264
28;21273
14;21288
33;21291
31;21295
8;21314
4;21322
190;21337
211;21339
61;21340
38;21341
9;21342
79;21343
1;21353
5;21358
38;21370
17;21371
31;21373
2;21376
3;21377
16;21384
26;21387
6;21392
32;21394
1;21396
196;21397
5;21399
171;21434
32;21435
15;21436
28;21437
85;21438
30;21440
27;21448
27;21457
11;21466
9;21467
15;21472
8;21485
16;21490
9;21493
10;21496
2;21502
28;21529
9;21530
59;21531
79;21532
19;21543
4;21550
57;21552
5;21559
1;21563
6;21576
37;21577
32;21581
12;21588
40;21625
10;21626
291;21627
19;21628
39;21630
32;21634
31;21637
27;21645
214;21647
6;21648
27;21653
24;21676
5;21678
22;21680
14;21682
27;21683
8;21684
2;21721
3;21722
30;21723
36;21724
32;21744
19;21766
36;21770
23;21777
10;21779
101;21817
62;21818
11;21819
16;21820
3;21834
13;21836
165;21837
16;21838
745;21839
20;21840
10;21849
24;21857
3;21862
10;21868
27;21872
34;21873
19;21876
169;21913
94;21914
36;21915
31;21916
2;21919
31;21922
10;21923
27;21933
72;21934
18;21935
3;21954
40;21957
26;21962
63;21964
3;21969
17;21970
27;22009
31;22010
24;22012
21;22013
235;22014
24;22015
3;22016
6;22032
63;22041
146;22042
15;22044
55;22045
5;22046
28;22047
14;22048
40;22052
55;22061
28;22068
164;22069
32;22070
23;22071
13;22087
2;22105
70;22106
2;22107
33;22108
202;22109
238;22110
10;22115
6;22119
1;22123
3;22137
42;22138
11;22139
41;22140
7;22141
21;22142
22;22144
168;22151
22;22155
10;22157
22;22158
4;22159
571;22162
4;22164
20;22184
606;22201
193;22202
47;22204
12;22208
9;22211
167;22222
13;22223
35;22245
12;22254
8;22256
46;22297
21;22298
36;22300
3;22314
20;22317
18;22318
13;22319
214;22320
12;22343
157;22347
32;22352
10;22353
13;22371
184;22393
29;22394
20;22395
136;22396
30;22405
19;22409
16;22413
18;22414
3;22415
1;22426
17;22430
29;22434
8;22439
17;22443
2;22446
5;22447
11;22448
24;22449
52;22452
27;22453
21;22483
53;22489
234;22490
264;22491
150;22492
159;22509
589;22511
43;22512
9;22516
20;22520
5;22526
25;22533
16;22542
156;22545
17;22558
3;22563
5;22571
34;22585
22;22586
45;22587
101;22588
10;22596
28;22605
29;22606
6;22636
7;22638
11;22639
23;22641
10;22643
155;22677
42;22681
13;22683
192;22684
88;22685
118;22686
157;22687
39;22688
1;22701
6;22704
35;22713
4;22714
20;22715
25;22720
12;22723
33;22727
16;22728
36;22740
1;22742
36;22777
6;22779
10;22780
7;22781
15;22782
55;22783
30;22784
16;22786
28;22797
9;22809
40;22810
7;22812
12;22814
25;22815
19;22816
27;22829
15;22834
23;22837
31;22839
22;22864
38;22873
69;22874
175;22875
60;22876
165;22880
24;22882
39;22894
19;22895
20;22919
19;22924
24;22926
2;22929
56;22969
53;22970
66;22971
40;22972
19;23006
10;23017
6;23018
36;23020
6;23023
20;23025
162;23026
3;23034
31;23065
55;23067
57;23068
25;23110
171;23111
30;23119
3;23121
1;23123
18;23124
5;23161
13;23162
27;23163
5;23164
15;23170
29;23181
69;23182
11;23184
19;23207
7;23208
5;23214
5;23215
240;23257
8;23258
65;23259
78;23260
33;23271
32;23277
16;23279
24;23283
24;23303
30;23305
28;23312
3;23314
146;23324
26;23354
170;23355
18;23356
55;23357
19;23358
19;23359
15;23360
26;23366
9;23376
8;23378
27;23384
14;23385
163;23386
1;23388
11;23390
9;23391
6;23392
2;23402
4;23413
23;23414
8;23449
33;23450
161;23451
20;23452
72;23453
64;23455
370;23456
27;23459
14;23467
16;23482
7;23483
9;23484
3;23487
24;23488
36;23502
18;23504
17;23506
25;23512
177;23545
77;23546
222;23547
9;23548
160;23551
42;23566
161;23568
7;23593
25;23595
23;23599
8;23600
24;23641
18;23642
63;23643
7;23644
3;23647
8;23662
30;23663
2;23664
16;23685
166;23692
13;23700
27;23717
10;23737
74;23738
55;23739
17;23740
43;23758
19;23760
21;23767
33;23782
6;23783
18;23793
39;23794
64;23833
13;23834
61;23835
39;23836
18;23837
35;23845
68;23853
5;23854
43;23856
32;23870
14;23872
38;23877
31;23879
18;23883
13;23889
23;23929
33;23930
16;23931
51;23932
43;23949
17;23951
16;23952
33;23974
10;23976
8;23978
17;23979
24;23980
20;23988
5;23996
15;24010
39;24025
94;24026
13;24027
44;24028
169;24029
4;24030
48;24032
6;24054
102;24061
2;24062
36;24063
10;24066
22;24077
1;24080
18;24083
4;24084
28;24087
3;24106
62;24124
46;24125
213;24127
35;24128
9;24136
7;24138
32;24146
163;24149
19;24153
4;24154
22;24155
172;24157
4;24159
28;24173
7;24176
15;24178
165;24181
9;24183
5;24199
65;24217
42;24218
34;24219
16;24220
5;24227
20;24234
236;24237
14;24239
13;24240
21;24255
19;24261
18;24264
24;24266
4;24269
7;24270
12;24273
13;24274
22;24276
7;24305
281;24313
93;24314
39;24315
46;24316
37;24333
161;24334
8;24354
10;24357
18;24360
13;24369
50;24409
186;24410
40;24411
55;24412
20;24422
15;24430
166;24431
17;24436
8;24445
20;24459
16;24467
19;24468
10;24470
30;24505
4;24506
56;24507
218;24508
53;24526
189;24527
24;24528
19;24535
28;24539
6;24543
5;24548
1;24550
27;24552
30;24563
21;24580
33;24601
173;24602
47;24603
148;24604
33;24608
20;24609
14;24620
5;24621
27;24622
36;24624
29;24641
40;24648
5;24650
44;24654
23;24658
1;24660
23;24697
29;24698
196;24699
173;24700
72;24701
23;24703
9;24722
19;24729
5;24734
10;24749
6;24753
24;24759
25;24764
560;24793
32;24794
36;24795
168;24796
27;24797
15;24798
60;24800
152;24804
33;24825
39;24827
31;24829
19;24830
2;24831
2;24837
31;24844
9;24848
28;24850
23;24851
64;24890
255;24891
8;24892
17;24904
25;24909
56;24910
176;24911
2;24912
17;24934
12;24941
14;24942
16;24944
48;24947
4;24950
2;24972
159;24984
19;24985
210;24986
85;24987
192;24988
165;24990
34;24995
9;25005
8;25008
25;25009
5;25025
1;25030
34;25031
7;25039
35;25041
9;25042
172;25044
98;25081
37;25082
163;25083
33;25084
4;25101
30;25102
50;25104
33;25108
8;25111
49;25126
166;25132
5;25133
219;25178
25;25179
5;25181
4;25185
146;25197
4;25198
19;25207
22;25218
187;25221
28;25222
20;25226
21;25227
1;25230
34;25233
171;25234
208;25273
200;25274
242;25275
1;25276
16;25289
22;25293
14;25294
15;25295
159;25296
8;25317
23;25319
17;25320
52;25322
24;25323
15;25325
6;25332
193;25369
19;25370
58;25371
34;25372
5;25373
1;25374
5;25375
19;25376
52;25402
34;25403
17;25405
38;25406
9;25407
35;25408
1;25413
28;25421
19;25428
7;25431
174;25435
54;25465
56;25466
307;25467
9;25468
66;25469
33;25470
44;25471
3;25472
163;25483
15;25486
25;25497
23;25498
31;25501
38;25503
6;25504
18;25518
19;25524
5;25525
28;25561
110;25562
218;25563
38;25564
15;25577
21;25582
26;25583
12;25584
2;25588
5;25595
18;25596
167;25609
2;25612
61;25657
25;25658
57;25659
33;25660
4;25664
58;25677
185;25679
38;25680
15;25683
17;25696
6;25702
7;25710
4;25711
18;25716
6;25724
11;25753
43;25754
72;25755
67;25756
2;25767
27;25775
11;25776
20;25788
3;25796
29;25849
47;25850
34;25851
85;25852
7;25867
212;25869
3;25871
13;25872
30;25915
44;25945
56;25946
14;25947
231;25948
7;25963
50;25967
34;25980
1;25993
22;25994
18;25999
79;26002
156;26003
70;26042
17;26044
20;26045
181;26046
33;26047
10;26048
11;26049
9;26056
25;26072
37;26073
14;26074
29;26075
16;26076
9;26077
3;26078
7;26079
155;26090
149;26093
31;26094
15;26099
27;26125
9;26137
11;26138
16;26139
33;26140
5;26143
49;26144
29;26164
14;26170
16;26173
17;26174
4;26175
6;26176
4;26180
29;26190
19;26193
35;26195
21;26199
92;26233
170;26234
49;26235
244;26236
6;26249
61;26253
19;26254
16;26255
6;26256
1;26259
22;26280
3;26281
15;26286
168;26304
68;26329
16;26330
216;26331
204;26332
158;26349
7;26351
21;26352
28;26355
15;26375
6;26381
31;26384
33;26386
28;26425
175;26426
1;26428
28;26429
17;26440
2;26442
19;26445
46;26447
35;26448
23;26453
5;26458
166;26470
18;26476
10;26480
12;26481
59;26521
213;26522
22;26523
40;26524
17;26528
163;26536
6;26538
15;26541
14;26542
18;26544
24;26572
12;26617
175;26618
41;26619
166;26620
26;26622
28;26631
4;26635
24;26636
39;26638
3;26639
5;26651
13;26653
34;26661
18;26664
17;26674
25;26676
13;26687
12;26691
188;26713
33;26714
53;26715
3;26717
11;26718
27;26719
31;26721
3;26734
10;26742
199;26746
10;26751
14;26752
13;26756
8;26758
158;26759
162;26766
167;26772
25;26773
13;26809
174;26810
18;26813
192;26814
177;26815
33;26816
3;26817
12;26826
25;26828
3;26837
6;26841
10;26842
19;26843
18;26845
37;26847
26;26861
4;26863
563;26867
95;26905
37;26906
62;26907
651;26908
154;26915
32;26917
34;26927
157;26949
36;26950
8;26951
5;26953
16;26959
11;26960
54;27001
250;27002
113;27003
79;27004
40;27022
44;27023
48;27024
148;27027
36;27029
17;27036
1;27045
20;27046
7;27047
16;27051
52;27097
43;27099
25;27104
60;27117
34;27119
12;27120
30;27136
7;27147
35;27149
6;27154
28;27156
85;27193
12;27194
10;27195
199;27196
161;27213
35;27214
9;27215
26;27216
6;27222
13;27231
31;27232
14;27243
37;27245
16;27247
151;27249
4;27252
35;27255
27;27289
9;27291
104;27292
5;27310
6;27324
17;27325
7;27337
7;27341
2;27343
38;27346
8;27356
9;27369
16;27385
9;27386
183;27387
8;27388
205;27390
37;27391
30;27393
29;27414
11;27420
27;27421
196;27422
72;27424
6;27437
30;27438
22;27440
152;27442
24;27443
21;27445
22;27463
49;27481
63;27482
225;27484
658;27485
89;27486
63;27487
16;27496
11;27501
7;27510
1;27512
3;27513
182;27514
13;27517
48;27518
15;27520
14;27524
155;27533
15;27536
46;27539
147;27542
14;27543
16;27547
50;27577
57;27578
45;27579
184;27580
2;27595
49;27597
9;27623
183;27624
33;27625
3;27629
33;27635
232;27673
35;27674
86;27675
75;27676
13;27687
3;27688
8;27693
17;27694
12;27695
32;27696
18;27710
19;27712
29;27717
17;27722
8;27723
24;27725
5;27729
10;27730
1;27770
35;27771
34;27772
29;27775
3;27792
14;27795
21;27806
17;27809
10;27813
32;27814
38;27819
4;27821
21;27827
49;27865
47;27866
35;27867
33;27868
3;27880
594;27885
2;27886
210;27888
14;27892
8;27896
24;27899
13;27901
15;27906
39;27909
2;27913
2;27914
31;27919
2;27923
10;27940
48;27961
13;27962
35;27963
187;27964
18;27968
28;27981
60;27982
4;27983
17;27984
6;27989
24;27994
3;27998
16;28003
25;28013
16;28014
19;28019
4;28020
60;28057
2;28058
36;28060
26;28061
41;28062
11;28063
5;28064
7;28075
35;28090
30;28091
22;28095
41;28096
7;28097
8;28100
16;28108
19;28112
18;28118
4;28119
9;28128
26;28153
155;28154
15;28155
25;28156
36;28158
58;28160
339;28185
43;28189
21;28202
6;28207
9;28209
16;28213
27;28214
29;28215
12;28249
47;28250
28;28251
15;28252
24;28253
26;28257
8;28270
29;28272
4;28279
1;28284
23;28293
21;28300
80;28304
6;28305
41;28345
54;28347
36;28348
7;28357
32;28363
9;28366
9;28372
166;28391
1;28394
39;28399
3;28402
194;28441
43;28442
23;28443
58;28444
173;28447
7;28453
10;28458
67;28461
41;28462
30;28464
163;28471
558;28487
28;28489
5;28490
18;28494
1;28499
89;28537
10;28538
190;28539
88;28540
5;28557
45;28558
7;28559
15;28560
38;28569
28;28574
30;28581
161;28585
20;28586
10;28588
3;28590
19;28591
5;28594
7;28601
18;28612
18;28633
22;28634
21;28635
64;28636
15;28638
22;28643
162;28653
10;28654
27;28655
9;28660
38;28661
4;28673
16;28683
6;28686
175;28730
8;28732
13;28734
2;28735
12;28736
34;28743
13;28762
31;28765
31;28767
52;28768
5;28772
46;28776
15;28781
16;28786
10;28788
21;28791
13;28792
30;28825
26;28827
60;28828
36;28829
33;28830
190;28832
16;28844
15;28857
11;28862
20;28863
19;28870
35;28877
1;28881
17;28887
48;28921
71;28922
189;28923
19;28924
1;28928
14;28930
14;28942
23;28943
9;28949
1;28954
4;28962
28;28965
27;28966
40;28967
7;28968
7;28969
22;28972
6;28973
29;28977
22;28978
24;29017
88;29018
41;29019
24;29020
24;29037
9;29038
10;29039
11;29040
26;29041
22;29064
7;29067
173;29070
8;29071
151;29104
48;29113
63;29114
55;29115
5;29116
589;29133
12;29136
29;29137
24;29142
202;29157
1;29158
2;29160
45;29164
179;29213
45;29214
241;29215
66;29216
8;29217
16;29219
11;29222
31;29230
26;29234
10;29236
12;29249
10;29254
164;29261
1;29263
18;29266
30;29267
13;29268
40;29272
135;29309
32;29311
207;29312
5;29313
29;29315
23;29319
15;29329
18;29330
25;29331
4;29332
35;29345
27;29355
27;29357
19;29359
14;29360
50;29362
30;29405
35;29406
10;29407
34;29408
68;29409
27;29410
161;29412
152;29429
2;29438
4;29439
22;29441
22;29442
16;29444
155;29445
21;29461
147;29462
9;29463
26;29464
8;29473
26;29502
27;29503
27;29504
3;29505
73;29506
170;29507
22;29508
26;29520
5;29533
13;29535
55;29537
10;29539
4;29540
33;29549
6;29552
27;29556
168;29557
174;29558
24;29560
52;29563
15;29566
1;29586
38;29598
68;29599
222;29600
31;29603
26;29609
22;29612
10;29619
38;29630
9;29645
28;29650
7;29654
1;29655
9;29672
58;29693
40;29694
172;29695
6;29696
22;29697
11;29701
11;29703
24;29713
188;29714
13;29717
9;29731
22;29740
18;29748
12;29750
56;29789
80;29790
114;29791
30;29792
174;29809
31;29810
24;29811
7;29812
4;29819
28;29824
34;29827
3;29840
169;29842
216;29885
37;29886
53;29887
66;29888
7;29889
2;29895
7;29902
21;29906
1;29907
7;29908
25;29932
175;29942
24;29943
13;29949
73;29981
10;29982
393;29983
111;29984
13;29989
18;30003
38;30018
4;30027
1;30028
11;30034
23;30038
27;30039
5;30066
11;30070
4;30074
12;30078
29;30079
34;30080
15;30081
7;30082
21;30083
2;30084
157;30106
21;30110
14;30111
35;30112
20;30113
34;30114
6;30115
29;30116
28;30129
35;30130
32;30137
7;30138
8;30139
6;30158
15;30173
26;30174
8;30175
28;30176
17;30177
243;30178
32;30179
8;30180
26;30181
25;30193
18;30195
33;30206
36;30207
26;30208
49;30209
601;30211
24;30213
23;30218
26;30228
52;30230
11;30231
3;30232
17;30234
17;30241
89;30269
190;30270
30;30271
88;30272
3;30282
56;30289
20;30290
9;30291
15;30292
62;30314
15;30323
12;30365
21;30366
231;30367
9;30368
155;30386
23;30387
23;30388
1;30393
14;30409
7;30412
11;30414
3;30416
2;30418
29;30422
410;30461
64;30462
218;30463
38;30464
65;30484
21;30493
15;30504
56;30506
149;30511
26;30518
113;30557
16;30558
65;30559
42;30560
2;30568
60;30579
48;30580
2;30592
15;30597
16;30598
26;30604
34;30611
24;30612
168;30653
10;30655
23;30656
5;30658
22;30659
21;30664
198;30673
38;30674
50;30675
39;30678
33;30688
18;30697
59;30703
9;30704
8;30712
26;30735
23;30740
32;30742
52;30749
58;30750
36;30751
19;30752
26;30754
77;30755
153;30756
18;30768
1;30782
3;30783
10;30786
66;30787
4;30788
29;30797
14;30801
7;30802
19;30805
8;30808
16;30809
5;30810
37;30811
8;30812
2;30829
159;30840
11;30844
19;30845
32;30846
79;30847
17;30848
44;30849
200;30850
40;30851
33;30852
30;30855
28;30859
12;30875
3;30878
14;30881
4;30882
4;30884
18;30889
14;30895
15;30901
12;30905
159;30909
1;30941
70;30942
31;30943
180;30944
7;30948
28;30953
21;30954
5;30963
48;30964
33;30975
11;30976
6;30978
22;30979
21;30985
51;30997
13;31031
44;31037
4;31038
36;31039
64;31040
199;31045
4;31048
8;31051
3;31052
6;31057
24;31058
9;31059
51;31060
175;31082
36;31089
15;31091
17;31092
23;31095
26;31108
197;31133
65;31134
79;31135
119;31136
36;31137
22;31143
35;31146
16;31153
40;31155
163;31156
28;31164
32;31177
1;31187
2;31189
65;31191
178;31229
42;31230
186;31231
22;31232
14;31250
14;31252
15;31271
7;31275
6;31277
19;31280
28;31281
164;31283
14;31287
66;31325
130;31326
68;31327
74;31328
8;31342
40;31348
16;31356
31;31370
6;31372
15;31375
167;31376
23;31378
6;31406
40;31417
11;31421
46;31422
16;31423
47;31424
7;31425
58;31427
30;31428
25;31454
1;31456
67;31457
19;31459
25;31467
9;31473
26;31474
9;31481
18;31482
7;31487
22;31517
23;31518
7;31519
35;31520
29;31521
16;31522
29;31523
41;31524
3;31526
22;31533
17;31545
26;31550
3;31551
26;31552
20;31554
38;31555
10;31560
3;31567
29;31569
4;31572
153;31579
3;31580
17;31584
30;31610
95;31613
59;31614
228;31615
65;31616
10;31622
24;31630
7;31633
207;31635
22;31640
12;31641
4;31657
4;31664
9;31666
5;31667
8;31670
225;31709
23;31710
175;31711
209;31712
3;31714
9;31729
2;31731
17;31732
153;31749
6;31756
151;31757
11;31764
37;31805
9;31806
147;31807
57;31808
7;31825
38;31826
3;31828
23;31831
6;31839
28;31847
162;31852
20;31857
8;31859
353;31901
38;31902
40;31903
62;31904
19;31905
5;31921
32;31923
34;31943
9;31949
173;31950
13;31957
87;31997
387;31998
12;31999
69;32000
10;32006
19;32018
39;32020
26;32031
155;32038
7;32041
23;32049
16;32054
32;32056
2;32064
33;32073
20;32078
1;32089
84;32093
47;32095
42;32097
28;32099
3;32100
14;32112
13;32118
25;32125
164;32126
155;32128
4;32141
15;32153
16;32154
168;32156
11;32160
7;32172
9;32187
38;32189
260;32190
15;32191
11;32192
164;32193
47;32195
37;32196
2;32213
36;32222
12;32224
14;32225
56;32227
10;32228
5;32237
37;32243
16;32244
36;32246
6;32249
2;32250
26;32251
5;32252
7;32253
15;32271
86;32285
4;32286
97;32287
41;32288
4;32292
24;32306
165;32307
3;32308
155;32321
7;32327
18;32330
27;32331
24;32332
31;32340
8;32341
2;32344
71;32381
190;32382
39;32383
9;32384
14;32393
37;32401
37;32402
43;32403
5;32420
29;32431
11;32436
9;32438
175;32440
164;32477
27;32478
93;32479
229;32480
5;32481
7;32485
17;32498
11;32503
30;32513
12;32515
16;32523
15;32526
31;32528
17;32533
18;32535
27;32536
5;32563
156;32573
43;32574
47;32575
39;32576
24;32588
27;32593
24;32594
40;32595
158;32596
26;32612
567;32624
10;32625
25;32627
10;32628
12;32629
155;32632
23;32648
38;32669
564;32670
30;32671
85;32672
2;32689
42;32691
7;32694
1;32703
18;32705
37;32716
1;32722
9;32726
18;32728
3;32749
17;32751
9;32759
49;32765
16;32766
204;32767
7;32768
13;32769
29;32770
15;32771
53;32772
6;32775
19;32777
159;32783
5;32790
3;32794
5;32797
4;32798
159;32800
11;32801
26;32802
16;32803
2;32804
1;32805
8;32817
8;32818
27;32823
19;32827
171;32838
17;32861
33;32862
47;32863
29;32865
190;32868
15;32877
6;32884
32;32895
20;32896
45;32898
46;32900
2;32906
32;32913
29;32914
168;32917
18;32919
583;32920
37;32922
21;32924
30;32938
26;32940
35;32947
42;32957
181;32958
330;32959
41;32960
4;32977
6;32978
7;32979
12;32980
177;33001
571;33002
2;33005
5;33011
181;33053
241;33054
50;33056
12;33064
10;33071
8;33072
40;33073
41;33074
27;33082
32;33088
23;33098
19;33103
30;33105
13;33107
33;33149
19;33150
36;33151
174;33152
157;33169
27;33170
29;33172
14;33198
16;33201
19;33202
46;33245
7;33246
73;33247
50;33248
25;33254
1;33255
10;33259
33;33260
29;33267
6;33268
8;33289
4;33291
12;33293
9;33298
32;33299
22;33332
557;33341
45;33342
109;33343
121;33344
195;33353
6;33354
180;33362
11;33363
20;33364
18;33368
2;33370
17;33385
28;33393
10;33394
28;33400
9;33411
10;33414
7;33429
77;33437
47;33438
18;33439
20;33441
26;33442
17;33443
25;33444
42;33464
29;33468
32;33469
31;33470
20;33471
14;33473
42;33475
32;33476
179;33491
11;33497
2;33498
50;33499
4;33517
10;33533
347;33534
44;33535
157;33536
93;33537
9;33538
54;33539
27;33540
22;33551
31;33565
35;33566
103;33567
26;33568
30;33570
30;33572
28;33576
10;33586
6;33588
26;33589
12;33593
15;33595
8;33596
21;33603
28;33629
28;33630
15;33631
40;33632
167;33649
38;33652
28;33674
19;33676
4;33682
10;33687
2;33706
31;33725
13;33726
4;33727
54;33728
15;33741
24;33746
6;33747
39;33748
32;33769
5;33775
18;33780
1;33791
13;33804
20;33808
97;33821
30;33822
56;33823
98;33824
7;33839
11;33841
13;33842
40;33843
5;33859
16;33862
18;33865
1;33866
34;33867
153;33871
20;33875
31;33879
29;33880
8;33917
299;33918
122;33919
48;33920
28;33937
58;33938
25;33939
9;33957
2;33962
40;33965
9;33966
7;33968
8;33971
14;33974
4;33975
44;34013
26;34014
42;34015
11;34016
4;34029
20;34033
46;34034
173;34036
40;34040
7;34054
1;34058
1;34061
162;34062
12;34070
30;34072
17;34089
35;34109
33;34110
15;34111
103;34112
176;34113
36;34114
12;34115
21;34116
36;34118
8;34141
153;34143
74;34145
15;34149
14;34162
29;34163
34;34167
31;34168
45;34192
6;34195
18;34205
28;34206
67;34207
161;34208
184;34210
37;34211
40;34212
16;34217
28;34224
3;34235
24;34237
19;34238
44;34240
3;34243
12;34244
49;34257
17;34262
30;34264
50;34265
40;34266
3;34269
62;34301
307;34302
2;34303
209;34304
28;34311
2;34314
6;34323
18;34332
3;34342
9;34347
169;34348
15;34352
2;34354
11;34358
38;34360
21;34397
24;34398
41;34399
28;34400
16;34413
3;34415
55;34417
8;34418
40;34420
161;34423
21;34425
30;34427
11;34441
14;34451
153;34453
13;34454
3;34455
18;34456
195;34493
87;34494
52;34495
16;34496
19;34505
164;34511
13;34513
20;34514
9;34516
150;34529
1;34543
19;34544
6;34545
15;34549
8;34551
21;34578
183;34589
175;34590
83;34591
55;34592
5;34602
192;34609
3;34610
18;34611
229;34612
14;34616
3;34626
3;34630
15;34633
21;34634
20;34636
7;34638
185;34639
12;34640
39;34642
9;34646
5;34648
6;34676
105;34685
66;34686
162;34687
245;34688
17;34705
13;34708
32;34714
3;34717
31;34722
7;34729
34;34734
21;34736
13;34738
17;34739
26;34742
14;34753
6;34770
171;34781
16;34782
17;34783
159;34784
27;34785
80;34786
361;34787
3;34793
29;34798
172;34799
11;34801
16;34804
68;34814
85;34815
164;34816
21;34824
26;34839
9;34841
14;34842
36;34844
5;34852
52;34877
24;34878
50;34879
9;34880
199;34881
23;34882
22;34883
613;34884
39;34886
34;34912
50;34914
2;34915
21;34929
16;34935
35;34936
18;34964
38;34973
16;34974
65;34975
8;34976
1;34993
41;34995
3;35000
31;35014
14;35019
41;35020
2;35021
14;35022
30;35023
15;35025
39;35026
26;35027
45;35028
48;35029
