sums of daily draw-off volumes
37.5
88.2
72.2
73.8
65.8
91.5
216
91.8
68.5
58
50.2
74.5
140
76.8
64.5
45.8
157.8
53.8
26.5
27.2
121
43.2
54.2
56.5
94
201.8
93.5
68
36
65.8
21.8
77
67.2
232
66.8
78.8
42.8
66.2
104.5
69
100.2
152.2
61.8
79.8
161.2
82.5
172.2
40.8
39.5
247.5
123
35
15.5
33.8
54.2
52.5
78
55.8
57
104
77.8
19
99
53
165
127.8
75.5
85.8
91.5
29.8
86.2
59
96.5
79
87
61.2
166.8
32.8
146.8
21
44.5
37.5
68
134
117.5
74.8
63.5
35.8
39
34.2
106.5
36
25.5
35
105.2
56.2
18.8
269.5
41
121.2
90
95.8
25.5
89.8
97.5
92.5
108.5
128
315.2
33.8
70.8
85.8
15.5
112
46.5
49.2
72.5
46.2
45.5
54.5
65.2
86.8
42
14.5
38.5
59.5
103.8
29.2
60.2
28.5
83
132
37.2
169
39.2
59
111.2
63
138.2
113.8
63.8
124.5
52.2
36.8
152.5
66.5
29.8
162
122.5
69
107.8
31.5
68.8
44.2
37
28
23
153
177.2
254.2
108.5
155.2
37
74.8
58.2
25.8
131.5
44
16
34.2
60
256
36.5
36.8
81.2
76.5
40.8
34.2
29.2
54.5
79.8
45.2
62.2
63.8
63.8
128.8
77.5
73
92.8
79.8
18.2
83.2
21
29.8
101.2
44
198.2
61.5
165
110.8
83.8
5.5
99
25.8
37.5
14.8
118.2
42.2
36.5
86.8
29
92
26.2
64.2
133.8
72.8
51
118.8
27.2
32.2
25.8
65.8
48
103.8
47.8
53.2
18.8
35
65.2
37.8
121.5
173.8
77
83.2
57.5
38.5
195
37.2
51
79.8
69.5
132.8
25
20.5
33.8
96
96.2
106.5
13.8
89.5
97
26.8
39.2
104.2
104
37.5
140
57
91
12.8
115
26.8
195.2
66
88.5
194.2
110
26.5
25.8
45.2
18.8
44.2
39.5
40.5
87.2
141.5
100
30.2
82.5
77.2
67.8
73.8
55
104.5
100.5
61.5
33.2
24
57
116
77
39.5
43.2
350.2
82.5
70.5
115.8
66.2
77.2
50.8
73.5
176
82.5
73.5
21.2
55
123
110.2
77.8
134.2
77.2
65.8
86
162.5
95.8
30
75.2
155
138.5
26
84.8
104.2
91.2
37
68.5
81.2
52.8
108.5
201
23.8
82
61.5
111
51.8
56.2
78.2
81.8
86.2
46
91.5
210.2
72.2
114.8
117.5
24.2
39.2
43.5
53.2
105.8
31.8
72.2
257.2
213
61.2
56
79.5
60.5
64.2
25.2
45.5
37
127.8
93.8
93.2
89.2
sums of draw-off volumes of each hour of the day
87.1
171.8
142.7
46.4
47.6
55.3
5100.5
5933.0999999
2812.6
588.8
436.8
1714.6
1592.7
764.1
644.7
1328.5
1177.6
445.9
794.5
1304
1937.2
1416.8
267
93.3
sums of draw-off volumes of each hour of weekdays
70.8
154.5
83.7
14.2
17.3
39.9
4285.9
4107.3
1497.5
319.1
262
1530.8
1482.4
629.5
316.2
292.3
245.5
345.9
740.3
1083.5
1318.5
815.3
136.1
47.2
sums of draw-off volumes of each hour of weekend-days
16.3
17.3
59
32.2
30.3
15.4
814.6
1825.8
1315.1
269.7
174.8
183.8
110.3
134.6
328.5
1036.2
932.1
100
54.2
220.5
618.7
601.5
130.9
46.1
holidays of household(s), numbers correspond to day of year
