sums of daily draw-off volumes
10
61.2
55
17.2
13
29.5
48
20.2
42.8
13
18.5
53.2
66
73.8
1
32.5
101
19.5
163.8
32.5
34.5
76
48.5
28.8
90.2
71.5
97.5
59.2
31.5
54.2
5
88.5
5.5
22.8
25.8
41.8
86.2
23.2
5.5
59.2
66.8
47.5
147.5
73.2
19.2
58.5
29.2
38.5
24
72.2
19.5
19.8
76
17.5
30.8
14.2
33.2
65
37.8
26.5
42.5
160
106
122
33.5
33
20.5
40
4.5
19.5
43
2.8
11.2
67.5
68.8
74
79.8
25
7.2
30.5
15.8
62.2
17
111.5
30.8
18.8
21.5
5.2
7.2
12
99.8
28.2
92.5
26.2
19.5
15.8
21
22.2
125.8
23.2
24.8
77
21
32.2
16.5
22.8
10.8
2
12.5
16
24.8
58.8
21.2
62.2
18.8
11.8
17.8
45
119.8
77.5
26.5
10.5
54.2
58.8
31.5
19.8
32.2
6.5
20.8
14
20
10.2
35.5
18
75.8
8
12
45.8
19
5.5
23.8
21.2
10.2
72.8
59.5
8.5
25
159.5
25.5
75.2
13.2
45.5
53.8
110.8
29.2
11.8
8.8
26.8
37.2
222
20.8
10
20.8
1.8
18.2
50.5
76
49
60.2
58.2
55.5
13.2
48
44
17.5
8.8
18.8
15
15.2
17.2
33.8
0.8
58.2
6
15
100.5
15.2
63.8
25.2
6.5
20
9.5
5
14.8
68.2
72
15
8
37.5
58.8
17.8
156.5
63.8
15.8
55.2
49.8
21.2
22.2
66.2
11
38.2
17.5
12
17.2
10.5
63.5
66.2
14.2
13.2
14.5
35
87.8
17.5
62.2
21.2
12
15.2
4
51.5
23
20.5
16.2
14
64.2
22.2
18
148.2
11.2
12.2
9.8
202.8
16.5
23.8
59.5
76
15.2
31.2
5.8
9.8
32.5
22.5
25.5
22.8
35.5
4
18.5
67
13
60
59.5
13
3.8
21.5
35
66.2
17.5
131.5
28.2
58.8
17
11.5
131
65.2
5.2
14.2
64.5
25.2
1
13
87
14
56.8
23.2
27.5
28.8
3.8
15.5
17.5
73.2
110.8
10.5
24
49.8
23.2
10.5
51
9.2
12.2
14
31.5
22.8
5.8
12.5
61.8
4.8
59.8
22.2
60
12
12
41.8
85
22.8
76
46.5
27.5
16.2
60.5
15.5
18.2
116.2
23.8
90.5
28
2.2
44.5
9.8
35
58.2
106.2
152.8
21.2
16.8
19
32.8
65
13.2
35
15
18.8
50.2
207.8
62.8
9.8
67.5
13.8
23.5
38.5
99
69.2
16
34.5
185
27.2
2.8
11.2
54
45.2
32.2
100
4
34.5
33.5
44.2
84.8
sums of draw-off volumes of each hour of the day
62.4
55
14.2
63.9
62.8
24.2
2801.3
3464.1
1125.7
481.3
179.2
661.4
724.4
318.6
285.3
710.5
491.1
301.2
482.6
632.4
1041.1
365
154.9
90
sums of draw-off volumes of each hour of weekdays
48.9
3.6
2
24.5
15.8
15.2
2047.8
2223.3
576.4
74.2
71.7
560
697.5
269.4
75
73.2
37.8
187.2
450.5
546
898.8
227.3
66
41.2
sums of draw-off volumes of each hour of weekend-days
13.5
51.4
12.2
39.4
47
9
753.5
1240.8
549.3
407.1
107.5
101.4
26.9
49.2
210.3
637.3
453.3
114
32.1
86.4
142.3
137.7
88.9
48.8
holidays of household(s), numbers correspond to day of year
