sums of daily draw-off volumes
164
222
167.5
140.2
91
183.5
114.2
270
110.2
162
134.8
158.2
137.2
162.5
194
227.8
60.2
253.2
147
271.2
131
138.5
152.2
145.5
60
346
216.8
310
84.5
134.8
99
287
139.8
192
71.2
227.2
184.5
151.8
198.2
104.8
218.5
135.2
164.2
122.5
343.5
164
164.5
381.5
312.5
143.2
181.5
57
176
226.5
190.8
124.2
267.5
63
276.2
299.2
180.2
375
238.2
159.8
155.8
66.8
209.5
142
106
329.5
207
101.2
121.2
179
106.2
202.8
308.8
75
164.8
97
126
191.2
103.2
93
129.5
122
243.5
189
53
165.8
182
106
189
209.8
103.2
122.5
124
207.2
62.5
202.5
213
274
169.2
241.5
111
221.5
171.8
277.8
119.5
95.2
170.8
125.8
222.8
122.8
277.8
130.2
71
237.8
239
70.2
54.2
89.2
232.8
242.2
212.5
125
114.5
99.8
71.5
99
104.2
132.8
206.2
214.2
96
68
220
134
299.5
298.8
138.8
61.5
199.8
127
129.5
142.8
255.8
207.5
134.2
111
105.5
134.8
210
331
144.5
166.5
218.5
68.2
258.2
138.8
176.8
80.8
23.8
94
166
128.2
173.5
94.5
197.5
104
102.2
144.2
216
151.8
164
137
88.5
153.8
331
93.8
225
125.8
87.2
209
110.8
184.8
114.5
155.8
203.5
136.8
80.8
114.5
101.8
126.5
77.2
171.8
104
151.8
112.2
108.5
322.8
220
144.2
159.5
81.2
276
105.8
141.5
198.2
320.5
160
83.5
151.8
85.5
141.5
121.5
265.2
68.2
101.2
145.8
61.8
83.2
375.5
149.5
213.8
104.8
218.8
85.2
33.2
171
75
106.2
90.8
173.5
112.5
42.8
111
153
132.5
74.8
135.8
150.8
124.8
193
227
146.8
85.5
167
41
120
154.5
321.2
161.5
135.5
76.5
128.5
99.5
299.8
102
201.5
84.8
165
111.2
54.2
177
122.8
143
148
128.8
308.2
136
207
166.8
254
129
131.8
95.8
282.2
130.2
358.5
248
101.2
229.2
126.5
176.2
81
146.5
82.2
181.5
168.2
62.5
69.8
173.5
208.5
161.8
117
159
217.2
106
165
211
187.5
250
126.8
98.8
159.2
180.5
96.8
320.5
135.2
244.8
209.5
146.2
142.2
232
203.5
146.5
111.8
93.8
85.5
184.5
122.2
188.2
237
173.8
161.2
84.5
89
160.5
95
134.8
268.5
346.2
139.5
381.2
159.5
131.2
256.5
108.5
276.8
147.8
226.5
243.8
117
103.2
74.8
98.5
99.2
132.8
296.5
247
74.8
135.5
108.2
122.2
105
101.5
310.2
140
118.5
85.2
88.8
211.2
194.5
159
sums of draw-off volumes of each hour of the day
178.6
184.3
149.6
128.3
264.5
186.4
9820.4
14234.1
4539
935.1
420.2
3699.9
4036.2
1564.5
1676.6
2818
1784.7
1537.5
2012.6
2600.4
2599.4
2294.1
681.3
414.8
sums of draw-off volumes of each hour of weekdays
146
64.2
68.6
83.5
136.6
54.7
7539.3
9697.7
2246.2
323.8
314.4
3374.8
3547.9
1244.1
424.7
417
558.5
1025.3
1854.6
2202.2
1665.1
1541.8
206.9
228.1
sums of draw-off volumes of each hour of weekend-days
32.6
120.1
81
44.8
127.9
131.7
2281.1
4536.4
2292.8
611.3
105.8
325.1
488.3
320.4
1251.9
2401
1226.2
512.2
158
398.2
934.3
752.3
474.4
186.7
holidays of household(s), numbers correspond to day of year
