9;9
30;29
209;31
50;32
6;44
26;47
33;49
11;50
21;51
7;58
30;70
6;77
150;78
25;79
11;81
17;86
15;87
166;123
48;125
39;126
200;127
52;128
2;142
2;143
31;144
33;146
21;147
6;148
23;155
175;172
7;177
17;178
7;183
59;184
18;210
29;221
106;222
24;223
38;224
18;233
1;238
6;239
22;241
37;242
167;265
38;266
26;267
34;268
57;270
18;272
8;273
23;275
10;302
61;317
31;318
20;319
186;320
22;325
36;333
6;339
62;340
1;343
14;361
5;364
26;365
50;366
26;373
3;374
2;375
38;402
61;413
50;414
57;415
66;416
8;431
2;434
6;435
36;457
8;459
13;463
19;470
47;510
51;511
20;512
22;514
38;516
23;540
18;542
34;544
171;545
23;547
23;548
34;550
17;562
9;567
34;568
157;571
13;572
25;605
1;606
43;607
10;609
20;610
28;611
28;612
3;616
11;640
10;641
49;642
32;644
1;650
33;657
163;659
6;676
411;702
14;703
38;704
19;707
26;713
9;718
24;721
36;722
40;723
61;724
149;746
27;747
10;748
34;750
166;758
10;759
12;781
58;797
33;798
37;799
21;800
29;808
2;814
21;817
1;818
14;819
5;821
23;825
22;831
154;845
9;853
3;882
41;893
197;894
23;895
49;896
21;906
8;913
16;914
79;915
155;916
13;923
14;938
7;941
8;942
14;950
37;964
29;980
60;989
77;990
179;991
37;992
34;1003
21;1010
18;1011
12;1012
35;1019
15;1066
262;1085
38;1086
164;1087
32;1088
9;1090
22;1105
20;1106
11;1107
14;1108
25;1130
17;1131
4;1133
5;1162
64;1182
23;1183
117;1184
10;1185
42;1186
8;1187
32;1188
22;1216
14;1219
25;1235
8;1239
163;1241
16;1244
1;1277
31;1278
181;1279
150;1280
5;1281
52;1282
17;1284
24;1285
27;1292
32;1296
14;1298
3;1309
48;1310
12;1313
53;1316
11;1373
44;1374
26;1375
31;1376
16;1377
6;1380
17;1381
42;1386
155;1389
12;1391
4;1413
29;1419
28;1426
183;1430
172;1431
29;1469
170;1471
7;1472
22;1473
11;1482
23;1489
10;1491
24;1492
6;1502
12;1516
24;1520
5;1521
549;1525
19;1526
33;1541
49;1566
40;1567
19;1568
9;1580
1;1582
45;1586
25;1587
4;1590
10;1608
1;1609
5;1610
228;1661
208;1662
70;1663
21;1664
10;1673
30;1676
7;1680
158;1681
62;1684
13;1685
2;1706
5;1707
6;1713
33;1714
160;1717
30;1729
62;1757
55;1758
29;1759
195;1760
8;1778
163;1779
13;1782
1;1793
10;1801
1;1802
21;1806
21;1854
68;1855
41;1856
169;1857
53;1858
6;1865
160;1872
97;1885
48;1886
180;1887
49;1889
3;1890
9;1892
161;1905
19;1907
1;1915
10;1928
28;1949
3;1950
190;1951
8;1952
20;1953
62;1954
11;1955
31;1981
1;1984
6;1987
8;1988
28;1997
26;1999
6;2000
5;2001
13;2006
28;2008
32;2009
8;2010
1;2023
62;2045
94;2046
280;2047
25;2048
2;2061
8;2065
17;2066
29;2067
2;2068
18;2100
16;2101
1;2141
16;2143
64;2144
2;2150
23;2161
99;2162
17;2163
193;2164
17;2175
26;2185
151;2187
8;2231
190;2237
88;2238
167;2239
27;2255
20;2257
8;2259
5;2260
12;2277
26;2284
27;2290
4;2294
15;2311
7;2333
13;2334
6;2335
46;2336
3;2355
15;2358
26;2373
18;2374
6;2378
9;2380
14;2384
26;2386
27;2387
9;2395
2;2405
216;2429
223;2430
53;2431
188;2432
29;2437
20;2444
1;2449
9;2450
43;2452
163;2464
3;2468
10;2475
158;2476
27;2479
157;2480
15;2483
40;2484
2;2485
25;2486
152;2514
4;2522
178;2525
56;2526
22;2527
225;2528
42;2529
24;2530
31;2531
24;2532
4;2557
7;2559
19;2561
33;2564
11;2572
8;2582
19;2584
8;2587
49;2621
27;2623
182;2625
21;2626
1;2628
556;2646
3;2654
164;2655
66;2656
18;2657
18;2658
9;2659
29;2671
39;2676
3;2677
22;2678
33;2684
28;2713
82;2717
3;2718
25;2719
97;2720
4;2738
22;2739
8;2768
20;2773
23;2774
26;2775
187;2813
43;2814
52;2815
87;2816
19;2821
4;2827
17;2830
42;2834
11;2836
2;2858
31;2866
8;2867
36;2869
8;2907
77;2909
36;2910
42;2911
182;2912
28;2928
5;2930
18;2931
28;2992
154;2995
89;3005
606;3006
56;3007
37;3008
35;3024
12;3025
19;3026
15;3027
20;3028
26;3051
11;3052
2;3053
13;3057
15;3060
10;3069
57;3101
41;3102
93;3103
240;3104
10;3120
10;3142
17;3147
8;3152
41;3153
42;3158
161;3191
3;3197
22;3198
51;3199
1;3200
4;3201
24;3203
163;3204
18;3210
167;3214
6;3229
1;3233
22;3234
51;3236
26;3249
20;3253
18;3254
10;3255
16;3293
25;3294
31;3295
27;3296
1;3297
6;3298
8;3299
15;3302
5;3322
16;3325
14;3327
1;3329
48;3330
33;3331
20;3340
7;3345
10;3347
2;3354
4;3373
101;3389
104;3390
63;3391
68;3392
3;3402
164;3404
35;3409
14;3410
181;3412
157;3436
8;3444
7;3448
3;3465
32;3485
61;3486
46;3487
89;3488
167;3500
34;3506
55;3508
32;3511
35;3519
12;3522
16;3527
33;3530
11;3531
44;3532
36;3537
6;3538
26;3544
14;3581
19;3582
177;3583
13;3594
21;3599
2;3606
166;3618
149;3624
3;3629
14;3633
5;3636
24;3637
370;3677
20;3678
26;3679
22;3680
38;3699
21;3700
33;3712
18;3722
161;3724
5;3726
21;3728
28;3729
17;3731
13;3732
15;3773
182;3774
28;3775
7;3776
37;3793
18;3799
38;3803
30;3816
20;3818
19;3828
8;3836
17;3839
179;3869
170;3870
207;3871
59;3873
4;3876
20;3882
35;3886
15;3889
20;3892
10;3894
23;3895
31;3896
8;3898
3;3903
12;3908
30;3926
26;3929
7;3930
15;3932
10;3965
32;3966
96;3967
14;3968
49;3969
10;3970
53;3971
12;3972
1;3973
22;3984
8;3991
16;3994
159;3997
5;4000
27;4001
10;4002
11;4003
6;4021
33;4036
57;4061
99;4062
61;4063
64;4064
5;4080
186;4081
8;4082
30;4084
27;4106
1;4108
11;4110
33;4113
20;4115
19;4116
3;4117
8;4136
44;4157
107;4158
111;4159
38;4160
30;4177
48;4178
26;4179
14;4184
28;4189
9;4202
15;4204
7;4207
5;4216
32;4246
204;4253
192;4254
406;4255
188;4256
37;4259
2;4260
49;4273
2;4276
29;4278
19;4297
33;4298
2;4306
15;4310
164;4312
29;4349
97;4350
181;4351
186;4352
17;4369
2;4370
16;4371
10;4372
14;4378
33;4393
53;4401
18;4405
101;4445
104;4446
186;4447
3;4448
1;4468
18;4469
42;4475
27;4482
163;4499
12;4502
1;4503
4;4521
52;4541
45;4542
44;4543
13;4544
178;4545
17;4547
18;4548
13;4568
27;4572
10;4573
193;4574
170;4577
12;4578
13;4579
4;4580
5;4593
13;4594
181;4596
5;4599
20;4600
343;4601
146;4604
1;4611
11;4630
52;4638
16;4639
40;4640
1;4641
14;4642
18;4643
10;4644
17;4668
27;4669
333;4671
7;4672
13;4673
64;4676
23;4687
19;4690
570;4694
14;4698
61;4733
97;4734
2;4735
51;4736
23;4742
7;4755
15;4756
152;4762
26;4777
25;4781
6;4783
15;4784
77;4785
5;4791
11;4799
226;4829
47;4830
131;4831
12;4832
15;4835
164;4837
28;4844
11;4849
6;4850
15;4852
20;4874
24;4875
11;4876
5;4877
3;4878
8;4886
34;4925
39;4926
6;4927
63;4928
35;4933
12;4973
39;4979
201;5021
106;5022
251;5023
54;5024
5;5026
11;5028
2;5043
12;5044
11;5050
7;5065
19;5066
25;5068
60;5117
202;5118
46;5119
27;5120
9;5132
14;5137
31;5138
177;5139
9;5140
326;5167
5;5172
3;5213
216;5214
26;5215
44;5218
32;5219
32;5220
25;5232
22;5244
32;5245
23;5246
9;5247
55;5249
31;5252
17;5256
161;5267
4;5269
15;5271
16;5277
3;5302
151;5313
14;5314
72;5315
2;5321
2;5325
34;5327
29;5334
56;5341
18;5345
2;5357
50;5363
29;5365
18;5367
17;5371
74;5405
340;5406
174;5407
28;5408
10;5414
34;5425
195;5426
10;5427
9;5428
161;5454
15;5456
4;5457
13;5458
3;5462
70;5501
3;5503
5;5504
7;5523
42;5524
15;5534
8;5537
28;5547
8;5548
6;5549
19;5550
41;5555
74;5597
334;5598
221;5599
10;5600
22;5607
15;5617
23;5619
24;5620
157;5641
26;5646
199;5647
177;5693
376;5694
12;5695
25;5696
19;5714
2;5722
162;5733
6;5736
9;5739
10;5740
12;5741
11;5748
150;5749
34;5750
192;5751
36;5789
19;5790
21;5791
210;5792
177;5810
24;5811
13;5812
183;5838
22;5842
16;5845
16;5869
9;5885
20;5886
573;5889
55;5891
3;5892
9;5917
49;5918
6;5920
21;5922
45;5923
561;5924
29;5925
23;5939
46;5941
27;5945
8;5946
30;5977
178;5981
9;5983
16;5984
35;5985
64;5986
34;5987
13;5988
9;5992
32;5998
2;6000
12;6004
20;6013
3;6015
24;6017
40;6019
1;6020
5;6026
8;6033
9;6034
176;6035
51;6037
24;6039
4;6040
154;6041
201;6077
50;6078
80;6079
8;6080
9;6084
10;6098
10;6099
15;6101
7;6104
171;6123
19;6124
21;6125
32;6127
6;6128
46;6173
245;6175
8;6188
18;6194
7;6195
159;6196
30;6212
2;6216
10;6219
22;6220
21;6221
6;6222
4;6224
21;6228
10;6230
14;6231
8;6256
77;6269
28;6270
56;6271
51;6272
6;6289
22;6290
19;6291
24;6365
103;6366
191;6367
41;6368
173;6385
13;6386
20;6387
8;6388
35;6413
15;6415
165;6419
18;6420
9;6421
6;6422
11;6423
6;6424
161;6461
43;6462
29;6463
56;6464
19;6475
37;6481
21;6482
52;6483
32;6484
19;6490
3;6507
4;6509
32;6511
32;6512
28;6519
7;6557
5;6558
37;6559
16;6562
25;6563
168;6564
1;6575
72;6589
9;6590
30;6593
6;6594
9;6595
39;6619
163;6640
15;6653
44;6654
194;6655
20;6656
7;6657
181;6658
35;6659
17;6660
27;6669
18;6670
2;6676
25;6684
23;6686
183;6687
16;6688
177;6690
58;6691
26;6692
26;6696
37;6700
13;6705
4;6709
7;6710
178;6749
234;6750
13;6751
61;6752
29;6764
10;6769
53;6770
24;6772
186;6794
4;6800
31;6803
5;6805
23;6845
49;6846
67;6847
70;6848
17;6865
8;6892
6;6894
165;6903
106;6941
23;6942
53;6943
157;6944
13;6954
31;6961
24;6962
25;6963
16;6964
2;6974
3;6985
23;6996
9;6997
48;7037
19;7038
49;7039
86;7040
17;7048
170;7058
27;7059
74;7060
150;7063
32;7069
5;7090
39;7096
17;7123
47;7133
74;7134
114;7135
22;7136
14;7153
8;7154
4;7156
32;7178
31;7181
28;7184
12;7186
16;7187
6;7188
162;7204
15;7213
16;7215
58;7229
50;7230
25;7231
23;7232
14;7233
2;7234
44;7235
61;7236
37;7237
9;7243
23;7244
34;7254
2;7262
17;7263
185;7267
13;7281
21;7292
25;7310
14;7325
171;7326
15;7327
6;7328
111;7330
35;7332
8;7335
25;7352
37;7357
25;7358
592;7359
68;7360
24;7361
24;7364
8;7370
3;7376
32;7378
4;7381
8;7385
19;7422
59;7423
21;7424
11;7433
17;7441
18;7442
33;7444
23;7461
5;7463
12;7466
22;7467
37;7471
23;7476
1;7505
13;7517
55;7518
33;7519
23;7520
20;7524
6;7525
45;7538
166;7539
166;7544
20;7545
5;7548
47;7567
1;7568
30;7570
28;7572
17;7608
18;7613
11;7614
63;7615
107;7616
11;7617
28;7633
17;7634
19;7635
63;7660
29;7664
3;7671
2;7672
7;7682
57;7709
82;7710
15;7711
51;7712
15;7717
2;7724
2;7731
23;7732
11;7738
25;7741
154;7756
11;7757
20;7760
13;7765
16;7767
14;7787
30;7804
78;7805
89;7806
36;7807
62;7808
21;7823
31;7825
192;7827
36;7828
153;7830
5;7832
7;7834
11;7845
32;7901
65;7902
2;7903
22;7904
13;7905
41;7906
7;7907
27;7908
10;7916
11;7917
21;7933
4;7934
30;7937
19;7938
21;7939
18;7940
22;7956
8;7959
16;7960
24;7964
13;7987
37;7997
37;7998
2;7999
34;8001
13;8002
33;8004
4;8009
15;8015
27;8030
29;8032
13;8034
26;8038
11;8049
19;8053
23;8054
16;8058
20;8059
188;8093
71;8094
35;8095
30;8096
13;8107
28;8114
27;8116
4;8117
25;8124
18;8140
7;8141
27;8146
29;8147
4;8149
8;8151
4;8158
32;8167
5;8189
13;8190
239;8191
53;8192
20;8194
20;8198
60;8209
19;8210
9;8225
3;8234
13;8240
2;8247
184;8285
41;8286
229;8287
192;8288
34;8305
13;8306
7;8308
173;8311
15;8318
8;8320
24;8332
11;8333
4;8338
6;8339
25;8340
8;8344
16;8381
599;8382
10;8383
6;8384
12;8401
15;8402
19;8403
20;8404
40;8432
3;8440
16;8443
60;8477
18;8478
83;8479
32;8480
4;8513
15;8533
25;8552
81;8573
42;8574
30;8575
21;8576
32;8578
177;8579
29;8580
31;8606
9;8607
67;8608
24;8609
26;8610
2;8611
3;8626
19;8627
27;8629
15;8630
3;8634
173;8665
14;8667
155;8668
63;8669
19;8670
12;8671
91;8672
3;8675
3;8686
12;8687
32;8689
12;8698
84;8700
5;8701
10;8708
26;8710
6;8722
8;8725
213;8761
101;8762
42;8763
2;8764
8;8770
16;8783
16;8784
2;8795
6;8806
18;8819
62;8857
33;8858
175;8859
46;8860
4;8874
163;8877
22;8878
8;8880
13;8884
11;8888
171;8903
8;8905
3;8906
16;8907
21;8915
67;8953
275;8954
187;8955
176;8956
30;8960
7;8973
24;8974
20;8975
21;8977
7;8996
10;9004
15;9006
34;9049
33;9050
57;9051
12;9052
6;9061
25;9069
172;9076
16;9093
4;9094
5;9096
18;9101
20;9104
11;9108
89;9145
71;9146
22;9147
5;9148
159;9165
24;9167
8;9173
16;9180
16;9181
18;9187
21;9191
6;9197
1;9198
4;9200
30;9215
15;9241
11;9242
60;9243
11;9244
149;9245
62;9246
32;9247
13;9271
29;9274
23;9276
6;9277
19;9294
30;9297
3;9299
31;9300
2;9303
46;9337
10;9338
17;9339
25;9340
348;9341
4;9342
32;9343
166;9349
31;9351
7;9356
10;9369
15;9370
13;9374
32;9375
4;9385
21;9392
10;9393
38;9395
8;9417
4;9433
26;9434
53;9435
36;9436
14;9438
2;9441
13;9447
36;9453
8;9466
5;9472
9;9475
7;9480
18;9483
3;9486
8;9489
17;9517
4;9529
24;9530
89;9531
50;9532
9;9536
24;9549
340;9550
48;9551
169;9554
18;9573
18;9577
17;9612
210;9625
173;9626
18;9627
32;9628
27;9638
34;9641
14;9645
9;9647
162;9654
18;9656
23;9675
31;9676
28;9679
36;9681
12;9683
8;9690
53;9721
19;9722
628;9723
21;9724
7;9725
10;9742
28;9743
18;9744
33;9749
36;9765
151;9767
7;9769
48;9771
37;9778
66;9819
34;9820
14;9823
30;9827
12;9833
1;9836
27;9837
7;9839
293;9840
25;9841
27;9843
35;9861
31;9864
31;9865
25;9867
19;9875
10;9890
12;9891
11;9913
41;9914
29;9915
15;9916
12;9917
61;9918
54;9919
20;9920
546;9936
29;9945
26;9947
5;9948
1;9951
2;9952
27;9957
21;9959
7;9972
1;9973
3;9974
20;9980
13;9983
159;10008
22;10010
24;10012
26;10013
5;10014
31;10015
11;10016
6;10019
12;10041
5;10043
6;10046
20;10048
27;10051
21;10054
8;10062
35;10064
22;10065
4;10075
30;10105
59;10106
10;10107
23;10108
24;10109
12;10124
49;10125
172;10126
163;10127
26;10128
23;10135
13;10138
20;10141
6;10145
42;10150
28;10154
1;10157
29;10161
156;10174
2;10199
44;10201
129;10202
40;10203
37;10204
27;10223
191;10224
166;10226
26;10243
13;10254
12;10258
15;10297
175;10298
62;10299
33;10300
6;10311
19;10315
41;10318
10;10319
154;10324
14;10340
22;10342
560;10349
15;10393
69;10394
181;10395
58;10396
16;10399
38;10415
25;10416
31;10435
18;10441
27;10450
83;10489
14;10490
94;10491
37;10492
30;10494
22;10498
17;10510
11;10516
12;10534
1;10535
10;10538
32;10540
18;10543
12;10567
17;10585
27;10586
12;10587
28;10588
48;10589
200;10590
48;10591
55;10592
3;10597
21;10617
29;10618
26;10621
37;10623
6;10632
26;10636
32;10639
6;10646
5;10648
20;10650
25;10653
18;10681
1;10682
36;10683
7;10684
48;10686
27;10687
12;10688
5;10710
18;10712
38;10713
54;10714
166;10715
2;10717
1;10718
18;10719
22;10739
17;10740
13;10744
51;10777
229;10778
75;10779
237;10780
167;10799
40;10800
10;10816
39;10826
30;10831
1;10832
12;10835
13;10867
72;10873
33;10874
56;10875
35;10876
27;10877
14;10885
5;10894
40;10895
6;10896
149;10920
1;10922
29;10930
11;10931
347;10969
310;10970
217;10971
158;10972
28;10987
26;10989
10;10992
7;11007
8;11015
41;11065
15;11066
27;11067
84;11068
10;11069
145;11070
24;11083
28;11086
3;11093
14;11111
33;11112
28;11119
18;11121
19;11122
18;11123
14;11124
1;11161
115;11162
15;11163
57;11164
6;11168
42;11201
23;11209
25;11217
20;11235
31;11256
7;11257
204;11259
32;11260
2;11261
2;11264
33;11290
164;11291
155;11292
21;11293
8;11294
177;11295
18;11296
1;11302
18;11308
21;11313
5;11316
32;11320
13;11331
31;11353
19;11354
21;11355
78;11357
9;11359
35;11360
3;11362
13;11385
30;11386
37;11387
6;11388
35;11390
20;11391
28;11403
572;11408
6;11410
9;11425
69;11449
23;11450
34;11451
32;11452
26;11465
9;11469
54;11472
25;11487
65;11545
31;11546
42;11547
6;11548
7;11566
5;11568
5;11569
40;11594
16;11595
17;11618
87;11641
17;11642
73;11643
59;11644
13;11651
59;11661
2;11663
11;11685
19;11695
14;11716
271;11737
47;11738
40;11739
96;11740
183;11756
159;11759
13;11760
17;11782
9;11785
6;11786
32;11790
44;11791
62;11833
36;11835
38;11836
28;11847
5;11851
176;11855
16;11867
31;11869
26;11879
5;11891
546;11892
6;11923
166;11929
12;11930
26;11931
20;11932
16;11933
186;11934
15;11935
18;11936
5;11956
32;11962
13;11965
171;11966
45;11967
1;11975
3;11979
39;11981
13;11983
25;11985
2;11987
36;11989
14;12010
19;12025
163;12026
39;12027
46;12028
32;12029
45;12031
4;12032
15;12062
5;12073
22;12077
33;12079
15;12080
22;12081
25;12082
1;12085
11;12100
11;12107
68;12121
53;12122
31;12123
69;12124
3;12127
15;12134
5;12141
7;12142
8;12143
42;12144
8;12145
5;12152
23;12166
32;12170
22;12174
28;12177
9;12179
8;12191
32;12218
72;12219
85;12220
8;12222
14;12229
34;12237
27;12238
14;12239
23;12240
25;12262
33;12266
25;12270
7;12275
62;12313
61;12314
40;12316
2;12333
9;12334
5;12335
28;12336
3;12344
20;12349
2;12352
4;12357
3;12366
18;12367
29;12371
24;12409
8;12410
174;12411
21;12412
38;12415
3;12420
9;12429
2;12430
57;12432
15;12441
14;12454
24;12459
5;12462
2;12473
7;12500
21;12505
23;12506
176;12507
36;12508
20;12520
25;12525
6;12527
2;12537
8;12551
38;12552
28;12556
24;12561
3;12562
47;12601
38;12602
18;12604
35;12606
17;12607
59;12608
26;12632
185;12635
30;12636
7;12640
12;12646
33;12657
24;12662
4;12676
11;12697
29;12698
58;12701
20;12702
388;12703
33;12704
17;12705
11;12706
7;12709
12;12712
18;12720
2;12729
24;12730
1;12731
31;12732
9;12734
37;12749
86;12752
3;12754
17;12757
7;12758
71;12793
46;12794
212;12795
81;12796
21;12798
18;12801
149;12803
20;12813
5;12814
37;12815
21;12825
27;12826
20;12838
124;12845
5;12852
9;12880
13;12889
200;12890
9;12891
7;12892
28;12908
46;12909
24;12911
29;12917
12;12942
7;12943
69;12985
31;12986
10;12987
54;12988
4;12996
1;13005
1;13008
1;13019
20;13027
48;13030
13;13031
20;13042
24;13059
30;13081
239;13082
78;13083
22;13084
29;13094
3;13100
17;13102
172;13103
20;13104
3;13112
6;13115
29;13126
1;13127
35;13130
15;13132
4;13134
151;13139
2;13140
67;13177
36;13178
64;13179
35;13180
14;13188
27;13189
30;13197
26;13200
13;13205
4;13223
17;13227
22;13229
9;13230
167;13233
5;13234
21;13252
185;13273
565;13274
18;13275
26;13278
5;13279
166;13288
22;13303
41;13306
25;13307
18;13308
19;13310
19;13312
21;13323
20;13327
5;13332
8;13335
14;13337
24;13369
153;13371
24;13373
29;13375
175;13376
22;13396
6;13398
573;13403
18;13404
25;13405
9;13406
10;13407
21;13408
17;13421
4;13423
20;13425
20;13427
12;13428
3;13429
30;13431
13;13465
58;13467
31;13468
15;13469
152;13491
8;13498
6;13502
159;13509
21;13511
10;13512
28;13514
4;13516
50;13520
4;13561
78;13562
18;13563
35;13564
3;13574
1;13581
10;13583
45;13584
9;13589
29;13611
14;13620
153;13657
30;13658
88;13659
96;13660
23;13678
1;13679
166;13680
12;13697
156;13698
25;13700
19;13701
2;13702
18;13703
4;13711
6;13713
36;13753
8;13754
207;13755
48;13756
21;13774
169;13785
19;13805
64;13849
13;13850
169;13851
20;13852
164;13869
17;13870
43;13872
22;13886
6;13911
21;13945
38;13946
53;13947
15;13948
9;13949
228;13950
65;13952
17;13957
3;13979
12;13982
44;13984
23;13985
15;14000
4;14001
24;14005
23;14041
16;14042
37;14044
166;14045
45;14046
388;14047
26;14048
9;14057
34;14062
5;14077
199;14080
4;14084
40;14093
29;14094
2;14101
11;14137
41;14138
28;14139
249;14140
168;14141
29;14157
23;14158
36;14159
28;14166
13;14168
3;14185
14;14187
2;14190
28;14193
157;14194
79;14233
36;14234
64;14235
40;14236
17;14254
12;14255
33;14256
7;14273
37;14281
13;14286
157;14287
11;14288
11;14290
20;14291
8;14306
1;14329
33;14331
92;14332
3;14339
29;14350
7;14351
39;14352
8;14373
15;14375
5;14378
187;14383
17;14388
6;14418
46;14425
44;14426
21;14427
71;14428
167;14434
1;14445
1;14446
2;14458
16;14469
23;14474
24;14484
9;14513
191;14521
228;14522
16;14524
20;14539
5;14541
41;14542
5;14544
14;14566
1;14573
7;14574
2;14580
24;14602
195;14618
5;14619
14;14621
175;14622
40;14623
145;14624
15;14627
1;14649
171;14650
40;14669
1;14674
9;14677
5;14680
23;14713
554;14714
23;14717
7;14718
17;14719
15;14720
6;14729
566;14739
12;14745
27;14746
3;14748
12;14750
12;14752
11;14765
19;14770
6;14771
11;14776
16;14809
73;14810
34;14811
30;14815
4;14820
8;14829
4;14831
159;14832
22;14847
3;14852
170;14856
26;14861
29;14864
54;14905
29;14906
215;14907
38;14908
38;14913
13;14915
19;14921
173;14926
19;14928
13;14946
37;14950
10;14957
8;14958
9;15001
62;15002
8;15003
68;15004
562;15020
10;15021
5;15022
67;15023
36;15024
17;15037
2;15041
2;15056
1;15058
25;15059
63;15097
22;15098
52;15099
8;15100
11;15117
1;15118
18;15119
15;15120
11;15122
19;15128
11;15142
22;15147
16;15149
4;15152
33;15193
588;15194
30;15195
32;15196
28;15207
40;15211
14;15213
30;15215
29;15220
22;15223
6;15233
150;15239
15;15241
16;15252
9;15265
30;15288
62;15289
9;15292
43;15294
10;15296
22;15321
5;15323
171;15324
19;15326
1;15329
19;15339
1;15341
154;15344
145;15368
10;15383
41;15385
18;15387
40;15388
34;15389
12;15391
187;15392
2;15400
7;15417
14;15418
3;15419
18;15420
6;15423
37;15424
25;15441
8;15442
31;15444
9;15445
60;15446
54;15481
20;15482
84;15483
51;15484
14;15494
6;15501
13;15503
28;15518
35;15522
5;15527
13;15528
6;15577
13;15578
12;15579
15;15580
12;15598
14;15599
15;15603
8;15633
58;15673
11;15676
30;15686
2;15691
38;15693
4;15695
8;15698
6;15702
6;15717
1;15718
19;15719
156;15721
17;15724
9;15729
11;15732
222;15769
20;15771
4;15773
14;15779
21;15784
25;15790
55;15791
28;15807
17;15808
159;15816
8;15817
63;15823
7;15824
20;15825
1;15828
70;15865
14;15866
25;15867
31;15868
1;15885
27;15886
154;15888
22;15911
9;15914
5;15916
155;15921
30;15942
3;15948
26;15961
19;15962
2;15964
12;15966
2;15967
151;15972
168;15993
24;15994
29;15998
167;15999
9;16005
3;16007
30;16019
19;16023
25;16053
24;16058
57;16059
26;16060
29;16061
8;16063
10;16064
10;16090
10;16091
17;16111
162;16113
35;16153
17;16154
49;16155
11;16156
20;16165
36;16173
8;16175
550;16176
17;16187
14;16197
20;16203
3;16208
10;16209
20;16250
27;16262
208;16271
40;16272
14;16289
15;16296
16;16297
2;16303
30;16305
8;16306
36;16307
50;16345
14;16346
12;16347
6;16348
38;16354
27;16360
36;16367
169;16368
26;16400
31;16404
3;16419
46;16441
150;16442
198;16443
74;16444
7;16447
10;16455
19;16461
22;16462
18;16464
4;16486
7;16488
16;16489
3;16494
46;16537
36;16538
63;16539
39;16540
13;16544
557;16557
9;16558
25;16559
1;16560
3;16571
16;16584
17;16587
19;16596
6;16601
14;16604
18;16633
22;16634
31;16635
23;16636
166;16637
23;16638
21;16639
51;16640
33;16659
9;16665
9;16667
189;16668
3;16670
9;16694
8;16729
176;16731
10;16732
205;16733
7;16734
60;16735
48;16736
35;16740
7;16744
24;16762
28;16763
14;16766
16;16779
18;16788
27;16825
81;16826
81;16827
35;16828
8;16845
7;16848
19;16854
13;16857
31;16864
7;16872
162;16876
27;16877
28;16878
7;16880
15;16881
105;16921
1;16922
26;16923
41;16924
3;16937
40;16941
16;16942
8;16943
27;16951
2;16955
19;16959
8;16969
24;16971
15;16974
19;16975
36;17017
26;17018
40;17019
75;17020
17;17028
9;17034
2;17037
183;17038
7;17040
13;17041
27;17063
147;17070
33;17075
112;17114
20;17115
336;17116
565;17133
51;17135
28;17149
23;17150
18;17155
15;17157
36;17164
25;17165
52;17166
2;17167
16;17169
25;17176
35;17209
89;17210
16;17211
85;17212
10;17220
8;17229
57;17230
36;17231
2;17236
10;17249
5;17260
22;17268
30;17289
60;17305
30;17307
4;17308
201;17309
36;17310
188;17311
30;17312
11;17332
8;17337
6;17338
36;17341
33;17342
5;17343
1;17347
1;17353
162;17358
22;17362
4;17363
32;17365
13;17385
1;17388
13;17395
90;17402
221;17403
27;17404
21;17407
21;17408
21;17440
6;17452
15;17454
18;17457
29;17458
7;17463
44;17497
103;17498
97;17499
18;17500
30;17517
39;17519
18;17556
87;17593
46;17594
24;17595
18;17596
5;17619
560;17635
26;17637
2;17641
8;17645
5;17646
27;17648
14;17649
14;17652
170;17689
9;17690
29;17691
20;17692
18;17709
77;17710
1;17711
20;17713
29;17718
22;17733
20;17740
28;17748
33;17785
74;17786
239;17787
294;17788
9;17805
5;17806
2;17807
4;17830
25;17832
46;17835
8;17836
5;17881
69;17882
78;17883
6;17884
45;17901
37;17906
7;17929
50;17930
11;17931
150;17935
16;17977
3;17978
176;17980
47;17981
8;17982
17;17983
39;17984
17;18004
36;18010
160;18015
38;18016
22;18018
34;18029
1;18036
9;18038
31;18054
23;18055
35;18062
5;18063
8;18073
30;18074
23;18075
53;18076
15;18077
167;18078
11;18096
24;18103
13;18107
1;18108
158;18109
1;18111
3;18117
1;18118
11;18123
28;18125
9;18128
158;18134
6;18136
162;18169
45;18170
44;18171
14;18172
15;18189
57;18190
11;18191
157;18192
11;18200
11;18213
20;18225
13;18265
24;18266
15;18267
6;18268
25;18285
6;18286
62;18287
23;18288
28;18309
28;18311
28;18312
16;18314
26;18318
10;18322
13;18323
6;18361
69;18362
24;18363
26;18364
30;18366
21;18376
154;18378
20;18381
13;18383
20;18384
25;18390
17;18407
30;18414
3;18419
160;18447
42;18457
22;18458
54;18459
70;18460
7;18465
19;18477
10;18478
3;18479
3;18509
16;18511
1;18512
17;18554
7;18555
64;18556
164;18582
10;18585
31;18599
171;18603
13;18608
1;18612
28;18618
24;18649
25;18650
18;18652
6;18653
11;18654
17;18671
10;18678
27;18686
164;18688
7;18702
24;18745
23;18746
30;18749
11;18750
220;18751
64;18752
165;18775
17;18777
35;18779
16;18781
3;18782
7;18783
9;18784
17;18797
7;18798
18;18804
21;18807
41;18841
34;18842
33;18843
10;18844
24;18863
24;18864
147;18880
12;18886
35;18891
24;18892
24;18895
8;18898
189;18937
3;18939
246;18940
28;18949
10;18957
11;18959
23;18960
27;18974
8;18986
4;18989
35;18990
23;18994
29;19034
57;19035
206;19036
30;19037
14;19050
21;19057
5;19058
2;19059
9;19068
25;19084
2;19086
45;19090
4;19092
11;19129
26;19130
27;19131
6;19132
1;19141
156;19149
3;19151
37;19152
155;19175
12;19177
7;19225
11;19226
218;19227
83;19228
1;19231
4;19240
33;19245
33;19246
17;19247
26;19272
154;19275
73;19277
28;19280
19;19282
5;19283
20;19284
559;19294
7;19315
353;19322
9;19323
176;19324
24;19325
180;19327
54;19328
6;19353
28;19360
11;19373
3;19375
7;19378
22;19383
224;19417
59;19418
60;19419
2;19420
41;19421
19;19422
47;19423
22;19424
30;19449
15;19451
12;19455
45;19456
1;19486
28;19494
24;19511
51;19513
39;19514
101;19515
44;19516
14;19528
13;19531
33;19541
12;19552
22;19560
31;19565
33;19566
164;19569
29;19571
83;19610
18;19611
19;19612
33;19629
1;19630
35;19632
15;19653
31;19655
33;19658
12;19662
22;19665
23;19671
11;19705
102;19706
558;19707
97;19708
8;19726
13;19727
62;19728
11;19733
67;19753
168;19763
7;19764
24;19801
43;19802
40;19803
198;19804
30;19806
10;19818
16;19821
60;19824
2;19846
35;19897
58;19898
210;19899
114;19900
31;19901
3;19905
9;19917
57;19919
22;19944
12;19953
15;19954
13;19993
21;19994
174;19995
25;19997
207;19998
39;19999
34;20000
32;20006
25;20025
13;20028
161;20030
25;20048
22;20052
2;20055
165;20089
6;20090
552;20091
20;20094
28;20095
19;20096
16;20097
3;20109
35;20114
18;20122
21;20123
2;20124
159;20127
5;20128
8;20141
27;20142
17;20145
9;20150
172;20151
214;20185
4;20186
49;20187
96;20188
33;20206
35;20216
4;20226
170;20230
5;20236
12;20238
10;20240
8;20243
162;20264
1;20281
21;20282
60;20284
4;20298
25;20301
9;20323
13;20324
39;20334
27;20373
28;20377
85;20378
52;20379
91;20380
11;20382
32;20396
27;20397
165;20398
7;20400
39;20417
29;20418
6;20421
3;20427
5;20435
10;20452
5;20473
20;20474
35;20476
7;20493
18;20495
162;20517
13;20520
33;20521
30;20523
9;20524
283;20570
29;20571
173;20572
21;20589
15;20590
8;20597
31;20617
6;20624
11;20664
4;20666
53;20667
11;20668
4;20669
24;20670
158;20671
35;20672
17;20673
23;20690
20;20693
18;20696
10;20697
36;20699
18;20701
31;20703
11;20704
2;20711
8;20738
6;20761
1;20762
167;20763
29;20764
19;20766
44;20767
22;20768
24;20772
4;20780
63;20793
10;20795
35;20797
561;20799
7;20814
26;20820
22;20821
2;20822
11;20823
13;20858
39;20859
35;20877
18;20879
165;20880
3;20916
30;20953
48;20954
32;20955
27;20956
16;20974
11;20975
6;20981
25;20998
163;20999
24;21010
23;21011
50;21049
39;21050
56;21051
58;21052
13;21056
14;21064
17;21069
11;21070
23;21071
64;21072
17;21091
9;21093
2;21101
168;21106
13;21107
29;21108
20;21141
11;21145
19;21146
9;21147
3;21148
8;21152
172;21165
5;21187
51;21241
79;21242
7;21243
37;21244
28;21251
5;21261
23;21262
14;21263
40;21286
11;21288
26;21293
12;21297
32;21339
5;21340
562;21341
17;21342
157;21343
17;21344
36;21363
12;21370
3;21371
8;21376
601;21377
18;21390
30;21391
4;21396
11;21423
36;21431
35;21433
22;21434
26;21435
9;21437
158;21438
36;21439
21;21442
5;21450
29;21460
39;21465
18;21468
37;21481
39;21485
11;21486
15;21490
11;21492
19;21494
21;21496
166;21505
15;21516
8;21529
390;21530
58;21531
75;21532
22;21549
11;21550
68;21552
19;21570
1;21583
22;21588
29;21625
58;21626
184;21627
18;21628
3;21633
29;21642
15;21645
23;21646
39;21647
1;21658
3;21670
11;21672
6;21676
73;21721
21;21722
229;21723
85;21724
178;21741
25;21743
26;21744
23;21767
25;21770
2;21771
2;21775
20;21779
166;21780
14;21803
78;21817
46;21818
77;21819
8;21820
9;21827
1;21855
22;21860
20;21861
8;21865
14;21867
44;21869
54;21913
2;21914
15;21915
49;21916
4;21958
9;21962
18;22009
165;22010
10;22011
51;22012
5;22013
51;22014
18;22015
6;22016
12;22030
20;22034
11;22042
179;22043
21;22044
1;22045
7;22047
28;22048
30;22063
1;22066
16;22067
25;22070
9;22071
35;22105
25;22107
3;22108
31;22109
48;22111
34;22140
28;22141
1;22143
20;22157
54;22158
2;22160
15;22162
2;22164
2;22167
11;22202
35;22203
37;22204
159;22222
34;22223
25;22231
19;22240
17;22246
28;22257
33;22258
17;22260
10;22268
48;22297
195;22298
34;22299
47;22300
8;22309
19;22317
12;22353
4;22393
174;22394
55;22395
182;22396
3;22398
6;22406
31;22413
16;22414
7;22415
15;22416
160;22431
11;22437
30;22440
43;22477
16;22479
29;22489
22;22490
1;22491
42;22492
24;22497
27;22499
53;22512
11;22534
170;22538
12;22543
6;22585
12;22586
39;22587
37;22588
1;22605
20;22607
30;22608
3;22621
1;22629
13;22642
9;22655
168;22680
24;22682
27;22683
10;22686
28;22687
12;22688
18;22696
24;22714
4;22715
16;22716
4;22717
65;22720
14;22731
21;22739
9;22741
16;22777
30;22778
20;22779
18;22782
28;22810
57;22811
193;22812
35;22813
158;22814
14;22815
4;22826
21;22832
17;22837
1;22843
46;22875
256;22876
26;22888
1;22890
34;22893
12;22895
18;22896
15;22907
19;22919
33;22925
26;22929
44;22930
10;22969
1;22970
6;22971
41;22972
2;22989
25;22990
9;22992
12;22998
7;23010
6;23014
3;23015
13;23019
4;23024
160;23026
64;23065
5;23066
192;23067
226;23068
2;23079
14;23086
17;23088
23;23123
36;23161
199;23162
23;23164
36;23166
4;23181
11;23182
56;23184
3;23188
165;23207
47;23210
21;23217
2;23219
20;23257
6;23258
82;23259
30;23260
20;23263
5;23266
7;23267
10;23273
36;23277
17;23278
18;23280
21;23300
23;23306
162;23308
14;23309
28;23312
69;23353
19;23354
15;23356
32;23357
6;23358
47;23359
45;23360
5;23366
6;23376
40;23384
159;23386
41;23387
161;23388
20;23390
2;23391
4;23392
40;23399
31;23408
9;23411
11;23414
10;23415
5;23443
39;23449
14;23450
78;23452
153;23453
30;23454
52;23456
15;23461
8;23464
163;23471
3;23479
153;23481
3;23483
160;23487
7;23488
2;23508
10;23509
13;23512
38;23545
25;23546
18;23547
83;23548
12;23549
5;23556
67;23565
15;23566
63;23567
40;23568
17;23592
169;23593
2;23603
33;23604
8;23641
190;23642
13;23643
52;23644
4;23651
19;23662
19;23663
27;23665
4;23689
6;23711
50;23737
10;23738
160;23740
1;23747
4;23756
189;23757
85;23758
20;23770
7;23772
30;23780
33;23783
3;23786
40;23787
17;23793
19;23796
8;23833
11;23834
37;23835
36;23836
15;23854
35;23855
22;23881
29;23929
220;23930
75;23931
33;23932
26;23950
2;23951
15;23962
36;23973
27;23975
17;23979
20;24027
1;24028
19;24029
16;24030
216;24031
1;24044
3;24046
1;24047
20;24051
20;24056
4;24057
12;24058
10;24061
163;24063
27;24064
34;24068
5;24077
30;24078
13;24083
3;24086
33;24121
2;24122
233;24123
203;24124
17;24127
17;24133
7;24153
28;24155
170;24157
167;24158
31;24160
8;24174
154;24178
13;24179
16;24181
15;24182
171;24184
19;24217
186;24218
41;24219
163;24220
17;24234
32;24237
152;24240
7;24241
29;24264
209;24313
9;24315
26;24316
153;24320
1;24328
45;24333
12;24334
25;24336
1;24351
27;24359
5;24367
29;24368
8;24409
41;24410
51;24411
8;24412
178;24429
20;24436
78;24505
58;24506
18;24507
29;24508
7;24522
13;24535
175;24540
26;24543
8;24546
34;24553
32;24559
1;24560
35;24563
30;24601
35;24602
32;24603
9;24604
5;24607
15;24615
161;24622
12;24623
37;24624
29;24649
24;24653
7;24657
2;24659
6;24694
3;24697
8;24699
575;24700
38;24701
17;24702
52;24703
37;24708
161;24719
17;24728
29;24729
36;24730
3;24732
154;24734
40;24742
8;24750
4;24753
11;24755
8;24780
37;24793
5;24794
68;24795
44;24796
27;24797
34;24798
38;24800
28;24818
7;24827
14;24828
29;24829
30;24830
8;24832
6;24848
25;24851
82;24889
45;24890
166;24891
32;24892
9;24901
16;24909
20;24911
160;24915
11;24938
4;24941
40;24942
4;24943
168;24944
17;24945
32;24955
49;24985
34;24986
163;24987
24;24988
26;25003
20;25006
13;25016
10;25027
35;25081
176;25082
47;25083
232;25084
63;25102
23;25111
24;25115
20;25128
7;25130
33;25135
37;25177
22;25178
43;25179
225;25180
2;25195
23;25198
1;25199
17;25204
8;25212
27;25230
26;25232
14;25236
20;25261
25;25274
32;25276
6;25279
26;25282
25;25285
36;25289
2;25295
8;25296
8;25299
7;25311
8;25321
7;25325
7;25329
10;25364
6;25369
11;25370
188;25371
15;25373
68;25374
64;25375
24;25376
28;25378
160;25402
4;25405
49;25406
25;25415
24;25425
17;25426
15;25427
2;25465
36;25466
38;25467
57;25469
28;25470
53;25471
17;25472
20;25483
24;25486
46;25497
36;25498
25;25499
22;25502
34;25513
12;25521
6;25522
10;25524
25;25527
29;25561
92;25562
4;25563
349;25564
19;25566
38;25581
11;25583
2;25608
25;25611
3;25613
51;25657
39;25658
41;25659
205;25660
26;25679
28;25689
27;25708
172;25710
3;25712
30;25731
54;25753
39;25754
28;25755
18;25756
13;25773
17;25775
154;25776
2;25778
1;25788
4;25794
25;25797
33;25800
19;25801
6;25803
28;25807
44;25810
226;25849
385;25850
35;25851
35;25852
27;25857
165;25858
11;25870
54;25871
15;25872
27;25894
25;25895
15;25901
159;25904
54;25905
23;25937
51;25945
75;25946
36;25947
26;25948
14;25951
238;25966
15;25967
21;25968
21;25993
4;25998
20;26001
182;26041
54;26042
24;26043
167;26044
52;26045
11;26046
11;26048
17;26065
40;26073
26;26074
20;26075
26;26079
159;26092
20;26096
19;26097
11;26137
61;26138
15;26139
30;26140
12;26141
22;26142
13;26143
64;26144
156;26168
11;26169
1;26170
13;26173
15;26174
22;26176
21;26180
1;26194
162;26195
6;26198
31;26201
33;26233
47;26234
25;26235
16;26236
5;26242
3;26249
8;26255
732;26256
19;26284
16;26286
58;26288
32;26289
22;26291
50;26329
12;26330
9;26331
24;26332
29;26350
12;26352
178;26374
38;26375
29;26376
35;26378
24;26379
61;26384
15;26388
31;26427
60;26428
13;26445
11;26448
25;26470
161;26476
46;26477
15;26478
9;26483
156;26484
142;26521
9;26522
72;26523
58;26524
15;26543
23;26549
6;26569
45;26571
13;26578
22;26593
380;26617
32;26618
223;26619
82;26620
23;26628
63;26637
48;26639
7;26640
11;26649
8;26656
158;26658
34;26664
12;26665
8;26666
8;26671
10;26673
34;26713
9;26715
11;26716
16;26717
11;26718
36;26719
22;26721
4;26728
12;26733
12;26743
1;26745
45;26746
38;26749
26;26750
4;26751
16;26752
5;26765
12;26767
50;26769
157;26772
162;26789
75;26809
45;26811
615;26812
50;26813
31;26814
19;26815
21;26816
9;26817
146;26820
20;26821
31;26842
57;26845
32;26846
23;26847
8;26848
20;26854
16;26863
40;26868
14;26870
1;26905
321;26906
38;26907
46;26908
8;26921
157;26927
44;26928
146;26940
31;26948
17;26954
167;26958
16;26959
27;27001
31;27002
51;27003
44;27004
14;27018
1;27023
2;27024
16;27049
20;27052
183;27056
16;27058
113;27097
25;27098
34;27099
79;27100
14;27117
577;27118
19;27144
56;27151
2;27179
37;27193
149;27194
12;27195
81;27196
27;27201
154;27213
3;27214
28;27215
13;27252
29;27289
75;27290
22;27291
155;27292
6;27306
32;27309
22;27311
1;27312
1;27334
12;27336
149;27343
38;27345
163;27348
41;27385
4;27386
23;27387
22;27389
22;27390
21;27391
27;27392
40;27398
2;27401
34;27408
17;27417
35;27418
11;27420
7;27422
2;27424
6;27427
10;27439
25;27476
48;27482
31;27483
43;27484
47;27485
13;27486
11;27487
12;27493
34;27494
167;27501
27;27502
7;27514
4;27515
35;27516
4;27518
5;27520
25;27529
36;27533
9;27538
3;27544
27;27577
108;27578
78;27580
39;27597
28;27599
24;27602
25;27624
17;27673
51;27674
187;27675
168;27676
64;27693
21;27696
10;27718
35;27721
5;27725
168;27727
8;27769
230;27770
333;27771
21;27772
19;27789
19;27790
9;27791
13;27797
9;27821
12;27834
11;27865
52;27866
65;27867
45;27885
28;27886
14;27887
7;27888
3;27896
15;27909
10;27927
6;27939
32;27962
25;27963
82;27964
1;27974
39;27981
5;27983
11;27986
13;27988
11;27998
23;28006
4;28008
27;28013
6;28057
165;28059
30;28060
5;28061
208;28063
10;28064
16;28087
22;28089
44;28090
3;28091
25;28102
3;28111
8;28117
149;28124
157;28149
50;28153
29;28155
70;28157
155;28158
30;28159
24;28160
41;28186
7;28188
58;28191
28;28206
166;28210
19;28213
35;28231
6;28249
62;28250
57;28251
35;28252
6;28260
34;28265
27;28269
14;28271
323;28272
9;28293
13;28303
11;28305
15;28306
1;28323
23;28345
30;28346
103;28347
87;28348
23;28365
2;28367
28;28393
171;28401
44;28441
34;28442
21;28443
209;28444
14;28461
32;28462
161;28463
34;28464
24;28474
25;28490
16;28491
13;28492
7;28498
2;28505
191;28537
181;28538
28;28539
33;28540
203;28557
155;28559
8;28565
14;28568
16;28569
9;28581
8;28596
23;28607
152;28633
11;28634
9;28635
27;28636
176;28677
49;28684
8;28707
5;28721
161;28729
24;28730
12;28731
187;28732
32;28733
5;28734
18;28735
8;28736
14;28747
9;28756
4;28761
21;28762
25;28763
9;28764
44;28766
15;28767
1;28768
20;28773
30;28784
8;28786
5;28825
24;28827
6;28828
35;28829
44;28830
6;28831
28;28832
11;28838
12;28847
28;28848
8;28850
1;28857
9;28858
559;28859
14;28863
22;28876
15;28880
7;28881
10;28884
2;28921
42;28922
171;28923
62;28924
10;28942
33;28943
13;28944
170;28968
22;28969
6;28973
12;28974
161;28980
8;28990
38;28992
19;29016
60;29017
44;29018
556;29019
77;29020
28;29021
34;29042
158;29065
10;29071
14;29074
10;29113
170;29114
19;29115
23;29116
4;29127
44;29133
12;29134
6;29154
12;29157
189;29163
9;29168
9;29170
31;29214
164;29215
2;29218
12;29228
58;29233
1;29234
31;29236
22;29240
19;29258
24;29259
2;29260
26;29263
3;29264
25;29296
19;29300
93;29309
6;29310
196;29311
39;29312
10;29318
1;29323
27;29328
7;29329
35;29330
6;29332
4;29345
21;29346
2;29347
67;29355
64;29357
3;29358
9;29361
3;29375
15;29405
47;29406
166;29407
7;29408
20;29409
187;29410
23;29411
63;29412
37;29438
36;29439
4;29440
8;29441
23;29443
24;29444
9;29447
28;29454
7;29457
2;29459
3;29463
13;29466
22;29484
26;29501
8;29503
65;29504
11;29505
10;29506
4;29507
57;29508
13;29535
41;29536
11;29539
18;29540
1;29547
55;29549
6;29554
34;29562
5;29564
31;29591
18;29597
47;29598
152;29599
195;29600
7;29601
5;29612
25;29618
580;29619
158;29630
16;29634
10;29637
19;29654
19;29657
164;29693
18;29694
24;29695
29;29696
17;29713
2;29714
21;29715
160;29716
32;29733
18;29738
8;29741
27;29742
4;29745
16;29748
1;29749
7;29789
682;29790
76;29791
109;29792
11;29802
26;29810
24;29812
19;29836
25;29848
2;29858
63;29885
22;29886
216;29887
49;29888
16;29898
20;29905
30;29906
16;29907
182;29908
156;29915
8;29924
20;29928
13;29929
9;29931
16;29933
5;29981
61;29982
75;29983
231;29984
12;29998
45;30002
29;30003
22;30004
14;30007
7;30020
25;30025
14;30026
19;30029
26;30040
22;30069
36;30077
46;30079
130;30080
74;30081
34;30082
13;30083
45;30084
23;30090
10;30110
10;30111
7;30112
24;30114
8;30115
25;30116
27;30129
35;30131
23;30174
2;30175
8;30176
20;30177
20;30178
53;30179
9;30180
169;30190
25;30192
25;30198
32;30200
161;30205
1;30210
161;30211
6;30216
163;30218
28;30226
15;30228
7;30236
165;30258
24;30269
52;30270
108;30271
81;30272
11;30275
7;30280
9;30283
157;30290
9;30291
32;30298
12;30299
5;30306
28;30315
11;30317
34;30321
29;30324
40;30327
71;30365
19;30366
79;30367
28;30368
20;30385
175;30387
184;30414
10;30415
7;30445
12;30461
31;30462
53;30463
42;30464
29;30470
9;30482
20;30483
16;30484
152;30485
6;30488
31;30509
39;30512
27;30557
58;30558
181;30559
11;30576
35;30577
24;30578
8;30599
4;30605
16;30609
3;30611
8;30615
21;30653
37;30654
36;30655
22;30656
4;30663
4;30673
172;30674
11;30675
18;30676
7;30698
10;30699
9;30749
66;30750
21;30751
35;30752
160;30754
18;30755
38;30756
23;30763
1;30777
91;30783
21;30784
156;30788
31;30789
29;30809
39;30810
29;30817
19;30820
16;30822
7;30837
3;30843
17;30845
4;30846
25;30847
17;30848
13;30849
164;30851
3;30852
2;30859
8;30877
8;30879
31;30882
27;30883
16;30893
14;30900
36;30901
22;30902
8;30905
162;30914
38;30941
177;30942
13;30943
61;30944
35;30952
15;30958
23;30963
34;30964
170;30989
17;30991
8;30993
7;31025
24;31038
154;31039
367;31040
3;31059
183;31071
24;31089
160;31093
26;31099
194;31133
37;31134
119;31135
185;31136
18;31146
4;31148
47;31153
20;31154
18;31155
18;31156
10;31175
3;31187
22;31194
5;31210
187;31229
159;31230
8;31232
25;31245
35;31249
6;31251
11;31252
24;31273
22;31280
6;31282
157;31286
5;31322
88;31325
23;31326
45;31327
21;31328
88;31345
7;31350
14;31351
17;31356
20;31372
5;31374
5;31378
20;31403
143;31421
31;31422
20;31423
6;31424
15;31427
27;31428
31;31456
16;31457
19;31460
20;31463
8;31482
20;31501
182;31517
8;31519
61;31520
12;31521
37;31522
2;31536
10;31537
2;31544
26;31550
10;31554
185;31556
17;31572
5;31573
12;31574
23;31577
30;31578
179;31613
66;31615
37;31616
36;31633
14;31634
5;31635
32;31636
11;31670
90;31710
51;31711
15;31712
158;31729
7;31730
20;31732
28;31764
18;31767
152;31768
13;31790
32;31805
37;31806
8;31807
48;31808
32;31818
31;31821
11;31825
184;31827
45;31828
597;31860
36;31863
10;31875
61;31901
29;31902
48;31903
543;31904
22;31922
20;31923
26;31924
39;31928
9;31932
560;31945
6;31947
12;31955
23;31997
49;31998
195;31999
66;32000
4;32006
148;32020
11;32046
25;32049
37;32054
17;32074
6;32093
27;32094
589;32095
178;32096
17;32097
28;32099
52;32100
10;32105
3;32120
155;32126
54;32127
12;32129
10;32130
183;32131
16;32132
147;32138
7;32145
3;32148
4;32151
7;32154
33;32189
18;32190
48;32191
72;32192
6;32193
16;32195
147;32196
2;32213
35;32222
144;32224
12;32225
23;32226
42;32227
27;32234
9;32247
4;32248
89;32285
191;32286
28;32287
48;32288
16;32302
24;32305
7;32307
6;32308
1;32324
9;32331
36;32334
19;32336
32;32337
19;32344
6;32353
19;32375
47;32381
105;32382
16;32383
694;32384
8;32390
9;32398
1;32400
9;32401
4;32402
20;32414
20;32428
29;32429
32;32438
7;32447
39;32478
31;32479
30;32480
16;32494
33;32497
26;32499
23;32500
9;32512
30;32525
149;32530
26;32531
22;32535
29;32573
769;32574
22;32577
10;32584
12;32586
24;32593
3;32594
5;32595
10;32602
20;32605
38;32606
163;32618
2;32621
70;32669
43;32670
57;32671
34;32672
32;32678
25;32685
20;32688
2;32689
10;32690
56;32692
17;32716
170;32718
29;32723
4;32724
22;32727
15;32738
148;32754
27;32757
54;32767
3;32768
40;32770
155;32771
19;32772
152;32775
10;32799
9;32801
6;32804
1;32808
1;32818
15;32823
32;32825
10;32826
27;32827
182;32828
2;32840
16;32842
13;32857
157;32861
140;32862
74;32863
231;32864
4;32866
30;32867
28;32868
24;32869
151;32883
33;32894
31;32895
15;32899
12;32909
14;32915
46;32957
34;32958
65;32959
11;32960
29;32966
19;32967
28;32977
56;32978
36;32979
2;32985
30;32988
14;33004
2;33005
41;33009
2;33010
30;33012
23;33013
77;33053
56;33054
30;33055
23;33056
8;33073
25;33074
33;33075
15;33076
32;33080
25;33084
51;33103
18;33108
20;33110
52;33149
31;33150
36;33151
31;33154
20;33167
41;33170
47;33171
9;33172
10;33193
3;33194
19;33201
11;33235
3;33245
12;33246
60;33247
185;33248
1;33253
13;33266
39;33267
11;33272
3;33275
29;33280
19;33297
8;33304
64;33341
42;33342
30;33343
38;33344
10;33351
9;33363
151;33364
18;33379
8;33380
8;33385
19;33389
12;33437
82;33438
40;33439
39;33440
30;33441
76;33442
13;33443
2;33444
11;33445
1;33457
8;33469
11;33470
168;33471
9;33476
2;33485
9;33493
6;33499
12;33500
6;33507
16;33530
46;33533
170;33536
18;33537
67;33538
360;33539
1;33540
7;33541
29;33551
18;33552
15;33553
157;33559
18;33566
27;33567
66;33570
34;33571
1;33576
31;33585
32;33588
48;33591
3;33593
16;33595
12;33601
20;33608
199;33629
32;33630
73;33631
16;33632
24;33650
563;33651
5;33663
12;33676
3;33681
18;33685
11;33688
11;33725
57;33726
24;33727
21;33742
47;33745
25;33746
17;33747
13;33752
8;33758
33;33773
42;33780
1;33782
70;33821
217;33822
85;33823
27;33824
34;33825
23;33827
7;33834
10;33841
34;33844
4;33868
8;33872
23;33875
3;33896
9;33916
47;33917
6;33918
58;33919
6;33920
15;33924
5;33936
43;33937
20;33939
33;33940
31;33945
39;33960
39;33962
2;33963
10;33968
22;33970
19;33974
26;33976
12;34002
33;34013
90;34014
40;34015
21;34016
25;34022
11;34033
22;34035
31;34042
5;34052
8;34057
1;34060
162;34071
28;34072
1;34102
32;34109
33;34110
21;34111
39;34112
36;34114
7;34115
34;34116
34;34141
30;34143
24;34144
29;34147
27;34148
37;34149
12;34150
24;34168
26;34199
3;34206
8;34207
33;34208
8;34209
2;34210
172;34211
38;34212
7;34220
27;34240
16;34241
7;34242
12;34243
4;34245
20;34263
8;34267
6;34268
9;34269
14;34297
27;34301
595;34302
23;34303
50;34304
178;34309
94;34321
27;34323
180;34324
2;34352
11;34357
11;34358
29;34365
182;34397
3;34398
71;34399
27;34400
31;34408
18;34417
18;34418
3;34419
15;34423
40;34425
10;34426
24;34437
4;34441
30;34442
27;34444
20;34445
21;34451
8;34452
8;34454
26;34493
37;34494
163;34495
16;34496
14;34513
18;34527
32;34546
167;34551
1;34552
31;34563
2;34589
9;34590
52;34591
39;34592
3;34596
49;34609
18;34610
57;34611
21;34612
14;34639
8;34642
14;34645
2;34646
22;34647
22;34685
83;34686
56;34687
58;34688
4;34698
10;34700
19;34702
21;34706
5;34707
29;34708
25;34731
13;34733
7;34740
3;34744
19;34780
51;34781
3;34783
11;34784
33;34785
81;34786
6;34792
15;34793
16;34804
348;34813
26;34815
36;34817
6;34819
17;34820
31;34822
2;34826
6;34833
34;34834
19;34836
38;34837
13;34840
34;34842
2;34861
54;34878
12;34880
66;34881
69;34882
5;34883
20;34884
15;34885
29;34894
5;34904
3;34906
166;34909
12;34910
34;34912
164;34913
13;34914
30;34915
1;34925
38;34935
5;34937
35;34940
47;34973
98;34974
11;34975
4;34995
149;35009
152;35015
7;35021
166;35026
2;35032
