9;17
51;29
36;30
112;31
350;32
20;34
4;41
31;43
2;48
7;49
21;51
3;52
32;75
7;79
35;80
7;81
110;125
29;126
60;127
64;128
162;131
29;133
18;145
179;146
232;147
9;148
22;158
159;170
5;174
6;182
16;184
8;219
55;221
271;222
23;223
45;224
1;233
23;238
18;239
11;241
28;242
17;244
8;255
7;268
4;269
38;272
10;273
9;274
7;279
22;286
17;304
10;317
47;318
3;319
60;320
2;331
11;333
23;337
35;338
33;339
27;340
161;346
27;350
13;362
3;365
17;366
4;368
31;371
6;372
211;413
172;414
88;415
32;416
29;433
145;434
37;436
10;441
20;449
23;456
3;464
168;509
59;510
7;511
33;512
214;513
1;514
21;515
63;516
8;535
9;541
1;543
37;544
12;545
24;546
34;547
15;548
8;561
29;562
19;564
14;569
4;571
14;592
17;605
30;606
5;607
149;608
68;610
86;611
8;612
13;614
13;634
26;638
38;640
62;642
15;643
10;644
16;654
30;656
32;659
21;662
12;665
16;666
189;667
56;701
34;702
99;703
259;704
14;717
21;722
158;723
2;724
39;727
26;733
20;741
14;749
4;752
19;754
50;756
59;757
1;764
25;788
31;797
99;798
34;799
64;800
31;811
41;813
25;815
16;821
1;836
6;842
7;845
20;846
29;849
1;854
157;855
8;856
93;893
20;894
24;895
21;896
224;916
16;920
22;932
30;935
6;937
28;944
2;951
5;973
160;989
14;990
163;991
92;992
17;993
64;998
3;1007
10;1010
66;1011
159;1016
24;1022
8;1034
11;1036
9;1037
10;1041
10;1044
378;1085
12;1086
6;1087
16;1088
3;1091
28;1106
78;1107
74;1108
43;1130
28;1134
23;1135
31;1141
21;1143
16;1157
26;1181
24;1182
203;1183
57;1184
14;1185
25;1186
27;1187
16;1203
14;1206
11;1213
18;1214
8;1215
18;1216
40;1218
9;1229
13;1233
28;1234
1;1237
24;1241
13;1242
22;1243
13;1251
29;1258
18;1272
40;1278
29;1279
15;1280
64;1281
2;1282
61;1283
34;1284
34;1293
7;1310
26;1312
38;1313
40;1315
12;1316
15;1326
14;1329
171;1333
6;1337
8;1340
19;1373
16;1374
128;1375
192;1376
8;1377
23;1394
170;1396
173;1399
21;1407
165;1417
178;1418
1;1420
1;1422
5;1423
45;1426
3;1429
22;1430
48;1469
30;1470
69;1471
25;1472
2;1476
29;1485
68;1489
170;1490
149;1491
7;1492
4;1497
3;1507
10;1509
20;1514
28;1515
17;1516
8;1519
46;1524
25;1525
14;1526
1;1528
25;1537
33;1550
28;1560
389;1565
205;1566
29;1567
147;1568
39;1572
1;1586
17;1587
16;1588
19;1590
46;1594
4;1614
21;1617
6;1619
21;1624
389;1661
83;1662
181;1663
31;1664
2;1679
32;1682
6;1684
16;1707
22;1708
3;1714
9;1717
7;1718
33;1757
37;1758
46;1759
39;1760
21;1761
18;1763
7;1775
7;1777
51;1778
4;1779
41;1780
29;1801
180;1805
7;1808
51;1853
51;1854
43;1855
45;1856
57;1857
33;1858
19;1860
12;1861
2;1863
13;1881
21;1885
23;1886
19;1887
15;1889
31;1891
166;1892
10;1904
3;1907
25;1912
151;1913
19;1916
21;1920
41;1950
46;1951
25;1952
5;1953
24;1954
189;1955
32;1956
308;1965
2;1982
12;1983
82;1984
9;1985
3;1987
21;1988
21;2004
11;2010
4;2045
92;2047
222;2048
18;2059
17;2065
27;2067
39;2068
6;2072
2;2090
6;2093
19;2094
15;2095
2;2113
106;2141
65;2142
90;2143
4;2144
27;2151
10;2162
229;2163
34;2164
32;2187
6;2189
36;2190
20;2196
204;2237
603;2238
202;2239
345;2240
4;2247
2;2255
26;2257
9;2259
33;2285
558;2286
17;2287
44;2288
174;2290
8;2292
5;2295
8;2333
193;2334
22;2335
37;2336
30;2346
11;2354
165;2355
45;2356
158;2370
1;2377
9;2378
2;2382
20;2391
588;2429
39;2430
30;2431
83;2432
32;2450
74;2452
2;2453
25;2460
15;2468
9;2473
6;2478
37;2484
16;2525
42;2526
44;2527
27;2528
167;2529
44;2530
24;2531
15;2535
9;2536
4;2547
7;2550
17;2560
561;2561
22;2562
18;2563
45;2564
5;2574
28;2577
36;2579
10;2581
38;2583
11;2586
16;2595
12;2604
93;2621
31;2622
13;2623
46;2624
22;2625
41;2626
28;2627
6;2628
9;2648
14;2653
24;2654
20;2655
13;2656
30;2658
26;2665
5;2671
8;2674
6;2675
2;2676
9;2677
2;2678
1;2679
16;2682
7;2683
18;2687
6;2694
493;2717
227;2719
59;2720
51;2737
157;2738
23;2739
4;2740
27;2742
17;2753
8;2766
4;2767
6;2773
12;2776
149;2813
37;2814
6;2815
84;2816
3;2817
4;2833
24;2834
10;2835
193;2857
185;2858
22;2861
20;2863
20;2869
53;2909
109;2910
112;2911
357;2912
23;2920
32;2930
15;2931
20;2932
24;2939
17;2949
71;2953
25;2959
10;2966
197;3005
73;3006
189;3007
27;3008
24;3016
30;3022
1;3026
4;3031
33;3051
149;3055
1;3062
22;3063
168;3101
30;3102
100;3103
24;3104
72;3122
8;3123
59;3124
33;3126
11;3128
31;3134
32;3145
15;3153
33;3154
30;3155
171;3156
31;3157
42;3159
13;3168
47;3198
67;3200
17;3201
27;3203
1;3207
16;3219
31;3222
19;3225
23;3229
18;3230
48;3231
14;3232
36;3233
25;3234
4;3235
7;3236
12;3239
13;3249
7;3254
7;3257
25;3258
1;3259
23;3285
28;3287
46;3294
199;3295
18;3296
33;3297
80;3298
53;3299
35;3300
2;3314
37;3316
37;3317
10;3322
2;3324
18;3325
39;3326
167;3330
159;3331
26;3332
15;3335
20;3339
11;3345
2;3346
33;3349
10;3351
3;3353
13;3355
36;3389
13;3390
57;3391
164;3392
12;3401
163;3410
27;3411
27;3428
24;3437
30;3438
5;3443
3;3444
50;3485
181;3486
175;3487
44;3488
3;3499
24;3501
14;3504
8;3505
6;3508
39;3535
10;3537
29;3540
11;3541
4;3544
5;3578
173;3581
61;3582
180;3583
213;3584
28;3589
152;3590
13;3602
17;3603
62;3604
21;3607
11;3623
32;3625
13;3627
2;3630
37;3632
13;3633
1;3634
39;3637
13;3640
18;3677
14;3678
65;3679
13;3680
28;3697
551;3698
49;3700
23;3704
195;3705
15;3708
17;3721
20;3722
14;3723
12;3724
2;3725
11;3726
44;3728
6;3731
204;3773
40;3774
12;3775
354;3776
12;3786
9;3792
4;3793
33;3795
9;3796
5;3815
16;3820
34;3825
21;3826
9;3830
26;3866
10;3869
23;3871
22;3873
4;3874
82;3875
57;3876
15;3879
28;3886
8;3902
10;3903
20;3905
1;3906
163;3908
33;3921
46;3924
42;3931
20;3935
20;3944
3;3949
30;3965
17;3966
60;3967
17;3968
38;3969
22;3970
58;3971
20;3972
159;3980
17;3994
165;3998
74;3999
7;4000
164;4001
8;4002
1;4009
20;4011
53;4020
4;4022
40;4023
4;4024
19;4026
9;4027
32;4031
78;4061
32;4063
126;4064
17;4083
25;4084
4;4102
15;4106
15;4111
13;4112
25;4114
29;4115
573;4117
5;4119
19;4154
217;4157
94;4158
104;4159
51;4160
2;4167
51;4177
14;4178
9;4179
25;4180
26;4181
153;4190
21;4203
29;4204
21;4207
15;4209
22;4223
76;4253
23;4254
56;4255
10;4256
19;4258
24;4260
16;4262
35;4266
35;4267
31;4273
31;4274
32;4275
25;4276
2;4281
33;4287
7;4288
29;4299
558;4305
30;4310
22;4311
12;4336
20;4349
26;4350
75;4351
33;4352
2;4359
33;4369
159;4370
31;4371
18;4372
20;4376
26;4377
9;4381
13;4393
18;4394
7;4396
16;4402
22;4423
47;4445
69;4446
3;4447
77;4448
13;4461
33;4466
33;4467
51;4468
9;4473
38;4477
5;4482
15;4489
15;4492
19;4493
5;4500
34;4521
20;4525
28;4537
47;4541
186;4544
27;4545
10;4546
48;4548
20;4551
6;4554
8;4556
7;4562
38;4574
173;4576
4;4583
8;4584
29;4588
12;4589
3;4593
4;4615
18;4635
190;4637
175;4638
20;4639
32;4640
20;4641
171;4642
71;4643
205;4644
37;4645
10;4653
40;4668
32;4671
54;4673
1;4674
1;4675
24;4685
36;4689
168;4693
29;4694
24;4696
23;4697
65;4733
607;4734
19;4735
19;4736
13;4737
2;4738
41;4753
18;4755
29;4756
3;4780
44;4782
30;4783
175;4786
31;4788
53;4829
279;4830
125;4831
75;4832
48;4849
5;4850
24;4851
37;4852
15;4868
151;4873
33;4875
27;4880
33;4885
30;4886
27;4892
153;4922
38;4925
72;4926
176;4927
84;4928
13;4929
2;4935
9;4947
29;4952
5;4960
2;4965
31;4968
24;4974
31;4979
5;4983
17;4995
18;5001
29;5015
93;5021
25;5022
79;5023
151;5024
2;5042
4;5043
33;5044
21;5053
20;5065
33;5070
46;5072
29;5073
7;5075
6;5110
1;5115
9;5117
46;5118
9;5119
54;5120
2;5137
15;5138
2;5161
12;5162
39;5172
9;5174
20;5175
9;5213
156;5214
8;5215
319;5216
13;5217
6;5218
17;5219
22;5229
27;5245
38;5248
58;5249
161;5251
2;5252
17;5265
158;5271
23;5274
23;5276
43;5310
22;5312
2;5313
12;5314
62;5315
51;5316
21;5319
10;5324
1;5325
35;5341
12;5343
34;5344
10;5359
12;5363
41;5364
6;5367
11;5369
2;5371
4;5372
20;5405
64;5406
23;5407
174;5408
8;5409
19;5420
20;5423
17;5426
156;5427
33;5428
14;5435
15;5449
15;5450
14;5461
3;5462
82;5501
31;5502
11;5503
43;5504
8;5513
27;5518
27;5522
14;5523
31;5534
5;5546
16;5548
4;5553
7;5555
12;5558
9;5559
10;5595
13;5597
64;5598
29;5599
74;5600
12;5617
203;5618
6;5619
8;5629
38;5631
2;5636
28;5638
183;5641
21;5643
24;5644
157;5647
17;5650
2;5651
24;5652
22;5653
7;5655
13;5657
564;5666
7;5684
80;5693
263;5694
80;5695
11;5696
31;5697
28;5699
12;5713
11;5714
16;5718
8;5727
11;5728
40;5738
19;5740
37;5748
29;5764
24;5773
29;5789
114;5790
31;5791
16;5792
28;5800
3;5810
11;5828
12;5829
32;5830
5;5833
561;5834
158;5835
25;5836
1;5840
22;5842
11;5862
6;5879
4;5885
26;5886
29;5887
13;5888
24;5889
53;5892
24;5896
21;5901
26;5917
50;5918
69;5923
5;5924
13;5933
7;5940
7;5942
163;5944
158;5981
65;5982
162;5983
38;5984
64;5986
57;5987
21;5988
11;6014
16;6016
24;6018
583;6019
8;6033
177;6036
25;6037
13;6040
32;6042
1;6043
41;6077
78;6078
37;6079
31;6080
24;6086
29;6097
20;6098
158;6099
30;6107
27;6118
165;6123
32;6128
27;6130
19;6135
11;6136
68;6173
74;6174
193;6175
60;6176
32;6193
14;6195
37;6196
18;6200
20;6204
22;6207
4;6221
10;6226
21;6228
25;6231
62;6269
246;6270
344;6271
60;6272
18;6274
12;6287
6;6289
4;6290
14;6291
7;6292
163;6294
12;6309
19;6313
3;6315
19;6317
38;6324
3;6326
24;6328
32;6365
257;6366
72;6367
89;6368
25;6381
44;6386
13;6387
167;6405
24;6410
9;6411
20;6414
44;6416
57;6420
24;6421
67;6461
5;6462
51;6463
28;6464
6;6465
4;6481
19;6483
29;6491
24;6509
17;6513
29;6514
18;6515
8;6519
3;6541
2;6545
103;6557
10;6558
12;6559
32;6560
14;6561
70;6562
20;6563
20;6564
17;6577
5;6589
15;6590
6;6591
8;6592
31;6595
29;6609
4;6618
29;6620
201;6653
22;6654
382;6655
10;6656
58;6657
43;6658
59;6659
31;6660
26;6669
36;6670
7;6681
29;6685
12;6687
10;6690
3;6691
175;6692
12;6693
2;6704
9;6708
22;6709
10;6717
10;6748
22;6749
204;6750
28;6751
33;6752
162;6769
37;6770
23;6771
10;6772
6;6782
9;6793
9;6801
13;6803
27;6808
172;6836
163;6845
55;6846
84;6847
66;6848
154;6851
39;6857
60;6865
3;6866
26;6867
26;6868
12;6870
7;6883
7;6886
9;6894
9;6895
18;6897
33;6898
37;6900
6;6901
13;6902
17;6904
85;6941
49;6942
76;6943
608;6944
21;6951
52;6961
2;6962
33;6979
11;6981
4;6985
8;6986
166;6991
1;6992
1;6994
2;6995
14;6997
31;6998
14;7029
118;7037
239;7038
36;7039
14;7040
25;7045
8;7057
24;7058
13;7059
5;7071
172;7086
23;7090
16;7091
157;7094
17;7095
8;7115
1;7122
19;7133
1;7134
282;7135
16;7136
11;7143
14;7152
55;7155
30;7160
37;7178
19;7186
8;7195
160;7212
60;7229
33;7230
26;7231
20;7232
16;7233
19;7234
9;7235
91;7236
5;7240
14;7261
34;7262
18;7263
15;7264
44;7267
84;7268
11;7279
16;7280
12;7283
35;7285
1;7287
24;7308
16;7325
166;7326
50;7327
57;7328
4;7329
6;7330
11;7331
323;7332
24;7333
26;7335
8;7336
172;7358
14;7360
159;7363
15;7367
21;7377
5;7380
30;7382
2;7385
26;7387
84;7421
38;7422
95;7423
101;7424
21;7441
14;7443
23;7448
24;7465
9;7467
29;7469
38;7473
42;7476
16;7477
9;7478
163;7479
71;7517
67;7518
205;7519
33;7520
3;7521
21;7529
18;7537
23;7539
4;7540
8;7554
18;7559
8;7571
9;7573
47;7613
45;7614
230;7616
40;7618
18;7631
555;7635
48;7636
12;7639
13;7645
27;7660
3;7664
29;7670
30;7710
62;7712
7;7729
202;7730
67;7731
41;7732
7;7736
2;7739
4;7743
157;7746
4;7764
31;7766
36;7785
56;7805
41;7806
201;7807
74;7808
26;7816
68;7825
12;7826
2;7828
5;7849
9;7851
15;7855
22;7856
20;7859
22;7863
1;7864
7;7874
13;7894
13;7901
166;7902
56;7903
4;7904
34;7905
33;7906
23;7908
20;7910
29;7915
16;7921
13;7924
28;7928
28;7933
20;7935
32;7936
1;7938
24;7939
9;7949
151;7959
29;7960
33;7965
56;7997
47;7998
28;8001
21;8002
101;8003
36;8004
19;8007
36;8025
24;8030
11;8031
20;8032
9;8033
25;8035
2;8036
39;8049
23;8052
5;8058
38;8091
42;8094
90;8095
84;8096
3;8102
161;8109
10;8113
3;8114
34;8115
2;8133
26;8138
8;8144
149;8145
7;8146
18;8148
16;8151
28;8179
73;8189
214;8190
48;8191
58;8192
14;8200
21;8201
9;8202
13;8209
6;8211
22;8212
174;8222
3;8226
26;8228
28;8237
14;8240
38;8242
1;8245
18;8248
15;8253
150;8285
82;8286
57;8287
433;8288
29;8293
21;8297
30;8306
6;8307
7;8308
164;8330
15;8332
2;8335
5;8343
25;8353
26;8381
92;8382
187;8383
57;8384
12;8393
34;8401
16;8402
174;8403
7;8404
13;8412
4;8414
12;8426
9;8427
13;8429
7;8433
12;8435
83;8477
72;8478
233;8479
88;8480
17;8495
12;8503
14;8510
14;8516
12;8518
22;8522
3;8523
9;8526
24;8533
33;8535
8;8536
15;8556
6;8573
2;8574
38;8575
36;8576
45;8577
17;8578
42;8579
12;8580
9;8585
28;8594
22;8602
168;8606
19;8607
4;8609
15;8610
2;8612
8;8618
27;8624
52;8627
7;8628
31;8631
10;8634
25;8636
17;8665
11;8666
42;8667
13;8668
69;8669
91;8670
17;8671
157;8678
8;8680
12;8698
5;8699
151;8702
14;8703
31;8717
34;8723
240;8761
42;8762
52;8763
28;8764
23;8767
27;8768
5;8769
4;8775
34;8780
32;8782
25;8783
163;8789
164;8802
14;8805
12;8811
30;8812
31;8817
9;8818
44;8838
54;8857
39;8858
464;8859
212;8860
3;8877
53;8879
12;8880
1;8883
15;8904
33;8907
6;8911
6;8913
17;8944
153;8945
179;8953
86;8954
78;8955
409;8956
65;8973
4;8974
5;8976
2;8985
166;8997
23;9002
39;9004
169;9009
12;9031
36;9049
74;9050
69;9051
147;9052
48;9058
12;9068
177;9069
21;9071
167;9090
23;9091
25;9092
19;9093
3;9096
30;9097
2;9101
13;9102
52;9104
5;9106
33;9108
8;9123
54;9145
71;9146
58;9147
106;9148
20;9155
10;9165
166;9166
18;9167
1;9168
28;9171
8;9174
36;9178
2;9198
2;9200
2;9201
33;9241
20;9242
13;9243
178;9244
51;9245
59;9246
48;9247
71;9248
17;9249
161;9261
12;9264
53;9274
13;9275
37;9277
20;9278
8;9294
22;9302
8;9325
161;9337
13;9339
26;9340
206;9341
20;9343
190;9344
9;9349
35;9355
8;9357
22;9369
15;9370
8;9371
23;9374
3;9375
27;9376
2;9387
5;9390
23;9391
9;9396
29;9397
50;9398
8;9429
169;9433
33;9434
54;9435
11;9436
11;9447
27;9451
73;9454
16;9455
18;9456
4;9463
43;9478
38;9481
32;9490
33;9491
36;9522
15;9529
1;9530
79;9531
64;9532
195;9551
17;9561
159;9571
15;9572
12;9575
5;9577
15;9583
30;9585
26;9588
4;9601
63;9625
52;9626
89;9627
61;9628
13;9639
14;9641
39;9645
14;9646
9;9647
183;9648
27;9655
4;9657
22;9659
2;9671
7;9675
552;9676
214;9721
66;9722
282;9723
214;9724
58;9729
4;9731
9;9737
42;9741
1;9742
130;9743
10;9747
8;9752
3;9768
54;9769
11;9778
4;9780
170;9817
11;9818
141;9819
61;9820
17;9824
3;9835
174;9837
41;9838
13;9839
210;9840
153;9845
150;9861
8;9863
9;9864
26;9874
4;9876
6;9897
5;9911
29;9913
22;9914
94;9915
53;9916
31;9918
1;9919
37;9920
19;9922
9;9926
15;9930
27;9936
21;9945
2;9947
32;9948
8;9950
31;9952
18;9966
27;9970
5;9979
11;9980
152;10000
203;10009
11;10010
3;10011
56;10013
34;10014
83;10015
589;10041
53;10042
30;10043
23;10044
59;10045
36;10046
6;10047
20;10048
19;10057
17;10062
25;10068
31;10092
94;10105
83;10106
129;10107
14;10108
22;10118
22;10119
13;10124
8;10128
22;10132
24;10149
38;10150
31;10155
23;10156
2;10163
23;10165
181;10201
66;10202
19;10203
594;10204
3;10208
20;10222
51;10223
12;10247
1;10248
7;10249
16;10251
2;10254
4;10259
28;10260
13;10280
7;10295
81;10297
77;10298
109;10299
55;10300
31;10308
5;10312
15;10317
9;10320
1;10331
34;10340
162;10344
29;10345
25;10347
22;10348
30;10349
39;10350
3;10354
29;10356
12;10380
19;10387
43;10393
11;10394
80;10395
29;10396
23;10403
2;10404
154;10413
12;10415
12;10416
35;10432
24;10434
158;10439
16;10442
12;10446
36;10447
578;10489
28;10490
91;10491
363;10492
32;10494
1;10500
31;10502
158;10506
151;10508
11;10509
60;10510
11;10511
160;10512
19;10516
18;10535
10;10538
9;10540
13;10542
12;10543
1;10545
154;10546
3;10581
16;10585
49;10586
166;10587
53;10588
18;10590
17;10591
2;10592
10;10595
153;10618
162;10619
21;10621
7;10642
162;10643
10;10645
10;10681
166;10682
19;10683
29;10684
5;10685
85;10686
556;10688
39;10691
15;10713
21;10714
196;10715
45;10716
17;10717
7;10718
49;10719
160;10720
183;10727
25;10730
2;10735
150;10737
16;10738
21;10740
54;10742
16;10755
19;10777
58;10778
217;10779
197;10780
15;10786
27;10787
17;10799
7;10806
1;10814
20;10823
20;10829
6;10834
3;10842
17;10853
19;10873
33;10874
37;10875
906;10876
207;10893
3;10894
3;10895
6;10903
23;10918
12;10919
2;10920
38;10922
6;10923
12;10926
37;10928
33;10930
23;10932
30;10941
93;10969
550;10970
123;10971
34;10972
28;10982
30;10985
7;10990
20;10992
8;11000
22;11006
6;11019
50;11020
6;11022
20;11058
48;11065
230;11066
107;11067
244;11068
31;11070
3;11111
3;11116
19;11117
25;11119
5;11120
2;11122
24;11124
46;11161
41;11162
271;11163
19;11164
30;11179
25;11182
19;11184
15;11187
9;11192
8;11201
15;11206
162;11207
32;11208
17;11209
29;11213
11;11215
16;11217
8;11218
14;11219
14;11222
35;11240
88;11257
33;11259
36;11260
46;11261
8;11263
237;11264
5;11279
22;11283
37;11290
173;11291
17;11293
52;11306
20;11309
22;11310
44;11313
13;11317
35;11318
64;11353
131;11354
1;11355
24;11356
190;11357
46;11358
65;11359
14;11360
2;11371
18;11374
28;11376
20;11386
20;11387
25;11388
6;11389
151;11391
14;11392
13;11395
1;11397
1;11407
11;11410
198;11449
36;11450
65;11451
17;11455
188;11469
33;11470
19;11472
6;11477
4;11484
4;11488
4;11494
19;11499
161;11502
15;11504
15;11508
3;11542
79;11545
181;11548
5;11565
148;11574
9;11591
5;11592
24;11593
5;11595
4;11598
8;11602
26;11603
17;11641
3;11642
106;11643
45;11644
7;11649
10;11661
8;11662
36;11685
169;11686
14;11689
160;11690
5;11691
5;11693
27;11694
30;11696
18;11730
90;11737
71;11738
12;11739
30;11740
5;11755
11;11757
25;11758
151;11760
42;11768
30;11784
27;11785
21;11795
6;11803
2;11833
121;11834
36;11835
43;11836
25;11853
33;11854
72;11856
9;11870
26;11880
29;11884
2;11885
14;11889
31;11892
162;11926
15;11930
204;11931
161;11932
159;11933
17;11935
15;11938
40;11939
9;11963
5;11965
3;11966
21;11968
24;11981
12;11982
20;11983
8;11989
8;12025
10;12026
89;12027
16;12028
28;12029
181;12030
48;12031
11;12032
3;12037
34;12050
2;12053
6;12057
171;12058
50;12059
3;12060
9;12063
25;12064
20;12080
2;12081
197;12085
3;12088
14;12115
40;12121
55;12122
67;12123
577;12124
29;12127
14;12129
28;12142
34;12143
4;12144
7;12148
39;12161
3;12163
19;12171
25;12172
3;12173
7;12175
47;12217
30;12218
153;12219
235;12220
7;12221
2;12234
25;12237
6;12238
21;12239
168;12240
7;12241
35;12245
21;12262
4;12268
23;12269
6;12270
1;12272
21;12273
10;12275
57;12313
136;12314
218;12315
13;12316
14;12318
12;12333
29;12334
40;12335
206;12336
6;12367
4;12368
15;12369
5;12371
26;12393
49;12409
52;12410
50;12412
4;12429
41;12432
1;12434
23;12456
9;12458
6;12460
10;12461
36;12464
17;12466
19;12468
16;12505
201;12506
313;12507
11;12525
36;12526
5;12535
26;12561
18;12563
22;12575
33;12595
32;12598
31;12601
5;12602
6;12603
199;12604
47;12605
88;12606
14;12607
198;12608
7;12610
11;12612
163;12622
2;12633
18;12635
25;12636
2;12637
3;12638
24;12639
51;12640
20;12645
18;12656
1;12657
10;12671
28;12683
10;12697
71;12700
19;12701
65;12702
27;12703
9;12704
27;12706
5;12723
572;12730
14;12733
10;12734
584;12735
39;12736
17;12747
27;12749
25;12751
30;12754
18;12755
6;12757
130;12793
24;12794
5;12795
40;12796
1;12810
37;12813
4;12814
1;12833
17;12837
159;12838
62;12889
23;12890
47;12891
591;12892
8;12909
30;12910
30;12911
40;12912
1;12915
13;12937
15;12939
14;12940
23;12943
26;12944
54;12985
67;12986
75;12987
20;12988
27;12991
12;12993
27;13002
39;13007
28;13030
10;13031
17;13033
20;13038
33;13081
140;13082
67;13083
24;13084
3;13094
4;13101
9;13102
161;13104
1;13126
24;13127
3;13128
29;13129
17;13133
11;13134
8;13135
11;13142
3;13164
43;13177
45;13178
90;13179
1;13180
24;13187
1;13194
26;13197
32;13198
45;13199
33;13200
9;13206
4;13217
8;13222
168;13224
18;13229
15;13232
28;13234
71;13273
181;13274
5;13275
167;13276
34;13277
60;13279
148;13280
33;13289
1;13291
24;13297
35;13305
5;13306
13;13308
1;13311
167;13327
34;13332
14;13335
42;13369
8;13370
11;13371
51;13372
26;13373
15;13376
5;13383
2;13402
54;13403
12;13405
18;13411
1;13421
4;13427
10;13428
38;13429
7;13456
1;13464
54;13465
204;13466
352;13467
50;13468
8;13470
30;13477
5;13483
38;13488
3;13498
15;13506
31;13510
38;13511
38;13513
58;13515
12;13520
177;13561
25;13562
5;13563
23;13564
10;13569
24;13573
26;13575
6;13576
40;13581
10;13582
51;13584
10;13594
8;13607
25;13611
4;13615
3;13645
1;13649
35;13658
54;13659
20;13660
22;13677
164;13678
50;13679
15;13691
16;13707
3;13708
163;13709
4;13715
14;13735
5;13737
43;13753
91;13755
81;13756
40;13773
18;13775
40;13797
12;13799
27;13802
1;13812
21;13844
7;13846
45;13849
34;13850
78;13851
105;13852
16;13854
32;13864
27;13871
32;13872
35;13884
44;13887
46;13893
26;13895
11;13901
11;13906
6;13945
109;13946
31;13947
8;13948
15;13949
45;13950
19;13951
26;13952
10;13966
22;13971
162;13977
5;13978
31;13983
19;13984
7;13985
27;13997
6;14005
22;14007
31;14008
22;14041
50;14042
48;14043
32;14046
36;14047
13;14048
28;14060
1;14071
4;14075
22;14076
8;14077
10;14078
8;14079
1;14082
11;14084
16;14097
14;14104
154;14136
29;14137
49;14138
24;14139
27;14140
25;14157
56;14158
20;14159
12;14160
19;14173
9;14182
28;14184
15;14185
17;14187
20;14195
102;14196
50;14233
101;14234
189;14235
37;14236
21;14237
165;14238
2;14239
36;14253
16;14254
268;14255
10;14256
19;14263
5;14281
36;14288
46;14291
30;14329
47;14330
30;14331
74;14332
3;14346
46;14349
14;14350
3;14351
23;14352
8;14366
176;14375
5;14378
22;14381
5;14425
35;14426
229;14427
192;14428
21;14441
40;14445
27;14447
153;14448
21;14454
43;14476
15;14480
159;14481
27;14483
211;14521
100;14522
201;14523
232;14524
39;14541
31;14542
28;14543
2;14544
3;14546
1;14565
22;14566
18;14568
74;14569
14;14574
22;14579
57;14617
56;14619
51;14620
45;14621
193;14622
77;14623
26;14624
150;14626
29;14627
2;14631
38;14633
5;14637
1;14647
31;14650
53;14652
29;14653
17;14654
13;14655
37;14656
15;14663
24;14666
14;14672
30;14673
29;14680
30;14686
57;14713
201;14714
19;14715
28;14716
25;14717
20;14718
34;14719
70;14720
53;14752
29;14754
30;14763
26;14769
12;14773
28;14774
330;14809
35;14810
196;14811
55;14812
162;14815
7;14816
24;14829
29;14830
584;14831
10;14835
571;14848
26;14852
8;14853
15;14854
24;14855
13;14856
13;14862
4;14901
161;14905
255;14906
89;14907
83;14908
23;14915
5;14919
7;14926
18;14928
9;14929
30;14944
9;14951
29;14954
2;14957
3;14958
3;14960
10;14961
26;14962
7;14988
75;15001
65;15002
13;15003
55;15004
6;15015
11;15023
5;15024
25;15025
36;15032
159;15036
18;15039
9;15043
18;15045
30;15046
23;15051
1;15052
27;15056
55;15097
70;15098
672;15099
23;15100
7;15108
24;15117
15;15118
32;15119
23;15120
4;15131
26;15147
242;15193
52;15194
9;15195
171;15196
22;15214
9;15222
1;15239
6;15240
28;15244
25;15264
153;15272
23;15289
53;15290
29;15291
52;15292
19;15294
20;15295
2;15296
26;15302
25;15303
196;15321
35;15322
10;15323
13;15324
32;15326
9;15337
22;15341
33;15350
44;15351
19;15385
3;15386
33;15387
33;15388
55;15389
57;15391
5;15392
6;15402
33;15416
10;15420
53;15421
22;15422
25;15429
1;15439
25;15443
13;15481
230;15482
73;15483
199;15484
78;15502
34;15503
4;15504
5;15512
160;15516
5;15522
29;15523
188;15527
20;15539
15;15540
12;15557
73;15577
88;15578
179;15579
14;15580
33;15583
158;15596
28;15597
99;15598
173;15600
34;15623
32;15624
28;15626
15;15627
34;15631
1;15632
10;15634
9;15659
56;15673
84;15674
182;15675
5;15676
8;15718
8;15721
25;15727
7;15732
156;15759
97;15769
71;15770
193;15771
13;15772
6;15777
40;15790
584;15791
4;15808
32;15810
20;15819
9;15823
68;15865
171;15867
167;15868
5;15871
40;15887
27;15903
16;15907
12;15910
13;15923
1;15932
13;15945
26;15961
15;15962
190;15963
28;15964
2;15965
28;15966
6;15967
192;15968
23;15972
4;15980
19;15982
16;15987
7;15993
56;15994
47;15998
9;16013
1;16017
12;16046
39;16057
66;16058
28;16059
27;16060
19;16061
46;16062
178;16064
13;16072
11;16073
5;16079
11;16089
20;16090
36;16091
3;16092
10;16094
4;16095
9;16097
15;16104
24;16112
14;16115
6;16116
57;16117
168;16119
171;16129
80;16153
14;16154
36;16155
235;16156
16;16164
196;16173
2;16174
22;16176
21;16177
16;16183
37;16198
7;16200
15;16212
12;16223
23;16225
11;16236
81;16249
86;16250
17;16251
33;16252
19;16266
36;16270
219;16271
35;16272
4;16279
22;16281
31;16284
7;16287
14;16294
8;16299
37;16302
9;16303
20;16322
33;16334
40;16346
2;16347
10;16348
3;16349
35;16365
4;16366
23;16367
32;16369
21;16384
17;16385
5;16387
31;16393
45;16441
1;16442
37;16443
44;16444
160;16462
34;16463
1;16478
36;16479
10;16486
154;16489
11;16490
36;16499
63;16537
51;16538
76;16540
22;16541
3;16544
15;16545
15;16558
18;16559
10;16560
5;16583
9;16584
32;16589
7;16633
2;16634
24;16635
40;16637
51;16638
215;16639
10;16640
166;16647
32;16654
17;16656
1;16664
8;16665
19;16666
203;16667
18;16668
40;16679
26;16688
28;16689
12;16698
1;16705
36;16715
34;16726
58;16729
5;16730
321;16731
43;16732
203;16735
22;16736
28;16753
9;16754
37;16760
51;16761
34;16763
94;16764
161;16765
29;16766
9;16767
5;16768
3;16769
562;16781
27;16788
17;16789
29;16791
5;16796
24;16821
277;16825
211;16826
18;16827
180;16828
19;16845
29;16846
3;16872
4;16879
34;16882
15;16883
5;16905
234;16921
84;16922
67;16923
2;16924
32;16927
25;16941
22;16942
13;16944
7;16948
37;16957
7;16958
3;16980
158;16990
72;17017
170;17018
179;17019
51;17020
168;17027
30;17031
10;17039
40;17040
12;17065
2;17074
34;17113
32;17114
19;17115
4;17116
14;17132
20;17133
1;17134
25;17135
29;17138
21;17139
24;17161
6;17164
5;17166
62;17209
15;17210
61;17211
41;17212
1;17223
10;17226
11;17229
34;17231
33;17232
10;17238
158;17242
10;17251
9;17254
6;17258
31;17263
13;17300
7;17305
154;17306
197;17307
25;17308
51;17309
15;17310
191;17312
6;17316
164;17324
37;17337
25;17339
28;17340
42;17342
4;17357
156;17362
2;17364
154;17402
2;17404
23;17405
52;17406
167;17407
25;17415
4;17427
2;17428
54;17436
39;17437
6;17438
4;17439
18;17440
4;17450
15;17455
2;17457
32;17463
32;17488
227;17497
100;17498
113;17499
108;17500
4;17517
13;17518
56;17519
15;17522
23;17535
6;17543
2;17545
57;17593
61;17595
23;17614
20;17616
17;17633
26;17634
40;17642
15;17643
15;17646
19;17647
196;17648
81;17689
271;17690
102;17692
9;17708
41;17709
5;17721
4;17733
171;17736
14;17739
39;17741
43;17744
12;17747
14;17764
8;17773
256;17785
681;17786
19;17787
48;17788
13;17799
26;17806
25;17807
20;17812
23;17814
13;17822
14;17824
38;17833
24;17844
25;17871
10;17872
82;17881
74;17882
5;17884
10;17886
25;17894
32;17901
2;17902
15;17916
17;17918
26;17922
9;17927
12;17929
166;17932
8;17937
6;17939
6;17968
6;17971
48;17977
53;17978
52;17979
51;17980
18;17981
57;17982
60;17983
20;17984
10;17987
37;17991
159;18009
1;18010
4;18011
50;18013
20;18014
28;18016
25;18030
12;18038
22;18040
20;18042
30;18045
161;18046
23;18074
12;18075
20;18076
20;18077
24;18078
13;18079
5;18080
26;18089
6;18097
25;18106
49;18107
33;18111
25;18112
171;18117
3;18123
29;18125
30;18127
6;18132
11;18134
10;18135
20;18136
39;18169
521;18170
149;18171
264;18172
164;18175
198;18190
78;18191
161;18212
5;18215
31;18219
19;18221
6;18223
25;18265
192;18266
50;18267
79;18268
28;18286
9;18287
34;18292
169;18304
2;18306
29;18309
31;18317
23;18319
48;18361
22;18362
47;18363
37;18364
5;18374
66;18381
28;18382
7;18383
66;18384
170;18385
1;18392
21;18407
11;18419
48;18457
241;18458
1;18459
49;18460
8;18477
40;18478
36;18486
35;18488
25;18491
2;18498
32;18500
11;18503
26;18504
38;18505
12;18508
6;18512
2;18515
9;18542
28;18553
193;18554
9;18555
273;18556
31;18573
30;18575
32;18576
28;18579
18;18583
14;18597
3;18598
37;18604
6;18605
909;18649
13;18650
149;18651
19;18652
17;18653
62;18654
2;18655
27;18656
25;18666
35;18667
29;18674
1;18675
6;18681
162;18685
3;18686
10;18702
6;18703
167;18706
49;18745
59;18746
15;18747
29;18749
335;18750
20;18751
42;18752
7;18753
6;18757
27;18777
21;18778
21;18779
44;18780
20;18781
31;18783
13;18784
9;18796
169;18798
13;18799
27;18802
28;18803
22;18804
14;18806
50;18841
57;18842
59;18843
12;18844
26;18851
47;18862
29;18866
9;18867
160;18882
3;18886
3;18887
27;18889
28;18895
15;18898
98;18937
20;18938
185;18939
33;18940
45;18957
176;18960
13;18975
9;18983
8;18985
6;18993
30;18994
18;18995
27;18996
165;19033
22;19034
195;19035
102;19036
3;19042
18;19053
36;19055
30;19056
38;19061
2;19073
27;19080
14;19086
11;19089
33;19090
29;19115
210;19129
35;19130
71;19131
59;19132
18;19138
34;19148
22;19150
4;19152
9;19168
24;19171
26;19175
8;19179
2;19180
156;19225
57;19226
4;19227
60;19228
154;19238
155;19239
28;19247
20;19259
146;19265
35;19273
2;19275
27;19311
9;19313
166;19321
38;19322
24;19323
9;19324
73;19325
37;19326
52;19327
159;19328
3;19330
44;19334
3;19354
20;19358
20;19373
168;19379
12;19392
156;19414
15;19419
4;19420
25;19421
7;19423
30;19424
8;19430
24;19450
17;19453
12;19454
11;19455
33;19461
2;19469
24;19470
17;19477
35;19478
11;19490
20;19510
329;19513
207;19514
129;19515
38;19516
34;19519
33;19530
188;19533
17;19534
20;19536
15;19543
17;19562
3;19565
19;19567
38;19570
47;19609
22;19610
419;19611
5;19612
24;19632
28;19634
25;19653
147;19655
10;19656
72;19660
158;19668
231;19705
55;19706
41;19707
12;19708
37;19709
1;19713
37;19714
167;19724
7;19725
174;19728
10;19750
40;19751
7;19753
12;19764
189;19801
15;19802
65;19803
20;19813
23;19820
19;19822
3;19823
4;19824
13;19841
31;19845
8;19847
6;19853
4;19854
34;19860
6;19880
33;19897
32;19899
45;19900
1;19901
1;19902
8;19907
2;19917
31;19918
34;19920
17;19923
11;19927
20;19942
27;19944
6;19949
10;19951
24;19953
15;19977
155;19993
3;19994
178;19995
13;19997
31;19999
17;20000
4;20003
4;20005
12;20024
44;20026
19;20027
7;20031
4;20040
27;20043
3;20048
157;20049
4;20057
5;20073
22;20089
51;20090
184;20092
54;20093
165;20094
19;20095
12;20096
7;20122
24;20124
22;20125
48;20126
206;20127
13;20128
25;20139
12;20148
209;20185
44;20186
67;20187
183;20188
18;20206
23;20207
33;20209
6;20212
13;20220
31;20229
27;20233
154;20240
6;20244
37;20281
87;20282
42;20283
47;20284
15;20301
20;20304
8;20308
31;20326
8;20334
8;20338
6;20339
21;20378
16;20379
14;20380
14;20397
181;20399
38;20423
13;20431
34;20432
158;20459
4;20473
37;20474
33;20475
179;20476
11;20483
11;20486
161;20493
164;20494
23;20496
12;20504
11;20512
4;20513
14;20526
27;20569
69;20570
207;20571
66;20572
17;20574
34;20589
66;20591
5;20592
13;20599
9;20616
14;20621
31;20623
7;20662
11;20665
27;20666
17;20667
1;20671
11;20672
10;20698
3;20699
8;20700
6;20701
25;20702
169;20703
14;20706
31;20761
7;20763
27;20764
180;20765
38;20766
41;20767
13;20768
10;20772
3;20793
5;20794
8;20795
30;20797
5;20798
163;20799
29;20800
21;20807
33;20815
34;20818
27;20822
5;20823
10;20824
62;20857
200;20858
363;20859
95;20860
156;20878
3;20885
18;20895
25;20901
20;20904
36;20905
163;20909
7;20936
323;20953
64;20954
85;20955
208;20956
11;20969
20;20973
53;20974
179;20975
3;20977
14;20989
10;21005
14;21007
17;21016
4;21026
89;21049
49;21050
27;21051
34;21052
7;21057
17;21061
40;21066
18;21069
42;21070
160;21075
183;21093
165;21094
73;21104
62;21106
190;21145
15;21146
48;21147
55;21148
28;21165
17;21166
15;21167
5;21168
6;21187
35;21191
15;21195
8;21196
5;21200
158;21201
168;21202
172;21203
35;21241
209;21242
41;21243
44;21244
80;21262
50;21263
4;21264
8;21293
26;21297
5;21298
14;21312
6;21336
15;21337
180;21338
85;21340
6;21341
22;21342
18;21343
17;21344
30;21358
1;21371
111;21373
155;21375
61;21383
9;21393
11;21394
11;21395
8;21403
53;21434
47;21435
16;21436
199;21437
12;21438
41;21439
71;21440
40;21465
16;21467
170;21470
12;21471
10;21475
166;21483
23;21486
10;21491
2;21496
26;21514
13;21520
8;21529
5;21531
9;21550
156;21552
33;21573
7;21585
21;21599
8;21625
74;21626
31;21627
113;21628
27;21637
35;21645
27;21648
36;21667
59;21669
25;21677
21;21679
38;21681
68;21721
50;21722
62;21723
89;21724
33;21728
28;21740
49;21741
22;21742
42;21744
6;21749
12;21763
15;21765
24;21766
22;21770
5;21771
19;21772
38;21776
2;21778
85;21780
16;21785
40;21818
36;21819
213;21820
28;21829
5;21836
5;21838
10;21839
2;21850
5;21859
1;21863
8;21871
176;21873
155;21875
18;21876
165;21894
72;21913
364;21914
335;21915
151;21933
354;21934
13;21935
18;21937
152;21954
22;21960
11;21964
1;21966
26;21981
5;21984
1;22008
42;22010
9;22011
45;22012
2;22013
17;22014
58;22015
93;22016
1;22018
8;22019
26;22023
13;22026
159;22034
162;22035
10;22041
31;22045
6;22046
27;22054
5;22060
43;22061
14;22062
15;22063
9;22067
62;22105
184;22106
183;22107
10;22108
32;22110
21;22111
22;22112
24;22116
13;22119
2;22121
28;22125
20;22138
125;22140
29;22141
24;22142
14;22144
160;22155
47;22164
8;22165
167;22167
174;22201
27;22202
12;22203
195;22204
35;22205
19;22215
25;22221
23;22222
48;22248
19;22249
4;22254
21;22256
29;22258
26;22284
53;22297
36;22298
106;22299
64;22300
3;22318
62;22319
21;22320
10;22321
20;22332
19;22341
21;22342
37;22347
552;22349
4;22355
19;22366
22;22393
214;22394
207;22395
30;22396
149;22400
19;22402
45;22415
24;22416
23;22425
5;22426
27;22433
2;22447
2;22448
24;22450
30;22452
60;22489
24;22490
58;22491
91;22492
11;22502
26;22510
40;22512
9;22528
164;22529
160;22533
27;22536
18;22547
30;22554
27;22559
10;22585
96;22586
638;22587
8;22588
1;22596
33;22606
15;22607
22;22608
7;22617
17;22618
7;22630
19;22635
14;22642
46;22643
15;22669
26;22675
23;22681
9;22683
16;22684
6;22687
114;22688
7;22689
3;22692
15;22713
49;22715
23;22717
187;22734
11;22735
2;22738
10;22742
170;22743
2;22777
14;22778
7;22779
31;22780
21;22781
27;22782
316;22783
309;22784
23;22785
25;22788
11;22795
1;22812
7;22813
25;22822
13;22831
39;22835
26;22840
24;22861
10;22873
31;22874
209;22875
18;22876
17;22881
9;22887
12;22894
15;22895
6;22896
6;22926
26;22929
16;22930
4;22947
33;22969
117;22970
38;22971
65;22972
23;22991
8;22996
12;23000
9;23017
35;23019
23;23023
25;23025
5;23027
221;23065
12;23066
97;23067
4;23075
25;23082
197;23085
37;23086
168;23097
5;23099
22;23109
168;23115
6;23117
3;23122
11;23123
20;23148
26;23161
2;23162
29;23163
46;23164
8;23171
43;23181
12;23182
22;23201
20;23205
20;23207
10;23211
26;23219
49;23257
32;23258
56;23259
209;23260
6;23272
4;23276
162;23278
14;23280
5;23281
17;23283
15;23288
1;23291
3;23292
13;23303
24;23304
158;23305
12;23308
8;23315
25;23316
6;23325
154;23326
11;23327
15;23328
2;23332
38;23353
32;23354
34;23356
200;23357
23;23359
37;23360
8;23370
15;23379
1;23385
9;23386
18;23387
44;23389
21;23390
26;23391
32;23392
16;23393
18;23399
9;23401
21;23403
10;23405
27;23408
32;23410
31;23422
22;23430
23;23450
19;23451
29;23452
8;23453
25;23454
45;23455
163;23472
9;23474
5;23478
27;23483
29;23484
348;23485
1;23486
159;23488
8;23496
16;23504
10;23508
35;23509
1;23510
25;23512
409;23546
163;23547
34;23548
29;23552
26;23566
3;23568
152;23591
15;23592
15;23593
30;23594
6;23596
31;23597
5;23603
18;23641
239;23642
36;23643
124;23644
17;23661
18;23662
31;23663
27;23674
33;23687
25;23688
27;23700
52;23737
34;23738
38;23739
274;23740
19;23745
170;23757
23;23758
25;23759
1;23760
5;23773
1;23783
10;23784
2;23785
26;23792
55;23795
24;23805
103;23833
31;23834
58;23835
40;23836
17;23853
23;23854
18;23855
16;23856
7;23878
155;23880
172;23881
11;23890
26;23891
3;23892
11;23909
50;23930
33;23931
42;23932
26;23938
20;23945
30;23946
9;23950
3;23951
333;23952
7;23954
12;23961
22;23968
26;23978
11;23982
170;23984
163;23986
22;23998
165;24027
43;24028
7;24029
217;24030
9;24031
18;24048
10;24057
4;24058
21;24061
40;24064
16;24067
24;24068
19;24077
8;24084
39;24085
9;24088
7;24093
28;24116
4;24120
29;24122
38;24123
13;24124
38;24125
26;24126
165;24127
2;24140
9;24142
25;24145
11;24153
167;24158
8;24160
9;24176
18;24179
18;24184
24;24216
37;24217
214;24218
155;24219
21;24220
15;24222
35;24237
38;24238
24;24239
16;24240
6;24247
2;24251
36;24263
550;24264
3;24267
24;24272
16;24273
35;24301
20;24313
183;24314
28;24315
42;24316
160;24322
12;24333
12;24334
32;24336
12;24342
11;24355
27;24361
18;24368
14;24370
725;24409
164;24410
19;24411
350;24412
27;24429
12;24430
21;24432
16;24453
169;24458
6;24463
34;24466
223;24505
38;24506
5;24507
47;24508
4;24514
1;24516
48;24526
34;24527
17;24530
10;24542
29;24551
1;24552
16;24553
36;24554
28;24556
27;24560
38;24561
32;24601
24;24603
25;24609
19;24626
12;24643
18;24646
11;24651
6;24654
167;24697
46;24698
31;24699
38;24700
39;24701
192;24702
16;24703
4;24704
28;24717
31;24729
7;24730
30;24731
27;24734
20;24735
57;24736
62;24739
6;24743
12;24751
30;24752
32;24754
16;24756
2;24757
16;24758
3;24774
9;24789
32;24793
26;24795
62;24796
6;24797
38;24798
7;24826
9;24827
19;24828
1;24830
183;24832
36;24833
25;24834
13;24839
23;24847
36;24849
5;24850
1;24855
21;24867
68;24889
66;24890
11;24892
19;24909
61;24910
10;24911
24;24912
11;24938
162;24939
36;24943
8;24964
216;24985
145;24986
57;24987
18;24988
1;25005
25;25007
3;25011
28;25024
583;25029
7;25032
9;25034
13;25036
16;25038
20;25058
35;25081
195;25082
37;25083
28;25084
32;25099
32;25101
161;25102
37;25104
156;25115
17;25133
34;25134
25;25137
42;25140
4;25175
43;25177
74;25178
58;25179
50;25180
10;25190
54;25198
67;25200
24;25205
16;25213
8;25217
10;25227
14;25228
19;25236
23;25237
626;25273
17;25274
30;25275
31;25276
5;25280
9;25291
156;25293
39;25295
52;25296
11;25299
1;25300
29;25320
18;25321
25;25328
163;25332
172;25369
24;25370
9;25371
13;25372
17;25373
20;25374
4;25375
15;25380
16;25402
28;25403
5;25405
42;25407
5;25421
29;25422
172;25424
22;25432
8;25465
201;25466
43;25467
4;25468
14;25470
14;25471
43;25472
7;25486
154;25497
22;25498
14;25499
6;25502
16;25508
2;25514
10;25520
6;25523
17;25526
161;25543
19;25560
68;25561
215;25562
22;25563
12;25564
24;25579
188;25581
12;25582
152;25583
173;25584
3;25585
21;25587
8;25603
17;25605
164;25607
12;25613
31;25616
14;25617
24;25618
3;25620
20;25645
143;25657
27;25658
38;25659
49;25660
26;25661
1;25670
32;25677
22;25678
21;25679
31;25688
31;25696
26;25701
24;25704
20;25713
27;25714
170;25716
11;25736
85;25753
68;25754
15;25755
343;25756
153;25762
4;25769
25;25773
17;25774
171;25775
5;25776
18;25792
24;25797
7;25798
14;25801
26;25821
79;25849
94;25850
160;25851
206;25852
23;25854
28;25869
26;25870
16;25894
64;25899
7;25901
4;25902
34;25903
15;25933
73;25945
109;25946
60;25947
169;25948
29;25953
8;25960
1;25961
6;25965
12;25967
5;25973
8;25977
31;25985
7;25990
4;25991
16;25993
16;25994
32;25997
7;25998
4;26003
24;26034
5;26037
159;26042
5;26043
32;26045
6;26046
8;26047
96;26048
1;26061
13;26066
12;26073
32;26075
14;26076
24;26077
33;26078
1;26080
7;26083
12;26093
3;26094
2;26099
27;26101
35;26103
10;26104
20;26137
24;26138
40;26139
216;26140
43;26141
79;26143
10;26144
30;26151
14;26156
28;26173
22;26174
21;26175
27;26176
2;26185
26;26189
5;26196
7;26198
11;26199
54;26233
194;26234
40;26235
9;26236
23;26240
26;26242
2;26253
13;26254
31;26255
199;26256
14;26266
7;26271
67;26278
11;26281
157;26285
14;26288
45;26329
58;26330
178;26331
103;26332
16;26333
13;26349
15;26350
6;26359
24;26371
2;26373
1;26380
100;26425
197;26426
361;26427
31;26428
7;26434
30;26443
4;26446
23;26447
10;26454
162;26469
16;26472
29;26474
5;26480
4;26484
35;26521
59;26522
41;26523
58;26524
8;26530
13;26538
2;26542
24;26543
8;26554
26;26559
26;26567
25;26569
7;26570
146;26575
15;26576
13;26578
166;26579
158;26587
21;26617
85;26618
21;26619
94;26620
13;26633
25;26639
7;26640
15;26641
7;26648
175;26662
21;26663
8;26667
9;26676
32;26713
44;26714
16;26717
15;26718
570;26719
184;26720
26;26725
19;26730
23;26742
24;26743
28;26745
21;26746
3;26749
8;26750
1;26751
13;26752
24;26757
12;26774
26;26775
17;26776
10;26799
24;26809
42;26810
19;26811
1;26813
79;26814
91;26815
18;26816
16;26819
168;26830
9;26831
24;26841
37;26842
154;26843
36;26844
3;26845
49;26846
27;26847
163;26855
22;26864
11;26866
55;26905
69;26906
95;26907
62;26908
33;26925
57;26926
1;26927
25;26942
13;26949
169;26950
13;26956
291;27001
68;27002
98;27003
71;27004
182;27009
36;27021
45;27023
32;27024
29;27035
18;27043
28;27047
3;27051
24;27052
10;27054
15;27056
19;27057
175;27059
242;27097
34;27098
54;27099
43;27100
176;27117
146;27119
20;27120
11;27126
37;27130
12;27131
5;27132
17;27148
23;27152
11;27156
16;27181
22;27193
45;27194
218;27195
65;27196
2;27198
14;27207
195;27213
46;27214
32;27215
14;27233
5;27240
26;27245
30;27250
11;27252
4;27289
257;27290
196;27291
16;27297
15;27299
5;27303
12;27309
18;27310
591;27311
206;27312
15;27334
31;27335
568;27338
13;27340
39;27344
20;27346
23;27362
9;27385
323;27386
60;27387
54;27388
25;27389
78;27391
16;27392
20;27398
26;27408
25;27409
13;27411
22;27412
3;27414
32;27415
72;27423
26;27424
5;27431
13;27434
10;27437
16;27443
162;27446
8;27457
23;27459
2;27471
45;27481
62;27482
44;27483
31;27484
208;27485
18;27486
55;27488
2;27499
5;27508
6;27513
12;27514
36;27517
11;27518
154;27520
2;27527
9;27540
3;27542
168;27544
33;27560
65;27577
194;27578
61;27579
19;27580
12;27587
1;27596
36;27597
29;27599
190;27600
2;27602
19;27605
26;27625
6;27631
2;27633
1;27635
37;27673
24;27674
15;27675
184;27676
25;27691
7;27694
34;27695
7;27696
34;27698
11;27718
7;27720
15;27721
33;27722
36;27769
26;27770
17;27771
41;27772
39;27790
16;27791
69;27792
3;27800
6;27814
18;27817
10;27819
15;27827
86;27865
174;27866
33;27867
22;27868
5;27874
31;27885
40;27886
17;27888
1;27895
38;27897
20;27899
35;27913
10;27914
15;27915
21;27916
7;27917
21;27919
19;27925
21;27961
108;27962
37;27963
94;27964
23;27974
9;27981
156;27982
164;27983
26;27984
1;27995
11;28001
19;28019
11;28057
82;28058
76;28059
8;28060
77;28062
2;28063
219;28064
39;28078
150;28079
32;28085
19;28087
3;28091
31;28093
2;28095
17;28096
14;28098
38;28114
5;28116
15;28118
7;28129
10;28145
12;28150
28;28153
27;28154
88;28155
45;28156
52;28157
77;28158
17;28159
14;28160
18;28164
12;28169
25;28172
2;28173
28;28185
46;28186
7;28188
41;28189
9;28190
66;28192
6;28194
20;28195
10;28204
9;28205
6;28206
15;28207
2;28210
383;28249
39;28250
589;28251
32;28252
7;28259
5;28268
7;28272
27;28289
7;28291
6;28295
26;28298
18;28301
7;28305
29;28345
37;28346
45;28347
65;28348
11;28355
4;28365
4;28367
4;28368
10;28370
2;28377
28;28381
572;28384
27;28389
16;28391
18;28395
18;28398
4;28399
9;28400
19;28402
9;28404
60;28441
214;28442
31;28443
24;28444
4;28449
26;28461
13;28462
27;28479
17;28485
2;28491
16;28494
2;28499
22;28511
85;28537
188;28538
66;28539
98;28540
23;28546
15;28551
8;28553
21;28559
152;28582
6;28584
162;28589
25;28593
214;28633
224;28634
61;28636
10;28639
11;28653
6;28667
36;28675
18;28679
30;28681
56;28683
16;28686
26;28689
3;28691
13;28729
224;28730
373;28732
168;28733
193;28734
184;28735
42;28736
26;28740
25;28755
156;28762
162;28765
21;28767
18;28774
11;28784
15;28786
3;28787
10;28789
29;28798
10;28817
13;28820
8;28825
4;28826
181;28828
1;28829
198;28830
48;28831
42;28840
24;28843
25;28846
28;28857
19;28860
23;28863
177;28864
9;28865
9;28877
149;28881
15;28886
2;28888
195;28921
283;28922
14;28923
111;28924
184;28942
20;28944
5;28959
11;28965
6;28966
9;28970
2;28973
36;28978
14;28980
206;29017
38;29018
46;29019
143;29020
5;29027
25;29033
30;29034
6;29037
2;29039
18;29040
16;29049
1;29056
27;29066
2;29069
3;29072
32;29075
21;29076
16;29101
130;29113
30;29114
24;29115
49;29116
3;29117
43;29133
4;29134
20;29146
9;29158
38;29164
13;29165
25;29168
9;29179
40;29213
22;29214
45;29215
222;29216
14;29235
8;29239
29;29253
33;29259
10;29261
41;29262
15;29309
50;29310
33;29311
6;29312
11;29314
26;29328
27;29329
22;29330
194;29332
21;29341
4;29342
30;29347
4;29358
42;29361
165;29366
30;29367
22;29377
6;29381
46;29405
43;29406
4;29407
12;29408
20;29409
19;29410
160;29411
17;29412
2;29422
25;29437
33;29438
12;29440
14;29441
152;29442
14;29443
40;29451
1;29458
5;29461
14;29465
12;29466
12;29467
20;29493
8;29501
31;29502
58;29504
13;29505
18;29506
69;29507
39;29508
28;29528
7;29533
19;29536
35;29537
20;29539
14;29541
15;29545
9;29552
162;29554
566;29556
27;29557
37;29597
70;29599
27;29600
163;29610
21;29614
7;29617
22;29619
18;29620
156;29641
32;29642
17;29643
12;29644
8;29656
16;29693
43;29694
161;29695
231;29696
28;29699
163;29708
14;29712
11;29713
6;29714
12;29715
8;29716
2;29725
25;29735
32;29737
167;29739
20;29741
6;29742
26;29746
57;29789
728;29790
57;29792
25;29809
16;29810
10;29811
12;29812
28;29829
2;29834
13;29838
1;29841
182;29843
11;29844
15;29871
327;29885
70;29886
28;29887
79;29888
6;29890
21;29906
46;29907
153;29908
31;29909
10;29911
16;29912
6;29921
15;29928
152;29931
9;29933
16;29937
52;29981
42;29982
51;29983
201;29984
18;30001
27;30002
17;30003
591;30004
5;30006
6;30029
24;30036
19;30038
7;30040
1;30048
18;30051
23;30077
36;30079
158;30080
31;30081
11;30082
14;30083
22;30084
36;30109
46;30110
25;30111
2;30115
5;30125
12;30129
13;30134
1;30136
38;30154
46;30174
24;30180
3;30182
155;30206
20;30208
21;30211
13;30212
7;30219
3;30221
11;30226
28;30236
39;30269
19;30270
188;30271
6;30272
15;30277
21;30290
181;30291
45;30292
4;30307
6;30317
9;30328
24;30365
19;30366
59;30367
362;30368
18;30372
34;30386
22;30387
10;30388
13;30410
23;30413
13;30414
17;30415
13;30423
15;30424
53;30461
16;30462
250;30463
31;30464
18;30481
24;30482
33;30483
29;30484
18;30502
4;30503
31;30505
2;30516
9;30517
10;30554
49;30557
171;30558
74;30559
23;30560
29;30566
166;30577
144;30578
7;30580
5;30604
11;30605
4;30609
34;30653
20;30654
21;30655
8;30656
35;30657
7;30667
13;30671
36;30673
77;30674
7;30675
265;30676
58;30699
179;30702
8;30704
7;30706
27;30709
18;30710
153;30712
12;30715
31;30743
30;30750
30;30751
7;30752
157;30753
67;30754
31;30755
56;30756
168;30770
23;30772
25;30777
2;30778
148;30780
17;30781
182;30784
33;30785
3;30786
12;30787
4;30791
12;30794
22;30797
26;30802
195;30803
8;30811
18;30835
13;30838
4;30846
25;30847
74;30848
68;30849
66;30850
40;30851
211;30852
37;30858
10;30877
2;30878
10;30880
46;30882
17;30886
14;30887
10;30891
29;30905
169;30941
16;30942
33;30943
67;30944
7;30953
4;30956
40;30959
40;30961
61;30962
5;30963
18;30985
10;30993
25;30994
4;30995
199;31037
235;31038
167;31039
79;31040
20;31043
30;31051
43;31058
175;31059
7;31060
24;31067
24;31090
21;31108
586;31133
70;31134
9;31135
60;31136
17;31140
6;31145
16;31153
10;31154
24;31155
29;31164
11;31169
16;31177
2;31182
6;31184
26;31188
27;31191
18;31192
36;31229
32;31231
24;31232
5;31240
28;31253
21;31266
9;31271
170;31274
18;31276
3;31283
26;31288
35;31325
28;31326
41;31327
67;31328
49;31345
9;31347
16;31355
11;31370
3;31372
4;31421
176;31423
30;31424
52;31426
62;31427
42;31428
20;31442
35;31446
22;31447
55;31456
37;31457
12;31458
4;31460
23;31466
57;31473
33;31474
44;31475
25;31477
4;31480
29;31481
29;31500
172;31517
5;31518
31;31519
66;31520
19;31522
164;31523
16;31528
169;31537
7;31549
24;31550
8;31551
25;31553
17;31562
8;31563
30;31566
15;31570
36;31573
49;31578
35;31580
239;31613
33;31614
110;31615
232;31616
20;31620
36;31636
30;31637
20;31641
7;31649
26;31668
28;31670
9;31672
49;31709
671;31710
218;31711
21;31712
1;31724
27;31726
198;31729
46;31730
5;31731
14;31756
30;31757
31;31763
27;31764
16;31766
18;31805
202;31806
41;31807
39;31808
52;31825
15;31826
31;31842
7;31846
12;31855
1;31858
227;31901
32;31902
138;31903
56;31904
31;31910
37;31913
26;31918
11;31921
31;31923
24;31924
32;31925
35;31943
28;31946
2;31947
57;31949
30;31950
8;31951
7;31953
29;31954
21;31963
309;31997
24;31998
15;31999
43;32000
27;32002
13;32011
27;32016
46;32017
28;32019
57;32020
11;32041
21;32045
12;32047
2;32048
26;32049
4;32051
10;32053
11;32056
6;32083
12;32084
35;32093
4;32094
11;32095
183;32096
159;32097
198;32098
3;32099
3;32100
21;32127
3;32128
35;32129
6;32130
3;32135
145;32144
36;32145
26;32147
6;32148
160;32151
32;32152
17;32189
7;32190
54;32191
9;32192
10;32193
22;32194
26;32196
38;32198
33;32210
6;32215
17;32216
12;32224
233;32226
17;32242
3;32247
5;32250
9;32252
20;32276
53;32285
214;32286
51;32287
30;32288
12;32295
3;32300
12;32307
5;32310
21;32314
1;32319
27;32333
53;32336
19;32341
11;32343
47;32381
21;32382
27;32383
25;32384
6;32392
39;32396
8;32398
17;32401
67;32402
14;32403
197;32404
1;32414
9;32418
11;32425
13;32426
17;32427
1;32432
21;32438
161;32452
31;32477
95;32478
75;32479
49;32480
12;32485
154;32497
23;32498
60;32499
19;32503
2;32514
25;32521
6;32523
27;32524
13;32529
21;32530
25;32542
73;32573
52;32574
188;32575
227;32576
26;32589
27;32594
30;32595
9;32596
6;32605
22;32609
16;32614
33;32620
3;32631
22;32632
30;32646
25;32658
36;32669
201;32670
5;32671
96;32672
8;32686
4;32689
55;32690
1;32710
74;32715
29;32717
1;32718
61;32720
4;32723
23;32732
11;32745
40;32765
210;32766
18;32767
209;32768
27;32770
196;32771
37;32772
17;32790
77;32797
6;32798
45;32799
14;32800
15;32801
20;32803
48;32804
16;32806
18;32811
35;32818
158;32820
6;32822
33;32861
23;32862
11;32863
96;32864
47;32865
60;32866
10;32867
32;32868
30;32870
13;32885
22;32886
2;32887
8;32889
31;32893
29;32894
24;32895
28;32896
49;32897
28;32898
1;32910
27;32915
4;32916
174;32918
14;32919
30;32920
27;32953
168;32957
13;32958
69;32959
605;32960
31;32963
5;32964
25;32970
26;32974
8;32976
164;32978
30;32980
32;32988
16;32996
22;32999
23;33002
9;33009
8;33011
174;33053
71;33054
201;33055
94;33056
216;33073
31;33074
4;33076
13;33078
4;33079
28;33099
17;33100
22;33102
11;33105
38;33111
18;33127
596;33149
136;33150
78;33151
56;33152
4;33160
154;33163
13;33169
557;33170
182;33171
162;33172
3;33192
163;33193
11;33196
6;33197
168;33199
15;33202
25;33245
3;33246
8;33247
47;33248
16;33252
7;33255
6;33264
9;33265
17;33266
56;33267
34;33268
6;33292
8;33299
46;33303
13;33339
41;33341
16;33342
11;33343
27;33344
14;33347
13;33356
22;33358
13;33361
54;33362
553;33371
13;33373
15;33386
32;33387
2;33388
23;33391
8;33392
5;33393
23;33398
16;33399
10;33437
12;33438
171;33439
19;33440
12;33442
7;33443
375;33444
17;33450
182;33469
5;33471
22;33472
12;33473
164;33474
10;33476
8;33482
25;33492
29;33493
30;33496
3;33506
10;33511
17;33518
2;33519
3;33521
55;33533
192;33534
15;33535
15;33536
7;33537
19;33538
26;33539
36;33540
31;33552
3;33555
18;33565
15;33595
1;33629
1;33630
69;33631
44;33632
52;33650
154;33651
33;33652
5;33653
22;33655
14;33656
22;33676
567;33678
17;33679
151;33688
222;33725
86;33726
358;33727
232;33728
155;33739
4;33742
76;33745
31;33746
23;33747
2;33749
2;33770
26;33772
28;33774
35;33775
13;33820
70;33821
34;33822
5;33823
24;33824
57;33841
9;33842
29;33843
4;33844
9;33845
16;33850
30;33852
23;33866
16;33869
31;33870
2;33871
22;33897
61;33917
89;33918
90;33919
26;33920
9;33936
66;33937
14;33939
569;33940
8;33954
6;33962
7;33964
5;33966
1;33967
2;33973
34;33975
38;34013
46;34014
20;34015
642;34016
161;34022
1;34032
8;34036
3;34037
8;34045
26;34049
19;34051
15;34057
7;34058
7;34061
9;34064
22;34068
115;34109
10;34110
230;34112
28;34113
19;34114
9;34116
19;34122
30;34126
9;34137
15;34139
8;34141
16;34142
19;34144
91;34145
15;34148
9;34151
1;34159
20;34170
10;34185
8;34203
147;34205
50;34207
22;34208
10;34209
96;34210
27;34211
31;34212
12;34216
18;34225
9;34238
4;34239
27;34240
42;34241
12;34242
23;34243
14;34244
6;34251
151;34267
11;34268
95;34301
190;34302
56;34303
24;34304
6;34319
10;34321
32;34322
26;34323
60;34324
173;34325
12;34329
156;34348
8;34351
37;34352
32;34356
5;34357
5;34359
9;34360
13;34368
242;34397
65;34398
89;34399
63;34400
25;34415
16;34417
19;34418
3;34419
61;34420
4;34421
12;34442
17;34450
8;34452
4;34457
3;34460
7;34471
38;34493
17;34495
23;34496
40;34513
8;34515
4;34516
6;34518
16;34526
153;34533
8;34541
7;34547
14;34552
2;34577
86;34590
32;34591
29;34592
15;34599
30;34604
23;34609
8;34610
27;34611
10;34612
2;34622
30;34631
174;34636
19;34640
9;34644
13;34647
38;34685
49;34686
60;34687
380;34688
10;34704
10;34706
34;34707
29;34708
8;34730
4;34732
33;34733
22;34734
16;34737
10;34738
7;34742
30;34772
3;34779
189;34781
46;34783
33;34784
58;34786
35;34788
12;34798
161;34813
9;34814
3;34815
49;34816
4;34817
9;34820
12;34833
45;34837
30;34841
36;34843
14;34869
8;34877
6;34878
48;34879
32;34880
58;34882
73;34883
44;34884
8;34892
16;34902
49;34909
14;34910
39;34911
1;34912
24;34913
31;34915
10;34916
161;34924
4;34925
33;34929
170;34934
55;34973
224;34974
73;34975
54;34976
17;34992
30;34993
165;34994
184;34995
41;34996
18;35003
9;35010
24;35017
6;35025
