sums of daily draw-off volumes
181.8
275
151.2
132.5
192.5
195
217.5
218.8
148.8
121.5
206.2
185.2
156.8
169
292.5
193.2
261.5
195.2
130
207.5
207.8
116.8
165.2
558.5
175.2
235
297.5
129.5
273.5
189.2
217
187.5
225.8
116.2
279.8
140.2
149.5
271.5
274.2
190.5
152.5
265.2
239.2
218.2
273.5
129.5
113.5
177
346.2
274
240.5
168.5
151.8
56
264.2
97.8
148.8
81.8
239.2
304.5
275.2
137.8
363.8
182.2
149.5
263.5
219.2
76.2
107.5
289.8
148.2
254
291
220.2
125.2
180.8
289.8
176.5
122
266.8
153.5
152.5
195.5
125.5
172.8
205.8
250.2
175
161
160
168
233.8
235.5
348.8
242
147.5
204
223
142.5
167.2
288.8
277.5
297.8
125.8
354.8
144.8
251
194
169.5
477.8
212.2
467.5
155.8
361.8
244.2
190.2
200.2
230.8
211.2
196
124.2
160.5
134.8
110.8
218.8
229
241.2
205.5
188.8
85.8
162
252
400.8
104.5
230.8
99
136.2
148.2
248.2
74.2
236
111
137.5
93
142.5
150.2
81
151.5
250.2
120.2
241.8
249.5
263
158
525.5
191.5
145.8
237.8
141.2
199
95
263.2
252.8
96
306.2
130
170.5
205.2
220
173
69
142.2
79.8
229.8
455.8
203.5
174
183.5
58.5
123
279.2
150.8
174.8
122.2
198
305.5
131
237.5
140.2
408.8
167.8
132.2
153
177.8
410.5
255.2
131.2
167
174
137.8
204.2
216
105
279.5
239.2
207.8
108.5
77
174.2
217.2
203.5
77.2
82.8
205.5
139.5
77.2
180
285.2
252
242.5
235
129
186.5
222
69.5
123.5
171.8
175.5
422.2
199
293.8
157.8
263.2
205.8
186.2
233.2
171.5
224.2
99.8
99.2
244
71
249.8
176
251.8
229.5
148.8
189.8
170
247.5
164
152
304
151.5
385.8
150.5
36.8
227.2
133.5
122.2
282.2
212.8
118.5
303
148.2
145.2
335.8
177
246.5
185.2
153
140.2
156.2
215.2
115.2
244.8
207.5
125.2
276.5
250.8
148
286
207.8
185.2
501.5
258.2
226
174
108.2
74
148.8
167.2
210
174.8
288.2
232.8
114.5
212.2
177.8
418.2
246.2
222.5
155.2
103.2
116
170
171.2
289.5
147.5
242.8
285.5
250
265.2
113.2
92.2
133.2
160.5
129.5
173.2
246.2
322.2
173.5
124.8
250.8
238.5
93
64.8
191.5
231.2
197.5
338.5
104.5
215.5
171.5
271.8
129.5
133
135.2
199.5
183.5
163.2
305.8
206.5
320.2
231
580.5
72
228.5
277.5
116.8
288
320
93
252.2
258
165.8
182.5
237.2
157.8
85.2
127.2
177.5
191
210.8
225
sums of draw-off volumes of each hour of the day
298.6
206.4
211
226.8
187.9
259.9
13868.5
16347.9
6462.4000000
1266
609.2
4545.9
4719.2999999
1681.5
2058.8
2574.6
2747.8
2212.8
2906.1
2870
3026.9
2492.6
730.9
334.4
sums of draw-off volumes of each hour of weekdays
236.9
187.8
102.8
136.9
108.2
92.8
11392
11692.2
3465.3
434.7
466.4
4077.7
4348.4
1563.1
701.8
476
992.9
1734.1
2685.2
2288.8
2097.6
1242.1
232.2
179.9
sums of draw-off volumes of each hour of weekend-days
61.7
18.6
108.2
89.9
79.7
167.1
2476.5
4655.7
2997.1
831.3
142.8
468.2
370.9
118.4
1357
2098.6
1754.9
478.7
220.9
581.2
929.3
1250.5
498.7
154.5
holidays of household(s), numbers correspond to day of year
