sums of daily draw-off volumes
59.5
30
34.5
85.2
116.5
44.8
104.2
124.2
28.8
48.5
92.5
34.5
132
75.2
181.5
78
99.8
78.5
36
132.5
56.8
106.5
44.2
109
101.5
30
45
40.8
27.8
25.2
18
47.5
68.8
90
48
165
69.2
43.8
41.5
140
223.2
89.8
167.2
117.8
102.8
128.5
94.5
66.2
102
57.5
72
62.5
39.5
90.2
407.2
33
91.2
52.2
169.5
73.5
33.8
184.2
38.2
146.2
54.5
94.2
189.2
62.5
118.2
54
103.5
60.5
64.8
116.5
49
61.8
162.5
12.2
119.5
88.5
116.8
39.8
82.8
214
74.8
67.2
77.2
2.5
49.2
92.2
183.2
72.5
48
62.2
89.2
264.8
58.5
50.2
202.2
36.2
26.5
184.5
51.2
29.5
97.2
109
70.5
60.5
91.8
126.5
61.8
210.5
55.2
25
42
74.8
64
132
83.2
139.8
59.8
117
38.8
10
22.5
75.2
244.5
23
63
54.5
97
133.2
46.8
74
49.2
42
107.5
39
107.2
250.2
101.2
122
40.2
63
37.5
126.5
30
46.8
20.5
198
45.8
24.8
96.5
111.2
66.5
23.5
68.8
45
48.8
89.8
68.5
33.2
71.8
42.8
117.5
27.8
89.2
119.8
31
155.8
57.8
96
26.2
157.5
123.2
23.8
38.2
91.5
324
35.5
113
84
70
25.5
66.5
12.8
48
67.2
42.2
52.5
62
78
28.5
67.8
48
73.2
86
186.2
50
84.2
83.8
132.8
13.8
7.8
75
43.2
205.8
125
70.8
85.5
129.8
35
34.8
51.2
22.5
222
83
27.8
56.8
23.2
126
72
40.2
171
45.8
32.5
22.8
36.5
86.2
44.5
49
125.8
33
40
77.5
66.8
17.8
259.8
100.8
30.2
61
42.5
90.2
75.2
104.2
28
76.8
22
38
89.5
62
39
198
86.8
14.8
37
26.8
69.8
120.2
10.8
87.2
65.2
71.5
72.8
67.5
31.5
28
72.8
37
90.5
28.2
63
190.2
33.2
145.2
60.2
14.8
129.5
62.5
58.5
62.5
54.8
68.5
114.2
39.8
76.8
62.8
50.2
16.8
15.8
17.8
18.2
88.8
113
113.2
136.5
35.8
64.2
80
68.8
85
53
57
17
34
206.8
81.5
30.5
99.2
47
20.5
109.8
56.8
31.2
65
81.5
129.8
281
111
33.8
74.2
192.5
104.2
170.2
72.8
121.2
40.8
155
98.5
102
27
84.8
178.8
12.8
118.2
67
30.5
96
28.8
81.5
22
94
68.5
29
88.2
102.5
86
68.5
88
135
87.8
96
68
126
47.5
216.2
31
17
28
37.8
73.2
70.5
21.8
39.5
106.5
sums of draw-off volumes of each hour of the day
238.3
62.8
47.8
122.8
43.5
98.3
5519.3
6434
2605.1
532.6
238
1485
1488.1
773.6
733.1
1022.6
1262.8
1014.9
906.1
1418
1244.8
1234.1
408.3
153.1
sums of draw-off volumes of each hour of weekdays
180.2
24.4
21.6
104.5
22.8
4.2
4322.5
4687.3
1227
172.8
191.9
1354.1
1448.5
685.5
169.3
223.2
185.5
615.6
837
1169.5
911.6
480.1
81.3
47.5
sums of draw-off volumes of each hour of weekend-days
58.1
38.4
26.2
18.3
20.7
94.1
1196.8
1746.7
1378.1
359.8
46.1
130.9
39.6
88.1
563.8
799.4
1077.3
399.3
69.1
248.5
333.2
754
327
105.6
holidays of household(s), numbers correspond to day of year
