sums of daily draw-off volumes
129.2
130.2
101.8
160.5
131.8
239
385.2
161.5
222.8
101.5
113.5
126
265.2
258.2
113.8
268.5
190
74
213.5
159
349.5
123.2
170.5
128
130
135
133.8
209.8
139
149.2
202.5
155.8
185.2
178.8
189.5
165
142
242.5
158.5
205.8
305.5
202
135
291
99.2
141.2
150
260.5
178.8
139.2
287
287.5
212.2
289.5
173.5
233
164
176
141.2
222.5
171.8
335.2
270.5
224
325.5
327.5
93
109.8
202.5
128.8
223.2
384.8
124.8
176
129.2
136.5
199
209.5
259.5
152
157.2
120
164
284
91.8
120.2
175.5
152.2
122.2
209.2
96.8
160.2
218.8
83.2
125.8
165.5
299
208.5
250.5
144.5
174.5
182.2
118.5
133
161
129.2
167.8
135.5
105.8
78.8
200.2
234.2
103.5
50.8
102
165.8
126.5
163.8
190
241.5
80.2
87.2
146.5
310.2
201.5
159
50.5
153.8
119.5
157
99.8
217.8
157
131.5
141.2
223.8
93.8
116
101
227.2
102.5
143
72.2
181
140.8
131.8
161.5
185.5
73
82.2
166.8
51
140.5
227
131.8
156
142.2
144.8
88.2
139
170.2
119.5
126.8
113
134.2
139
151.8
130.2
145.2
175
118.5
83.5
156.5
106.5
95
131.5
83.2
157.2
177
83.2
167.5
109.5
135.5
178.8
259.2
267.2
160.5
126.2
269
152.5
246.2
41.2
77
100.5
91.2
286.8
97.2
81
171.2
106.5
78.5
89.8
378.5
198
94.2
99.5
193.2
125.5
111.5
293.8
109.2
72
138
135.2
153.2
156.5
308.5
64
162.5
155.2
128
31.2
196
148.2
139
95.8
42
324.8
208
217.5
254.5
140.2
140
194.5
107.8
128.2
207
215.2
45.8
92.8
173
129.2
214.8
100
146.8
85.5
48.5
145
142.2
131.8
171.2
176.8
46.2
158
123.8
270.8
67.2
176.5
172.5
101.5
387.2
131
104.8
257.5
169
128.5
207
228.2
52.8
125.8
79.8
294
158.8
119.2
61.5
118.8
219
137.5
127.8
124
225.5
112
135.2
129.5
242.2
288.2
211
119.2
263.5
117.8
50.8
278
118.5
126.5
111.2
133.2
190
109.8
108.5
204.5
142.8
87.8
135.5
173.5
219
137.5
182.8
73
161
279.8
82.8
169
68.2
234.2
233.5
96
106
110.8
164.5
186.2
117
197.5
71.2
131.8
99.5
82
107
61
449.2
88.2
142
155.2
175.8
117.8
131.8
73.5
217.2
80.2
135.8
126
129
320.5
131.8
71.8
71.2
144.8
91
112.2
105
219.8
215.2
154
114.8
156.8
181
112.2
198.2
84
132.5
342.5
108.8
114
278
272
145.2
sums of draw-off volumes of each hour of the day
224.9
116.8
199.3
125.9
143.9
122.6
9828.4
12968.3
5635.7
1368.5
634.5
2850.2
3845.6
1370.9
1563.2
3012.3
1563.5
2110.4
2178.8
2180.2
2963.6
2104.4
961.1
177.3
sums of draw-off volumes of each hour of weekdays
181.9
48.4
24.1
42.3
82.2
70.6
8060.6
8889.2
2526.9
742.7
470.6
2708.5
3676.4
1039.7
440.7
478.6
407.5
1386.3
1816.4
1562.7
2016.1
1339.4
262.6
62.5
sums of draw-off volumes of each hour of weekend-days
43
68.4
175.2
83.6
61.7
52
1767.8
4079.1
3108.8
625.8
163.9
141.7
169.2
331.2
1122.5
2533.7
1156
724.1
362.4
617.5
947.5
765
698.5
114.8
holidays of household(s), numbers correspond to day of year
