107;29
69;30
76;32
3;34
25;36
15;49
159;50
10;76
12;79
18;80
23;84
20;99
18;112
65;125
11;126
59;127
46;128
6;137
21;146
173;147
16;174
8;180
27;182
34;183
17;184
4;221
46;222
8;223
66;224
3;240
33;241
5;247
2;265
28;267
19;272
19;276
11;277
156;279
7;280
58;317
9;318
52;319
172;320
16;324
54;338
161;340
21;341
23;360
26;362
27;365
23;370
37;386
35;413
25;414
8;415
172;416
14;435
15;436
22;449
12;451
19;463
153;464
15;465
22;489
3;508
24;509
24;510
37;511
48;512
15;515
11;516
23;534
606;541
46;543
10;544
23;547
7;559
10;561
17;565
5;566
25;568
167;604
5;605
177;607
8;608
577;609
52;610
191;611
51;612
8;621
17;640
29;643
12;644
14;657
166;659
36;664
18;665
13;666
46;701
235;702
37;703
59;704
19;714
10;721
162;722
14;724
24;749
2;751
1;752
19;754
4;757
14;758
41;797
113;798
39;799
20;800
26;801
150;819
183;820
13;822
22;825
4;827
28;841
22;847
7;848
175;850
37;854
11;856
83;893
10;894
22;895
66;896
7;913
164;915
24;916
1;937
11;939
11;941
7;943
91;989
48;990
43;991
175;992
7;1006
1;1010
29;1011
33;1012
4;1038
23;1040
47;1085
59;1086
177;1087
5;1088
26;1105
45;1106
51;1108
6;1119
28;1130
2;1135
20;1141
31;1142
7;1143
24;1173
19;1181
181;1182
9;1183
18;1184
34;1185
11;1186
15;1187
188;1188
1;1209
158;1210
19;1214
11;1215
3;1216
51;1218
57;1220
22;1231
16;1239
34;1241
166;1243
24;1245
11;1251
26;1262
34;1277
38;1279
34;1280
47;1281
16;1282
1;1283
45;1284
23;1285
26;1288
34;1292
20;1309
34;1312
40;1314
200;1315
38;1316
157;1317
172;1326
14;1331
9;1334
14;1338
10;1373
96;1374
8;1375
25;1376
19;1378
165;1394
5;1395
30;1396
40;1411
10;1412
26;1415
10;1429
11;1431
72;1469
100;1470
20;1471
57;1472
561;1479
20;1485
27;1489
9;1490
151;1491
7;1496
1;1508
12;1515
35;1523
1;1525
1;1526
104;1565
18;1566
65;1567
48;1568
27;1585
180;1586
40;1587
45;1588
27;1610
160;1611
4;1622
18;1624
24;1627
12;1661
22;1662
42;1663
69;1664
30;1665
22;1674
5;1680
9;1681
9;1687
30;1709
13;1712
24;1716
9;1726
19;1730
28;1757
210;1758
63;1759
69;1760
20;1769
9;1779
173;1780
22;1792
10;1798
3;1801
175;1802
2;1804
24;1806
27;1811
27;1854
26;1855
45;1856
41;1857
31;1858
128;1859
21;1860
35;1884
156;1885
15;1888
6;1892
9;1895
16;1903
23;1909
15;1910
9;1912
16;1914
17;1916
20;1928
39;1937
13;1938
11;1949
626;1950
42;1952
26;1953
20;1954
218;1955
29;1956
1;1957
165;1972
21;1981
47;1982
7;1985
35;1986
30;1987
6;2001
23;2002
19;2005
3;2034
11;2043
31;2045
32;2046
14;2047
174;2048
14;2062
36;2068
15;2072
163;2091
12;2141
218;2142
24;2143
139;2144
4;2154
23;2163
24;2171
159;2174
27;2189
52;2196
79;2237
30;2238
15;2239
269;2240
39;2248
8;2256
40;2257
17;2260
15;2270
78;2333
67;2334
159;2335
50;2336
9;2343
48;2353
4;2354
28;2356
18;2371
18;2381
27;2385
14;2388
236;2429
42;2430
70;2431
10;2432
40;2434
3;2436
27;2449
4;2450
11;2451
15;2470
6;2473
17;2475
32;2476
27;2479
34;2525
14;2528
173;2529
37;2530
22;2538
24;2555
6;2557
10;2558
20;2559
59;2560
9;2561
12;2563
7;2564
10;2574
69;2580
1;2581
22;2583
6;2586
13;2621
15;2622
237;2623
6;2624
1;2625
28;2626
189;2627
55;2628
3;2630
21;2639
21;2653
173;2654
40;2656
30;2657
7;2660
3;2698
20;2701
323;2717
10;2718
33;2719
40;2720
7;2734
8;2737
17;2738
35;2739
3;2766
17;2770
2;2771
5;2773
33;2784
13;2811
30;2813
59;2814
54;2815
28;2816
17;2819
173;2833
5;2834
11;2847
8;2861
156;2863
13;2867
30;2871
15;2909
23;2910
383;2912
182;2929
158;2931
15;2932
14;2946
20;2954
67;3005
38;3006
45;3007
29;3008
150;3025
11;3044
169;3050
15;3054
34;3058
22;3059
7;3060
33;3061
3;3064
27;3101
166;3102
51;3103
196;3104
8;3117
25;3120
147;3121
29;3122
14;3124
2;3126
7;3147
17;3149
24;3156
27;3157
1;3158
17;3172
40;3198
23;3199
66;3200
175;3201
57;3202
185;3203
18;3229
22;3230
30;3232
28;3233
26;3234
28;3258
45;3293
31;3296
176;3299
167;3300
27;3322
19;3325
32;3328
32;3330
19;3331
152;3339
1;3340
29;3347
10;3351
8;3352
10;3356
11;3389
12;3390
229;3391
3;3392
10;3399
26;3402
21;3405
160;3409
30;3410
11;3411
31;3412
29;3433
15;3434
8;3439
24;3440
11;3442
7;3444
22;3448
11;3470
62;3485
89;3486
48;3487
210;3488
5;3495
1;3496
2;3506
48;3507
32;3513
15;3524
18;3530
6;3537
5;3539
16;3541
14;3567
347;3581
78;3582
23;3583
239;3584
34;3593
22;3601
25;3603
17;3604
30;3605
14;3607
4;3610
1;3611
1;3621
30;3627
25;3631
6;3632
39;3633
21;3635
23;3677
10;3679
203;3680
8;3682
194;3697
4;3698
18;3699
160;3700
2;3729
12;3735
15;3773
46;3774
166;3775
266;3776
32;3780
18;3785
23;3793
33;3794
192;3795
19;3819
3;3824
10;3830
13;3869
46;3870
167;3872
39;3873
148;3874
76;3875
38;3886
6;3892
14;3901
14;3906
194;3907
23;3908
29;3920
4;3922
202;3925
26;3928
154;3930
29;3932
2;3963
8;3965
79;3966
14;3967
66;3968
167;3969
34;3970
181;3971
44;3972
3;3987
29;3991
10;3998
22;3999
18;4000
1;4002
12;4003
8;4004
9;4017
16;4018
24;4019
11;4023
13;4025
37;4027
81;4061
195;4062
45;4063
15;4064
24;4065
18;4081
24;4083
3;4084
1;4106
22;4107
7;4110
17;4112
35;4113
25;4120
28;4128
148;4157
56;4158
42;4159
256;4160
15;4174
27;4179
154;4180
170;4194
26;4201
8;4205
10;4207
25;4208
35;4210
162;4213
30;4215
62;4254
15;4255
8;4256
13;4257
10;4261
18;4263
5;4264
4;4270
24;4276
16;4300
21;4307
16;4311
26;4312
159;4314
23;4349
82;4350
64;4351
15;4352
28;4355
20;4360
165;4369
19;4370
21;4371
12;4372
9;4376
7;4381
25;4396
14;4398
34;4402
27;4408
6;4445
113;4446
104;4447
31;4448
13;4460
33;4465
31;4466
7;4467
18;4468
157;4479
12;4492
23;4494
3;4497
28;4499
21;4512
20;4537
44;4541
51;4542
1;4543
9;4544
243;4545
35;4546
165;4547
18;4548
19;4554
166;4574
10;4576
26;4578
17;4579
9;4580
12;4584
11;4587
12;4594
9;4597
163;4601
2;4606
8;4610
1;4616
32;4641
7;4642
202;4643
83;4644
32;4646
6;4660
7;4661
21;4667
32;4669
51;4670
9;4674
56;4675
26;4683
21;4690
32;4693
20;4694
56;4695
13;4698
218;4733
7;4734
56;4735
85;4736
2;4748
11;4751
9;4754
9;4756
35;4778
52;4782
28;4784
43;4790
2;4792
8;4804
66;4829
53;4830
69;4831
18;4832
4;4842
6;4847
162;4851
54;4852
36;4853
5;4868
17;4878
17;4879
26;4883
18;4884
556;4885
33;4887
27;4925
46;4926
49;4927
103;4928
32;4933
24;4943
186;4945
20;4946
22;4949
20;4955
160;4972
217;4973
33;4975
33;4976
25;4978
153;4979
18;5005
26;5009
16;5021
199;5022
362;5023
53;5024
40;5028
30;5034
40;5042
8;5044
9;5054
14;5061
1;5067
26;5076
4;5079
3;5080
18;5115
109;5117
31;5118
619;5119
3;5120
13;5121
13;5126
23;5132
25;5135
160;5138
68;5139
13;5148
16;5150
5;5161
4;5162
26;5167
12;5171
20;5203
38;5207
4;5213
6;5214
36;5215
45;5216
37;5217
24;5218
168;5220
31;5233
5;5240
4;5241
7;5245
21;5246
9;5247
185;5248
37;5252
7;5266
1;5268
9;5273
39;5309
230;5310
29;5311
52;5313
171;5314
10;5315
7;5316
2;5336
161;5341
24;5342
56;5344
30;5347
30;5356
27;5361
23;5364
41;5365
104;5405
55;5406
6;5407
92;5408
43;5415
30;5425
205;5427
33;5428
33;5449
23;5450
24;5455
8;5462
14;5477
61;5501
356;5502
50;5503
27;5505
7;5511
58;5521
16;5524
19;5528
9;5535
33;5543
28;5549
16;5558
10;5559
23;5597
59;5598
66;5599
29;5600
26;5601
14;5604
32;5617
51;5618
18;5620
29;5626
158;5645
27;5649
27;5652
6;5655
87;5693
33;5694
15;5695
33;5696
570;5703
10;5714
3;5715
29;5725
29;5733
28;5742
29;5746
24;5752
27;5789
189;5790
32;5791
110;5792
150;5794
13;5801
10;5806
29;5809
23;5810
10;5811
18;5819
6;5836
5;5837
17;5838
32;5843
15;5845
1;5853
1;5886
172;5887
757;5888
13;5890
29;5891
22;5892
3;5898
155;5916
23;5918
17;5919
25;5920
10;5921
32;5924
26;5927
18;5932
18;5938
2;5944
18;5945
7;5964
18;5973
26;5979
4;5981
37;5982
166;5983
24;5984
49;5985
32;5986
27;5987
2;5988
155;6002
9;6003
20;6007
12;6011
166;6012
42;6013
8;6014
13;6016
16;6017
29;6018
30;6020
12;6033
10;6034
14;6038
154;6041
369;6077
99;6078
36;6079
63;6080
12;6087
7;6089
17;6098
42;6100
5;6102
18;6116
169;6120
1;6122
21;6124
37;6135
22;6169
28;6171
88;6173
583;6174
6;6175
358;6176
160;6193
11;6195
12;6196
1;6205
1;6224
32;6226
9;6269
184;6270
18;6271
182;6272
14;6276
4;6278
15;6280
573;6289
23;6290
8;6291
219;6292
31;6298
13;6305
10;6322
7;6327
70;6365
46;6366
10;6367
8;6368
10;6387
167;6403
2;6410
7;6413
21;6419
22;6420
9;6421
226;6461
28;6462
13;6463
73;6464
19;6465
20;6467
3;6481
12;6482
10;6505
6;6507
10;6509
19;6517
172;6536
15;6557
36;6558
21;6560
35;6561
34;6562
199;6563
27;6584
19;6586
1;6589
8;6591
26;6595
4;6596
10;6598
37;6612
7;6616
159;6618
14;6650
18;6653
23;6654
19;6655
51;6656
36;6658
38;6659
34;6672
169;6676
1;6679
15;6688
11;6691
23;6692
33;6707
2;6709
1;6712
27;6714
77;6749
96;6750
60;6751
31;6752
172;6762
1;6763
149;6769
8;6770
168;6771
6;6787
8;6790
25;6794
3;6795
4;6801
27;6802
36;6806
22;6807
56;6845
357;6846
2;6847
2;6848
6;6864
26;6865
356;6866
26;6867
27;6873
10;6875
9;6879
593;6890
5;6894
8;6895
36;6898
5;6903
15;6904
166;6941
57;6942
29;6943
73;6944
1;6948
18;6950
46;6960
29;6961
14;6963
26;6984
17;6988
3;6995
20;6998
73;7037
17;7038
22;7039
13;7040
40;7051
27;7052
25;7060
174;7081
176;7086
32;7087
38;7088
55;7091
12;7095
252;7133
61;7134
9;7135
32;7136
8;7150
11;7155
32;7157
10;7165
40;7177
40;7185
22;7189
6;7229
40;7230
45;7231
81;7232
24;7233
61;7234
6;7235
57;7236
28;7237
7;7241
6;7251
28;7261
24;7263
5;7265
28;7266
17;7267
24;7276
42;7284
17;7288
54;7325
5;7326
177;7327
45;7329
19;7330
52;7332
35;7335
32;7348
23;7357
2;7359
8;7360
1;7362
45;7363
191;7364
45;7378
7;7384
17;7385
38;7388
15;7421
54;7422
108;7423
172;7424
11;7441
48;7443
36;7461
21;7462
10;7463
29;7472
146;7474
162;7477
2;7479
24;7480
25;7490
218;7517
246;7518
13;7519
34;7520
158;7525
24;7538
47;7539
1;7540
38;7547
4;7557
20;7571
4;7572
16;7574
31;7575
159;7581
62;7613
49;7614
10;7615
50;7616
26;7619
4;7624
40;7633
1;7636
16;7654
36;7659
24;7661
43;7662
20;7664
6;7666
221;7668
169;7709
46;7710
124;7711
37;7712
156;7715
1;7719
16;7731
36;7732
14;7735
30;7756
41;7805
47;7806
28;7807
150;7808
20;7822
25;7828
16;7842
24;7843
33;7850
50;7852
16;7853
5;7854
11;7856
7;7857
7;7862
8;7901
2;7902
32;7903
44;7904
224;7906
7;7907
13;7926
30;7927
16;7934
18;7935
58;7938
33;7939
48;7940
16;7942
28;7953
25;7954
10;7956
39;7959
5;7960
19;7972
22;7997
179;7998
19;7999
574;8000
36;8001
18;8002
39;8004
17;8014
21;8018
21;8026
31;8030
1;8031
6;8032
27;8034
16;8035
9;8039
15;8048
39;8051
19;8052
8;8058
173;8093
6;8094
39;8095
78;8096
39;8105
5;8113
1;8120
19;8141
7;8150
27;8189
100;8190
76;8191
87;8192
34;8209
39;8210
39;8234
9;8235
10;8237
14;8238
13;8243
33;8248
63;8285
38;8286
174;8287
61;8288
39;8305
1;8306
2;8308
22;8312
6;8313
147;8317
29;8318
7;8329
36;8333
24;8336
29;8337
24;8338
15;8381
13;8382
3;8383
47;8384
26;8385
30;8394
26;8401
189;8402
18;8403
1;8417
2;8424
7;8427
30;8428
181;8433
21;8440
12;8477
173;8478
120;8479
30;8480
30;8486
2;8497
33;8498
20;8499
16;8523
19;8524
32;8529
2;8533
174;8573
160;8574
41;8575
21;8576
23;8577
36;8578
5;8580
51;8606
51;8608
34;8609
7;8610
13;8611
10;8616
19;8621
9;8622
4;8628
164;8630
10;8633
5;8640
24;8665
54;8666
43;8667
18;8669
18;8670
14;8672
20;8679
3;8694
13;8698
4;8700
22;8702
30;8703
9;8704
16;8717
32;8718
18;8722
19;8724
3;8726
27;8730
15;8755
268;8761
72;8762
7;8763
27;8764
12;8782
167;8784
1;8786
21;8806
32;8810
8;8818
11;8832
159;8835
194;8857
68;8859
7;8860
21;8878
161;8879
14;8885
165;8888
30;8902
8;8908
32;8910
16;8914
15;8933
1;8934
24;8953
53;8954
37;8955
60;8956
15;8958
6;8962
23;8974
58;8976
7;9001
4;9005
30;9007
26;9049
44;9050
70;9051
65;9052
24;9056
11;9064
1;9071
34;9072
149;9095
31;9101
42;9103
6;9106
25;9145
50;9146
324;9147
38;9148
27;9156
22;9158
18;9159
15;9162
2;9165
8;9166
21;9167
3;9168
18;9179
9;9183
1;9185
19;9188
17;9189
17;9193
13;9198
15;9203
27;9241
19;9242
17;9243
26;9246
556;9247
2;9248
156;9252
12;9253
31;9263
14;9273
29;9275
6;9276
24;9277
34;9279
10;9280
159;9286
17;9287
9;9293
27;9294
21;9303
19;9324
4;9337
40;9340
15;9341
153;9342
68;9344
38;9345
16;9362
172;9369
9;9370
20;9373
1;9375
30;9380
160;9385
24;9392
14;9397
40;9400
11;9401
224;9433
78;9434
2;9436
59;9454
11;9455
11;9461
26;9464
4;9473
1;9475
8;9480
12;9488
550;9490
16;9491
226;9529
23;9530
46;9531
13;9532
6;9541
15;9545
186;9549
5;9551
13;9552
19;9577
13;9581
13;9583
42;9625
27;9626
228;9627
11;9633
1;9634
20;9638
15;9672
35;9674
168;9679
6;9684
145;9688
38;9721
55;9722
59;9723
236;9724
20;9737
3;9741
39;9742
166;9743
15;9762
37;9765
1;9767
21;9769
13;9779
26;9780
255;9817
57;9818
32;9819
14;9820
6;9821
1;9823
9;9824
11;9830
51;9862
30;9866
8;9875
21;9889
10;9897
26;9911
48;9913
21;9914
3;9915
30;9916
46;9917
36;9919
19;9920
9;9942
13;9946
34;9948
18;9949
5;9951
16;9952
168;9956
2;9965
2;9972
3;9973
2;9974
10;10009
28;10010
34;10012
159;10013
13;10014
51;10015
77;10043
24;10045
16;10046
15;10047
2;10048
152;10059
16;10060
3;10063
10;10064
8;10065
2;10068
24;10072
47;10106
34;10107
280;10108
16;10117
45;10125
22;10132
10;10136
2;10149
43;10159
18;10164
104;10201
215;10202
41;10203
26;10204
4;10224
30;10238
17;10245
7;10250
7;10251
3;10253
29;10254
20;10255
24;10256
144;10272
18;10277
80;10297
32;10298
130;10299
38;10300
155;10319
21;10346
24;10348
4;10351
40;10355
12;10393
196;10394
50;10395
16;10396
33;10398
1;10412
2;10413
15;10414
60;10448
14;10449
16;10450
8;10457
8;10489
182;10490
10;10491
56;10492
1;10505
11;10509
28;10539
12;10540
7;10546
29;10586
11;10587
22;10588
33;10589
8;10590
38;10591
165;10592
167;10617
8;10618
30;10622
37;10623
125;10624
5;10628
28;10636
14;10638
5;10641
34;10644
22;10648
20;10655
61;10681
12;10682
14;10684
26;10685
9;10686
568;10687
18;10688
36;10700
22;10704
36;10713
18;10714
14;10717
16;10718
48;10720
3;10733
8;10737
28;10744
12;10777
29;10778
46;10779
52;10780
31;10792
31;10797
50;10798
7;10799
7;10800
20;10802
26;10818
28;10821
46;10822
14;10827
6;10830
9;10836
14;10867
8;10873
1;10874
52;10875
13;10876
2;10893
5;10894
25;10896
6;10918
15;10921
8;10923
21;10924
9;10927
24;10932
20;10969
58;10970
210;10971
18;10972
29;10989
2;10990
7;10992
8;11002
18;11013
15;11018
9;11024
14;11028
253;11065
14;11067
31;11068
78;11085
11;11086
5;11091
23;11092
153;11093
7;11099
37;11111
12;11114
4;11119
19;11121
16;11124
30;11161
28;11162
29;11163
11;11164
13;11168
16;11170
157;11181
17;11184
157;11200
9;11204
18;11210
21;11213
1;11258
28;11259
9;11260
17;11261
230;11262
39;11263
42;11264
2;11267
25;11277
27;11281
4;11290
28;11293
9;11296
6;11303
155;11306
27;11310
3;11319
3;11328
29;11353
10;11354
45;11355
57;11357
7;11358
12;11359
4;11360
18;11362
156;11363
19;11372
28;11383
23;11385
39;11388
191;11390
25;11391
19;11392
8;11403
10;11408
20;11409
17;11411
23;11413
67;11449
24;11450
18;11451
15;11452
157;11454
2;11464
11;11470
30;11471
2;11475
12;11478
12;11490
37;11494
165;11496
38;11503
166;11504
166;11505
4;11506
40;11507
50;11546
71;11548
6;11565
23;11566
44;11567
42;11568
5;11583
14;11589
6;11590
4;11592
20;11593
11;11602
25;11604
14;11641
21;11643
63;11644
3;11659
10;11662
7;11666
169;11685
21;11691
34;11692
7;11693
161;11737
28;11738
217;11740
47;11757
17;11758
11;11759
14;11772
24;11781
6;11785
18;11790
12;11791
31;11808
13;11821
579;11833
13;11834
33;11835
86;11836
29;11844
12;11846
70;11853
319;11855
25;11868
25;11883
19;11885
9;11887
5;11888
4;11891
6;11929
7;11931
29;11932
29;11934
13;11936
13;11955
8;11961
14;11962
23;11963
17;11964
6;11965
571;11968
5;11976
21;11983
17;11986
27;11990
55;12027
24;12028
21;12029
9;12030
168;12031
22;12032
159;12036
16;12042
4;12053
30;12061
18;12063
28;12064
29;12067
20;12077
26;12079
7;12082
7;12107
23;12121
3;12123
4;12124
27;12139
28;12143
26;12170
9;12171
2;12172
13;12174
30;12175
3;12176
27;12180
63;12217
17;12218
78;12219
30;12220
17;12237
2;12238
2;12243
16;12249
23;12259
165;12263
7;12264
169;12267
26;12271
28;12313
24;12314
26;12315
49;12316
11;12333
19;12334
50;12335
2;12348
15;12359
29;12360
29;12362
154;12365
35;12370
7;12371
14;12409
5;12410
212;12411
173;12412
6;12418
12;12457
6;12465
163;12467
37;12474
3;12505
157;12507
55;12508
18;12525
5;12527
5;12540
29;12546
3;12550
4;12552
20;12553
32;12555
14;12556
24;12558
30;12560
23;12591
26;12601
72;12602
145;12603
59;12604
159;12606
179;12607
20;12608
8;12620
20;12628
30;12629
24;12631
17;12635
33;12637
8;12638
5;12653
28;12659
15;12662
13;12696
23;12699
39;12701
42;12702
162;12703
40;12704
18;12705
6;12707
24;12715
35;12727
26;12729
56;12731
3;12743
34;12749
24;12751
4;12752
11;12754
32;12757
19;12759
17;12760
53;12793
36;12794
35;12795
63;12796
10;12813
4;12814
33;12816
20;12822
12;12824
11;12837
16;12844
14;12846
18;12847
170;12851
31;12852
55;12889
5;12890
13;12891
12;12892
9;12894
11;12909
205;12910
190;12911
12;12912
12;12913
31;12935
6;12942
4;12943
43;12985
196;12986
74;12987
68;12988
154;12990
38;12999
40;13005
169;13006
7;13007
1;13009
3;13024
9;13029
23;13030
8;13032
56;13033
6;13044
43;13081
32;13082
28;13083
25;13084
156;13089
41;13102
25;13103
16;13136
9;13140
66;13177
5;13178
78;13179
60;13180
20;13184
32;13197
185;13200
15;13231
3;13236
15;13274
27;13276
20;13277
9;13288
17;13294
54;13305
148;13307
25;13308
7;13309
16;13310
9;13311
12;13320
22;13325
9;13328
8;13333
6;13336
199;13369
12;13370
182;13371
40;13372
24;13373
165;13374
22;13375
30;13376
26;13389
6;13390
16;13397
3;13401
162;13414
22;13423
21;13465
184;13466
27;13467
37;13468
35;13473
3;13481
25;13485
14;13486
21;13488
3;13513
8;13516
28;13518
4;13523
8;13540
23;13543
21;13552
40;13561
60;13562
43;13563
110;13564
34;13567
30;13569
26;13578
7;13581
16;13583
39;13584
5;13592
11;13598
23;13599
11;13605
4;13606
11;13613
9;13616
33;13619
8;13620
50;13657
28;13658
13;13659
28;13660
56;13677
70;13678
5;13689
39;13714
30;13753
48;13754
121;13755
40;13756
31;13776
14;13781
38;13783
4;13800
38;13805
8;13809
167;13811
185;13812
39;13849
80;13850
47;13851
222;13852
8;13864
37;13869
31;13877
16;13878
12;13887
12;13893
18;13895
6;13900
11;13903
15;13914
9;13919
5;13929
29;13947
43;13948
5;13949
1;13950
73;13951
21;13952
10;13970
7;13972
43;13977
19;13978
12;13979
51;13980
2;13981
17;13983
2;13989
32;13998
45;14003
32;14004
24;14005
17;14006
12;14008
25;14011
2;14033
58;14041
2;14042
347;14043
12;14045
51;14046
26;14047
26;14048
9;14053
9;14058
9;14063
5;14073
3;14075
1;14076
9;14078
11;14079
23;14080
4;14082
34;14095
1;14101
3;14102
1;14107
28;14137
25;14138
29;14139
6;14140
32;14144
20;14146
34;14158
186;14160
148;14163
8;14170
26;14174
8;14175
12;14184
1;14185
3;14189
176;14196
2;14223
9;14233
36;14234
82;14235
19;14236
5;14253
9;14254
45;14255
27;14256
10;14269
19;14280
19;14282
10;14290
26;14329
77;14330
36;14331
50;14332
1;14345
21;14350
14;14351
13;14356
10;14374
29;14377
52;14379
26;14425
216;14426
170;14427
45;14428
1;14445
19;14446
164;14448
9;14461
6;14463
11;14480
28;14511
7;14521
3;14523
26;14524
17;14530
14;14541
16;14542
15;14548
32;14555
14;14565
2;14566
21;14574
9;14578
37;14621
60;14623
31;14650
39;14651
145;14652
12;14654
2;14655
206;14656
30;14676
17;14713
47;14714
26;14715
45;14716
25;14717
19;14719
47;14720
367;14746
4;14748
58;14750
2;14751
30;14766
58;14773
163;14779
55;14809
12;14810
37;14811
33;14812
35;14814
4;14824
24;14826
34;14829
7;14830
6;14832
154;14853
10;14855
35;14856
10;14857
6;14859
26;14861
16;14866
23;14868
9;14893
39;14905
59;14906
26;14907
354;14908
12;14925
10;14927
7;14928
6;14938
14;14953
17;14955
35;14957
36;14962
13;14982
14;15001
40;15002
32;15003
38;15004
30;15008
7;15011
13;15021
1;15023
158;15024
26;15037
2;15046
170;15047
10;15049
15;15053
189;15097
29;15098
20;15099
36;15100
11;15117
35;15118
33;15120
16;15135
164;15141
24;15155
22;15167
9;15192
85;15193
85;15194
2;15195
58;15196
18;15215
26;15228
12;15242
36;15248
20;15250
2;15252
21;15289
21;15290
38;15291
15;15292
27;15293
31;15295
9;15296
33;15318
36;15322
184;15323
86;15325
7;15327
37;15347
11;15349
15;15361
167;15385
1;15386
12;15387
59;15388
5;15390
34;15391
13;15401
30;15403
28;15406
35;15412
29;15418
9;15419
11;15420
25;15422
12;15423
17;15424
155;15432
1;15435
2;15438
11;15444
10;15447
53;15481
58;15482
26;15483
210;15484
25;15487
50;15502
10;15503
14;15523
28;15526
4;15536
17;15577
156;15578
103;15579
58;15580
12;15597
15;15602
37;15613
20;15617
22;15626
36;15627
27;15628
4;15634
157;15650
45;15673
8;15674
168;15693
23;15696
1;15718
28;15721
5;15724
17;15730
18;15769
28;15770
37;15771
56;15772
4;15777
17;15780
25;15785
15;15789
24;15790
25;15792
15;15808
20;15812
46;15813
21;15823
16;15827
170;15828
55;15865
34;15866
9;15867
20;15868
11;15886
169;15894
16;15909
31;15913
46;15914
9;15921
156;15923
49;15962
145;15963
42;15964
36;15965
15;15966
18;15967
63;15968
8;15987
19;15988
16;15989
40;15990
18;15993
38;15995
4;15996
51;15998
31;16009
8;16017
6;16022
23;16037
34;16058
13;16059
101;16060
17;16062
14;16063
224;16064
7;16087
2;16090
39;16092
2;16093
31;16095
1;16098
6;16110
7;16117
196;16153
67;16154
44;16155
7;16156
4;16158
16;16173
162;16176
20;16201
36;16204
24;16209
5;16211
2;16234
16;16249
162;16250
165;16251
194;16252
20;16267
5;16268
13;16269
15;16276
31;16288
21;16295
26;16299
17;16308
13;16319
16;16345
30;16346
81;16348
9;16350
29;16354
12;16357
7;16366
7;16369
36;16374
30;16375
15;16389
161;16391
5;16393
6;16396
28;16399
2;16402
26;16441
16;16442
162;16461
12;16463
29;16468
27;16476
25;16486
10;16492
2;16493
16;16497
9;16499
5;16529
87;16537
52;16538
33;16539
12;16540
21;16545
6;16546
5;16553
65;16558
52;16559
10;16568
1;16581
4;16582
24;16583
50;16587
6;16588
5;16590
164;16593
23;16595
1;16596
12;16619
9;16624
33;16633
14;16634
9;16635
43;16636
12;16637
6;16638
25;16668
10;16669
27;16670
16;16674
156;16679
8;16687
29;16688
17;16696
33;16730
46;16732
24;16733
28;16734
5;16735
1;16749
54;16764
13;16766
3;16767
9;16785
164;16787
176;16825
9;16826
34;16827
10;16828
26;16841
16;16842
18;16845
7;16851
26;16869
5;16870
32;16872
2;16873
158;16879
6;16893
1;16894
90;16921
36;16922
24;16923
31;16924
32;16937
33;16943
2;16944
10;16957
12;16965
31;16969
32;16978
5;17009
11;17015
51;17017
151;17018
13;17019
67;17020
71;17037
2;17038
5;17039
18;17040
163;17042
28;17067
12;17073
32;17074
41;17113
11;17115
13;17116
562;17133
6;17140
14;17161
1;17164
18;17166
42;17168
20;17209
61;17210
38;17211
50;17212
6;17217
17;17229
37;17231
8;17253
31;17255
10;17259
12;17260
11;17262
32;17265
12;17283
32;17289
23;17305
24;17306
19;17308
4;17309
30;17310
47;17311
22;17312
4;17337
5;17339
50;17341
25;17342
13;17343
149;17344
155;17352
16;17357
6;17361
7;17366
8;17367
19;17370
12;17382
6;17393
5;17401
172;17402
18;17403
17;17404
28;17405
16;17406
15;17407
20;17427
18;17433
20;17446
28;17453
3;17455
54;17457
2;17462
4;17464
42;17497
229;17499
184;17500
13;17520
38;17525
1;17526
27;17542
8;17543
33;17572
24;17593
2;17594
192;17595
33;17596
159;17597
190;17615
28;17616
3;17638
24;17644
27;17652
80;17689
47;17690
49;17691
37;17692
31;17694
24;17703
30;17711
149;17712
566;17736
11;17738
9;17739
4;17742
30;17769
27;17785
388;17786
3;17787
171;17788
170;17805
1;17806
31;17807
21;17808
7;17815
156;17817
5;17830
25;17834
21;17842
13;17848
112;17882
32;17883
220;17884
25;17885
26;17902
2;17904
16;17909
163;17925
18;17927
9;17934
19;17936
75;17977
13;17978
39;17980
15;17981
7;17982
14;18008
27;18009
56;18010
33;18013
176;18022
3;18028
31;18031
16;18036
4;18068
25;18073
31;18074
19;18075
50;18076
159;18077
247;18078
339;18079
37;18080
22;18106
30;18109
18;18110
51;18111
8;18114
10;18133
26;18137
5;18156
28;18169
172;18170
11;18171
220;18172
22;18176
6;18180
12;18186
19;18189
26;18190
47;18191
10;18212
30;18216
2;18226
70;18265
42;18266
149;18267
391;18268
4;18269
6;18274
55;18287
38;18288
29;18305
25;18311
161;18312
15;18324
24;18362
52;18364
10;18370
28;18382
10;18383
10;18390
5;18400
13;18410
5;18414
8;18419
46;18457
37;18458
40;18459
21;18460
38;18477
19;18478
22;18479
43;18480
1;18484
15;18495
10;18509
5;18514
11;18515
43;18553
165;18554
53;18555
2;18556
34;18563
5;18564
1;18574
58;18576
13;18594
25;18607
3;18611
3;18643
8;18649
52;18650
27;18651
32;18652
10;18654
41;18655
3;18656
21;18665
9;18684
15;18686
17;18687
55;18688
27;18691
18;18699
8;18700
19;18709
1;18745
16;18746
33;18748
36;18749
8;18750
30;18751
30;18756
44;18780
164;18782
560;18783
8;18790
168;18791
49;18807
5;18818
138;18841
15;18842
43;18844
24;18852
41;18853
5;18863
26;18867
1;18886
34;18889
10;18890
11;18899
36;18900
41;18937
9;18938
49;18939
1;18940
22;18956
24;18957
14;18959
4;18960
9;18964
22;18968
38;18969
31;18971
3;18976
24;18983
33;18991
57;19033
66;19034
57;19035
8;19036
10;19039
6;19042
2;19050
32;19054
23;19055
6;19063
31;19074
25;19076
7;19077
152;19082
16;19088
16;19089
10;19090
161;19091
75;19130
47;19131
13;19132
30;19144
27;19151
179;19152
33;19170
22;19194
27;19225
87;19226
48;19227
4;19228
34;19245
34;19247
13;19257
16;19269
27;19270
5;19275
2;19278
17;19292
28;19309
14;19321
12;19323
17;19324
41;19325
16;19327
29;19328
18;19338
45;19357
55;19358
51;19373
6;19375
16;19376
11;19381
32;19402
12;19408
20;19412
6;19417
28;19418
7;19419
30;19421
572;19422
23;19423
22;19424
24;19438
5;19447
459;19450
1;19451
20;19452
63;19456
4;19464
166;19470
20;19477
166;19506
135;19513
72;19514
27;19515
59;19516
12;19519
35;19523
29;19526
8;19533
28;19534
35;19535
2;19545
5;19546
159;19557
4;19558
4;19563
12;19570
20;19597
44;19609
19;19610
159;19611
36;19612
13;19631
35;19632
9;19638
35;19644
4;19655
3;19660
3;19695
54;19705
47;19706
11;19707
21;19708
3;19710
2;19716
7;19717
24;19718
24;19725
151;19726
18;19727
7;19728
11;19746
10;19754
5;19762
36;19780
51;19801
35;19802
153;19803
52;19804
35;19821
26;19822
4;19824
18;19837
156;19845
23;19847
184;19859
218;19897
53;19899
30;19900
18;19914
28;19918
13;19919
36;19920
31;19929
13;19941
22;19944
10;19946
3;19947
9;19949
18;19954
24;19971
32;19993
10;19995
29;19999
24;20000
19;20014
169;20020
15;20025
3;20030
59;20031
4;20036
28;20038
4;20046
1;20049
25;20055
25;20081
184;20089
158;20090
57;20091
192;20092
10;20093
158;20096
32;20100
29;20114
40;20118
3;20122
35;20123
36;20124
4;20126
3;20128
17;20132
23;20143
2;20144
167;20145
72;20185
5;20186
182;20187
47;20188
6;20198
17;20206
38;20208
24;20225
3;20237
28;20240
15;20244
30;20281
42;20282
92;20283
23;20284
18;20303
29;20309
8;20326
27;20329
11;20333
8;20337
203;20378
3;20379
19;20380
24;20393
185;20397
28;20398
6;20400
20;20424
38;20429
26;20435
6;20473
9;20474
5;20475
177;20476
171;20494
22;20496
15;20499
36;20504
23;20512
1;20517
32;20525
38;20527
6;20529
40;20569
26;20570
151;20571
34;20572
2;20586
29;20589
1;20590
158;20591
147;20592
10;20593
8;20594
2;20622
5;20626
11;20644
4;20665
4;20666
46;20667
29;20668
158;20669
3;20670
29;20671
6;20672
23;20681
22;20683
18;20684
10;20697
167;20699
7;20701
10;20702
15;20703
7;20707
3;20708
33;20712
21;20728
20;20761
174;20762
52;20763
166;20764
7;20767
3;20785
1;20790
20;20792
14;20793
11;20794
567;20795
9;20797
36;20798
34;20800
6;20801
28;20812
21;20813
33;20814
3;20816
2;20818
27;20823
8;20857
30;20858
63;20859
2;20860
30;20878
46;20879
32;20895
18;20897
27;20902
163;20953
234;20955
11;20956
31;20962
4;20965
41;20975
24;20976
30;20979
35;20989
24;20997
19;20999
34;21005
1;21031
14;21049
182;21050
22;21051
21;21052
12;21057
162;21065
5;21069
50;21072
20;21078
4;21080
2;21094
20;21097
20;21098
19;21105
33;21108
34;21115
27;21145
12;21146
40;21147
155;21148
23;21153
12;21166
29;21168
8;21187
13;21190
155;21193
21;21196
17;21208
9;21241
10;21243
15;21263
10;21264
6;21286
51;21290
17;21293
7;21296
35;21337
167;21338
97;21339
120;21340
10;21342
7;21343
17;21344
10;21352
19;21365
45;21369
155;21372
22;21373
6;21375
42;21376
12;21394
19;21398
1;21399
10;21410
162;21433
3;21434
76;21435
33;21436
27;21439
34;21445
8;21449
10;21465
10;21469
7;21486
164;21489
28;21494
21;21496
52;21530
90;21531
17;21532
9;21542
157;21543
8;21551
29;21552
16;21573
17;21575
161;21576
84;21625
73;21626
55;21627
26;21628
2;21636
24;21643
38;21645
32;21648
12;21669
37;21675
39;21721
1;21722
4;21724
14;21738
41;21741
3;21742
25;21755
19;21757
17;21770
5;21778
24;21797
331;21817
635;21818
14;21819
28;21820
11;21821
29;21833
2;21838
24;21839
7;21840
166;21861
26;21862
2;21863
712;21913
39;21914
41;21915
4;21922
23;21935
9;21959
4;21971
194;21993
24;22011
6;22012
3;22013
83;22014
33;22015
23;22035
24;22041
4;22043
33;22044
168;22045
18;22047
11;22048
10;22051
22;22057
18;22058
4;22061
2;22066
152;22067
25;22070
13;22072
14;22098
4;22105
94;22107
9;22108
4;22110
33;22111
13;22112
9;22115
8;22116
175;22122
15;22123
193;22137
8;22138
178;22140
41;22141
160;22142
6;22151
16;22154
19;22166
19;22169
6;22202
83;22203
20;22204
6;22210
17;22211
169;22213
14;22221
15;22222
29;22234
5;22235
157;22247
8;22250
32;22259
42;22297
17;22298
379;22299
21;22301
35;22317
25;22320
1;22325
25;22343
14;22346
1;22356
188;22393
189;22394
179;22395
27;22396
10;22413
20;22414
36;22415
21;22429
56;22439
16;22441
36;22443
82;22489
40;22490
133;22491
109;22492
4;22495
26;22509
28;22510
9;22512
40;22585
25;22586
36;22587
370;22588
19;22626
5;22634
16;22636
2;22653
15;22671
6;22681
36;22682
13;22683
42;22684
40;22685
35;22687
19;22688
4;22700
4;22709
21;22717
8;22719
562;22738
23;22739
168;22777
38;22778
22;22779
39;22780
28;22781
36;22782
12;22783
3;22784
40;22804
1;22809
4;22810
22;22812
159;22813
54;22814
26;22815
18;22816
16;22828
27;22832
148;22840
3;22871
86;22873
4;22874
32;22875
26;22876
17;22885
8;22894
3;22895
4;22925
15;22969
9;22970
16;22971
12;22972
18;22978
51;22989
11;22991
21;22992
10;23008
5;23011
11;23014
153;23018
7;23019
32;23024
41;23065
28;23066
172;23067
8;23068
175;23083
60;23086
22;23087
150;23105
32;23111
4;23116
47;23161
72;23162
12;23163
51;23164
16;23167
15;23180
10;23182
74;23184
30;23191
4;23203
23;23208
163;23214
20;23251
36;23257
18;23259
248;23260
164;23262
16;23271
23;23278
161;23279
24;23280
34;23290
31;23291
9;23302
30;23306
3;23308
14;23309
28;23315
9;23353
18;23354
37;23355
14;23356
14;23357
30;23358
10;23359
5;23372
18;23381
207;23388
5;23389
28;23391
5;23416
12;23427
45;23449
36;23450
38;23452
36;23453
32;23455
14;23456
19;23457
15;23470
16;23484
11;23485
23;23486
35;23487
8;23488
19;23501
5;23503
182;23505
7;23506
23;23512
11;23515
9;23543
133;23545
63;23546
4;23547
20;23548
2;23552
1;23555
25;23566
24;23567
4;23574
29;23601
28;23603
43;23642
26;23643
29;23644
30;23664
11;23666
9;23673
18;23687
28;23692
241;23737
228;23738
18;23739
2;23740
18;23753
28;23757
10;23758
3;23760
12;23763
10;23782
10;23784
6;23833
43;23834
211;23835
23;23836
46;23854
20;23863
24;23875
16;23883
174;23885
6;23887
52;23929
28;23930
159;23931
5;23932
36;23934
33;23939
162;23950
15;23973
6;23978
5;23980
26;23984
21;24025
3;24026
31;24027
188;24028
12;24029
26;24030
19;24031
18;24043
16;24049
21;24054
16;24055
34;24057
5;24058
27;24060
158;24061
1;24062
43;24081
12;24085
18;24086
16;24088
1;24121
23;24122
6;24125
24;24126
185;24128
15;24131
10;24132
37;24137
18;24155
3;24156
176;24159
27;24160
176;24165
6;24168
30;24217
34;24218
19;24219
7;24237
7;24239
16;24240
20;24244
10;24251
7;24270
35;24278
25;24309
23;24313
169;24314
168;24315
16;24316
7;24334
169;24336
9;24350
8;24369
38;24375
32;24409
33;24410
65;24411
51;24412
35;24424
20;24443
33;24446
7;24457
22;24458
14;24462
170;24467
13;24468
147;24505
35;24506
16;24507
54;24508
37;24517
201;24525
10;24526
24;24528
8;24529
8;24531
31;24538
29;24543
31;24547
154;24550
25;24552
30;24553
14;24555
26;24557
4;24562
199;24564
60;24601
49;24602
3;24603
26;24604
9;24606
12;24619
10;24622
12;24624
19;24628
37;24641
3;24645
10;24650
19;24651
164;24680
26;24681
36;24686
169;24698
16;24699
37;24700
15;24701
7;24702
5;24703
34;24704
27;24712
31;24718
3;24728
18;24730
32;24731
9;24734
27;24736
23;24752
7;24756
14;24763
6;24767
2;24783
31;24793
9;24794
17;24795
171;24796
36;24799
12;24824
17;24825
34;24826
1;24830
32;24831
3;24842
2;24851
161;24852
162;24855
250;24889
18;24890
6;24891
62;24892
11;24909
25;24911
4;24937
30;24940
573;24985
3;24986
46;24987
552;24988
159;25003
36;25005
25;25008
8;25020
19;25021
28;25024
32;25028
2;25031
10;25032
26;25036
30;25037
205;25081
7;25082
169;25083
8;25084
15;25093
14;25096
30;25101
12;25102
21;25103
16;25104
2;25125
25;25133
6;25177
216;25178
30;25179
33;25180
11;25188
31;25199
18;25208
6;25230
19;25234
6;25235
16;25236
27;25237
32;25273
649;25274
33;25275
155;25276
14;25293
37;25296
29;25300
9;25312
13;25323
22;25324
22;25326
15;25336
19;25358
4;25363
34;25369
20;25370
24;25371
12;25372
207;25374
3;25377
36;25388
3;25390
34;25401
25;25404
37;25405
1;25406
7;25413
161;25420
18;25426
1;25427
12;25428
18;25430
44;25465
18;25466
11;25467
33;25468
51;25469
4;25470
181;25471
85;25472
1;25493
35;25497
10;25498
13;25501
7;25518
8;25521
7;25526
6;25527
50;25561
57;25562
13;25563
55;25564
30;25581
27;25584
554;25606
21;25611
7;25618
2;25619
12;25620
62;25657
24;25658
40;25659
96;25660
20;25678
12;25679
7;25695
26;25702
565;25703
11;25710
8;25711
24;25712
7;25713
11;25722
2;25753
66;25754
46;25755
9;25756
5;25763
31;25775
27;25776
16;25784
7;25797
1;25802
1;25808
33;25849
67;25850
72;25851
64;25852
12;25869
158;25871
12;25872
16;25884
25;25888
9;25894
16;25896
4;25899
15;25903
19;25945
235;25946
3;25947
13;25948
14;25949
8;25975
8;25979
11;26011
8;26016
4;26019
54;26041
168;26042
6;26043
2;26044
12;26045
5;26046
13;26047
735;26048
23;26065
20;26073
1;26076
31;26077
29;26079
5;26098
26;26100
17;26101
8;26105
17;26111
161;26137
156;26138
8;26139
5;26140
20;26142
154;26143
29;26148
40;26171
35;26172
10;26175
1;26176
16;26192
9;26210
21;26233
17;26234
28;26235
46;26236
161;26241
3;26251
43;26253
13;26254
41;26255
23;26256
4;26257
10;26277
21;26285
24;26289
13;26291
51;26329
26;26330
33;26331
49;26332
1;26344
19;26349
22;26350
16;26351
5;26368
3;26378
21;26380
182;26425
18;26426
37;26427
155;26428
2;26445
25;26446
19;26447
7;26448
5;26473
25;26490
78;26521
180;26522
36;26523
215;26524
28;26536
18;26543
159;26544
162;26577
5;26617
76;26618
254;26619
37;26620
22;26624
13;26630
12;26637
83;26639
8;26640
29;26661
11;26675
30;26705
22;26714
23;26715
3;26716
17;26717
207;26718
30;26719
22;26720
2;26726
29;26734
44;26747
25;26752
8;26755
18;26760
3;26762
20;26773
8;26775
192;26809
25;26813
34;26814
37;26815
153;26844
45;26846
3;26847
6;26848
1;26870
561;26905
57;26906
89;26907
59;26908
12;26914
3;26926
19;26928
34;26939
8;26941
9;26952
15;26953
19;26954
17;26957
61;27001
19;27002
100;27003
199;27004
27;27021
5;27022
8;27024
6;27045
23;27059
19;27088
67;27097
6;27098
34;27099
9;27100
31;27113
9;27120
10;27131
152;27132
27;27133
160;27150
17;27153
5;27193
1;27194
75;27195
11;27198
21;27205
169;27215
15;27216
152;27242
40;27243
8;27244
7;27245
14;27252
20;27287
51;27289
732;27290
43;27291
42;27292
11;27309
25;27310
14;27312
5;27336
1;27337
13;27338
12;27357
7;27378
47;27385
157;27387
157;27389
15;27390
24;27392
18;27393
15;27418
563;27421
1;27422
36;27423
44;27424
14;27425
2;27431
19;27443
8;27444
26;27448
162;27481
72;27482
43;27486
170;27487
43;27488
35;27513
46;27515
92;27516
26;27517
70;27519
9;27520
12;27534
9;27535
6;27540
21;27542
28;27543
23;27577
233;27578
31;27579
1;27583
8;27584
26;27599
38;27600
32;27619
26;27622
32;27623
6;27624
6;27630
15;27636
78;27674
29;27675
21;27683
26;27694
26;27699
155;27706
6;27714
9;27718
6;27719
1;27723
548;27728
149;27730
12;27767
84;27769
35;27770
17;27771
35;27772
26;27789
153;27790
55;27791
14;27792
13;27817
9;27818
3;27820
15;27822
6;27865
3;27866
57;27867
30;27871
22;27877
5;27883
4;27885
25;27912
27;27915
8;27919
16;27920
21;27947
64;27961
104;27962
213;27963
7;27964
23;27981
4;27982
24;27998
29;28003
27;28010
4;28018
592;28020
27;28057
52;28059
63;28063
27;28064
23;28075
3;28084
30;28088
26;28089
6;28090
14;28091
14;28092
3;28093
31;28094
4;28104
8;28110
2;28111
58;28112
25;28114
21;28117
37;28118
28;28153
156;28154
1;28156
35;28157
153;28158
2;28159
9;28174
3;28185
21;28186
23;28187
19;28189
2;28190
6;28192
8;28206
40;28207
47;28249
11;28250
18;28251
55;28252
6;28263
30;28264
3;28266
20;28270
15;28272
163;28273
11;28294
11;28295
55;28298
72;28345
59;28346
16;28347
57;28348
19;28365
159;28366
27;28379
31;28380
29;28391
23;28395
34;28397
2;28401
5;28404
157;28441
38;28442
45;28443
181;28444
2;28459
35;28461
16;28464
18;28469
23;28475
12;28486
19;28487
14;28493
26;28498
9;28500
165;28503
42;28537
219;28538
29;28539
21;28540
13;28548
31;28557
14;28558
25;28562
2;28572
31;28580
3;28585
9;28589
85;28633
52;28634
66;28635
53;28636
62;28653
28;28655
5;28663
14;28679
10;28681
18;28682
37;28690
4;28692
8;28715
32;28729
37;28730
166;28731
24;28732
12;28733
30;28734
84;28735
4;28736
16;28744
8;28747
5;28751
28;28761
30;28764
7;28765
14;28767
3;28768
7;28781
175;28782
22;28785
11;28788
25;28790
24;28791
21;28792
25;28794
34;28819
2;28825
252;28829
36;28831
3;28846
6;28856
2;28857
32;28859
20;28860
1;28864
155;28872
4;28878
6;28880
18;28886
7;28909
85;28921
36;28922
9;28923
37;28924
28;28933
8;28941
11;28944
17;28947
11;28959
37;28967
25;28970
3;28979
37;28986
20;29015
165;29017
33;29018
52;29019
35;29020
16;29035
1;29038
155;29039
7;29040
4;29061
27;29063
27;29068
188;29113
22;29114
91;29115
47;29116
22;29124
25;29130
2;29131
23;29133
6;29135
168;29136
13;29140
17;29155
13;29157
33;29159
19;29160
5;29161
10;29187
12;29213
66;29214
65;29215
74;29216
1;29230
4;29233
568;29235
15;29239
21;29249
13;29259
11;29265
4;29268
5;29270
7;29272
80;29309
59;29310
63;29311
28;29312
17;29324
38;29330
27;29331
70;29332
3;29333
157;29356
8;29361
15;29381
9;29401
1;29405
65;29406
38;29407
39;29408
50;29409
14;29410
13;29411
42;29412
10;29426
10;29439
5;29440
25;29442
27;29457
5;29458
4;29459
176;29462
33;29467
150;29468
5;29493
31;29501
25;29502
2;29505
14;29506
57;29507
5;29508
17;29526
20;29533
10;29539
3;29540
39;29553
28;29554
6;29558
30;29559
45;29597
267;29598
32;29599
50;29600
11;29615
4;29618
14;29619
19;29620
158;29623
10;29634
15;29642
10;29644
6;29650
3;29653
52;29693
243;29694
438;29695
34;29696
28;29703
32;29711
4;29716
6;29737
25;29738
20;29741
9;29748
10;29749
154;29750
64;29752
41;29789
30;29790
19;29791
73;29792
4;29809
17;29812
5;29814
4;29834
24;29840
52;29842
32;29844
30;29847
222;29885
79;29886
57;29887
158;29888
28;29902
3;29904
33;29905
54;29908
33;29932
9;29933
83;29981
40;29982
7;29983
7;29984
23;30001
22;30002
36;30003
30;30004
2;30030
8;30034
5;30035
7;30037
3;30040
37;30077
186;30079
202;30080
26;30081
12;30082
197;30083
14;30084
13;30090
23;30099
21;30105
29;30109
37;30110
56;30112
22;30113
42;30129
12;30130
8;30131
171;30150
3;30156
14;30166
21;30173
8;30174
170;30175
25;30177
24;30178
28;30180
3;30187
25;30199
160;30206
28;30209
18;30211
3;30212
151;30222
5;30226
25;30227
16;30229
20;30231
3;30235
13;30236
18;30269
37;30270
73;30271
77;30272
47;30289
40;30306
10;30313
28;30314
9;30319
6;30320
12;30321
27;30326
83;30365
52;30366
75;30368
5;30386
165;30387
27;30395
2;30415
15;30417
59;30461
81;30462
168;30463
25;30464
14;30468
5;30482
30;30483
3;30484
11;30489
34;30501
1;30516
12;30518
93;30557
85;30558
6;30559
13;30574
5;30577
8;30578
13;30579
50;30580
159;30589
35;30595
171;30613
20;30616
166;30653
39;30654
75;30655
47;30656
30;30658
43;30673
146;30674
18;30676
6;30688
164;30701
5;30705
6;30709
39;30749
6;30750
7;30751
50;30752
24;30753
20;30754
163;30756
16;30764
38;30781
11;30783
9;30786
3;30789
30;30792
9;30795
29;30799
4;30807
10;30813
18;30818
155;30828
11;30838
9;30846
32;30847
7;30848
42;30849
24;30850
66;30851
86;30852
17;30877
27;30878
46;30879
20;30882
167;30884
17;30888
6;30897
5;30898
35;30901
9;30941
17;30942
2;30943
20;30944
2;30948
3;30963
30;30964
25;30965
37;30985
5;30989
10;30991
25;30994
27;30995
2;30997
52;30999
19;31000
200;31037
201;31039
24;31040
31;31055
10;31059
10;31081
17;31082
22;31087
7;31089
3;31094
2;31096
48;31133
4;31134
186;31135
28;31136
13;31145
20;31153
18;31155
42;31156
29;31175
7;31180
3;31183
10;31229
32;31230
26;31232
147;31237
5;31241
19;31249
17;31250
4;31251
29;31252
5;31272
9;31273
9;31276
13;31277
3;31286
174;31325
8;31326
77;31327
42;31328
4;31332
32;31336
16;31345
10;31348
13;31369
8;31370
23;31371
21;31382
33;31421
29;31422
17;31426
15;31427
14;31428
14;31430
24;31433
10;31440
41;31456
13;31457
11;31458
3;31461
20;31481
3;31499
71;31517
31;31518
7;31519
20;31520
8;31521
39;31522
29;31523
51;31524
17;31532
557;31549
10;31550
26;31551
7;31552
11;31555
12;31556
4;31562
560;31565
32;31569
18;31570
40;31571
24;31572
31;31573
21;31575
18;31576
150;31578
34;31614
53;31615
33;31616
10;31629
167;31630
22;31635
16;31636
9;31658
9;31662
53;31709
89;31710
22;31711
64;31712
31;31719
14;31730
40;31731
31;31733
6;31760
5;31761
173;31763
40;31765
19;31799
53;31805
44;31806
157;31807
76;31808
23;31825
177;31826
62;31835
4;31849
5;31853
1;31857
29;31874
7;31881
109;31901
32;31902
225;31904
25;31915
150;31922
47;31923
28;31940
15;31945
7;31955
29;31957
125;31997
14;31998
46;31999
28;32000
74;32019
15;32026
14;32045
155;32051
12;32087
164;32093
60;32094
32;32095
26;32096
28;32097
37;32098
11;32099
12;32100
11;32116
57;32125
7;32126
7;32128
2;32138
5;32139
19;32145
25;32149
2;32150
10;32156
41;32189
12;32190
88;32191
1;32192
6;32193
15;32196
3;32212
18;32222
22;32225
13;32226
16;32228
3;32242
2;32248
7;32250
28;32251
19;32252
19;32285
3;32286
188;32287
8;32288
1;32289
22;32290
156;32301
52;32305
50;32308
165;32317
10;32332
6;32333
151;32336
17;32337
21;32344
32;32381
34;32383
14;32384
1;32390
19;32401
5;32402
18;32424
25;32426
23;32429
33;32430
35;32432
29;32433
1;32437
27;32438
25;32439
50;32477
46;32478
14;32479
164;32480
6;32481
25;32498
18;32500
196;32525
16;32526
8;32530
67;32573
77;32574
31;32575
235;32576
2;32586
11;32590
23;32594
7;32617
11;32618
26;32621
12;32624
2;32628
55;32669
58;32670
83;32671
157;32672
19;32674
16;32679
62;32689
22;32697
33;32709
11;32724
50;32765
5;32767
155;32768
154;32769
28;32770
182;32771
33;32772
13;32775
14;32777
1;32783
19;32788
30;32789
16;32791
173;32799
7;32803
185;32804
8;32819
31;32820
166;32825
12;32828
5;32838
39;32861
6;32862
67;32863
8;32865
19;32866
18;32870
10;32886
4;32887
17;32894
11;32895
34;32898
8;32899
29;32900
14;32906
3;32907
5;32915
18;32918
200;32919
4;32922
8;32923
29;32957
22;32958
11;32959
4;32960
32;32966
31;32979
36;32982
1;33000
9;33002
27;33005
31;33006
29;33013
25;33014
12;33053
87;33054
41;33056
29;33059
7;33073
35;33074
35;33080
3;33087
3;33093
13;33097
2;33103
5;33108
13;33112
12;33149
158;33150
41;33151
22;33152
32;33156
27;33161
16;33165
15;33167
25;33169
35;33172
5;33177
35;33194
153;33197
3;33205
15;33245
32;33246
5;33247
90;33248
31;33251
30;33265
25;33266
14;33275
16;33291
26;33292
34;33293
2;33296
23;33298
21;33299
11;33327
59;33341
94;33342
167;33343
38;33344
2;33351
38;33363
14;33368
19;33385
7;33388
57;33437
38;33438
17;33439
39;33441
54;33442
5;33443
10;33444
23;33470
41;33471
29;33472
3;33476
16;33484
25;33489
32;33491
11;33495
20;33500
88;33533
37;33534
27;33535
5;33536
151;33537
17;33540
9;33550
22;33564
28;33566
40;33569
26;33571
20;33577
17;33582
18;33584
158;33585
40;33593
164;33594
1;33596
11;33600
68;33629
211;33630
33;33631
18;33632
173;33649
22;33650
35;33652
6;33676
24;33677
9;33678
186;33681
20;33682
4;33683
16;33685
4;33687
32;33688
8;33712
26;33725
15;33726
2;33727
28;33728
15;33745
25;33746
21;33747
17;33748
19;33756
18;33758
188;33771
162;33772
28;33777
28;33778
8;33780
8;33781
28;33821
47;33822
59;33823
55;33824
9;33825
15;33828
155;33838
31;33842
8;33844
24;33851
14;33857
1;33864
1;33872
12;33877
26;33898
8;33901
9;33906
63;33917
30;33918
247;33919
27;33920
26;33922
34;33937
48;33939
14;33940
16;33944
27;33948
15;33961
8;33965
8;33966
11;33972
10;33973
163;34005
78;34013
38;34014
240;34015
30;34016
22;34017
1;34025
14;34033
40;34034
14;34037
11;34056
25;34058
5;34059
12;34063
17;34066
14;34067
29;34097
22;34103
16;34109
29;34112
41;34113
10;34114
31;34116
2;34122
13;34143
7;34145
11;34147
171;34148
17;34168
3;34169
1;34171
46;34172
14;34197
18;34207
19;34208
19;34209
158;34210
27;34211
17;34212
29;34237
17;34239
1;34240
157;34241
190;34242
25;34243
28;34244
31;34259
4;34262
38;34266
1;34267
41;34304
22;34307
25;34321
8;34323
156;34324
13;34342
10;34352
18;34356
7;34358
36;34359
13;34397
378;34398
50;34399
13;34400
25;34417
32;34418
4;34419
5;34420
3;34443
7;34452
163;34493
638;34494
241;34495
75;34496
25;34497
19;34503
10;34513
3;34515
162;34516
8;34525
7;34540
19;34548
37;34589
189;34590
4;34591
47;34592
13;34609
31;34611
9;34612
19;34618
2;34633
5;34634
7;34640
1;34642
45;34645
26;34647
30;34685
9;34686
40;34687
16;34688
13;34691
9;34693
17;34696
39;34702
15;34704
206;34705
16;34707
22;34708
3;34726
5;34730
12;34736
4;34744
12;34781
49;34782
152;34783
184;34787
53;34788
158;34790
169;34813
19;34816
25;34817
5;34818
17;34819
159;34820
26;34837
29;34838
18;34840
11;34841
10;34843
7;34844
9;34846
5;34877
17;34878
35;34879
33;34880
32;34881
34;34882
12;34884
10;34887
13;34896
151;34897
26;34900
174;34910
29;34915
31;34916
444;34930
21;34934
21;34938
193;34973
46;34974
182;34975
63;34976
17;34982
23;34994
3;34995
10;34996
8;35000
22;35018
14;35032
