28;29
9;30
9;31
40;32
8;50
65;51
5;64
15;78
13;80
18;85
8;86
45;125
204;126
101;127
61;128
180;145
25;146
26;147
24;148
15;150
15;159
5;166
44;172
22;174
21;175
26;176
13;177
32;178
8;180
31;184
29;203
197;221
57;222
11;223
24;224
148;228
11;232
13;238
156;240
13;241
5;242
55;243
16;244
26;265
1;266
8;267
15;270
17;272
34;278
26;279
175;280
9;301
278;317
49;318
33;319
63;320
6;327
1;338
32;339
21;341
10;344
22;348
15;352
31;364
13;367
22;369
11;371
18;374
19;376
218;413
19;414
54;415
28;416
8;417
35;418
13;426
11;434
82;435
31;436
11;441
5;443
25;457
16;460
71;463
9;469
6;471
3;501
188;509
39;510
52;511
31;512
71;513
39;514
36;515
79;516
160;532
172;541
162;543
3;544
1;545
24;546
24;547
8;558
24;561
18;563
28;566
22;570
170;571
2;572
29;573
160;576
23;580
27;605
4;606
83;607
47;611
32;612
24;623
18;626
9;636
24;638
565;639
24;640
4;641
39;643
30;646
16;652
16;653
67;658
21;661
14;663
4;668
46;701
51;702
380;703
172;704
150;707
14;721
32;722
39;723
9;724
12;741
43;747
6;752
35;754
17;755
18;757
17;758
1;760
92;797
104;798
29;799
50;800
22;808
12;813
12;816
60;817
18;818
24;819
9;824
4;834
19;835
27;839
155;841
32;842
33;848
29;853
11;855
13;893
29;894
168;895
57;896
10;903
5;911
7;915
159;941
19;946
55;950
12;952
1;989
243;990
112;991
48;992
15;993
11;1001
12;1002
35;1009
27;1011
56;1012
10;1022
27;1036
156;1039
40;1041
18;1046
26;1048
6;1078
214;1085
118;1086
101;1087
35;1088
3;1106
167;1107
23;1108
15;1114
45;1129
9;1135
5;1136
15;1139
175;1181
40;1182
22;1183
11;1184
9;1185
2;1186
32;1187
51;1188
9;1190
12;1195
9;1198
46;1213
19;1214
6;1216
9;1217
1;1219
14;1220
31;1233
56;1234
8;1235
35;1236
2;1241
12;1242
24;1253
12;1266
23;1277
43;1278
41;1282
36;1283
26;1284
41;1285
4;1306
5;1307
8;1312
12;1313
18;1314
14;1316
22;1329
28;1330
14;1331
35;1332
5;1344
26;1373
199;1374
27;1375
35;1376
5;1393
26;1395
17;1396
27;1417
6;1418
9;1421
23;1422
8;1428
290;1469
26;1470
191;1471
40;1489
27;1490
33;1492
17;1510
19;1513
1;1521
5;1527
155;1528
102;1565
28;1566
168;1567
32;1568
7;1576
42;1585
64;1586
11;1587
2;1588
179;1597
36;1613
35;1615
19;1619
12;1635
16;1654
7;1656
333;1661
17;1662
403;1663
48;1664
8;1678
27;1681
4;1682
11;1686
29;1706
8;1707
23;1709
13;1712
33;1718
67;1757
64;1758
20;1759
58;1760
4;1769
7;1774
8;1777
39;1778
38;1779
43;1780
23;1784
24;1786
30;1793
24;1794
6;1801
199;1806
13;1810
14;1815
161;1837
31;1851
7;1853
34;1854
65;1855
13;1857
198;1858
9;1859
215;1860
3;1871
157;1876
21;1885
12;1887
34;1888
4;1889
11;1890
33;1891
21;1898
22;1904
197;1906
4;1908
45;1911
21;1912
10;1949
11;1950
228;1951
11;1953
165;1954
99;1955
68;1956
6;1960
2;1965
163;1966
28;1969
2;1971
27;1981
39;1982
22;1983
17;1986
14;1987
10;2001
7;2006
145;2008
4;2009
77;2010
17;2045
53;2046
122;2047
32;2050
18;2060
16;2065
33;2067
186;2068
11;2072
37;2079
7;2086
26;2087
173;2091
29;2096
16;2099
35;2141
196;2142
38;2143
62;2144
16;2145
13;2160
31;2161
160;2162
11;2164
13;2178
14;2186
2;2188
16;2192
18;2197
1;2204
52;2237
207;2238
216;2239
87;2240
29;2242
28;2257
67;2258
37;2260
32;2262
14;2263
28;2278
157;2287
15;2292
8;2293
40;2333
86;2334
23;2335
44;2336
29;2364
17;2371
3;2381
11;2383
150;2388
66;2391
215;2429
69;2430
229;2431
24;2432
7;2435
27;2449
9;2451
10;2452
9;2455
26;2480
156;2484
158;2487
3;2515
2;2525
30;2526
112;2527
61;2529
165;2530
109;2532
4;2534
171;2551
50;2558
159;2561
1;2562
3;2563
16;2569
30;2579
196;2580
26;2585
2;2615
23;2622
41;2623
24;2624
49;2625
3;2626
197;2627
257;2628
17;2638
43;2653
64;2654
16;2657
32;2659
196;2660
26;2665
19;2668
12;2673
4;2676
150;2683
81;2717
48;2718
163;2719
111;2720
4;2724
4;2734
8;2737
20;2738
5;2743
22;2746
181;2761
44;2765
6;2770
10;2771
8;2774
14;2786
81;2813
22;2814
47;2815
93;2816
25;2833
10;2834
31;2835
2;2852
57;2867
7;2869
54;2909
55;2910
89;2911
94;2912
6;2919
30;2930
34;2931
15;2955
19;2960
177;2961
58;2962
16;2965
4;2966
210;3005
15;3006
85;3007
12;3008
15;3010
18;3016
21;3025
26;3026
40;3027
23;3028
6;3032
11;3049
19;3050
23;3052
14;3054
37;3055
14;3056
38;3060
44;3101
33;3102
189;3103
42;3104
11;3119
37;3122
6;3123
38;3124
12;3146
24;3152
23;3185
43;3197
29;3198
55;3199
7;3200
43;3201
33;3203
10;3206
16;3218
34;3226
26;3227
30;3229
19;3231
16;3232
11;3233
1;3235
35;3237
11;3249
8;3252
29;3258
177;3293
16;3294
66;3295
58;3296
14;3297
37;3298
62;3299
53;3300
1;3309
15;3312
25;3327
27;3328
44;3329
159;3330
55;3331
20;3332
20;3348
18;3349
8;3377
22;3389
56;3390
199;3391
80;3392
10;3396
9;3409
106;3411
166;3412
9;3414
31;3433
25;3434
6;3441
26;3442
20;3444
56;3447
197;3485
207;3486
50;3487
29;3488
22;3490
17;3496
33;3501
12;3505
12;3506
12;3507
1;3533
173;3534
10;3535
12;3537
30;3538
24;3539
23;3540
64;3543
23;3544
14;3557
4;3579
118;3581
50;3582
52;3583
201;3584
13;3588
33;3594
2;3597
10;3602
38;3603
127;3604
14;3614
2;3627
580;3628
20;3630
2;3632
24;3635
2;3636
2;3639
4;3640
10;3677
99;3678
87;3679
31;3680
3;3681
9;3691
7;3698
14;3700
12;3705
11;3714
3;3721
1;3724
9;3728
15;3735
19;3744
32;3773
35;3774
213;3775
46;3776
26;3779
19;3780
15;3795
25;3796
2;3806
26;3819
10;3827
11;3828
7;3832
24;3845
165;3869
31;3870
22;3871
61;3872
11;3873
45;3874
20;3876
21;3878
7;3891
2;3899
27;3901
217;3902
36;3903
47;3904
5;3905
3;3916
14;3921
7;3923
26;3925
17;3926
21;3928
9;3939
8;3949
7;3955
24;3965
548;3966
176;3967
161;3968
192;3969
42;3970
35;3971
29;3972
6;3975
48;3992
7;3998
23;4001
32;4002
7;4003
8;4004
13;4020
14;4025
8;4027
30;4055
589;4061
269;4062
242;4063
27;4064
37;4065
37;4074
193;4081
52;4082
27;4083
13;4085
20;4095
23;4115
16;4157
54;4158
10;4159
74;4160
2;4165
22;4177
26;4178
20;4180
20;4199
4;4200
15;4203
176;4204
34;4205
18;4206
5;4209
21;4210
13;4211
5;4213
198;4253
21;4254
30;4255
71;4256
33;4269
15;4273
11;4274
59;4275
34;4287
38;4294
152;4299
26;4302
38;4303
8;4307
6;4308
20;4309
7;4312
6;4329
176;4349
591;4350
41;4351
29;4352
11;4369
35;4370
6;4371
28;4372
7;4377
1;4395
7;4401
37;4403
50;4404
27;4406
30;4441
203;4445
166;4446
133;4447
240;4448
16;4449
33;4465
172;4467
20;4468
1;4470
1;4499
11;4503
21;4504
1;4514
1;4515
28;4519
21;4541
24;4542
15;4543
75;4545
25;4546
32;4548
35;4556
15;4572
6;4573
40;4574
20;4577
59;4578
592;4579
13;4580
21;4589
29;4590
60;4593
21;4594
8;4597
23;4598
17;4601
26;4602
5;4603
36;4637
269;4638
7;4639
35;4640
46;4641
23;4642
18;4643
156;4644
16;4651
10;4657
34;4659
1;4669
33;4671
24;4676
30;4678
5;4694
34;4698
26;4703
19;4729
49;4733
52;4734
233;4735
73;4736
11;4748
1;4753
155;4754
21;4755
158;4772
19;4778
8;4779
3;4784
13;4786
5;4787
25;4829
186;4830
53;4831
27;4832
7;4841
15;4846
25;4849
18;4851
175;4852
18;4861
19;4865
7;4872
15;4875
5;4876
7;4877
12;4881
5;4884
21;4885
14;4888
35;4925
208;4926
251;4927
91;4928
160;4933
24;4934
154;4940
16;4945
37;4946
25;4947
28;4948
25;4977
8;4981
13;4988
27;5008
7;5018
75;5021
38;5022
68;5023
80;5024
10;5027
147;5032
34;5041
1;5042
23;5044
27;5050
38;5072
5;5076
10;5078
3;5117
36;5118
208;5119
23;5120
4;5124
163;5137
23;5138
4;5139
19;5158
194;5163
22;5164
27;5165
17;5166
25;5175
19;5182
23;5190
218;5213
7;5214
184;5215
91;5216
35;5218
208;5219
10;5220
11;5233
1;5246
24;5248
17;5250
48;5251
34;5267
17;5270
25;5271
21;5279
55;5309
39;5310
11;5311
66;5313
260;5314
36;5316
35;5341
22;5342
44;5343
40;5347
20;5357
149;5361
16;5362
25;5367
10;5368
58;5371
15;5377
97;5405
186;5406
41;5407
3;5408
15;5419
160;5421
29;5426
154;5436
8;5440
33;5450
4;5451
25;5452
14;5459
7;5462
162;5465
249;5501
36;5502
81;5503
202;5504
27;5505
3;5509
44;5523
17;5524
29;5538
13;5554
6;5556
37;5557
553;5558
11;5559
188;5597
222;5598
43;5599
100;5600
10;5610
8;5614
50;5617
41;5618
171;5619
21;5624
19;5649
48;5654
40;5693
21;5694
50;5695
92;5696
5;5702
29;5703
6;5713
5;5716
28;5732
2;5736
10;5739
173;5752
160;5755
66;5789
76;5790
46;5791
40;5792
7;5806
25;5809
14;5811
2;5812
27;5836
33;5837
27;5844
1;5864
224;5885
32;5887
13;5888
161;5889
194;5890
43;5891
196;5892
568;5901
2;5902
13;5917
33;5918
21;5922
11;5924
7;5929
168;5938
8;5941
12;5947
38;5981
173;5982
33;5984
13;5985
9;5986
35;5987
22;5988
28;5992
22;6009
20;6011
22;6012
6;6013
25;6014
21;6017
8;6018
62;6019
28;6020
9;6021
12;6025
8;6033
3;6034
14;6044
92;6078
248;6079
205;6080
6;6081
19;6091
23;6093
28;6097
20;6098
187;6099
35;6100
11;6102
10;6121
10;6122
129;6123
19;6124
20;6125
55;6126
30;6130
155;6134
13;6146
98;6173
154;6174
17;6175
60;6176
5;6193
21;6194
8;6196
14;6197
32;6213
4;6214
6;6217
47;6220
38;6226
261;6269
38;6270
255;6271
40;6272
14;6273
3;6275
167;6284
178;6289
5;6290
22;6291
15;6292
20;6303
22;6306
27;6318
5;6319
172;6325
15;6326
33;6327
25;6328
4;6335
10;6357
85;6365
83;6366
53;6367
334;6368
177;6385
16;6386
47;6388
157;6407
49;6411
6;6412
13;6416
161;6420
36;6424
8;6433
81;6461
402;6462
85;6463
21;6464
5;6471
6;6472
11;6475
51;6481
25;6482
27;6486
24;6497
29;6505
16;6506
12;6507
23;6509
19;6510
10;6513
151;6527
6;6552
58;6557
26;6558
31;6559
27;6560
11;6561
14;6562
207;6563
157;6564
159;6588
45;6589
188;6590
173;6592
11;6593
572;6595
14;6596
2;6600
21;6609
6;6611
20;6615
15;6619
10;6620
152;6653
72;6654
49;6655
49;6656
25;6657
5;6658
52;6659
171;6660
9;6670
17;6685
6;6687
24;6689
3;6690
5;6692
22;6710
20;6714
29;6715
7;6730
173;6748
55;6749
19;6750
81;6751
36;6752
23;6753
16;6757
2;6768
29;6770
5;6771
195;6772
10;6783
9;6799
30;6803
7;6804
24;6816
3;6843
39;6845
177;6846
67;6847
65;6848
31;6855
24;6856
7;6865
56;6866
21;6868
21;6870
5;6876
6;6878
22;6889
24;6891
9;6893
8;6894
6;6899
87;6941
11;6942
97;6943
640;6944
16;6952
18;6961
17;6962
23;6964
28;6975
14;6976
28;6982
161;6985
19;6986
9;6990
16;6991
26;7001
40;7037
13;7038
206;7039
61;7040
28;7057
18;7058
11;7060
10;7064
6;7078
155;7080
12;7083
1;7087
8;7093
23;7094
7;7096
5;7110
27;7114
57;7133
55;7134
37;7135
215;7136
9;7145
8;7153
44;7154
12;7155
153;7170
3;7180
170;7192
9;7206
2;7219
32;7221
39;7229
42;7230
32;7231
198;7232
2;7233
34;7234
631;7235
89;7236
3;7237
38;7238
1;7244
8;7249
15;7252
30;7261
30;7262
4;7264
6;7266
95;7267
17;7276
22;7278
16;7281
47;7284
31;7289
16;7291
9;7317
25;7325
36;7326
2;7327
1;7331
11;7332
13;7342
147;7344
69;7357
32;7358
21;7359
15;7360
28;7361
30;7362
23;7363
47;7364
6;7366
35;7375
641;7379
4;7380
9;7384
25;7385
5;7414
65;7421
122;7422
9;7423
65;7424
12;7432
151;7441
103;7442
11;7443
67;7444
27;7448
2;7456
5;7467
11;7468
3;7471
13;7472
11;7475
5;7477
4;7502
24;7517
11;7518
43;7519
211;7520
30;7528
1;7530
27;7536
55;7537
47;7538
22;7540
169;7544
15;7555
22;7561
59;7563
6;7564
35;7565
8;7568
159;7569
21;7570
5;7572
12;7575
11;7576
199;7613
45;7614
32;7615
655;7616
1;7618
28;7633
40;7634
17;7636
11;7639
36;7642
25;7657
4;7658
5;7661
10;7663
15;7668
4;7670
6;7671
236;7709
32;7710
14;7711
64;7712
17;7719
24;7728
20;7729
3;7731
18;7732
18;7741
10;7747
162;7757
12;7760
194;7761
10;7762
14;7763
13;7764
28;7767
29;7805
240;7806
64;7807
76;7808
39;7825
32;7826
72;7827
28;7832
25;7833
25;7836
11;7855
21;7856
27;7858
46;7861
1;7875
12;7896
16;7898
26;7901
3;7902
32;7903
45;7904
35;7906
22;7907
45;7908
10;7911
10;7928
10;7929
24;7932
11;7933
9;7935
22;7940
14;7952
19;7956
13;7958
16;7959
37;7960
7;7961
60;7997
24;7998
621;7999
11;8000
235;8001
14;8003
23;8004
32;8015
27;8019
28;8022
4;8029
11;8032
12;8033
17;8034
37;8035
17;8036
15;8038
29;8046
26;8049
38;8053
21;8054
189;8056
30;8057
15;8071
60;8093
117;8094
630;8095
41;8096
13;8113
170;8115
19;8116
7;8125
1;8137
12;8144
19;8146
185;8151
46;8189
242;8190
74;8191
171;8192
19;8198
22;8201
206;8209
35;8211
15;8212
8;8213
13;8228
29;8238
10;8239
14;8240
9;8241
61;8244
30;8245
15;8248
23;8258
66;8285
63;8286
230;8287
13;8301
7;8303
47;8305
28;8306
2;8307
3;8308
21;8309
23;8311
30;8326
8;8327
9;8329
24;8330
13;8334
2;8343
39;8350
57;8381
41;8382
204;8383
18;8392
40;8401
1;8402
34;8403
178;8404
12;8420
12;8422
164;8425
37;8426
10;8427
18;8430
4;8432
34;8434
2;8436
9;8438
10;8440
42;8477
204;8478
35;8479
235;8480
13;8481
8;8498
29;8499
4;8523
6;8531
1;8532
30;8536
37;8548
31;8558
40;8568
71;8574
40;8575
193;8576
1;8577
140;8578
55;8579
167;8580
16;8586
37;8599
33;8605
5;8606
3;8610
8;8611
14;8612
5;8619
17;8627
6;8628
5;8633
8;8637
1;8659
29;8665
45;8667
169;8668
46;8669
71;8670
77;8672
3;8685
13;8686
20;8697
5;8698
44;8699
44;8701
59;8702
26;8704
15;8707
20;8711
9;8713
21;8719
1;8722
179;8726
197;8728
27;8741
2;8743
2;8760
186;8761
16;8762
258;8763
4;8764
39;8770
167;8777
16;8779
3;8781
41;8782
2;8784
10;8790
1;8807
10;8810
29;8814
102;8857
31;8858
204;8859
218;8860
23;8863
23;8872
25;8877
21;8878
25;8879
4;8888
9;8889
14;8891
12;8901
7;8902
11;8907
23;8908
9;8909
12;8911
17;8913
4;8945
43;8953
47;8954
12;8955
20;8956
4;8961
1;8974
27;8975
40;8976
14;8982
21;8985
25;8999
3;9000
5;9002
4;9003
18;9010
27;9012
5;9046
74;9049
22;9050
9;9051
79;9052
19;9054
2;9056
44;9068
218;9069
11;9071
37;9072
15;9082
10;9086
26;9088
26;9095
34;9096
28;9101
50;9145
55;9146
35;9147
39;9148
2;9165
554;9167
1;9177
17;9195
27;9199
41;9200
3;9202
12;9203
3;9204
33;9241
53;9243
12;9244
28;9245
23;9260
24;9266
20;9269
32;9273
20;9274
22;9277
29;9278
56;9279
182;9280
18;9283
22;9293
20;9295
24;9297
28;9301
18;9333
59;9337
65;9338
11;9339
25;9340
32;9341
16;9342
56;9343
20;9364
6;9371
2;9372
2;9376
32;9378
3;9383
18;9385
10;9400
89;9433
19;9435
36;9436
8;9453
595;9454
168;9455
4;9456
29;9479
17;9480
32;9481
24;9486
6;9489
35;9529
71;9530
54;9531
42;9532
155;9535
1;9539
168;9550
18;9551
28;9555
4;9578
11;9579
6;9581
164;9587
63;9626
76;9627
93;9628
35;9631
4;9647
33;9648
33;9665
33;9666
16;9670
30;9681
8;9684
5;9718
87;9721
242;9722
41;9723
44;9724
4;9738
43;9741
23;9742
36;9744
13;9760
2;9762
33;9767
31;9769
1;9770
30;9773
471;9817
201;9818
77;9819
154;9820
26;9829
28;9830
156;9831
33;9835
43;9837
57;9840
14;9864
31;9865
3;9869
170;9873
9;9875
194;9876
15;9884
28;9911
22;9913
85;9914
14;9915
9;9916
170;9917
30;9918
30;9919
70;9920
10;9922
9;9927
8;9933
30;9944
42;9945
36;9946
48;9948
24;9950
21;9951
29;9952
14;9966
64;9968
160;9972
26;9973
18;9978
13;9983
557;10008
234;10009
4;10010
35;10011
57;10012
48;10013
32;10014
76;10015
198;10016
13;10018
30;10021
166;10031
57;10040
204;10041
44;10043
29;10044
3;10047
20;10048
24;10053
42;10062
19;10064
21;10066
159;10086
91;10105
288;10106
109;10107
46;10108
3;10112
9;10125
12;10126
36;10127
5;10128
4;10132
19;10155
6;10157
72;10160
29;10164
54;10201
73;10202
141;10203
64;10204
18;10215
10;10222
164;10223
49;10224
10;10235
17;10238
8;10244
10;10248
26;10254
18;10256
13;10297
105;10298
21;10299
123;10300
6;10302
160;10305
1;10313
31;10317
6;10318
17;10319
57;10320
6;10332
26;10338
41;10347
160;10348
9;10350
169;10351
24;10352
162;10384
5;10393
245;10394
45;10395
13;10396
25;10413
156;10414
59;10415
8;10424
551;10439
40;10441
177;10443
162;10449
21;10452
107;10489
30;10491
28;10492
18;10494
15;10503
3;10507
34;10509
22;10512
52;10517
156;10533
19;10535
8;10536
166;10540
8;10546
31;10547
8;10581
59;10585
492;10586
33;10587
9;10588
172;10589
42;10590
33;10592
6;10599
1;10607
130;10617
17;10618
14;10622
56;10623
202;10624
29;10630
2;10639
33;10646
8;10647
14;10648
25;10667
589;10681
76;10682
180;10683
3;10684
324;10685
27;10686
78;10687
6;10688
4;10703
28;10708
9;10710
23;10712
11;10715
49;10717
27;10718
10;10719
159;10720
23;10736
18;10738
36;10777
61;10778
44;10779
58;10780
19;10790
1;10798
49;10799
27;10809
17;10817
16;10823
153;10831
156;10836
7;10872
62;10873
54;10874
5;10875
245;10876
23;10893
6;10896
5;10902
9;10917
156;10921
2;10924
17;10927
224;10969
117;10970
179;10971
209;10972
237;10992
5;10995
9;10998
11;11009
30;11028
50;11065
37;11066
202;11067
127;11068
27;11077
24;11085
19;11095
1;11106
162;11112
10;11113
5;11114
17;11115
9;11116
2;11120
12;11124
159;11161
26;11162
252;11163
570;11164
164;11171
13;11176
4;11178
25;11179
20;11181
4;11182
40;11183
17;11184
6;11192
19;11209
18;11212
2;11217
35;11239
9;11248
7;11257
10;11258
23;11260
38;11261
18;11262
52;11263
34;11264
20;11265
7;11283
12;11287
30;11289
42;11292
12;11293
29;11294
13;11307
39;11315
3;11341
159;11342
9;11352
35;11354
199;11355
61;11356
27;11357
33;11358
1;11360
18;11374
42;11385
54;11386
16;11387
174;11388
6;11389
31;11391
2;11396
3;11409
563;11410
28;11414
13;11416
14;11418
7;11442
24;11449
89;11450
8;11452
4;11469
6;11470
8;11472
22;11482
20;11496
46;11500
11;11501
31;11502
9;11507
121;11545
48;11546
15;11547
15;11548
26;11565
19;11566
2;11567
7;11568
34;11582
152;11585
9;11593
14;11595
31;11597
15;11601
5;11602
9;11609
33;11641
51;11642
64;11643
24;11644
169;11663
39;11676
17;11685
17;11688
16;11691
9;11693
173;11695
33;11699
47;11700
25;11737
396;11738
8;11739
209;11740
14;11741
31;11743
1;11745
13;11748
173;11757
31;11785
4;11786
17;11791
15;11793
12;11833
52;11834
53;11835
95;11836
14;11852
15;11863
13;11877
19;11888
27;11892
5;11921
40;11930
170;11931
28;11932
28;11933
7;11934
44;11935
19;11936
27;11949
1;11950
5;11959
17;11962
6;11965
7;11966
29;11970
6;11984
6;11987
31;11990
144;11997
25;12000
4;12026
8;12027
26;12029
72;12030
19;12031
41;12032
46;12060
328;12061
37;12062
11;12064
165;12065
4;12078
34;12079
2;12080
24;12082
2;12086
28;12121
94;12122
26;12123
15;12124
37;12134
11;12141
57;12142
13;12144
26;12165
16;12167
21;12176
25;12178
34;12203
20;12217
15;12218
31;12219
32;12220
155;12224
24;12228
18;12234
5;12238
20;12239
2;12250
10;12251
2;12256
9;12261
33;12271
25;12276
309;12313
9;12314
58;12315
254;12316
51;12333
12;12335
10;12357
20;12358
20;12361
35;12368
28;12370
2;12372
16;12380
64;12409
62;12410
37;12411
22;12412
25;12413
28;12420
3;12429
14;12430
169;12432
12;12447
6;12453
29;12460
31;12466
161;12505
196;12506
83;12507
76;12508
10;12509
26;12525
25;12526
53;12528
5;12559
19;12564
21;12596
203;12601
208;12602
9;12603
72;12604
35;12605
39;12607
25;12608
15;12624
17;12625
11;12633
191;12634
2;12635
8;12637
31;12642
10;12644
26;12652
29;12657
25;12658
29;12660
19;12664
68;12697
80;12699
43;12700
54;12701
48;12702
21;12704
10;12713
16;12724
585;12729
25;12730
2;12731
18;12732
155;12733
3;12734
1;12735
160;12757
16;12759
104;12793
66;12794
45;12795
23;12796
20;12798
27;12801
16;12809
1;12812
3;12813
15;12814
26;12815
8;12825
152;12846
40;12852
8;12877
112;12889
101;12890
58;12891
244;12892
15;12900
8;12909
35;12910
5;12911
181;12912
13;12913
12;12915
15;12924
23;12939
25;12947
6;12948
372;12985
70;12986
45;12987
227;12988
38;13006
16;13007
18;13008
29;13014
19;13029
8;13031
30;13032
24;13038
2;13039
15;13040
22;13078
647;13081
85;13082
25;13083
67;13084
152;13093
28;13128
39;13129
17;13131
9;13136
1;13137
46;13177
21;13178
10;13179
102;13180
9;13195
163;13197
60;13198
15;13199
20;13200
35;13217
8;13228
3;13233
36;13234
7;13244
21;13250
57;13273
35;13274
57;13276
19;13277
48;13278
23;13279
11;13280
37;13288
7;13294
4;13300
30;13304
38;13306
161;13309
11;13311
150;13312
4;13324
50;13330
5;13331
20;13334
209;13369
30;13370
16;13371
20;13372
25;13373
4;13375
4;13399
9;13402
40;13403
170;13405
146;13406
9;13411
1;13416
24;13421
12;13422
184;13424
35;13425
12;13426
8;13428
18;13430
229;13465
268;13466
236;13467
208;13468
26;13472
34;13477
15;13485
32;13486
17;13492
6;13493
28;13511
36;13523
51;13561
35;13562
102;13563
22;13564
10;13567
158;13577
17;13580
35;13581
8;13606
29;13607
10;13610
8;13616
158;13617
11;13640
31;13657
57;13658
60;13659
35;13660
20;13677
4;13679
13;13680
6;13694
20;13702
156;13709
12;13714
2;13715
19;13716
6;13735
2;13753
36;13754
65;13755
54;13756
7;13769
3;13773
70;13775
15;13776
27;13801
9;13804
163;13806
18;13807
4;13811
190;13849
33;13851
12;13852
19;13867
18;13869
32;13870
15;13871
32;13872
33;13897
171;13900
7;13903
183;13905
152;13906
14;13907
6;13908
1;13925
179;13945
50;13946
202;13947
167;13948
52;13949
8;13952
21;13955
5;13977
7;13979
17;13981
45;13983
6;13987
1;13988
21;13997
24;14006
1;14008
40;14041
8;14042
12;14043
22;14044
341;14045
31;14046
86;14047
18;14048
5;14054
38;14058
558;14071
5;14074
36;14075
7;14076
154;14077
100;14078
49;14079
3;14086
13;14094
170;14095
12;14096
19;14097
9;14099
163;14100
41;14103
6;14107
27;14137
82;14138
416;14139
13;14152
20;14158
60;14159
1;14163
34;14168
6;14179
16;14181
151;14184
12;14189
22;14191
30;14193
31;14195
20;14233
9;14234
87;14235
359;14236
21;14273
17;14278
7;14282
19;14283
2;14285
38;14286
12;14287
20;14291
2;14292
7;14323
68;14329
51;14330
98;14331
39;14332
6;14334
1;14336
24;14344
26;14349
7;14350
20;14351
20;14352
158;14376
40;14380
4;14381
6;14383
41;14425
48;14426
29;14427
38;14428
29;14436
33;14445
22;14447
171;14468
2;14469
15;14478
22;14521
384;14522
429;14523
5;14524
9;14525
8;14533
1;14537
12;14542
16;14543
37;14544
8;14546
2;14560
201;14565
154;14566
13;14572
13;14576
3;14580
3;14617
16;14618
22;14619
15;14620
19;14622
56;14623
4;14624
4;14641
33;14649
12;14652
2;14654
29;14655
169;14656
11;14663
17;14668
19;14672
3;14713
9;14715
12;14716
10;14717
216;14718
21;14719
40;14720
13;14733
30;14734
50;14745
22;14746
6;14748
3;14750
15;14759
1;14769
33;14770
11;14772
6;14773
71;14809
103;14810
376;14811
26;14814
5;14818
15;14827
9;14829
80;14831
14;14832
6;14849
19;14851
11;14856
5;14858
3;14861
7;14862
30;14881
71;14905
65;14906
68;14907
83;14908
19;14925
31;14926
19;14927
12;14928
24;14931
30;14939
10;14955
26;14957
2;14958
7;14997
188;15001
15;15002
16;15003
59;15004
26;15018
51;15021
176;15022
162;15023
15;15040
15;15053
20;15056
21;15058
57;15097
52;15099
74;15100
18;15110
160;15117
22;15119
10;15141
153;15146
22;15147
35;15154
3;15156
9;15172
8;15193
50;15194
32;15195
17;15196
26;15208
18;15210
31;15213
25;15232
5;15238
14;15241
4;15242
15;15243
25;15244
26;15245
16;15246
32;15250
25;15251
7;15267
2;15268
169;15289
18;15290
64;15291
24;15292
49;15293
22;15294
9;15295
7;15296
18;15305
161;15306
14;15323
11;15324
35;15325
13;15328
8;15344
30;15347
5;15351
4;15352
12;15355
22;15364
19;15377
39;15378
23;15386
313;15387
219;15388
11;15389
15;15390
180;15391
20;15392
29;15395
173;15398
17;15418
6;15419
24;15420
194;15422
33;15424
13;15437
33;15442
164;15445
20;15481
236;15482
17;15483
34;15484
4;15501
151;15502
36;15503
22;15531
16;15532
38;15533
22;15534
26;15539
24;15577
33;15579
53;15580
13;15581
6;15591
12;15597
22;15600
5;15605
33;15622
9;15626
25;15629
3;15630
60;15673
45;15674
409;15675
110;15676
28;15683
25;15686
4;15688
34;15690
13;15691
19;15693
40;15695
34;15705
16;15722
152;15729
23;15730
39;15769
48;15770
30;15771
243;15772
36;15773
36;15783
40;15785
14;15789
30;15792
1;15799
12;15803
9;15810
38;15811
32;15814
1;15819
4;15823
31;15827
34;15865
29;15866
74;15867
28;15868
3;15872
6;15887
73;15888
34;15889
24;15910
38;15911
65;15916
12;15920
6;15924
1;15926
2;15962
38;15963
19;15964
54;15965
15;15966
5;15967
24;15968
3;15993
34;15996
32;16014
167;16015
29;16017
8;16020
18;16022
25;16053
26;16060
171;16061
27;16062
73;16063
26;16064
23;16068
7;16088
27;16089
15;16090
203;16091
3;16092
36;16093
3;16094
174;16095
76;16096
16;16098
154;16107
20;16109
162;16110
28;16112
3;16114
2;16115
30;16117
8;16119
34;16154
8;16155
73;16156
163;16167
13;16174
19;16175
4;16176
31;16185
33;16193
7;16197
6;16199
165;16201
14;16206
8;16209
207;16249
27;16250
44;16251
55;16252
11;16269
4;16271
14;16281
11;16288
8;16294
27;16296
15;16298
27;16306
35;16307
108;16345
54;16346
49;16347
189;16348
50;16365
30;16366
10;16367
182;16368
4;16372
25;16374
3;16390
151;16393
5;16394
44;16397
45;16400
8;16404
147;16441
19;16442
39;16443
21;16451
1;16453
4;16461
1;16462
572;16463
19;16464
33;16469
6;16494
1;16497
23;16499
34;16537
54;16538
56;16539
22;16540
20;16546
28;16556
171;16557
10;16559
2;16560
21;16564
157;16567
8;16577
152;16583
14;16585
9;16591
9;16592
4;16594
37;16595
11;16596
18;16620
5;16625
34;16633
34;16634
31;16635
175;16638
15;16640
20;16643
18;16645
5;16659
166;16661
1;16665
43;16666
58;16667
15;16668
37;16669
8;16672
8;16682
8;16685
27;16691
9;16694
7;16729
40;16730
25;16731
562;16732
51;16733
4;16734
13;16735
28;16741
8;16750
16;16761
8;16762
31;16763
20;16765
23;16771
14;16776
8;16783
37;16786
12;16791
6;16825
102;16826
227;16828
5;16832
32;16845
44;16846
7;16847
12;16852
14;16867
8;16877
49;16883
39;16884
89;16921
12;16922
382;16923
40;16924
19;16927
20;16930
20;16940
43;16941
44;16944
12;16957
16;16972
27;16974
158;16975
1;16976
162;16978
64;17017
12;17018
25;17019
22;17020
7;17021
558;17030
6;17031
17;17037
30;17039
10;17048
30;17063
5;17069
9;17070
18;17076
5;17081
24;17113
10;17114
51;17115
104;17116
27;17117
29;17133
158;17134
13;17136
7;17138
7;17141
2;17153
3;17166
31;17170
6;17171
8;17200
33;17209
21;17210
54;17211
45;17212
31;17219
30;17232
145;17240
25;17243
11;17248
2;17252
10;17254
13;17263
34;17264
15;17267
27;17268
6;17297
33;17298
31;17305
54;17306
16;17307
85;17309
30;17311
163;17312
7;17314
11;17317
3;17318
29;17337
8;17338
11;17339
26;17340
4;17341
24;17344
39;17346
12;17359
18;17362
6;17367
44;17368
60;17401
7;17402
35;17404
6;17405
24;17406
39;17407
3;17408
13;17416
8;17418
9;17432
31;17433
28;17434
16;17435
8;17436
11;17437
18;17439
15;17447
22;17448
29;17455
18;17457
1;17459
1;17460
32;17462
2;17463
185;17497
19;17498
13;17499
44;17500
28;17502
29;17517
33;17518
10;17519
6;17520
4;17534
19;17539
27;17547
26;17549
32;17550
3;17553
150;17586
222;17593
98;17594
65;17595
26;17596
16;17602
24;17609
8;17613
18;17615
55;17616
2;17641
162;17645
28;17651
7;17652
169;17689
18;17690
28;17691
567;17692
36;17709
13;17711
27;17712
30;17722
2;17734
15;17735
5;17738
13;17741
28;17742
5;17743
163;17746
38;17785
171;17786
64;17787
53;17788
10;17790
25;17805
42;17806
18;17807
17;17808
25;17814
15;17815
31;17819
1;17829
9;17830
39;17832
10;17840
7;17841
198;17881
25;17882
34;17883
373;17884
8;17896
41;17902
13;17903
7;17904
18;17915
30;17934
158;17970
18;17974
45;17977
567;17979
14;17980
14;17981
23;17982
9;17983
18;17984
22;18002
19;18009
24;18013
339;18014
7;18015
26;18021
2;18073
15;18074
77;18075
21;18076
30;18077
27;18078
20;18079
182;18080
4;18090
22;18094
9;18100
20;18102
8;18106
40;18107
17;18110
38;18111
4;18112
5;18126
16;18128
12;18133
23;18135
10;18153
21;18158
32;18169
95;18170
11;18171
58;18172
28;18189
10;18190
3;18191
12;18192
14;18193
5;18216
8;18219
156;18220
6;18225
38;18226
19;18228
16;18265
67;18266
73;18267
32;18268
18;18271
30;18278
7;18287
3;18297
17;18311
15;18312
30;18317
158;18320
181;18361
1;18362
36;18363
113;18364
15;18371
70;18381
1;18384
13;18392
38;18401
161;18403
10;18413
10;18415
30;18418
15;18419
83;18459
70;18460
23;18473
4;18476
19;18477
183;18478
32;18479
5;18486
40;18503
5;18504
24;18505
29;18508
176;18510
54;18554
12;18555
21;18556
14;18562
19;18573
11;18575
163;18588
163;18591
1;18596
32;18599
3;18605
13;18610
1;18611
36;18649
29;18650
59;18651
61;18652
394;18653
65;18655
28;18656
3;18658
152;18667
10;18671
171;18681
14;18685
5;18702
20;18706
46;18709
31;18714
74;18745
247;18746
5;18747
476;18748
162;18749
67;18750
2;18751
19;18759
25;18768
11;18771
21;18777
30;18778
4;18782
11;18799
19;18805
4;18807
9;18811
44;18841
15;18842
5;18843
198;18844
24;18852
63;18862
2;18863
37;18885
5;18889
32;18899
16;18900
238;18937
222;18938
30;18939
58;18940
28;18944
174;18950
12;18957
51;18958
14;18959
26;18960
19;18975
174;18990
2;18991
24;18992
26;18995
28;19019
11;19022
65;19033
63;19034
46;19035
37;19036
13;19046
20;19053
75;19054
25;19055
21;19056
35;19072
160;19073
6;19074
3;19078
24;19079
24;19083
37;19084
39;19120
180;19129
30;19130
94;19131
65;19132
9;19141
36;19146
163;19150
47;19151
190;19152
33;19177
175;19181
31;19188
232;19225
64;19226
45;19228
1;19234
30;19246
5;19248
17;19263
11;19277
24;19279
62;19321
34;19322
2;19323
18;19324
31;19325
159;19326
45;19328
23;19337
13;19353
36;19354
20;19355
2;19356
41;19357
12;19359
8;19365
20;19370
2;19377
6;19381
4;19382
13;19417
87;19418
39;19419
182;19420
22;19421
13;19422
11;19423
29;19426
15;19434
10;19435
4;19452
7;19455
36;19458
25;19475
16;19476
35;19477
30;19480
2;19494
179;19513
225;19514
181;19515
33;19516
184;19533
22;19535
35;19536
168;19541
19;19554
9;19561
5;19562
2;19564
195;19565
11;19566
214;19609
10;19610
21;19611
50;19612
9;19620
13;19624
26;19629
16;19630
4;19637
2;19655
16;19657
28;19680
5;19692
6;19701
193;19705
53;19706
61;19707
174;19708
29;19721
14;19725
41;19750
4;19753
29;19758
8;19759
10;19760
1;19793
86;19801
163;19802
82;19803
21;19804
7;19810
32;19822
7;19824
41;19834
6;19845
25;19848
5;19851
7;19854
28;19855
10;19856
11;19897
204;19898
63;19899
3;19902
29;19918
10;19919
20;19920
9;19932
166;19935
16;19942
22;19945
12;19952
17;19977
17;19984
18;19993
95;19994
9;19995
82;19997
40;19998
34;19999
81;20000
25;20001
38;20019
26;20028
5;20029
14;20030
7;20031
38;20034
7;20052
10;20056
14;20060
18;20089
53;20091
18;20095
10;20096
161;20102
28;20122
9;20124
157;20125
16;20133
26;20135
40;20141
13;20144
9;20151
77;20185
192;20186
86;20187
26;20188
31;20189
20;20193
28;20205
8;20206
12;20208
34;20232
16;20236
2;20237
28;20264
11;20281
10;20282
42;20283
15;20284
6;20291
23;20301
14;20317
148;20326
33;20328
9;20331
21;20334
17;20366
14;20369
48;20377
21;20378
9;20379
28;20380
13;20384
33;20398
3;20399
14;20415
53;20421
5;20423
166;20430
1;20433
56;20436
225;20473
76;20474
73;20475
7;20476
7;20486
15;20490
1;20494
34;20495
24;20496
11;20510
14;20517
35;20520
6;20523
31;20526
3;20528
3;20548
75;20569
9;20570
38;20571
203;20572
10;20577
8;20589
154;20590
8;20592
2;20613
2;20618
563;20620
6;20625
4;20628
24;20635
19;20665
30;20666
222;20667
66;20668
4;20669
61;20671
220;20672
5;20676
20;20687
27;20698
14;20699
14;20700
7;20701
4;20702
19;20703
8;20712
28;20718
165;20719
36;20720
11;20722
162;20726
1;20728
175;20761
39;20762
21;20763
22;20764
59;20765
18;20766
88;20767
44;20768
4;20776
24;20791
3;20793
9;20795
17;20796
4;20797
8;20802
17;20815
25;20820
24;20821
9;20822
12;20824
34;20857
6;20858
42;20860
22;20877
3;20878
2;20897
22;20900
2;20902
29;20904
19;20907
3;20910
3;20911
29;20913
17;20916
81;20953
31;20954
165;20955
40;20956
19;20962
25;20964
3;20974
23;20976
24;20981
12;20990
30;20997
161;20999
13;21000
1;21001
2;21010
160;21014
19;21049
46;21050
30;21051
27;21052
26;21069
22;21072
16;21081
30;21084
7;21094
9;21145
25;21146
26;21147
199;21148
196;21166
4;21167
40;21172
15;21181
25;21189
3;21192
30;21202
35;21241
32;21242
25;21243
63;21244
19;21245
195;21262
6;21263
2;21264
10;21285
12;21294
9;21297
32;21299
11;21301
13;21314
179;21337
29;21338
22;21339
177;21340
27;21341
46;21342
54;21343
13;21344
11;21370
35;21371
5;21373
158;21374
40;21375
17;21376
50;21380
29;21388
10;21389
166;21391
8;21393
32;21394
35;21395
13;21397
3;21415
6;21433
22;21434
58;21435
14;21437
13;21438
35;21439
162;21440
4;21445
165;21449
8;21459
150;21465
7;21468
218;21469
12;21470
37;21479
13;21486
21;21495
21;21496
1;21529
15;21530
45;21531
45;21532
25;21540
3;21546
28;21549
39;21551
24;21552
33;21574
29;21586
36;21589
113;21625
178;21626
202;21627
4;21628
7;21632
7;21638
3;21645
19;21647
164;21651
156;21672
19;21674
6;21693
270;21721
3;21722
610;21723
993;21724
36;21727
566;21742
191;21743
18;21744
3;21758
4;21759
4;21767
2;21775
73;21817
130;21818
28;21819
735;21820
1;21829
40;21838
41;21840
38;21852
162;21855
2;21857
34;21861
5;21862
23;21870
3;21872
26;21899
45;21913
182;21915
24;21916
52;21933
7;21934
21;21935
16;21936
30;21959
3;21964
4;21966
22;21982
22;21998
33;22009
176;22011
36;22012
15;22014
6;22016
2;22021
59;22041
43;22044
22;22048
173;22057
17;22058
10;22066
22;22069
25;22072
29;22075
1;22086
1;22105
29;22106
22;22108
26;22110
9;22111
11;22112
26;22126
1;22130
1;22137
191;22139
59;22140
41;22142
10;22144
12;22148
14;22156
29;22158
26;22162
23;22165
61;22170
13;22201
80;22202
9;22203
34;22204
15;22216
164;22221
28;22222
178;22223
4;22224
24;22241
29;22281
23;22297
9;22298
55;22299
107;22300
40;22313
22;22317
39;22320
5;22345
16;22347
26;22349
15;22356
62;22393
69;22394
63;22395
33;22396
5;22397
9;22402
5;22413
10;22416
50;22423
2;22435
18;22441
7;22443
202;22489
20;22490
20;22491
34;22492
22;22507
17;22512
16;22521
23;22537
3;22538
55;22539
29;22543
14;22544
178;22545
3;22585
216;22586
41;22587
34;22588
27;22595
27;22601
168;22613
34;22633
26;22634
181;22638
36;22681
101;22682
159;22683
26;22684
87;22686
43;22687
8;22689
4;22703
48;22708
23;22711
161;22714
20;22715
31;22717
18;22720
6;22723
22;22733
7;22736
29;22737
6;22753
175;22777
8;22778
23;22779
5;22780
64;22781
3;22782
6;22783
1;22784
22;22790
27;22809
14;22813
25;22816
164;22828
52;22830
9;22834
23;22835
29;22873
73;22874
71;22875
92;22876
3;22877
29;22893
26;22894
11;22895
24;22896
1;22908
2;22913
4;22920
31;22921
2;22923
29;22931
208;22969
205;22970
51;22971
115;22972
11;22986
19;22989
1;22993
20;22995
48;23014
12;23018
15;23026
53;23065
55;23066
75;23067
171;23068
61;23073
165;23086
7;23090
10;23117
179;23121
55;23161
57;23162
55;23163
16;23164
31;23169
4;23174
34;23176
22;23184
32;23189
15;23203
16;23205
18;23211
11;23212
4;23246
35;23257
64;23258
12;23259
61;23260
156;23274
17;23277
18;23300
24;23306
19;23313
5;23314
3;23316
28;23326
13;23353
73;23354
36;23356
184;23357
14;23358
52;23360
5;23373
3;23374
177;23377
11;23386
17;23387
7;23388
32;23390
25;23391
12;23392
3;23404
25;23406
34;23409
10;23442
33;23449
63;23450
38;23451
9;23452
170;23453
44;23454
29;23455
15;23456
6;23476
79;23481
5;23482
19;23483
5;23484
168;23488
24;23507
13;23508
10;23510
22;23512
29;23545
44;23546
87;23547
610;23548
180;23565
177;23566
17;23568
30;23579
5;23582
17;23590
4;23592
18;23593
14;23595
5;23597
5;23598
1;23637
123;23641
192;23642
264;23643
28;23644
20;23654
55;23662
59;23663
51;23664
157;23694
9;23695
20;23698
18;23699
107;23737
67;23738
57;23739
171;23740
10;23752
54;23757
22;23759
3;23760
12;23762
28;23770
35;23773
36;23782
4;23787
24;23792
19;23808
243;23833
11;23834
88;23835
118;23836
11;23841
35;23853
56;23854
34;23855
28;23856
5;23873
3;23877
17;23879
20;23880
156;23884
21;23885
154;23891
33;23902
32;23907
75;23929
39;23930
195;23931
25;23932
15;23950
2;23952
18;23957
157;23967
26;23984
26;23985
23;23986
17;23987
12;23988
18;24025
50;24026
24;24027
186;24029
578;24030
59;24032
9;24042
12;24058
50;24061
26;24063
51;24064
24;24080
28;24081
29;24082
15;24102
15;24119
5;24121
12;24122
32;24123
6;24124
23;24125
23;24126
27;24127
30;24128
17;24131
8;24140
17;24154
40;24155
32;24156
7;24157
16;24159
528;24160
2;24166
26;24168
28;24173
19;24176
13;24180
54;24182
38;24185
21;24217
27;24218
46;24219
621;24220
5;24238
19;24239
179;24241
29;24264
8;24270
11;24273
13;24313
298;24314
65;24315
209;24316
12;24328
44;24334
14;24347
25;24359
18;24366
7;24368
1;24375
77;24409
45;24410
26;24411
54;24412
8;24429
20;24430
21;24432
26;24455
1;24460
18;24463
16;24466
11;24467
36;24479
258;24505
247;24506
43;24507
41;24508
10;24512
37;24527
11;24528
19;24530
23;24539
32;24540
19;24550
33;24553
13;24556
29;24563
1;24596
77;24601
35;24602
44;24603
28;24604
17;24610
12;24611
8;24618
9;24621
9;24622
18;24623
1;24634
8;24635
6;24646
35;24653
24;24654
5;24660
7;24680
32;24697
339;24698
2;24699
89;24700
4;24703
244;24704
175;24705
18;24706
196;24730
22;24732
1;24733
25;24734
186;24735
162;24738
168;24739
21;24740
11;24749
4;24751
13;24753
14;24758
39;24793
18;24794
230;24796
185;24797
8;24799
12;24800
4;24813
32;24818
9;24827
31;24828
162;24829
11;24830
146;24831
4;24832
161;24834
18;24843
3;24846
4;24847
32;24848
7;24852
4;24856
28;24875
197;24889
57;24891
24;24892
168;24902
2;24909
17;24910
13;24911
23;24912
7;24924
34;24934
7;24940
13;24942
2;24945
4;24948
102;24985
37;24986
4;24987
49;24988
30;25005
24;25007
59;25038
19;25039
20;25045
47;25081
76;25082
20;25083
1;25084
13;25089
28;25101
16;25118
32;25125
27;25132
16;25133
16;25135
13;25178
199;25179
15;25180
3;25219
30;25225
43;25226
16;25227
33;25228
23;25231
13;25233
7;25234
14;25235
20;25273
112;25274
2;25275
15;25276
3;25288
50;25293
332;25294
13;25295
16;25296
10;25312
9;25314
176;25329
12;25330
10;25344
2;25352
17;25357
51;25369
180;25371
8;25373
39;25374
19;25376
9;25395
25;25402
5;25403
3;25404
32;25405
8;25406
153;25407
10;25412
23;25416
3;25419
27;25423
37;25431
153;25432
6;25449
28;25465
17;25466
53;25467
8;25469
31;25470
73;25472
10;25491
5;25498
46;25499
20;25500
36;25501
26;25502
45;25503
44;25504
8;25512
38;25516
52;25518
9;25521
27;25524
22;25531
8;25561
47;25562
19;25563
112;25564
4;25577
27;25578
2;25581
60;25582
18;25583
86;25584
1;25589
1;25593
27;25605
12;25610
9;25611
20;25619
245;25657
180;25658
113;25659
174;25660
31;25666
8;25677
37;25678
26;25679
4;25689
40;25691
4;25701
170;25702
8;25703
18;25710
28;25712
33;25713
37;25731
69;25753
12;25754
1;25755
14;25756
27;25763
35;25773
37;25775
10;25776
10;25778
12;25779
12;25800
11;25802
8;25806
98;25849
58;25850
19;25851
123;25852
27;25861
10;25869
15;25870
11;25871
3;25885
5;25897
34;25904
1;25907
26;25942
179;25945
17;25947
93;25948
32;25956
22;25961
29;25965
56;25966
11;25967
32;25968
174;25978
9;25983
33;25992
73;25995
14;26001
22;26004
52;26041
52;26045
12;26046
10;26052
28;26070
29;26074
20;26075
11;26077
30;26080
4;26094
23;26095
19;26102
2;26103
6;26137
26;26138
231;26139
24;26141
51;26143
26;26144
17;26171
154;26172
153;26173
18;26176
5;26184
17;26192
38;26196
1;26218
11;26223
112;26233
53;26234
66;26235
341;26236
15;26250
39;26255
34;26272
3;26277
1;26281
173;26290
19;26329
211;26330
101;26331
93;26332
14;26351
164;26352
10;26373
3;26374
2;26376
11;26377
14;26384
186;26387
5;26404
28;26421
51;26425
67;26426
34;26427
228;26428
10;26445
23;26446
160;26447
53;26448
25;26458
19;26460
5;26461
18;26471
568;26473
17;26474
3;26475
7;26476
38;26482
15;26503
26;26521
86;26522
150;26523
31;26524
4;26528
24;26537
20;26542
47;26543
3;26544
16;26569
11;26570
20;26572
35;26574
9;26575
34;26577
14;26578
48;26617
19;26618
12;26619
213;26620
16;26634
194;26637
3;26639
29;26661
6;26662
17;26664
6;26668
2;26670
36;26674
42;26676
15;26712
35;26713
78;26714
75;26715
24;26717
196;26718
169;26719
66;26720
35;26725
15;26735
17;26745
53;26748
35;26749
152;26750
15;26755
8;26766
14;26768
4;26771
11;26772
13;26774
9;26789
5;26791
5;26792
7;26807
199;26810
50;26811
10;26812
13;26813
13;26814
50;26815
7;26816
13;26819
3;26822
19;26829
10;26830
23;26841
21;26842
1;26843
33;26844
16;26846
23;26847
9;26848
31;26858
7;26863
20;26864
33;26868
2;26877
1;26890
234;26905
40;26906
227;26907
55;26908
21;26910
2;26922
32;26925
20;26926
12;26928
6;26940
29;26950
4;26951
56;26952
29;26953
11;26954
18;26955
23;26956
22;26961
19;26964
64;27002
43;27003
39;27004
18;27010
158;27013
650;27021
1;27022
29;27024
20;27049
23;27050
18;27052
10;27054
5;27059
20;27065
7;27069
178;27097
63;27098
368;27099
33;27100
9;27117
26;27119
36;27120
30;27131
10;27132
16;27141
22;27142
30;27144
29;27146
22;27148
18;27149
2;27153
2;27193
202;27194
48;27195
19;27196
10;27213
34;27214
19;27215
8;27216
154;27227
23;27230
156;27237
3;27247
16;27252
4;27258
172;27289
77;27290
216;27291
30;27292
44;27309
53;27310
46;27312
7;27323
7;27336
17;27339
7;27345
15;27347
36;27385
8;27386
39;27387
12;27388
35;27389
17;27390
45;27391
41;27392
17;27417
162;27419
5;27421
8;27423
27;27424
20;27439
32;27440
160;27442
2;27468
5;27475
37;27481
3;27482
157;27483
72;27484
10;27485
25;27486
30;27487
15;27488
13;27490
1;27514
1;27515
161;27527
156;27531
8;27537
21;27538
147;27543
9;27554
28;27560
13;27577
43;27578
3;27579
63;27580
153;27592
4;27597
32;27599
14;27616
33;27621
27;27623
5;27624
46;27632
27;27636
1;27673
28;27674
79;27675
29;27676
68;27694
10;27695
46;27696
8;27698
18;27724
21;27727
8;27731
157;27732
14;27744
34;27769
4;27770
79;27771
17;27772
6;27775
48;27788
14;27789
2;27790
9;27791
18;27792
14;27793
2;27810
27;27814
15;27821
18;27823
28;27824
42;27825
82;27865
42;27866
51;27867
120;27868
21;27885
2;27887
34;27888
15;27912
28;27914
3;27916
1;27921
17;27922
189;27961
88;27962
28;27963
71;27964
11;27980
21;27981
42;27982
9;27990
22;28009
23;28015
2;28017
4;28018
18;28057
166;28058
18;28059
46;28060
49;28061
194;28063
25;28064
3;28065
1;28073
17;28082
39;28083
24;28090
4;28093
7;28094
19;28104
1;28107
34;28109
34;28118
6;28144
246;28153
25;28154
16;28156
63;28157
402;28159
7;28160
181;28186
10;28187
20;28188
6;28190
13;28193
25;28198
3;28200
5;28204
35;28206
11;28207
16;28210
31;28250
6;28251
48;28252
22;28255
21;28259
33;28269
29;28270
39;28271
13;28272
4;28288
1;28303
26;28308
167;28321
58;28345
23;28346
232;28347
49;28348
6;28352
10;28367
5;28371
13;28374
170;28378
17;28379
23;28390
40;28391
14;28392
163;28396
34;28397
148;28399
38;28441
22;28442
79;28443
60;28444
166;28451
161;28457
2;28462
33;28463
6;28485
23;28486
11;28493
18;28494
28;28495
39;28498
9;28499
9;28500
8;28504
5;28537
26;28538
52;28539
223;28540
28;28557
26;28558
5;28559
6;28560
5;28589
34;28590
16;28593
1;28596
34;28602
58;28633
49;28634
34;28635
48;28636
15;28637
9;28642
10;28644
11;28648
15;28655
158;28656
169;28678
35;28680
27;28684
28;28689
27;28719
177;28729
25;28730
212;28731
1;28732
12;28733
17;28734
31;28736
20;28747
30;28748
7;28749
4;28762
21;28763
19;28764
20;28765
22;28766
164;28767
34;28768
5;28772
21;28778
50;28784
18;28790
10;28825
28;28826
163;28828
23;28830
60;28831
8;28832
5;28836
115;28857
20;28858
10;28859
7;28861
209;28863
5;28867
12;28869
24;28875
13;28877
9;28878
2;28879
23;28881
3;28885
8;28892
188;28921
39;28922
6;28923
28;28934
21;28935
15;28940
53;28943
24;28945
26;28958
19;28965
3;28968
15;28969
162;28974
2;28977
56;29017
181;29018
24;29019
185;29020
37;29023
24;29024
155;29037
64;29038
8;29039
37;29040
5;29054
4;29060
8;29061
12;29067
159;29070
5;29072
36;29074
14;29076
21;29113
106;29114
52;29115
15;29134
5;29135
28;29136
23;29138
21;29165
45;29166
14;29167
163;29170
89;29213
81;29214
158;29215
33;29216
42;29234
13;29236
14;29248
560;29250
1;29257
160;29262
16;29266
3;29268
59;29309
69;29310
225;29311
269;29312
6;29317
34;29332
33;29341
2;29347
29;29355
27;29356
18;29360
27;29363
172;29391
11;29392
42;29405
12;29406
31;29407
77;29408
28;29409
28;29410
49;29411
21;29421
157;29437
162;29439
15;29441
5;29443
33;29444
4;29449
37;29452
20;29457
9;29459
26;29460
17;29462
57;29463
10;29464
1;29466
31;29485
24;29501
342;29502
39;29503
21;29504
199;29505
66;29506
32;29507
20;29513
24;29520
15;29525
9;29533
1;29537
10;29540
18;29548
18;29554
7;29557
10;29562
60;29597
210;29598
221;29599
46;29600
11;29618
33;29619
5;29630
22;29637
6;29643
16;29646
8;29648
8;29649
30;29650
16;29653
27;29656
14;29691
346;29693
7;29694
14;29695
97;29696
26;29704
2;29708
10;29711
30;29713
12;29714
3;29738
13;29743
23;29746
18;29747
7;29752
42;29789
11;29790
55;29791
59;29792
20;29810
34;29811
6;29815
169;29818
13;29821
6;29824
5;29833
9;29834
14;29841
24;29844
14;29846
28;29847
19;29850
8;29875
113;29885
36;29886
84;29887
39;29888
17;29889
173;29893
23;29895
12;29897
10;29905
32;29906
24;29907
55;29908
11;29913
12;29922
11;29934
29;29938
57;29944
37;29981
120;29982
28;29983
5;29984
6;30000
3;30002
26;30003
563;30004
16;30027
17;30032
8;30037
32;30040
41;30078
216;30079
10;30080
588;30081
35;30082
15;30084
23;30098
23;30106
153;30109
14;30111
27;30112
24;30114
174;30115
49;30130
170;30132
31;30140
20;30173
15;30174
6;30175
36;30176
33;30177
53;30178
45;30179
47;30180
18;30181
30;30188
19;30189
15;30191
20;30204
7;30205
5;30206
158;30207
3;30208
33;30212
18;30226
21;30228
3;30229
28;30230
18;30235
11;30236
55;30269
105;30270
51;30271
45;30272
2;30274
4;30279
14;30284
36;30290
15;30313
24;30318
9;30321
9;30326
32;30338
68;30365
30;30366
21;30367
593;30368
3;30373
19;30385
8;30386
16;30387
3;30395
28;30402
22;30408
29;30423
559;30427
54;30461
101;30462
193;30463
28;30464
26;30467
18;30482
5;30483
18;30484
158;30485
28;30495
25;30496
19;30500
55;30509
1;30515
36;30516
9;30533
8;30555
13;30556
257;30557
68;30558
37;30559
119;30560
3;30571
35;30577
17;30580
11;30582
8;30585
6;30590
57;30602
19;30606
43;30608
9;30610
24;30641
3;30642
40;30653
181;30654
19;30655
97;30656
12;30659
1;30669
55;30676
11;30685
26;30711
23;30728
8;30734
173;30749
17;30750
16;30751
25;30752
59;30753
568;30754
19;30755
45;30756
22;30782
16;30784
6;30785
55;30786
59;30787
23;30788
16;30803
37;30804
34;30805
169;30809
1;30812
21;30843
19;30845
28;30846
27;30847
200;30849
53;30850
9;30851
5;30857
10;30863
5;30864
5;30865
10;30870
4;30879
10;30881
12;30882
21;30884
12;30898
7;30901
11;30906
9;30907
111;30941
63;30942
38;30943
207;30944
36;30954
1;30961
151;30962
13;30964
24;30974
13;30983
56;30988
25;30990
7;30994
16;31009
64;31037
13;31038
192;31039
18;31040
29;31044
16;31049
5;31057
26;31060
11;31069
16;31082
7;31088
14;31092
20;31093
20;31119
12;31133
90;31134
253;31135
218;31136
30;31143
14;31147
9;31148
24;31152
14;31154
3;31155
27;31156
4;31171
6;31177
23;31181
14;31188
29;31200
221;31229
65;31230
207;31232
3;31235
8;31249
324;31250
49;31251
26;31252
4;31262
12;31277
9;31280
8;31285
30;31288
28;31310
32;31325
211;31326
62;31327
18;31328
24;31331
9;31332
2;31345
11;31346
29;31354
25;31371
29;31373
8;31375
14;31376
11;31377
1;31378
22;31381
39;31382
4;31419
68;31421
16;31422
1;31423
559;31424
16;31425
42;31426
26;31427
40;31428
22;31430
3;31450
7;31451
157;31453
36;31454
46;31455
174;31459
7;31460
6;31469
15;31476
9;31478
29;31479
21;31480
17;31484
2;31490
161;31504
20;31516
11;31518
62;31519
26;31520
11;31521
17;31523
12;31524
34;31549
14;31551
32;31554
21;31559
4;31567
6;31568
48;31569
3;31570
6;31571
12;31575
3;31576
27;31613
63;31614
235;31615
14;31616
169;31624
51;31634
6;31635
17;31639
28;31650
2;31657
34;31660
14;31662
2;31663
19;31664
15;31665
7;31703
6;31709
50;31710
80;31711
161;31712
9;31717
17;31723
7;31725
69;31729
27;31730
17;31732
154;31741
158;31755
8;31758
11;31760
149;31762
28;31763
19;31805
35;31806
69;31808
24;31809
19;31825
9;31826
30;31827
42;31828
34;31851
21;31853
50;31856
34;31858
24;31864
52;31901
139;31902
42;31903
59;31904
20;31921
159;31922
14;31923
2;31925
5;31934
30;31936
11;31945
25;31946
9;31947
33;31951
6;31952
9;31958
18;31959
18;31960
37;31984
14;31997
11;31998
29;31999
18;32000
2;32002
153;32007
9;32008
10;32018
23;32020
5;32026
31;32045
3;32046
14;32047
33;32051
27;32052
8;32053
67;32054
23;32056
23;32094
17;32095
3;32096
1;32097
173;32098
564;32099
5;32100
26;32105
9;32125
15;32130
36;32131
9;32132
4;32146
26;32147
12;32151
36;32155
159;32186
23;32189
2;32191
27;32192
14;32194
25;32195
22;32199
12;32207
25;32222
150;32223
4;32224
28;32227
20;32228
9;32233
7;32241
36;32242
25;32244
33;32249
155;32257
9;32273
89;32285
174;32286
35;32287
58;32288
26;32289
1;32298
3;32300
53;32305
41;32306
11;32307
4;32331
11;32334
19;32342
250;32381
30;32382
67;32383
105;32384
3;32391
38;32393
16;32398
77;32402
18;32420
3;32434
10;32456
47;32477
215;32478
23;32479
16;32480
19;32483
10;32487
5;32498
7;32499
29;32508
24;32524
36;32536
29;32573
29;32574
30;32575
37;32576
31;32581
11;32586
144;32593
145;32595
12;32596
24;32600
14;32601
19;32602
27;32604
148;32620
168;32621
151;32628
25;32629
155;32631
56;32669
47;32670
32;32671
59;32672
3;32677
6;32690
16;32691
15;32697
15;32724
1;32726
17;32727
5;32759
210;32765
38;32766
21;32767
13;32768
101;32769
8;32771
6;32772
13;32780
27;32797
55;32798
2;32800
3;32801
17;32802
29;32803
22;32814
2;32818
3;32819
7;32820
29;32826
3;32827
18;32846
14;32858
35;32859
42;32861
10;32862
21;32863
9;32864
32;32865
212;32866
97;32867
40;32868
23;32885
62;32893
27;32895
153;32896
2;32899
4;32900
23;32913
22;32914
11;32916
42;32919
10;32924
30;32928
54;32957
108;32958
189;32959
113;32960
12;32969
23;32971
20;32977
23;32978
50;32979
2;33002
22;33005
168;33007
23;33011
16;33014
58;33053
63;33055
44;33056
24;33068
7;33071
16;33076
32;33093
9;33097
6;33101
13;33103
11;33104
5;33110
78;33149
31;33150
87;33151
75;33152
19;33167
11;33169
6;33170
158;33171
13;33172
21;33193
2;33194
1;33197
10;33201
35;33204
26;33206
15;33232
75;33245
56;33246
52;33247
235;33248
1;33249
20;33256
32;33265
173;33266
36;33267
17;33273
4;33276
9;33282
22;33285
4;33297
19;33298
12;33302
8;33317
29;33322
108;33341
30;33343
50;33344
31;33359
29;33361
36;33362
195;33363
51;33364
10;33379
163;33380
20;33386
12;33388
6;33391
10;33393
1;33395
164;33437
25;33438
3;33440
165;33441
23;33442
24;33443
30;33444
24;33463
153;33465
29;33469
180;33470
35;33471
21;33473
8;33475
50;33476
5;33490
17;33494
12;33496
37;33499
14;33533
74;33534
190;33535
23;33536
13;33537
56;33538
15;33539
24;33540
16;33547
30;33554
21;33565
25;33567
6;33568
26;33569
17;33570
19;33571
16;33572
5;33586
29;33589
3;33591
22;33594
58;33595
7;33596
230;33629
52;33630
60;33631
15;33632
32;33634
161;33635
2;33648
20;33649
25;33650
47;33651
32;33652
40;33653
5;33672
27;33674
4;33675
12;33679
27;33683
156;33687
2;33713
339;33725
262;33726
8;33727
30;33728
3;33737
16;33740
17;33745
25;33746
42;33747
170;33748
13;33750
22;33772
7;33773
25;33782
9;33783
219;33822
76;33823
67;33824
168;33828
7;33841
40;33843
171;33844
31;33864
16;33867
2;33870
8;33872
19;33874
27;33875
1;33877
30;33879
1;33897
156;33908
31;33910
33;33917
399;33918
191;33919
29;33920
7;33925
8;33932
2;33936
3;33938
11;33939
11;33954
19;33960
15;33962
40;33972
30;33974
28;33975
20;33985
15;34013
56;34015
186;34016
5;34019
21;34026
3;34033
1;34035
20;34036
8;34056
56;34061
168;34066
28;34069
625;34109
16;34110
68;34111
215;34112
64;34113
4;34114
9;34115
29;34116
19;34118
10;34123
15;34137
47;34141
26;34143
9;34146
48;34148
3;34161
14;34162
30;34164
6;34167
32;34170
19;34187
51;34205
38;34207
110;34208
24;34209
52;34210
9;34212
29;34230
17;34232
164;34233
21;34236
15;34237
16;34239
19;34241
161;34242
22;34243
165;34244
161;34252
4;34257
9;34259
12;34263
20;34301
92;34302
157;34303
48;34304
15;34321
53;34323
47;34324
9;34325
7;34341
6;34346
19;34349
18;34354
176;34356
16;34359
13;34360
2;34363
8;34364
102;34397
463;34398
90;34399
91;34400
3;34415
39;34418
23;34419
6;34420
12;34437
23;34441
27;34443
1;34446
15;34450
12;34454
160;34456
20;34493
7;34494
467;34495
32;34496
9;34511
23;34513
16;34514
36;34515
12;34539
12;34541
557;34550
76;34589
77;34590
60;34591
157;34592
6;34609
33;34621
19;34636
42;34640
25;34641
10;34646
22;34648
1;34656
33;34685
27;34686
103;34687
335;34688
15;34697
8;34698
34;34705
9;34706
751;34707
199;34708
20;34717
56;34727
29;34730
173;34733
7;34737
26;34742
23;34743
14;34783
145;34784
30;34785
43;34786
406;34787
5;34788
7;34794
6;34808
20;34811
170;34815
33;34816
35;34817
23;34818
12;34826
27;34828
4;34835
5;34836
3;34840
11;34841
3;34858
2;34868
46;34877
314;34878
39;34879
129;34880
149;34881
41;34882
48;34883
88;34884
23;34886
2;34895
162;34899
29;34910
33;34911
11;34913
28;34914
29;34916
1;34921
5;34929
28;34930
161;34933
15;34934
5;34936
29;34938
30;34964
54;34973
16;34974
69;34975
109;34976
22;34988
17;34992
22;34993
29;34995
31;34996
17;35010
11;35018
16;35019
21;35020
33;35022
25;35025
13;35026
