sums of daily draw-off volumes
54.5
224.5
259.2
163.2
160.5
386.2
272.8
260.5
185.5
133.5
209.2
189
152.8
102.8
102
201
181.2
248
170.2
329.5
288.8
194
156.5
244.2
117.2
234.8
284.5
293.8
178.8
97.2
162.8
156.8
109
119.8
216.8
207.2
237.8
328
82.5
116.8
207.2
349.2
389.8
133.8
191.8
263
261.8
303
200.8
205
163.5
268.8
147.5
196.8
243.5
221.5
238.2
327
230.2
155.2
90.8
426.8
152.8
325.5
129.2
330.2
306.8
251.5
443.2
177.5
180.2
147.8
302.5
149.8
198.8
372.2
307.2
171.8
249.2
283.2
222.2
183.8
109.8
380.2
322.2
254.8
162.8
221.2
151.8
233
273.5
203.2
197.5
78.8
164.8
209.8
161.5
93.8
256.8
189.2
106
158.8
420.5
252.5
478.2
222
165.5
243.8
417.2
174.2
340
417.2
159.2
147.8
255.2
176
334.8
107.5
372.8
71.2
130.5
173
234.2
75
161.2
205.8
92.2
108.8
206
125.5
163.5
256.2
326.2
136.5
215.2
228.2
273
133.8
197
244
283.8
160.8
111.5
119.8
229.2
201.8
486.5
230.2
153.2
143.8
107
329.2
107.8
125.2
187.5
122.5
192.8
151.5
94.5
170.5
386.8
155.5
59.5
253
161
106.8
112
334.5
144.5
121.2
239.2
221.5
204.8
183.8
226.8
136.2
261.2
204.5
118
126
165
109
119.5
220.2
279.8
143.8
186.8
325.8
148
131.5
116.5
173.5
173.2
126.8
281
296.5
110.2
274.5
173.2
273
107.2
134.5
143.5
317.5
102.2
156.8
130.2
141.2
144.2
139.5
133
90
120.2
140.5
277.2
285.8
155.5
58.2
197.5
55.8
143
112.8
292.2
242.2
80.8
219.5
675
328.8
108
172.5
148.2
137.2
96.5
83.2
158.2
189.2
207.2
156.8
106.8
176.2
194
91.5
111.5
180.8
190.5
310.5
249.2
162.2
258.2
165.5
286
258.2
241.5
176.5
89.8
203.8
84.2
433.2
280
149
86
73
102.2
195
201
151
113.2
279.8
73.8
101
205.5
73
191.5
212.2
207
339.8
136.2
160.8
257.5
158
215.2
276.2
223
174.5
172.8
166
216
125
121.8
94.2
104
127.5
174.8
272.5
68.2
293
178
115.2
166.5
234.2
189.2
150.2
253.5
123.2
292.5
199.5
256
221.5
179.8
155.5
132
186.5
215.2
398.2
165.5
92.2
357.8
191.2
179.8
117.2
347.8
119.5
186.2
111.8
197.5
241.5
143.8
330.2
126.2
174
239.5
102.5
162.8
129.2
239.8
155.2
172.2
151.8
110.2
299.8
66.8
153.5
234.8
205.8
72
143.2
195.5
197.2
251.2
177.2
236.8
247.5
220.5
253.5
146.8
322.2
279.5
176.5
266.8
297.8
132
462
249.8
355
133.8
sums of draw-off volumes of each hour of the day
251.7
135
110.1
203.8
264.3
146.1
12386.1
17603.8
6748
1672.9
874.8
4214.8
3795.9
1701.8
1902.8
3409.1
2423.8
1681.1
2156.1
3584.9
3281.4
2646.8
1277
194.3
sums of draw-off volumes of each hour of weekdays
188
69.8
83.1
34.4
131.4
97.9
9345.7999999
12325.3
3153.9
856.3
662.5
3838.3
3537.6
1284.6
549.4
603.5
581.6
1280.2
1928.9
2949.6
2148
1668.7
613.6
101.4
sums of draw-off volumes of each hour of weekend-days
63.7
65.2
27
169.4
132.9
48.2
3040.3
5278.5
3594.1
816.6
212.3
376.5
258.3
417.2
1353.4
2805.6
1842.2
400.9
227.2
635.3
1133.4
978.1
663.4
92.9
holidays of household(s), numbers correspond to day of year
