sums of daily draw-off volumes
79.2
10.8
110
13.2
67.5
62.5
19.2
8.2
10.8
26.5
18.5
65
15.5
114.8
23.8
28.8
74.8
6.5
48.8
157.5
4.8
9.5
23.2
49
10.5
37.5
57.8
27.2
49.2
5.2
55.8
50.5
17.2
88
39.2
78.8
27
1.5
60
12.2
52.5
67.2
60
17.8
14
11.8
18.8
55.8
19.2
49.8
13
58
27
14
14.5
6.5
3.2
61.2
28.2
60.8
117
14.8
57
44.8
21.5
44
64.2
14.5
37.5
78.2
9.2
61.2
89.2
4
31.5
25.5
10.8
19.5
13
20.2
57.2
53
5.8
24.2
27.8
37.2
62.8
162.8
16.8
129.8
67.5
65
21
72.5
11.2
155
65.8
31
16.8
59.5
14.5
60.2
6.5
187.5
102.5
33.5
76.2
29.8
21.2
30.2
85.8
20.2
0
5
50.8
54
29.2
16.2
35.2
66.2
24
40.8
0
72.2
53.5
49.8
21.5
26.5
161.5
14.5
53.2
27.2
33.2
55.2
41.8
60.8
28.2
41
151
11.5
17.5
23.8
30.8
6.5
13.2
49.2
113.5
64.8
6
7.5
16
3
63.5
12.5
2
49
82
17
28.5
69.8
13.8
47
24.8
13
25.5
26
196.5
104.2
22.2
23.2
48
9.8
27
18.5
16.5
8.8
85.8
45.8
53
24.8
68.8
42
26
14
64.5
18
17.2
32.2
15.2
48
10.5
54.2
30.2
18.2
25.2
65.5
118.5
15
49.8
29.8
42
15.5
10.5
16
10.2
49.8
14
22.5
61
70.8
26.8
12.5
38
25.8
4.8
46.2
25.2
19.2
21.5
96.2
30.2
23.5
18.2
154.8
18.5
12
9
21.8
29.5
39.8
44.5
10.8
14
28.8
53.8
41.5
39.8
18.8
19
19.2
14.2
147.8
22.8
49.5
3.2
49
10.2
12.8
57.5
40.2
64.2
22.2
7.5
73.2
18.8
62.2
40.8
113
54
74.5
85
26
6.2
11.2
11.8
17.8
34.8
10.5
89.2
55.2
41.5
24
10.8
76.8
19.2
20.2
54
18.8
13
29.8
1.2
19
64.8
24.8
65.8
51.2
26.8
18.5
14.8
16
22.8
78
28.5
29.5
64.8
44.2
105.5
23.5
41
67
68.8
17.8
18.8
23.5
29.2
8.8
15.8
21.5
91
68.5
14.8
77.8
18.2
49.8
38.5
66.5
19.5
15.8
58.8
5.8
42.8
11.8
70.5
74.5
22.8
29.5
21
23.5
81.5
9.5
28.5
62.5
25
54.8
55.5
17.5
48.5
68.2
41.8
23.8
25.2
28
33.5
6.8
63.8
14
31.2
12
37.8
31.2
17.8
22.2
56
29.2
14.5
203.2
136.8
56.2
143.8
26.8
51.8
22
45.5
16.2
25.5
sums of draw-off volumes of each hour of the day
23.6
118
51
97.4
42.8
13.7
2708.1
3150.9
1877.9
399.9
166.4
866.2
879.6
257.7
364.8
495.5
391.9
316.8
679
474.4
688.6
457.6
163.2
86.3
sums of draw-off volumes of each hour of weekdays
17.4
60.7
48.5
88.5
39.8
7.9
2051.2
2104.3
991.1
122
138.6
762.8
766.7
235.5
133.3
38.9
91
241.1
487.2
387.7
409.1
323.4
46.4
25.8
sums of draw-off volumes of each hour of weekend-days
6.2
57.3
2.5
8.9
3
5.8
656.9
1046.6
886.8
277.9
27.8
103.4
112.9
22.2
231.5
456.6
300.9
75.7
191.8
86.7
279.5
134.2
116.8
60.5
holidays of household(s), numbers correspond to day of year
