sums of daily draw-off volumes
231
50.5
122.5
169.2
131.8
228
122.2
122.8
74.8
189.2
226
155.8
91.8
178.5
237.5
160.8
172.5
65.8
82.5
97.5
236
186.2
207.8
190
111.2
137.2
239.8
311.8
48.5
114.5
339
133
183.5
163.2
170
135
259.5
158
140
106.5
192.5
67.2
199.2
232.8
146.5
83.5
78
216
202
164.8
195.5
256.2
107.2
248.2
176.5
82.8
178.5
68.8
116
163.8
156.2
206
121
243.5
98
152.8
184.8
121.8
222.5
164.5
159.5
87.8
79.5
97.2
142
109
167
64.5
101.5
207.2
106.8
164
187.8
191.5
208.8
170.5
249.5
57.5
125.2
519
214.5
119.2
110
220.8
156
264.8
165
205.5
120.8
135.2
108.2
30
209.2
164
202.8
90.8
163
112.8
378.5
132.5
301
179.5
146.2
182
152
247.8
222.5
149.2
108.5
287
150.8
74
46.2
154.2
133.8
167.8
301.2
124
102
107.8
76.2
239.5
205
308.5
87.5
281.2
64.8
160.5
123.8
253.8
243.5
134.8
129
318.8
194.5
150.5
89.2
195.2
132.8
131.2
112
186
150.5
182.2
97.8
116.2
43
134.2
220.5
132.8
116.2
110.5
107.2
108.8
119.8
107.5
90.8
60.2
133.2
138
62
82.8
206
347
128.2
126
165.8
177.5
81.2
136.2
181
264.5
126.2
182.8
243.5
94.8
171
67
236.2
220.8
102.8
70
69
73.5
161.8
174
248
182.8
144.8
143.8
103
216.5
106.5
188
187.2
226.2
168.2
163.5
186
115.8
83.8
135.8
76.5
66
134.8
149.2
100.8
66
165.2
58.5
89
126.5
76
163
106.2
157.5
142
148.2
89.2
367.8
104.2
141.8
113.5
226.8
293
157.2
90.2
109.8
164.5
142.2
197
71.8
62.2
178.8
237.5
61
66.5
208.2
185
158.2
209.2
155.5
45.8
172
143.5
93.2
260.8
166
226
296.2
242.2
63.8
365
97.2
151.2
71.5
95
96.8
237.5
215.5
114.5
179.5
173.5
282
358.2
126.5
102.2
183.5
187.8
229.5
120.8
136.2
99.8
105.8
142.5
128.8
323.5
148.5
118.5
98.2
88.5
187.2
163.8
71.2
123.8
366.2
91.2
65.2
148.5
179
340.5
72
223
324
141.8
91.8
203.8
131.5
82.2
42.8
85.5
167.5
166.8
147.8
234.2
109.5
101.2
131.2
68.8
120.5
226.2
142.8
111.8
76
117
101.8
170
213.8
346.2
127.2
49.2
110.8
150.5
88.5
173.2
212.8
141.2
123
279
101.8
133
237
239
134.8
213
168.2
185.5
72.5
179.2
257.2
223.2
287
165.8
209
192.8
290
201
248.2
104.5
135.8
227.5
200.2
140
356.5
126.8
sums of draw-off volumes of each hour of the day
258.1
168.2
199.4
136.8
151.1
121
10882.5
12954
5556
1310.3
615.5
3410.2
3800.7
1614.7
1567
2300.5
1962.5
1341.2
2053.5
1845.9
3077.3
1827
669.1
358.5
sums of draw-off volumes of each hour of weekdays
148.5
76.7
89.5
71.4
80.4
68.3
9060.9000000
9026.1
2308.2
670.6
389.2
3224.5
3215.4
1358.9
430.2
550.1
435.6
928.5
1849.9
1480
2221.8
962.5
249.6
170.4
sums of draw-off volumes of each hour of weekend-days
109.6
91.5
109.9
65.4
70.7
52.7
1821.6
3927.9
3247.8
639.7
226.3
185.7
585.3
255.8
1136.8
1750.4
1526.9
412.7
203.6
365.9
855.5
864.5
419.5
188.1
holidays of household(s), numbers correspond to day of year
