269;29
33;30
70;31
29;32
29;34
2;43
46;50
27;51
36;52
161;73
10;74
19;83
16;86
156;87
21;88
20;123
15;125
7;126
24;127
20;131
1;132
33;145
31;147
17;148
6;169
7;172
21;180
4;209
14;221
33;222
162;224
15;240
12;241
19;244
152;254
34;257
28;268
17;277
164;317
19;318
44;319
68;320
153;326
26;329
29;337
45;338
23;339
7;347
15;352
12;354
11;363
1;367
31;371
29;375
39;413
28;414
15;415
33;416
22;423
10;425
3;429
155;433
167;435
18;437
16;463
2;467
12;468
7;469
35;509
10;511
167;512
148;514
57;515
37;516
12;519
34;520
21;541
22;542
15;543
41;545
39;546
17;549
19;553
27;558
3;564
183;571
25;574
7;605
24;607
39;608
47;609
10;610
17;611
8;612
20;638
6;639
26;640
7;641
4;643
25;652
31;654
175;658
31;659
12;664
24;701
51;702
30;703
121;704
164;709
7;721
14;722
10;723
4;744
15;751
26;753
12;754
13;758
34;797
53;798
123;799
13;800
11;817
10;818
7;819
10;820
18;827
10;841
10;848
168;893
54;894
79;895
14;896
11;902
5;909
4;913
161;914
193;919
21;932
25;947
22;948
214;990
371;991
182;992
3;996
18;998
14;1004
9;1010
48;1036
24;1038
21;1043
18;1080
36;1086
71;1088
21;1090
17;1104
151;1105
26;1106
29;1107
24;1118
164;1133
27;1134
26;1137
13;1141
25;1177
30;1181
8;1182
6;1185
23;1187
13;1190
4;1196
1;1204
20;1214
40;1215
26;1219
29;1220
3;1228
29;1231
11;1233
4;1234
30;1235
38;1238
27;1239
160;1252
13;1277
49;1278
204;1279
18;1280
20;1281
61;1282
15;1283
43;1284
10;1293
12;1304
1;1306
2;1310
45;1312
7;1313
6;1315
29;1335
19;1340
38;1373
11;1374
14;1375
62;1376
2;1377
9;1386
1;1391
558;1393
28;1403
11;1425
191;1426
25;1428
50;1469
10;1470
32;1471
174;1472
3;1476
7;1485
34;1489
21;1500
30;1501
2;1510
34;1511
182;1513
33;1514
7;1520
24;1521
3;1565
206;1566
217;1567
19;1568
32;1586
32;1588
3;1592
4;1593
14;1604
18;1608
62;1610
4;1617
38;1622
21;1623
17;1624
11;1661
97;1662
16;1663
47;1664
13;1673
3;1676
1;1682
18;1683
9;1684
19;1705
12;1713
11;1719
6;1720
31;1757
24;1758
39;1759
12;1760
19;1777
22;1778
30;1780
23;1801
5;1805
3;1807
75;1808
14;1812
33;1813
11;1853
11;1854
18;1855
31;1856
9;1857
3;1858
41;1859
20;1885
52;1886
10;1887
2;1888
50;1889
15;1890
14;1891
3;1892
27;1899
2;1902
26;1907
20;1918
25;1920
13;1926
181;1931
10;1942
58;1950
7;1951
20;1952
29;1953
29;1954
9;1955
34;1956
165;1960
1;1963
12;1965
19;1969
12;1981
160;1982
23;1983
48;1985
10;1986
17;1988
20;1998
21;2001
6;2005
35;2008
5;2012
280;2045
260;2046
44;2047
10;2048
24;2058
12;2060
15;2064
5;2067
2;2068
22;2078
22;2096
21;2099
8;2100
3;2102
17;2103
21;2139
11;2141
5;2142
187;2143
229;2144
31;2146
25;2157
47;2161
20;2164
19;2182
9;2186
6;2188
37;2192
162;2193
22;2200
51;2237
631;2239
16;2240
5;2250
1;2258
9;2259
19;2265
15;2287
13;2294
11;2312
37;2323
89;2333
59;2334
28;2335
75;2336
64;2353
17;2363
17;2364
4;2377
22;2387
22;2392
195;2429
55;2430
27;2431
171;2432
14;2450
3;2451
56;2452
13;2478
9;2484
6;2485
160;2499
4;2500
2;2520
3;2525
33;2526
20;2528
24;2529
27;2530
575;2531
3;2532
32;2537
16;2553
13;2561
17;2563
4;2564
3;2578
23;2588
11;2621
205;2622
39;2623
160;2624
11;2625
185;2626
20;2627
187;2628
22;2631
31;2632
10;2642
32;2649
92;2653
9;2656
196;2658
10;2659
11;2662
2;2670
3;2679
11;2684
45;2717
53;2719
20;2720
19;2727
1;2732
3;2738
30;2740
20;2753
3;2765
5;2813
69;2814
51;2815
23;2816
20;2820
12;2829
14;2830
7;2835
12;2858
44;2860
168;2864
9;2866
3;2869
21;2873
40;2900
181;2909
221;2910
49;2911
589;2912
154;2913
13;2914
6;2929
16;2930
26;2931
2;2932
24;2959
30;2962
5;2968
2;2983
49;3005
63;3006
191;3007
66;3008
25;3011
19;3012
6;3025
10;3026
39;3041
5;3053
7;3056
39;3061
11;3063
7;3088
21;3095
42;3101
220;3102
147;3103
19;3105
1;3122
15;3123
174;3124
28;3153
27;3154
33;3155
36;3197
6;3198
5;3199
196;3200
15;3202
51;3203
17;3204
14;3220
6;3226
46;3232
16;3233
5;3234
1;3235
35;3236
4;3242
163;3250
31;3253
5;3254
1;3256
47;3293
22;3294
2;3295
12;3296
44;3297
165;3298
55;3300
23;3325
26;3329
29;3330
27;3332
12;3347
18;3349
24;3351
19;3352
155;3356
32;3389
200;3390
57;3391
9;3392
31;3403
7;3404
13;3410
59;3412
14;3415
9;3433
15;3434
23;3436
5;3440
28;3441
30;3442
8;3446
556;3482
75;3485
36;3486
195;3487
55;3488
3;3490
15;3506
6;3529
47;3534
36;3543
14;3549
28;3581
57;3582
104;3583
2;3584
26;3588
30;3590
215;3601
37;3602
46;3603
24;3608
5;3614
14;3625
35;3628
9;3629
38;3678
50;3679
64;3680
7;3683
10;3700
13;3703
2;3711
2;3721
29;3728
3;3729
157;3732
156;3733
29;3735
26;3773
72;3774
18;3775
10;3776
151;3778
2;3794
56;3796
5;3801
20;3812
13;3817
17;3818
30;3819
1;3820
5;3826
19;3860
355;3869
5;3870
8;3872
18;3873
33;3875
31;3876
1;3899
36;3903
174;3906
11;3908
4;3921
47;3924
12;3928
16;3930
8;3956
32;3964
10;3966
57;3968
45;3970
2;3971
19;3985
6;3997
3;4004
39;4008
5;4019
43;4023
5;4038
169;4061
50;4062
151;4063
53;4064
25;4081
31;4083
4;4085
21;4095
26;4100
9;4106
156;4107
20;4109
17;4110
6;4113
29;4116
9;4118
16;4119
13;4129
93;4157
17;4158
61;4159
39;4160
167;4171
182;4177
164;4178
32;4180
24;4185
39;4200
1;4201
4;4202
21;4203
15;4204
1;4205
24;4207
10;4208
24;4215
162;4253
20;4254
13;4255
31;4256
1;4263
159;4272
9;4273
54;4274
8;4275
26;4276
26;4287
6;4297
12;4299
42;4304
11;4305
6;4309
25;4327
13;4345
24;4349
11;4350
33;4351
50;4352
12;4355
4;4371
21;4372
12;4389
32;4393
19;4395
45;4398
33;4408
19;4445
43;4446
33;4447
5;4448
6;4458
7;4461
11;4466
60;4468
4;4472
26;4489
4;4491
25;4493
14;4496
19;4498
27;4503
9;4511
14;4515
10;4521
178;4541
47;4542
10;4543
2;4544
167;4546
17;4547
15;4548
28;4568
166;4575
4;4578
163;4579
2;4580
25;4598
6;4599
6;4601
4;4602
30;4615
30;4636
182;4637
13;4638
30;4639
13;4640
57;4641
22;4642
1;4643
33;4644
3;4647
169;4658
23;4668
1;4673
2;4680
165;4689
4;4690
15;4691
1;4693
14;4696
87;4733
241;4734
35;4735
19;4736
24;4754
19;4755
170;4756
3;4765
29;4773
6;4778
9;4785
10;4792
7;4797
97;4829
223;4830
189;4831
156;4832
1;4841
28;4842
22;4849
24;4852
11;4856
15;4870
2;4881
14;4888
51;4925
58;4926
73;4927
178;4928
157;4930
15;4933
6;4934
35;4945
32;4946
18;4948
164;4971
6;4973
36;4975
28;4980
168;4983
35;5021
1;5022
68;5023
40;5024
6;5028
18;5037
20;5041
24;5042
2;5043
10;5053
3;5064
5;5067
22;5070
175;5080
48;5117
194;5118
29;5119
26;5120
25;5137
552;5138
36;5139
24;5140
23;5148
29;5152
2;5155
5;5161
5;5187
41;5213
39;5214
51;5215
38;5216
105;5217
19;5218
47;5219
3;5220
9;5232
15;5241
10;5245
41;5248
30;5252
21;5256
13;5264
7;5265
170;5267
32;5268
2;5270
8;5274
65;5309
14;5310
18;5312
19;5313
55;5314
8;5316
11;5341
18;5344
12;5345
27;5346
19;5348
19;5354
4;5358
5;5360
17;5364
18;5368
2;5375
12;5405
45;5406
189;5407
12;5408
47;5425
28;5426
24;5427
32;5428
55;5442
32;5449
8;5451
16;5452
191;5455
9;5462
14;5464
3;5473
21;5501
54;5502
58;5503
7;5504
24;5508
48;5521
21;5524
2;5544
12;5552
25;5558
98;5597
8;5598
54;5599
44;5600
6;5617
79;5618
37;5619
87;5620
10;5641
15;5644
13;5645
5;5650
4;5655
4;5656
97;5693
43;5694
194;5695
41;5696
20;5698
13;5705
4;5712
30;5713
34;5714
13;5717
25;5727
19;5729
4;5739
41;5742
28;5743
25;5746
10;5749
14;5750
10;5787
70;5789
356;5791
4;5803
158;5811
26;5816
1;5836
22;5885
204;5886
7;5887
179;5888
60;5889
28;5891
28;5892
5;5893
26;5907
12;5910
10;5918
158;5919
14;5920
10;5921
11;5922
9;5923
6;5927
31;5944
4;5945
20;5961
9;5981
11;5982
68;5983
70;5984
23;5985
156;5986
27;5988
9;6002
10;6014
23;6015
25;6016
4;6017
29;6019
162;6077
226;6078
16;6079
35;6080
39;6081
3;6082
1;6083
24;6086
242;6099
2;6100
23;6108
7;6111
155;6121
12;6125
14;6128
13;6132
39;6173
17;6175
37;6176
6;6190
34;6194
168;6196
27;6197
1;6222
6;6223
27;6228
30;6231
187;6269
154;6270
85;6271
33;6272
23;6275
23;6289
55;6290
8;6291
4;6292
25;6314
5;6316
7;6321
2;6325
186;6365
61;6366
36;6367
205;6368
48;6385
6;6386
20;6387
8;6388
7;6409
162;6424
34;6461
1;6462
62;6463
51;6464
9;6466
12;6476
45;6481
19;6482
167;6484
23;6497
5;6506
19;6509
13;6510
14;6513
13;6515
9;6548
10;6556
31;6557
169;6558
27;6559
35;6560
38;6561
25;6562
2;6563
61;6564
167;6576
5;6581
18;6586
38;6589
24;6590
13;6592
30;6593
15;6599
41;6612
29;6613
14;6614
23;6615
24;6618
18;6619
24;6621
27;6653
12;6654
52;6655
65;6656
60;6657
20;6658
5;6659
35;6660
20;6667
19;6670
31;6687
16;6688
63;6689
45;6690
31;6692
148;6701
5;6708
2;6710
2;6711
28;6749
110;6750
1;6751
242;6752
4;6755
5;6769
209;6771
5;6772
3;6773
18;6794
8;6795
5;6805
53;6845
33;6846
108;6847
20;6848
4;6860
35;6861
2;6865
18;6867
28;6874
6;6894
27;6895
17;6897
68;6942
61;6943
20;6944
8;6955
28;6961
18;6962
34;6972
17;6981
35;6985
10;6986
6;6989
13;6994
20;7017
23;7021
12;7034
17;7037
54;7038
30;7039
35;7040
9;7046
27;7056
41;7057
31;7058
13;7060
14;7081
19;7084
4;7094
40;7095
14;7107
210;7133
20;7134
9;7135
11;7136
23;7138
140;7153
26;7154
4;7155
17;7156
34;7180
33;7182
24;7192
3;7193
7;7213
43;7229
18;7231
186;7232
3;7233
24;7234
17;7235
39;7236
26;7244
14;7265
6;7266
23;7267
2;7269
24;7283
4;7290
5;7319
12;7324
90;7325
21;7328
75;7329
5;7330
7;7338
11;7340
14;7343
158;7351
34;7352
13;7358
15;7359
28;7363
22;7368
33;7371
7;7380
20;7381
9;7383
10;7386
30;7387
49;7388
45;7421
42;7423
26;7424
27;7437
50;7441
55;7444
13;7468
227;7517
30;7518
18;7520
1;7525
6;7536
37;7537
18;7540
17;7566
6;7571
29;7573
17;7575
10;7590
29;7613
30;7614
236;7615
192;7616
50;7633
15;7634
27;7635
8;7636
1;7648
46;7659
7;7663
161;7667
17;7670
85;7709
7;7710
49;7711
105;7712
7;7731
46;7732
18;7740
18;7742
13;7743
15;7747
8;7754
15;7755
27;7759
7;7762
7;7764
16;7805
5;7806
116;7807
190;7808
36;7814
16;7815
5;7820
28;7825
18;7828
1;7829
15;7835
27;7836
163;7839
2;7857
18;7863
30;7901
171;7902
6;7903
25;7904
4;7905
162;7908
156;7921
13;7933
41;7934
17;7935
37;7936
45;7939
5;7940
25;7953
12;7956
2;7962
10;7970
16;7997
70;7998
154;7999
182;8000
86;8001
7;8002
39;8004
15;8007
35;8009
3;8025
44;8029
10;8031
12;8032
6;8033
19;8034
15;8036
2;8058
41;8060
8;8093
42;8094
263;8095
67;8096
8;8109
34;8113
3;8114
8;8128
174;8137
161;8138
6;8141
27;8142
34;8144
177;8189
59;8190
32;8191
39;8192
10;8195
15;8209
185;8210
26;8211
27;8221
33;8233
11;8236
29;8237
11;8239
28;8244
81;8285
100;8286
15;8287
56;8288
580;8305
36;8307
11;8308
14;8333
10;8339
15;8341
53;8342
27;8344
115;8381
39;8382
13;8383
20;8384
18;8404
25;8440
155;8452
17;8477
48;8479
12;8480
15;8497
18;8498
15;8499
162;8500
41;8526
4;8531
14;8535
6;8561
32;8570
569;8573
53;8574
64;8575
11;8576
614;8577
40;8578
8;8579
11;8580
149;8593
11;8607
33;8608
178;8609
17;8612
2;8613
12;8614
33;8629
3;8630
160;8631
12;8633
39;8635
19;8639
157;8665
7;8666
186;8667
24;8668
199;8669
53;8671
13;8688
13;8689
34;8697
30;8698
27;8699
37;8701
34;8703
13;8704
12;8717
19;8718
31;8761
93;8762
88;8763
172;8764
5;8782
7;8783
13;8786
13;8794
2;8798
21;8809
25;8817
7;8820
18;8857
42;8858
2;8859
35;8860
16;8876
5;8880
27;8885
27;8900
153;8901
43;8907
7;8908
23;8911
42;8914
19;8942
227;8953
25;8954
187;8955
40;8956
33;8958
3;8973
189;8974
36;8975
5;8978
9;8979
30;8997
29;9002
16;9003
1;9012
34;9015
10;9049
158;9050
23;9051
173;9052
18;9065
62;9069
10;9070
36;9071
23;9072
9;9083
29;9089
12;9094
25;9096
19;9099
10;9101
7;9108
31;9121
44;9145
37;9146
24;9147
17;9148
37;9156
7;9165
27;9166
157;9167
12;9168
8;9182
10;9187
5;9188
8;9193
33;9195
13;9197
8;9199
560;9203
21;9204
53;9242
49;9243
22;9244
10;9246
38;9247
43;9248
157;9273
4;9274
185;9276
2;9279
36;9280
12;9283
16;9298
21;9299
12;9302
9;9319
8;9334
31;9337
13;9339
26;9340
43;9341
69;9342
13;9343
10;9344
158;9366
18;9369
165;9370
18;9371
20;9373
9;9375
3;9376
4;9381
15;9385
2;9389
10;9390
166;9392
12;9394
9;9418
80;9433
13;9434
14;9435
206;9436
16;9442
30;9449
8;9453
35;9455
20;9456
31;9463
1;9468
7;9483
5;9486
7;9490
1;9493
53;9529
251;9530
52;9531
29;9549
16;9550
9;9552
3;9563
18;9567
29;9570
13;9575
30;9580
18;9582
20;9586
59;9625
177;9626
21;9627
48;9628
56;9646
12;9648
34;9662
11;9675
3;9676
11;9677
1;9679
12;9721
11;9722
15;9723
40;9724
17;9742
25;9772
242;9818
197;9819
68;9820
35;9829
43;9837
161;9840
16;9841
21;9861
10;9863
7;9864
17;9865
20;9871
19;9904
6;9908
178;9914
63;9915
57;9916
31;9917
39;9919
30;9926
21;9940
17;9943
9;9945
29;9947
37;9948
6;9949
20;9950
36;9951
7;9952
16;9968
35;9969
2;10009
52;10010
30;10011
186;10012
27;10013
27;10014
208;10015
7;10017
17;10019
31;10030
21;10038
17;10042
17;10043
27;10045
44;10046
17;10047
43;10048
5;10052
17;10055
5;10063
11;10071
8;10090
28;10105
27;10106
171;10107
28;10108
12;10121
21;10127
38;10128
7;10152
13;10153
10;10157
5;10201
24;10202
195;10203
43;10204
33;10221
61;10222
11;10223
8;10229
28;10245
21;10247
159;10248
17;10252
25;10253
22;10269
190;10297
98;10298
9;10299
12;10300
23;10313
19;10317
11;10319
11;10320
15;10326
22;10346
20;10348
21;10355
6;10393
73;10394
229;10395
210;10396
33;10401
24;10402
567;10406
24;10414
44;10415
48;10416
5;10437
34;10438
182;10440
35;10448
28;10489
208;10490
9;10491
10;10492
6;10493
7;10500
16;10501
7;10511
184;10512
10;10537
20;10538
3;10540
5;10543
17;10547
2;10574
159;10578
9;10582
35;10585
181;10587
25;10588
3;10589
36;10591
2;10592
15;10597
33;10614
23;10617
54;10618
179;10619
193;10620
5;10622
28;10624
4;10632
27;10638
2;10643
18;10645
171;10647
33;10682
58;10683
40;10684
33;10685
15;10686
27;10687
30;10688
6;10701
3;10708
9;10714
6;10715
35;10717
23;10718
9;10720
23;10722
150;10724
17;10727
5;10734
12;10735
12;10740
170;10741
2;10743
12;10777
211;10778
116;10779
31;10780
12;10782
55;10797
23;10798
49;10799
13;10803
20;10810
3;10825
40;10835
161;10873
22;10874
239;10875
93;10876
23;10893
153;10900
8;10905
9;10907
20;10930
40;10970
36;10971
32;10972
172;10992
6;11004
16;11005
30;11015
14;11018
21;11019
7;11020
13;11021
27;11022
1;11025
177;11027
16;11028
200;11065
87;11066
20;11067
250;11068
40;11085
153;11087
2;11088
8;11093
1;11109
9;11113
27;11114
7;11116
154;11120
19;11121
14;11122
101;11161
30;11162
58;11163
102;11164
154;11179
192;11181
11;11183
172;11184
16;11207
13;11209
26;11210
1;11214
7;11216
7;11218
13;11257
31;11259
79;11260
163;11261
4;11262
53;11263
33;11264
27;11270
17;11276
16;11289
26;11290
26;11292
30;11295
36;11296
2;11308
10;11313
20;11317
11;11325
11;11329
49;11353
57;11354
91;11355
4;11357
15;11358
69;11359
24;11360
12;11387
1;11388
40;11389
30;11391
4;11392
26;11407
1;11410
734;11449
24;11450
22;11451
45;11452
7;11455
11;11468
28;11471
11;11494
23;11499
57;11504
15;11506
171;11518
38;11545
30;11546
29;11547
7;11555
68;11565
21;11566
106;11567
15;11574
3;11578
1;11582
4;11594
35;11596
23;11599
46;11600
148;11602
29;11604
61;11641
70;11642
9;11643
54;11644
13;11653
13;11664
1;11666
10;11685
21;11687
22;11698
22;11700
43;11737
17;11739
32;11740
13;11758
19;11775
31;11781
13;11786
17;11788
27;11833
143;11834
39;11835
188;11836
21;11880
16;11884
23;11885
160;11890
19;11905
37;11932
13;11933
158;11934
31;11935
45;11936
12;11961
7;11963
158;11965
27;11967
11;11984
9;11987
8;11988
46;12025
29;12026
30;12027
16;12028
27;12029
34;12030
153;12031
32;12032
35;12048
12;12058
3;12059
11;12060
27;12062
20;12063
29;12072
69;12081
35;12084
27;12086
24;12087
12;12091
25;12119
23;12121
81;12122
80;12123
567;12124
12;12127
26;12141
43;12142
163;12157
155;12158
3;12165
9;12170
18;12173
33;12197
20;12217
42;12218
179;12219
30;12224
30;12228
10;12232
1;12237
32;12238
14;12240
11;12246
53;12266
7;12272
34;12283
12;12313
39;12314
43;12315
1;12316
159;12321
3;12333
33;12334
6;12335
7;12340
19;12342
23;12354
24;12358
6;12359
4;12369
29;12372
45;12409
70;12410
19;12411
61;12412
159;12429
19;12430
1;12432
7;12447
7;12456
27;12458
16;12463
30;12505
19;12506
117;12507
47;12508
27;12528
13;12547
17;12552
19;12556
1;12557
15;12561
30;12578
35;12594
176;12601
22;12604
237;12605
4;12606
47;12608
28;12612
31;12626
12;12633
23;12635
6;12636
8;12637
160;12638
35;12639
26;12640
30;12653
35;12657
13;12660
28;12698
5;12699
30;12700
1;12701
76;12702
177;12703
223;12704
167;12722
46;12730
10;12731
30;12733
13;12757
14;12758
13;12793
64;12794
797;12795
206;12796
7;12810
34;12814
7;12834
33;12839
32;12841
21;12847
20;12851
22;12889
48;12890
86;12891
60;12892
6;12897
31;12909
42;12912
4;12927
16;12936
27;12945
8;12948
168;12985
3;12986
22;12987
5;12988
18;12992
15;12995
166;13005
719;13006
1;13012
3;13022
5;13042
18;13073
42;13081
4;13082
28;13083
29;13084
18;13086
14;13093
21;13101
11;13103
4;13104
4;13112
6;13118
9;13125
7;13126
5;13131
30;13135
9;13140
162;13154
85;13177
46;13178
95;13179
11;13180
28;13185
32;13198
59;13199
13;13200
30;13202
5;13223
15;13228
15;13230
34;13231
12;13233
19;13274
56;13275
33;13276
64;13277
3;13278
13;13279
24;13280
2;13291
39;13299
38;13305
32;13308
9;13309
6;13311
38;13317
25;13323
58;13328
11;13330
8;13331
17;13336
35;13369
6;13370
58;13371
68;13372
48;13373
17;13375
35;13376
12;13381
163;13396
12;13401
16;13405
18;13407
174;13408
157;13410
9;13417
22;13424
165;13431
53;13465
8;13466
59;13467
107;13468
15;13486
175;13487
9;13488
548;13493
1;13561
203;13562
53;13563
67;13564
10;13570
8;13583
2;13599
167;13611
17;13613
11;13616
156;13635
30;13657
18;13658
168;13659
6;13660
1;13677
22;13679
49;13680
7;13682
22;13702
19;13704
11;13709
7;13716
63;13753
33;13754
13;13755
367;13756
320;13773
173;13776
5;13777
5;13779
5;13781
28;13789
9;13795
169;13798
17;13800
35;13802
23;13805
10;13808
195;13849
6;13850
39;13851
194;13852
19;13858
16;13861
29;13865
32;13870
2;13889
8;13894
162;13900
10;13901
22;13903
17;13904
11;13905
16;13908
13;13945
14;13946
10;13947
35;13948
5;13949
38;13950
42;13952
150;13977
56;13979
158;13980
5;13981
27;13983
19;13984
1;13985
1;13999
12;14001
4;14002
12;14005
14;14027
26;14041
35;14043
18;14044
36;14045
19;14046
28;14047
41;14048
26;14073
17;14074
33;14075
1;14077
19;14079
33;14091
9;14096
2;14097
13;14123
92;14137
23;14138
28;14139
51;14140
5;14151
11;14152
3;14153
28;14157
160;14158
163;14160
1;14161
11;14190
192;14196
7;14230
18;14234
101;14235
202;14236
14;14238
27;14243
10;14254
30;14269
40;14271
11;14276
7;14280
23;14285
17;14286
24;14304
44;14330
37;14331
14;14332
1;14350
206;14351
146;14352
33;14353
27;14376
17;14384
183;14425
48;14426
69;14427
49;14428
18;14432
9;14440
3;14448
31;14461
17;14462
16;14471
4;14475
1;14481
166;14521
25;14522
171;14524
18;14528
18;14542
15;14543
4;14544
21;14556
19;14567
38;14569
20;14570
165;14572
21;14573
19;14578
24;14580
4;14598
44;14618
40;14620
28;14621
25;14622
68;14624
15;14626
18;14644
24;14647
6;14650
24;14651
3;14654
83;14655
6;14657
9;14658
2;14664
19;14673
5;14676
161;14679
18;14680
35;14713
28;14714
185;14715
18;14716
25;14718
152;14720
9;14722
28;14744
7;14746
1;14750
31;14761
20;14764
156;14768
34;14776
40;14809
31;14810
37;14811
196;14812
1;14830
9;14831
7;14854
30;14861
19;14862
21;14866
72;14905
83;14907
40;14908
15;14913
164;14925
36;14928
28;14961
27;14964
13;14989
10;15001
8;15002
10;15003
13;15020
40;15021
17;15024
10;15032
4;15046
29;15054
6;15056
12;15058
74;15097
100;15098
36;15099
51;15100
3;15103
164;15118
19;15120
4;15129
28;15132
7;15138
18;15143
5;15145
28;15147
195;15193
23;15194
46;15195
210;15196
2;15214
31;15215
2;15218
29;15237
186;15238
25;15239
5;15240
27;15241
31;15243
25;15249
23;15250
22;15252
56;15289
15;15290
5;15291
2;15292
158;15293
155;15295
35;15296
17;15303
31;15304
15;15313
1;15314
8;15323
27;15328
6;15350
29;15385
13;15388
17;15390
18;15391
6;15417
22;15421
306;15422
7;15436
7;15441
27;15442
13;15447
166;15481
18;15483
36;15495
9;15497
60;15501
26;15502
52;15503
35;15504
7;15527
6;15530
27;15533
3;15577
27;15578
5;15579
216;15580
40;15585
26;15586
6;15597
6;15606
18;15617
1;15624
24;15626
11;15628
10;15630
32;15633
4;15634
186;15673
42;15674
91;15676
59;15695
8;15696
1;15697
21;15701
21;15713
6;15720
75;15769
58;15770
28;15771
15;15772
9;15789
6;15790
166;15795
37;15810
12;15814
4;15817
36;15820
33;15823
6;15865
74;15866
51;15867
172;15868
19;15887
17;15888
20;15894
22;15895
13;15905
22;15910
9;15911
3;15922
2;15923
23;15948
21;15961
31;15962
5;15964
24;15965
4;15966
20;15967
36;15968
22;15974
26;15993
24;15994
3;15995
11;15996
10;15997
34;15999
7;16015
39;16017
23;16022
10;16057
36;16058
3;16059
25;16061
29;16062
29;16064
10;16089
26;16090
3;16091
2;16094
30;16105
20;16109
18;16120
215;16153
19;16155
38;16156
16;16159
18;16161
9;16173
2;16174
155;16175
7;16176
9;16200
14;16203
20;16210
11;16211
7;16229
12;16236
63;16249
52;16250
33;16251
48;16252
30;16272
41;16273
2;16291
13;16300
55;16301
23;16304
6;16305
153;16306
14;16308
11;16323
91;16345
1;16346
19;16348
27;16366
11;16367
31;16368
20;16370
8;16396
22;16398
7;16404
45;16441
103;16442
53;16443
18;16444
5;16451
17;16461
7;16462
15;16463
9;16464
46;16476
1;16484
10;16490
2;16498
169;16537
204;16538
47;16539
48;16540
192;16557
37;16559
22;16560
10;16565
9;16581
9;16584
21;16586
27;16590
29;16591
12;16612
153;16622
3;16626
25;16628
561;16633
101;16636
40;16637
12;16638
182;16640
10;16657
45;16666
3;16667
4;16668
15;16669
6;16671
34;16680
164;16686
14;16689
4;16696
25;16705
16;16726
34;16730
14;16731
2;16733
79;16734
232;16736
20;16750
3;16763
19;16764
7;16780
11;16781
3;16782
18;16789
8;16791
5;16792
17;16795
14;16825
24;16826
28;16827
20;16828
14;16848
5;16856
9;16869
5;16872
13;16874
162;16876
26;16877
158;16878
17;16879
9;16882
14;16908
209;16921
76;16922
46;16923
181;16924
4;16933
16;16942
26;16943
18;16944
28;16966
2;16968
14;16973
9;16976
20;16978
45;17017
18;17018
20;17019
176;17020
14;17023
192;17038
23;17039
158;17040
34;17062
17;17065
11;17070
2;17075
47;17113
35;17114
50;17115
57;17116
7;17122
22;17133
40;17135
6;17160
51;17164
10;17170
3;17199
97;17209
5;17210
52;17211
41;17212
33;17231
38;17247
15;17251
28;17257
175;17258
33;17261
25;17262
27;17292
35;17306
33;17307
35;17308
69;17309
16;17312
11;17332
217;17338
24;17340
37;17342
15;17343
27;17344
154;17347
2;17359
13;17360
6;17363
3;17364
15;17380
210;17401
158;17402
188;17403
151;17404
14;17405
170;17406
19;17425
14;17433
18;17435
23;17436
9;17438
5;17443
20;17461
26;17462
18;17472
32;17497
193;17498
2;17499
12;17500
19;17520
37;17546
7;17551
11;17552
9;17554
183;17567
65;17593
221;17594
68;17595
213;17596
9;17597
46;17613
30;17616
25;17640
26;17641
1;17642
11;17646
16;17652
74;17689
719;17690
7;17691
62;17692
34;17694
34;17709
14;17710
14;17720
16;17738
28;17762
28;17785
26;17786
23;17787
195;17788
19;17800
38;17805
20;17806
2;17831
120;17881
18;17883
190;17884
15;17902
159;17904
24;17916
4;17931
154;17949
6;17959
32;17977
42;17978
26;17982
11;17991
3;18007
24;18010
12;18014
21;18016
35;18030
20;18033
30;18036
6;18038
6;18059
57;18073
26;18074
10;18075
69;18076
65;18078
26;18079
12;18102
21;18105
159;18106
165;18108
32;18110
35;18111
161;18112
21;18117
16;18125
2;18127
32;18129
13;18133
16;18135
1;18136
179;18169
471;18170
164;18172
11;18190
5;18191
2;18193
11;18205
2;18212
14;18213
20;18214
4;18218
11;18265
96;18266
118;18267
51;18268
31;18286
29;18287
6;18288
5;18299
4;18305
11;18309
17;18311
2;18316
30;18318
20;18361
66;18362
15;18363
24;18364
40;18382
29;18389
12;18407
40;18409
13;18411
21;18414
17;18457
54;18458
38;18459
55;18460
1;18463
45;18479
10;18480
6;18498
9;18501
12;18507
21;18509
3;18510
5;18511
37;18551
17;18553
40;18554
16;18555
28;18556
24;18560
1;18569
19;18573
6;18575
30;18576
1;18593
39;18603
26;18604
10;18606
30;18634
23;18645
17;18649
20;18651
37;18652
19;18653
23;18662
169;18669
60;18671
5;18681
3;18682
90;18683
20;18686
35;18688
30;18702
28;18704
8;18706
30;18711
2;18725
16;18745
16;18746
45;18748
24;18749
70;18751
240;18752
156;18777
7;18778
17;18779
21;18782
31;18784
9;18796
31;18799
8;18805
3;18807
594;18841
52;18842
30;18843
231;18861
17;18863
9;18864
10;18885
40;18887
9;18896
1;18930
333;18937
8;18938
2;18939
180;18957
158;18958
34;18959
15;18984
51;19033
29;19034
49;19035
88;19036
20;19038
38;19053
17;19055
33;19056
17;19065
8;19066
15;19075
11;19076
4;19077
165;19081
1;19082
12;19085
16;19087
5;19089
25;19123
162;19129
10;19130
204;19131
16;19134
4;19148
2;19149
3;19150
49;19151
19;19152
7;19173
10;19176
27;19180
32;19183
5;19185
38;19225
49;19226
27;19228
155;19245
21;19246
58;19271
29;19273
5;19282
24;19283
6;19284
19;19321
45;19322
76;19324
39;19325
215;19326
1;19327
22;19328
8;19329
3;19333
17;19341
7;19343
22;19344
16;19351
7;19353
28;19354
35;19355
27;19357
40;19358
12;19360
8;19370
3;19374
29;19375
6;19379
181;19382
178;19417
16;19418
6;19419
14;19420
42;19421
17;19422
8;19424
34;19450
27;19451
14;19452
24;19455
20;19461
7;19463
19;19480
240;19513
27;19514
57;19516
48;19536
22;19550
172;19561
2;19565
153;19568
31;19572
55;19609
51;19610
71;19611
19;19612
30;19615
12;19622
156;19625
6;19629
165;19630
16;19632
26;19651
32;19652
21;19655
11;19656
28;19658
35;19659
8;19663
7;19664
6;19694
52;19705
188;19706
508;19707
7;19708
10;19725
31;19726
18;19728
5;19742
26;19757
2;19758
29;19759
7;19761
16;19763
12;19779
23;19801
64;19802
46;19803
102;19804
7;19805
28;19807
17;19816
31;19822
5;19824
20;19826
34;19840
2;19845
14;19848
5;19850
6;19851
53;19852
2;19853
1;19854
163;19858
5;19859
33;19860
11;19897
11;19899
208;19900
6;19902
28;19906
13;19917
21;19919
230;19920
15;19935
35;19943
19;19945
17;19947
3;19954
37;19955
16;19994
36;19995
186;19997
171;19998
5;19999
45;20000
23;20014
153;20016
28;20018
15;20021
7;20025
5;20027
22;20028
14;20029
18;20042
11;20089
1;20090
32;20091
53;20093
20;20095
6;20096
25;20100
37;20123
23;20124
24;20126
26;20127
160;20128
14;20137
29;20139
2;20148
13;20161
22;20185
59;20186
34;20187
5;20188
17;20193
9;20198
29;20206
3;20207
27;20208
12;20210
11;20233
27;20239
27;20241
20;20243
20;20251
81;20281
35;20282
56;20283
18;20284
30;20285
10;20302
9;20303
10;20308
19;20324
53;20325
22;20326
15;20329
19;20330
2;20333
164;20337
25;20363
28;20377
12;20378
45;20379
13;20380
12;20390
4;20397
3;20399
154;20406
1;20413
8;20419
1;20436
41;20473
33;20475
24;20476
9;20486
29;20488
15;20493
38;20494
24;20495
19;20496
6;20508
17;20511
4;20518
5;20523
213;20569
29;20570
46;20571
17;20572
15;20585
33;20589
16;20592
6;20613
154;20626
10;20640
30;20652
2;20665
18;20667
17;20669
3;20670
39;20671
31;20672
10;20685
24;20697
15;20698
157;20699
4;20700
17;20701
2;20702
168;20703
13;20708
25;20722
4;20727
18;20728
27;20762
20;20763
20;20765
4;20768
34;20776
56;20795
10;20796
4;20798
8;20799
25;20800
12;20804
35;20806
16;20808
9;20810
19;20817
19;20818
31;20823
24;20824
30;20831
16;20857
17;20859
19;20860
11;20861
20;20865
3;20874
15;20877
1;20878
158;20906
4;20914
60;20953
11;20954
212;20955
77;20956
6;20970
162;20971
17;20972
9;20974
26;20998
22;21002
20;21003
14;21006
1;21008
24;21010
88;21049
12;21050
17;21051
15;21052
21;21069
7;21070
41;21072
6;21097
20;21099
7;21103
45;21145
25;21146
30;21147
115;21148
7;21150
10;21151
5;21155
12;21163
43;21167
16;21184
12;21188
8;21196
5;21198
19;21200
4;21204
33;21241
48;21242
36;21243
13;21244
24;21253
51;21261
25;21262
164;21263
38;21264
27;21275
16;21278
6;21291
25;21297
38;21337
24;21338
20;21341
37;21343
11;21347
10;21352
22;21361
8;21369
5;21372
6;21375
31;21376
14;21392
3;21393
3;21394
31;21396
34;21398
7;21399
7;21412
57;21433
24;21434
43;21435
51;21436
6;21437
17;21438
3;21439
8;21440
13;21445
4;21452
11;21465
13;21466
14;21469
302;21470
8;21472
41;21486
30;21494
81;21529
50;21530
31;21531
49;21532
16;21550
9;21551
9;21566
167;21577
2;21584
11;21585
367;21626
25;21627
55;21628
7;21633
6;21645
150;21646
4;21664
16;21679
181;21721
73;21722
18;21723
5;21726
37;21741
11;21743
19;21753
20;21761
169;21766
26;21768
9;21770
159;21817
36;21818
54;21819
167;21820
13;21821
8;21826
12;21837
24;21838
39;21840
35;21862
29;21866
9;21873
8;21876
29;21914
6;21915
18;21916
21;21934
57;21936
40;21962
159;21963
3;21964
24;21967
15;22009
596;22012
3;22013
77;22014
48;22016
15;22019
15;22022
6;22037
23;22040
166;22043
27;22044
4;22045
43;22046
14;22048
159;22050
19;22057
10;22061
185;22068
18;22071
28;22077
203;22105
3;22106
31;22107
22;22109
24;22111
58;22140
10;22142
30;22143
16;22144
3;22145
7;22149
1;22157
9;22158
177;22201
218;22202
6;22203
17;22204
3;22214
25;22222
10;22223
14;22224
38;22245
9;22250
29;22251
13;22255
3;22259
5;22260
9;22286
22;22297
51;22298
34;22299
39;22300
25;22319
174;22350
23;22352
9;22353
16;22355
52;22356
47;22393
28;22394
618;22395
40;22396
19;22402
15;22411
6;22413
11;22414
8;22415
65;22416
4;22419
20;22425
1;22429
19;22436
6;22452
78;22489
62;22491
3;22492
25;22495
28;22507
566;22511
165;22520
153;22521
28;22522
7;22536
11;22537
23;22539
23;22540
6;22585
29;22586
314;22587
37;22601
1;22605
7;22606
17;22607
37;22616
165;22624
5;22629
11;22631
16;22682
15;22683
73;22684
40;22685
78;22687
17;22695
48;22713
7;22717
7;22720
1;22733
9;22737
8;22740
23;22741
19;22743
10;22772
33;22778
188;22779
22;22781
5;22782
34;22783
63;22784
3;22799
7;22809
3;22810
28;22815
7;22830
24;22833
12;22847
35;22873
10;22874
54;22875
379;22876
4;22880
5;22893
28;22894
3;22895
6;22896
16;22921
7;22927
28;22929
52;22930
31;22931
51;22969
20;22970
19;22971
46;22972
23;22976
156;22990
17;22992
8;23010
4;23016
168;23017
33;23020
24;23022
235;23065
64;23066
232;23067
5;23068
169;23085
9;23086
18;23109
12;23114
10;23118
20;23119
14;23136
144;23151
37;23161
25;23162
10;23163
35;23164
6;23167
18;23182
7;23217
5;23220
36;23257
31;23258
23;23260
18;23264
45;23277
35;23278
16;23279
6;23280
15;23284
9;23297
13;23310
2;23316
16;23342
163;23353
12;23354
31;23355
35;23356
19;23357
8;23358
200;23359
24;23360
19;23366
3;23384
20;23390
61;23404
8;23408
17;23409
18;23411
12;23412
20;23415
16;23419
13;23422
13;23449
14;23451
8;23452
10;23453
31;23455
40;23456
170;23458
34;23462
8;23481
16;23482
31;23485
10;23486
39;23487
503;23488
23;23495
29;23545
25;23546
5;23547
61;23548
9;23550
24;23561
34;23565
2;23566
14;23568
9;23596
3;23600
29;23603
73;23641
15;23642
31;23643
106;23644
18;23664
2;23685
21;23695
32;23728
38;23737
84;23738
184;23739
172;23740
23;23754
28;23759
22;23762
167;23772
27;23782
29;23783
27;23786
150;23826
69;23833
24;23834
78;23835
12;23836
13;23853
34;23854
13;23855
153;23856
154;23857
30;23878
10;23884
238;23929
37;23930
4;23931
7;23932
24;23949
20;23950
47;23975
15;23979
187;23981
18;23985
17;23986
19;23988
9;24009
167;24025
164;24026
26;24027
41;24028
48;24029
50;24030
33;24031
39;24032
28;24033
47;24060
16;24062
32;24063
43;24064
12;24065
6;24066
4;24078
55;24083
17;24084
32;24122
19;24123
22;24124
12;24125
192;24126
15;24127
58;24128
157;24130
18;24131
7;24142
17;24154
26;24157
27;24159
20;24177
5;24193
56;24217
51;24218
20;24219
10;24220
15;24230
8;24233
1;24239
8;24268
9;24270
51;24314
177;24315
93;24316
10;24324
28;24333
30;24334
19;24335
35;24339
35;24357
3;24358
2;24362
28;24363
2;24368
158;24370
17;24374
2;24408
56;24410
215;24411
19;24412
16;24425
9;24443
11;24444
149;24445
31;24453
11;24457
30;24465
25;24468
27;24482
28;24499
59;24505
20;24506
74;24508
9;24515
8;24522
47;24525
37;24552
24;24555
27;24557
13;24573
27;24601
39;24602
80;24603
65;24604
24;24611
2;24615
11;24621
37;24645
168;24646
21;24649
6;24655
563;24656
7;24675
14;24691
2;24698
46;24699
22;24700
31;24701
44;24704
13;24711
166;24731
31;24732
23;24733
15;24735
163;24741
12;24749
25;24751
18;24753
32;24756
7;24791
38;24793
29;24794
22;24795
55;24796
23;24798
55;24799
11;24804
39;24816
148;24825
39;24827
11;24828
10;24829
27;24830
171;24831
31;24832
154;24834
16;24841
6;24844
12;24856
25;24884
38;24889
503;24890
78;24891
209;24892
13;24893
35;24909
44;24910
9;24912
168;24934
7;24935
41;24944
15;24947
4;24979
241;24985
179;24986
39;24987
72;24988
11;25005
22;25006
173;25007
34;25008
31;25029
5;25037
158;25041
55;25082
3;25083
51;25084
25;25093
9;25094
15;25097
19;25104
17;25120
39;25129
7;25139
15;25140
194;25177
181;25178
164;25179
205;25180
27;25197
13;25198
14;25203
568;25211
8;25215
25;25220
1;25225
50;25226
10;25230
51;25273
26;25274
39;25275
23;25276
174;25294
33;25295
23;25302
10;25317
10;25328
20;25369
4;25370
34;25371
34;25373
4;25375
171;25376
9;25379
2;25385
10;25390
10;25395
25;25396
206;25401
28;25407
4;25423
32;25425
12;25430
11;25443
22;25445
26;25446
38;25465
61;25466
41;25469
28;25470
6;25471
29;25472
8;25498
5;25503
11;25526
8;25538
213;25562
29;25563
66;25564
5;25583
5;25584
2;25613
20;25617
32;25618
108;25657
149;25658
12;25659
57;25660
12;25668
2;25679
15;25695
7;25702
13;25705
3;25713
9;25714
232;25753
134;25755
227;25756
32;25758
175;25775
24;25791
2;25799
38;25800
48;25809
17;25810
21;25812
15;25834
21;25849
52;25850
9;25851
37;25852
6;25868
29;25869
9;25872
28;25875
24;25895
2;25897
24;25903
13;25904
572;25905
15;25907
6;25908
41;25945
57;25946
82;25947
19;25948
3;25953
21;25965
175;25966
29;25969
31;25994
3;26029
16;26041
151;26043
13;26044
21;26046
32;26047
10;26049
7;26073
173;26074
2;26075
19;26076
21;26077
6;26079
45;26080
27;26082
168;26100
4;26102
170;26139
43;26140
70;26141
29;26142
43;26143
3;26144
16;26160
162;26162
35;26168
9;26169
33;26170
8;26171
1;26175
26;26188
17;26189
20;26197
9;26198
11;26233
62;26234
78;26235
187;26236
33;26253
17;26254
35;26255
15;26256
37;26270
27;26277
595;26282
26;26283
5;26287
28;26311
14;26324
379;26329
219;26330
60;26331
30;26332
10;26350
566;26351
28;26352
18;26375
7;26378
26;26382
24;26385
24;26386
41;26425
179;26426
31;26427
26;26428
20;26433
17;26446
9;26464
156;26476
27;26478
59;26521
84;26522
161;26523
28;26524
10;26541
26;26543
17;26544
24;26573
12;26613
188;26617
18;26618
21;26619
3;26620
175;26629
13;26636
26;26637
13;26638
23;26639
3;26640
7;26648
16;26656
20;26658
13;26660
5;26661
155;26662
23;26671
186;26713
36;26714
1;26716
12;26718
158;26719
175;26720
27;26731
48;26745
23;26749
18;26750
5;26751
46;26752
7;26769
9;26775
21;26787
57;26809
182;26810
32;26811
10;26812
28;26814
42;26815
19;26816
28;26841
171;26842
40;26844
27;26846
30;26847
18;26848
2;26852
13;26863
32;26867
166;26872
172;26905
72;26906
15;26907
29;26908
19;26911
31;26926
26;26927
14;26929
29;26930
7;26944
7;26950
21;26954
31;26958
10;26962
18;26985
5;27001
214;27002
178;27003
37;27004
43;27022
6;27023
9;27032
9;27034
4;27049
1;27052
13;27056
8;27058
17;27074
5;27097
32;27099
30;27100
169;27117
8;27120
34;27126
31;27136
35;27137
14;27141
21;27143
3;27147
217;27193
38;27194
48;27195
40;27196
34;27202
5;27214
18;27215
1;27216
3;27237
13;27248
6;27250
68;27289
29;27290
176;27291
2;27297
46;27309
170;27310
21;27312
9;27333
12;27334
20;27339
8;27347
2;27348
7;27359
20;27362
17;27385
8;27386
40;27387
7;27388
2;27389
12;27390
70;27391
17;27392
33;27398
14;27407
43;27418
6;27421
18;27422
30;27423
38;27432
7;27437
20;27438
26;27439
26;27440
7;27441
15;27442
18;27447
21;27448
15;27460
171;27481
49;27482
13;27483
59;27484
12;27485
47;27486
5;27487
187;27488
1;27504
562;27505
45;27513
23;27533
9;27534
8;27535
14;27536
26;27537
22;27539
26;27541
48;27577
210;27578
9;27579
38;27580
43;27585
14;27597
12;27598
4;27599
147;27616
67;27624
2;27629
33;27673
158;27674
46;27675
53;27676
22;27681
30;27684
15;27693
27;27694
31;27696
26;27722
33;27742
43;27769
161;27770
37;27771
22;27772
37;27783
16;27786
21;27789
31;27791
8;27795
9;27807
1;27823
7;27824
1;27857
88;27865
30;27866
60;27867
27;27868
11;27875
9;27887
19;27888
10;27895
1;27897
18;27909
1;27911
21;27914
15;27917
27;27921
16;27923
301;27961
33;27962
48;27963
191;27964
20;27972
100;27982
35;27983
6;28005
7;28010
8;28019
5;28057
49;28061
47;28062
34;28063
31;28064
15;28078
43;28087
17;28089
3;28093
189;28095
16;28110
175;28114
12;28116
11;28117
8;28120
11;28155
43;28157
2;28159
37;28185
2;28189
9;28191
2;28195
157;28206
22;28216
31;28238
37;28249
82;28250
213;28251
21;28252
5;28265
14;28269
39;28271
4;28285
25;28303
24;28305
3;28329
132;28345
900;28346
45;28347
48;28348
4;28352
34;28362
7;28366
4;28367
30;28368
11;28379
148;28389
47;28393
36;28400
7;28402
9;28404
11;28439
34;28441
27;28442
39;28443
38;28461
5;28462
7;28488
24;28493
153;28494
24;28496
3;28500
34;28538
45;28539
79;28540
4;28546
12;28558
12;28560
16;28582
20;28595
9;28600
30;28601
10;28615
198;28633
32;28634
41;28635
21;28636
25;28644
3;28646
6;28654
6;28657
174;28678
8;28680
28;28683
5;28690
37;28691
164;28715
17;28729
9;28730
14;28731
30;28732
53;28733
18;28734
7;28735
158;28736
15;28761
11;28762
21;28763
22;28764
31;28768
3;28769
22;28771
34;28773
26;28781
22;28782
10;28783
29;28788
34;28825
10;28826
2;28827
13;28829
23;28830
556;28831
182;28832
7;28842
11;28859
10;28860
8;28861
50;28862
154;28863
172;28864
22;28866
3;28878
10;28880
33;28882
62;28884
38;28899
20;28921
21;28922
19;28923
25;28924
3;28929
17;28943
67;28944
4;28946
16;28966
5;28968
14;28970
33;28977
6;28989
15;29008
10;29017
40;29018
41;29019
567;29020
58;29037
30;29038
28;29039
26;29052
22;29067
28;29070
27;29071
54;29113
212;29114
42;29115
27;29116
6;29120
18;29127
185;29133
34;29134
26;29136
11;29142
18;29144
25;29152
29;29165
10;29166
8;29168
18;29169
565;29170
8;29178
6;29204
49;29213
203;29214
46;29215
70;29216
29;29220
5;29228
16;29233
39;29234
7;29235
15;29257
27;29258
23;29260
15;29267
17;29270
66;29310
185;29311
1;29312
21;29315
8;29329
3;29331
4;29346
11;29354
6;29356
8;29357
24;29362
30;29363
18;29405
53;29406
21;29407
10;29409
166;29410
59;29411
36;29412
7;29428
209;29437
8;29438
16;29439
1;29440
17;29442
14;29443
15;29451
151;29459
14;29462
25;29497
10;29502
156;29503
39;29505
57;29506
53;29507
17;29508
4;29515
28;29538
32;29539
30;29540
36;29559
26;29560
13;29562
8;29598
45;29599
73;29600
36;29615
7;29617
13;29619
63;29620
27;29646
12;29651
18;29652
16;29654
11;29658
4;29691
27;29693
46;29695
19;29696
1;29700
1;29714
16;29716
24;29722
5;29725
6;29734
20;29738
2;29743
11;29789
36;29790
59;29791
40;29792
16;29807
11;29809
22;29811
68;29812
7;29831
31;29838
13;29840
10;29843
18;29848
25;29865
29;29883
77;29885
9;29886
11;29887
54;29888
12;29906
15;29908
163;29922
164;29923
9;29926
12;29931
27;29934
18;29939
34;29942
11;29944
34;29981
64;29982
182;29983
172;29984
6;29985
21;30002
24;30028
2;30029
8;30031
154;30039
34;30078
13;30079
55;30080
3;30081
31;30082
36;30083
15;30084
66;30112
2;30113
17;30126
154;30135
150;30138
15;30140
15;30145
7;30173
160;30174
32;30175
58;30176
173;30177
23;30178
18;30179
20;30180
15;30191
18;30197
21;30202
12;30206
14;30207
29;30208
40;30211
17;30212
9;30218
21;30223
144;30226
12;30227
32;30228
12;30231
22;30232
13;30235
22;30269
73;30270
63;30271
16;30272
10;30289
9;30290
42;30291
5;30292
37;30317
161;30324
1;30365
59;30366
8;30367
160;30368
13;30371
13;30386
36;30388
5;30400
21;30406
14;30412
7;30414
38;30415
13;30416
9;30419
8;30424
6;30461
24;30462
93;30463
90;30464
14;30471
5;30474
16;30480
1;30482
6;30483
28;30490
161;30491
38;30499
31;30515
12;30519
76;30557
32;30558
10;30559
1;30560
7;30577
40;30579
8;30591
12;30602
59;30603
18;30608
12;30621
50;30653
76;30654
29;30655
19;30656
150;30675
36;30697
1;30700
36;30701
6;30703
20;30705
29;30708
3;30711
27;30720
20;30749
342;30750
10;30751
58;30752
152;30754
31;30755
71;30756
5;30769
59;30770
28;30782
1;30784
34;30786
35;30787
7;30792
2;30804
30;30805
19;30806
1;30807
5;30822
37;30838
7;30846
25;30847
9;30848
33;30850
29;30851
2;30864
12;30867
63;30879
32;30880
17;30881
36;30882
10;30885
12;30888
167;30898
10;30900
14;30903
24;30907
27;30908
86;30941
56;30942
47;30944
9;30950
10;30959
1;30963
6;30967
12;30980
1;30986
30;30990
151;30992
11;30994
3;30995
23;30996
1;30998
182;31037
1;31039
52;31040
17;31057
5;31075
7;31085
17;31088
14;31093
9;31103
4;31115
62;31133
45;31134
75;31136
169;31153
12;31155
22;31180
33;31185
6;31187
23;31190
17;31191
43;31229
60;31230
26;31231
41;31232
30;31246
17;31248
15;31249
16;31250
21;31251
9;31252
6;31260
31;31271
10;31280
15;31282
35;31284
32;31287
63;31325
33;31326
57;31327
227;31328
2;31331
2;31333
14;31340
10;31345
23;31348
6;31353
20;31369
164;31372
29;31375
7;31383
23;31392
10;31421
32;31422
36;31423
12;31424
16;31426
169;31427
19;31428
1;31439
4;31452
168;31453
18;31457
161;31458
2;31472
16;31476
13;31479
33;31480
145;31487
3;31492
6;31499
11;31517
36;31518
30;31519
78;31520
16;31521
578;31522
76;31523
224;31524
32;31530
26;31550
4;31551
166;31554
37;31555
31;31569
19;31570
12;31577
32;31588
46;31613
189;31614
31;31615
4;31616
14;31636
5;31649
3;31659
11;31661
10;31668
8;31669
156;31672
46;31709
42;31710
43;31711
21;31712
27;31732
6;31765
12;31766
195;31805
33;31806
38;31807
20;31808
29;31814
43;31826
31;31853
1;31855
4;31856
35;31857
14;31862
7;31880
44;31901
47;31902
219;31903
39;31904
20;31914
197;31921
3;31922
4;31923
9;31934
13;31942
20;31997
31;31998
47;31999
44;32017
54;32018
29;32019
19;32020
37;32035
8;32047
11;32048
1;32053
20;32056
33;32061
33;32068
19;32093
197;32094
29;32095
18;32096
19;32099
34;32100
158;32108
18;32109
23;32123
17;32125
42;32126
23;32127
11;32130
38;32131
11;32132
3;32152
53;32190
60;32191
45;32192
2;32193
13;32196
158;32202
156;32209
55;32215
18;32222
11;32224
10;32225
12;32226
31;32227
7;32228
27;32229
149;32243
30;32250
14;32254
15;32285
80;32286
54;32287
41;32288
8;32304
15;32305
79;32306
5;32307
24;32308
33;32311
156;32329
5;32330
16;32332
1;32333
8;32338
25;32342
30;32373
201;32381
48;32382
31;32383
59;32384
15;32385
22;32399
4;32401
38;32403
25;32430
19;32439
664;32477
50;32478
207;32479
16;32480
21;32484
39;32486
8;32493
8;32495
35;32497
17;32499
4;32500
6;32518
9;32527
17;32531
15;32533
29;32554
38;32573
64;32574
46;32576
157;32593
2;32594
4;32596
38;32617
8;32618
12;32624
9;32632
26;32672
164;32683
164;32692
33;32698
43;32712
58;32714
11;32715
22;32722
8;32724
3;32726
26;32765
48;32766
160;32767
39;32768
20;32769
167;32770
33;32771
40;32772
18;32773
4;32785
20;32796
14;32797
20;32798
17;32800
151;32801
2;32816
18;32823
151;32827
5;32861
15;32862
34;32863
211;32865
40;32866
87;32867
208;32868
29;32869
1;32893
167;32898
10;32899
22;32900
23;32906
13;32913
31;32917
14;32918
22;32919
24;32923
4;32938
31;32957
397;32959
29;32997
6;32998
19;33003
20;33004
2;33010
9;33011
22;33015
231;33053
16;33054
10;33055
315;33056
14;33060
23;33073
3;33076
6;33103
170;33104
24;33105
32;33107
8;33109
17;33143
30;33149
189;33150
37;33151
17;33152
21;33158
152;33168
1;33171
5;33173
3;33193
28;33197
26;33198
3;33199
28;33200
16;33201
16;33202
22;33203
23;33205
20;33207
10;33208
9;33215
37;33245
25;33246
25;33247
32;33248
573;33251
13;33298
37;33301
46;33341
51;33342
47;33343
5;33344
32;33361
34;33362
23;33365
5;33377
37;33386
10;33392
28;33437
33;33438
10;33439
193;33441
19;33442
79;33443
34;33444
158;33447
33;33449
16;33467
4;33470
40;33471
46;33476
7;33489
14;33496
3;33498
221;33533
45;33535
323;33536
31;33537
2;33538
38;33539
58;33540
156;33545
26;33546
9;33565
44;33568
11;33570
2;33571
5;33572
13;33577
20;33594
25;33595
183;33629
21;33630
7;33631
163;33632
5;33633
23;33638
26;33646
5;33649
31;33650
39;33651
162;33654
26;33668
13;33676
16;33681
9;33682
151;33684
13;33686
12;33725
49;33726
722;33727
38;33728
16;33738
17;33747
11;33748
157;33750
1;33758
9;33770
31;33772
8;33773
28;33776
9;33781
20;33782
20;33784
24;33821
80;33822
103;33823
28;33824
12;33841
41;33844
155;33857
15;33865
14;33873
28;33875
163;33878
29;33910
19;33917
32;33918
36;33919
13;33920
595;33924
3;33939
11;33956
5;33960
6;33961
19;33967
18;33968
8;33969
42;33974
167;33994
99;34013
2;34014
341;34015
59;34016
67;34035
3;34059
15;34062
2;34063
16;34065
5;34082
18;34098
19;34101
8;34109
71;34110
28;34111
31;34112
21;34113
116;34114
207;34115
53;34116
6;34122
36;34125
8;34128
4;34141
163;34142
58;34144
147;34145
26;34147
4;34148
3;34155
16;34163
27;34164
34;34165
27;34172
24;34173
28;34195
47;34205
41;34206
23;34208
25;34209
42;34210
45;34211
5;34222
164;34229
24;34235
25;34238
20;34239
26;34241
60;34242
40;34243
48;34257
20;34258
28;34260
17;34262
28;34264
7;34265
29;34266
12;34268
53;34301
38;34302
25;34303
39;34304
29;34320
21;34323
571;34324
29;34353
19;34356
169;34359
167;34398
34;34399
64;34400
20;34413
42;34419
24;34427
2;34436
22;34439
32;34449
11;34453
185;34493
17;34494
45;34495
184;34496
16;34513
44;34516
22;34547
30;34552
189;34589
213;34590
17;34592
22;34598
30;34603
151;34609
27;34610
25;34612
7;34614
160;34621
10;34633
1;34639
29;34641
18;34643
11;34646
11;34668
96;34686
2;34687
55;34688
1;34707
560;34708
3;34729
8;34736
65;34738
39;34781
38;34783
78;34784
55;34785
56;34787
146;34788
13;34793
19;34813
41;34820
3;34828
28;34840
24;34841
20;34843
41;34877
6;34878
27;34879
85;34880
163;34881
10;34882
50;34884
29;34888
10;34889
4;34896
13;34915
549;34917
167;34922
21;34925
169;34929
2;34931
24;34933
12;34935
32;34938
11;34939
1;34942
68;34973
60;34974
213;34975
3;34976
7;34983
11;34986
17;34993
33;34995
32;35010
4;35013
31;35016
20;35023
8;35030
