sums of daily draw-off volumes
115.2
292.5
72
127.5
210
196.8
184
98.8
66.2
171.8
162
289.2
265
123
140.2
57
72.5
78.2
135
237.8
218.8
35
93.8
76.5
158.5
146.8
87.5
215.8
74.8
65.5
89.5
82.8
155.2
207.5
151.5
47.5
57.5
75.8
138.2
48.5
71.2
113.8
57.8
318.5
104.2
111.8
41.2
167.5
147.2
82.8
173.2
174.5
196
119.2
95.2
235.5
122.2
46.5
126.2
126
99.8
133.5
120.2
83
114
45.8
121.8
163.5
125.2
77.8
35.8
74.2
164
93.5
67.5
68.2
124.8
217.8
97.8
57.2
92.8
106.8
82.5
202.2
236.8
82
105.2
117.2
76.8
152.2
111.8
141.2
130.8
381
188.5
133.5
217.8
137.2
111.2
34.2
149.5
170.5
227.5
173
64.2
74.8
89.8
171.2
93.2
88.5
124.5
154.8
128.8
157.2
162.8
132.5
81.8
126
196
85
141
165.5
111
119.8
61.8
115.2
26.2
103.2
285
106.2
92.5
81.2
143.2
133
90.2
76.5
233
86.2
163
187.5
411.2
137.5
61.5
120.8
168.5
47.2
176.2
63
107.8
90.2
61
93.8
82
127
79.2
131.2
110.8
59.5
185.8
54
138.2
154
44
111.8
32.8
51.2
50.2
109.5
83
137
51.8
141.8
11.8
105.5
164.5
199.5
142.5
77.8
146.8
55.8
136
62.8
100.2
111.5
73.8
62.2
153.2
196
91.2
70
155.8
47.8
41
124.2
53.2
68.5
176.5
85
173.2
122.2
55.8
67.2
134.2
131
81.2
177
108.2
108.5
187
137.5
57.2
75.5
67.2
98
84.8
141.2
55.5
137.5
31
80.5
158.8
86.5
129.8
123.8
87
191.5
136
70.2
76
108
317
78.5
48.2
153
86.8
180.8
87.8
115.8
46
160
24.2
182.8
98
78.5
139.5
125.5
37
179.5
195.2
64.5
186.5
43.2
119.2
38.5
110.2
70.5
97
265.2
53.5
144.5
43.5
133.8
158
46.8
42
217.5
51.8
60.2
120
62.8
138.2
96.2
100
131
131.2
95.2
130.8
52.8
170.2
124
178.5
81.2
91.2
115.8
70.5
137.2
105
214.8
71.2
124
303.8
149.5
124.2
117.5
77.8
103.8
76.8
24
134.2
186.8
178.5
36.8
104
92.5
272.8
57.2
184
86.5
34.2
76
182.8
46
178.5
134.2
183.8
117
115
93.8
219
158
280
39
82.5
108.5
117.8
96.2
102.2
60
104.8
140.8
142.2
86
72.5
198.8
91.2
27.8
65
39.5
87
62.8
283
66.2
260.5
175.8
119.8
265.5
59.2
128
223.5
95.5
85.2
139.8
122.8
128.5
59.5
185.8
79.8
50
123
262
172.8
72.8
118
49
117.2
sums of draw-off volumes of each hour of the day
101.3
58.3
77.9
75.3
183.7
146.4
7586.7
9868.3999999
3914.1
892.2
685.2
2587.3
2625.5
903.2
1283.7
2164.4
1286.7
1203.3
1618.6
1892.1
2040.6
1806.8
562.9
269.9
sums of draw-off volumes of each hour of weekdays
27.3
37.8
37.9
32.3
62.8
117.2
6284.3
7110.5
2190.3
349.8
630
2545.7
2530
773.3
452.9
441.9
300.4
832.5
1304.1
1493.6
1487.5
797.5
123.5
89.6
sums of draw-off volumes of each hour of weekend-days
74
20.5
40
43
120.9
29.2
1302.4
2757.9
1723.8
542.4
55.2
41.6
95.5
129.9
830.8
1722.5
986.3
370.8
314.5
398.5
553.1
1009.3
439.4
180.3
holidays of household(s), numbers correspond to day of year
