sums of daily draw-off volumes
383
289.5
111.8
133.2
213.8
353.8
199.8
202
166.8
215.5
109.8
117.5
282.8
110
275.5
113.2
231.2
224.5
104.5
174
275.2
159.5
202
214.2
125.8
144.2
212.5
226.5
230.2
163.2
184.5
179.5
208.2
339
307
377
175.8
73.8
188.8
316.8
183.2
222
218.8
109.5
106.2
106.8
117.5
347.2
225.8
141
95.2
120.8
136.8
139.2
348
178.8
255.2
323.8
230.8
296.2
284.8
220.8
164.8
180.8
255
253
178.5
356.2
391.8
234.2
131
260.2
281
232.5
58.2
197.5
319.8
169.5
176.5
223.2
153.2
219.2
355
100.8
321
355.8
202.2
176.2
322.2
310.8
572
198.5
215.5
192.5
123.5
393.5
241.8
201.8
129.8
162.8
118.5
177
259.2
154.2
246.5
228
178.2
246
213.8
194.8
156.5
441.2
98.8
221
204.5
102
105.2
167.2
247.8
236.8
150.5
225.8
224.8
169.5
155
232
122.5
146.5
92.8
249
82.8
252
157.8
140.8
280.8
277.5
119.5
275.8
99
224.8
422.2
181.8
121.5
221
221.5
232
352.8
211.5
85.8
120.8
146
77
198.8
251.5
125.2
169.8
172.5
334.8
389.2
209.5
366.5
134.8
160.5
163.5
106.5
252.8
273.8
282
184
163.2
115
144.2
152.2
253.5
156
180.2
118.2
123
197.8
219.8
352.2
115.2
294
145.8
169.2
110.2
216
252.5
148.5
293.5
211.8
89.5
290.8
171.5
199
146.5
167
221
175.2
233.5
106.2
235.5
144.5
161.2
164.2
119.8
183
89.2
558.8
184.2
125
152.2
247.2
268.8
123
160.2
170.5
50.8
176.5
134.2
126
226.8
111.2
96.8
215.8
134.2
308.2
136.2
187.2
174.2
227.5
186.5
80.2
134.8
236
142
240.8
204.5
109.5
218.5
96.5
89.8
169
208.8
270.5
274.5
123.2
180
163.2
182.2
212.8
157.5
126.2
147.8
150.8
242
159.8
238.5
140.2
74.5
149
393.2
170.5
119.8
107.8
308.2
223.2
306.8
86.2
293.2
125.8
222.5
180.2
285.2
308.8
306.8
79.8
226.2
261
304.2
115
275.8
86.5
145.5
126
244
145.2
82.2
197.8
139.2
215.2
288
145.2
175.2
167.8
223
134.5
339
154
273.8
208.8
117.2
173.8
87.8
171.2
135.8
263
237
181.5
212
239
187.8
207.8
257.8
320.5
381.2
161.5
139
210.8
281.5
207.2
267.8
81.2
147.8
161
259.5
92.8
322.8
282
273.5
147.2
281
159.2
218.2
218.5
282.5
173.5
93
176.5
132.2
184.2
160.2
162
151.2
122.2
208.5
160.5
142.5
213.2
203.8
158
186
219.5
124.5
281.5
245.5
150
378.5
235
363.2
115.5
357.8
156.8
83.2
85.5
sums of draw-off volumes of each hour of the day
143
210.9
265.1
222.1
289.5
199.5
12865.4
16731.9
6900.3
1661.7
907.9
3806.7
3995.6
1323.8
2125.5
3173.4
1908.8
2237.9
3007.1
3162.1
3869.7
2867.5
769
353.5
sums of draw-off volumes of each hour of weekdays
79.1
159
134
42.7
61.4
49.5
10393.7
11811.5
3182.8
578.7
510.4
3474.7
3666.6
1108.6
877.2
498.3
476.9
1715.3
2725
2421.5
2703.8
1904.1
332.8
118.2
sums of draw-off volumes of each hour of weekend-days
63.9
51.9
131.1
179.4
228.1
150
2471.7
4920.4
3717.5
1083
397.5
332
329
215.2
1248.3
2675.1
1431.9
522.6
282.1
740.6
1165.9
963.4
436.2
235.3
holidays of household(s), numbers correspond to day of year
