63;29
247;30
72;31
213;32
21;46
15;51
37;52
9;72
31;74
26;75
26;76
578;80
8;83
15;87
171;88
21;114
53;125
87;126
26;127
34;128
22;129
14;133
29;136
22;144
11;146
3;148
28;151
184;170
3;175
566;177
23;180
32;189
20;221
90;222
61;223
42;224
33;236
18;242
31;243
19;244
6;261
25;265
24;266
6;269
38;274
20;276
14;278
29;317
45;318
91;319
76;320
14;332
12;333
17;337
16;338
57;340
27;349
5;354
18;361
32;362
30;365
40;367
12;368
3;369
9;375
1;411
99;413
47;414
258;415
70;416
12;418
33;421
36;423
5;435
23;436
24;443
9;450
39;460
25;466
163;470
11;472
7;483
3;486
25;509
163;510
53;511
82;512
27;513
17;515
64;516
16;537
25;541
581;542
36;543
10;546
27;547
29;548
147;563
10;564
20;567
39;568
12;570
22;572
103;605
27;606
4;607
92;609
35;610
23;611
181;612
54;615
25;617
8;638
23;639
26;640
8;642
7;643
32;644
22;657
50;658
2;660
4;662
19;663
19;664
35;668
38;701
166;702
134;703
51;704
11;719
31;721
65;722
7;723
4;746
207;749
21;752
5;753
26;754
9;757
9;758
24;765
47;797
28;798
273;799
10;800
13;817
170;818
71;841
24;848
31;850
155;875
64;893
5;894
71;895
87;896
9;909
10;910
11;913
5;914
70;915
159;936
18;942
174;943
5;945
19;948
14;988
35;989
170;990
12;991
45;992
13;1009
34;1011
10;1012
17;1016
16;1019
8;1030
25;1031
12;1037
17;1039
4;1041
7;1046
79;1085
38;1086
104;1087
68;1088
31;1092
28;1095
2;1096
10;1105
58;1107
11;1108
7;1133
21;1134
13;1135
37;1181
61;1182
74;1183
54;1184
33;1186
338;1187
16;1202
155;1207
17;1209
13;1212
16;1214
168;1215
7;1217
19;1218
30;1227
29;1229
11;1231
30;1238
19;1241
4;1242
34;1260
16;1278
175;1280
7;1281
41;1283
5;1284
15;1310
2;1312
1;1313
11;1314
25;1315
5;1316
6;1318
7;1329
36;1332
18;1333
27;1334
9;1339
222;1373
380;1374
61;1375
39;1376
10;1380
21;1386
26;1391
21;1394
27;1396
23;1397
1;1398
171;1417
9;1418
10;1420
5;1426
25;1430
23;1431
28;1432
23;1469
139;1470
78;1471
29;1472
35;1485
9;1489
34;1492
18;1501
24;1515
10;1516
26;1517
12;1518
9;1527
7;1528
2;1547
7;1549
46;1565
42;1566
542;1568
13;1569
10;1573
32;1575
9;1585
2;1586
23;1587
31;1603
10;1604
6;1607
4;1611
3;1612
35;1614
41;1615
41;1616
11;1617
15;1620
175;1633
41;1661
115;1662
35;1663
23;1664
15;1681
28;1683
13;1693
40;1711
163;1712
46;1714
20;1715
170;1719
14;1720
15;1757
81;1758
21;1759
95;1760
19;1764
1;1769
6;1776
15;1777
12;1778
20;1782
17;1792
29;1798
31;1808
20;1812
36;1815
5;1839
50;1853
2;1854
22;1855
25;1857
166;1858
220;1859
52;1860
49;1885
25;1886
14;1888
13;1889
20;1890
13;1891
7;1906
13;1915
6;1950
179;1951
232;1953
5;1954
13;1955
12;1956
31;1962
8;1975
12;1976
28;1980
75;1982
73;1983
165;1984
46;1986
170;2002
5;2004
17;2007
19;2010
5;2012
43;2045
52;2046
193;2047
24;2048
4;2053
5;2065
91;2066
39;2068
25;2073
21;2075
46;2085
18;2089
1;2090
26;2093
2;2096
30;2101
18;2103
28;2118
70;2141
70;2142
53;2143
47;2144
24;2157
2;2161
163;2162
22;2163
33;2169
16;2177
163;2183
20;2185
28;2186
8;2190
1;2193
16;2195
26;2199
18;2200
2;2224
6;2236
243;2237
12;2238
48;2239
46;2240
34;2255
169;2258
180;2259
18;2260
40;2277
9;2286
19;2288
25;2290
6;2295
200;2333
98;2334
19;2335
54;2336
31;2345
4;2354
4;2355
16;2356
14;2365
7;2372
11;2382
1;2384
36;2390
8;2391
2;2403
181;2429
238;2430
11;2431
25;2432
23;2441
42;2450
8;2451
8;2452
18;2458
8;2480
5;2482
8;2484
4;2504
26;2525
222;2527
29;2528
88;2530
21;2531
49;2532
3;2543
5;2557
18;2559
27;2560
17;2562
36;2563
195;2564
18;2579
14;2581
34;2582
40;2584
4;2587
147;2608
41;2621
196;2622
155;2625
11;2626
75;2627
14;2631
10;2633
19;2638
4;2645
32;2653
23;2654
12;2655
4;2656
15;2657
15;2659
19;2660
19;2672
9;2674
13;2678
40;2680
11;2681
22;2682
22;2711
163;2717
60;2718
362;2719
189;2720
32;2733
9;2737
5;2740
29;2761
11;2767
9;2769
30;2774
45;2813
34;2814
38;2815
31;2816
20;2830
12;2833
12;2834
51;2836
5;2847
164;2861
28;2862
9;2866
145;2869
27;2871
32;2877
227;2909
51;2910
27;2911
217;2912
36;2922
30;2929
18;2930
37;2931
9;2932
19;2939
8;2947
35;2953
4;2963
20;2967
2;2994
46;3005
14;3006
193;3007
57;3008
174;3025
8;3028
23;3033
156;3047
4;3049
13;3053
2;3059
26;3061
9;3090
149;3101
2;3102
3;3103
45;3104
15;3115
323;3121
11;3124
8;3127
150;3130
8;3145
18;3149
30;3154
23;3155
39;3156
15;3193
43;3197
181;3198
79;3199
78;3200
28;3201
48;3202
60;3203
57;3204
153;3207
25;3208
15;3211
18;3229
158;3230
42;3231
26;3233
71;3235
48;3236
28;3239
2;3244
77;3250
18;3252
19;3254
4;3258
33;3259
3;3260
27;3262
12;3293
331;3294
41;3295
14;3296
45;3297
36;3298
204;3299
12;3300
41;3307
154;3312
18;3315
11;3320
44;3326
19;3327
14;3328
55;3329
6;3330
29;3331
28;3332
9;3338
35;3342
16;3344
4;3347
26;3352
9;3354
15;3355
29;3381
90;3389
27;3390
171;3391
717;3392
28;3409
26;3411
152;3420
170;3437
11;3438
8;3441
19;3444
31;3446
29;3447
7;3485
43;3486
214;3487
213;3488
17;3490
28;3493
62;3505
39;3506
12;3507
40;3508
8;3541
20;3544
54;3581
52;3582
36;3583
29;3584
8;3601
12;3602
4;3616
7;3617
23;3621
6;3626
5;3628
27;3638
32;3640
231;3677
48;3678
43;3679
118;3680
5;3697
14;3698
5;3700
20;3709
7;3715
34;3725
1;3728
20;3732
174;3733
13;3734
22;3737
209;3773
29;3774
618;3775
34;3776
14;3778
35;3781
27;3790
15;3793
26;3795
37;3796
25;3809
7;3813
149;3824
6;3829
36;3830
32;3851
19;3869
55;3870
43;3872
158;3873
48;3874
205;3875
22;3876
16;3887
16;3895
2;3901
13;3902
28;3904
5;3907
14;3921
37;3923
17;3925
1;3926
2;3931
32;3965
67;3966
20;3967
69;3968
18;3969
29;3970
49;3972
19;3988
34;3990
29;3994
16;3995
155;3998
9;3999
14;4002
29;4003
33;4004
2;4006
153;4018
29;4020
10;4023
12;4024
33;4028
27;4030
30;4061
71;4062
21;4063
76;4064
65;4081
29;4082
160;4083
6;4097
21;4105
18;4106
34;4108
1;4111
16;4114
153;4117
174;4120
3;4146
56;4157
36;4158
84;4159
33;4160
12;4174
16;4178
38;4180
5;4183
16;4189
35;4194
25;4197
34;4201
26;4209
19;4210
65;4253
64;4254
47;4255
24;4256
33;4259
8;4263
20;4266
5;4268
14;4275
19;4276
3;4279
22;4280
20;4286
17;4294
2;4300
24;4302
11;4303
8;4306
6;4310
13;4311
20;4349
117;4350
49;4351
43;4352
16;4368
15;4369
20;4371
7;4372
7;4380
7;4388
7;4391
28;4393
27;4395
20;4397
9;4400
35;4402
70;4445
29;4446
32;4447
17;4448
8;4465
13;4466
15;4468
25;4480
29;4483
33;4487
156;4495
31;4497
12;4498
7;4522
337;4541
40;4543
13;4544
191;4546
32;4547
6;4548
17;4560
171;4561
18;4573
206;4577
221;4578
19;4580
12;4582
27;4589
2;4593
37;4594
29;4595
4;4601
9;4637
201;4638
9;4639
14;4640
13;4641
36;4642
106;4643
13;4647
31;4650
1;4666
22;4672
7;4673
20;4674
187;4675
52;4676
1;4677
33;4678
15;4679
40;4691
18;4693
48;4694
12;4698
15;4699
56;4733
23;4734
173;4735
76;4736
19;4744
25;4748
28;4753
19;4755
38;4766
18;4775
2;4777
36;4780
16;4783
18;4784
10;4790
7;4792
96;4829
42;4831
61;4832
42;4849
23;4850
7;4853
27;4873
18;4874
1;4875
37;4876
6;4883
11;4884
2;4887
8;4888
7;4925
40;4926
82;4927
52;4928
33;4945
13;4947
176;4948
20;4965
4;4969
43;4970
3;4975
4;4979
6;4982
179;5021
40;5022
32;5023
29;5024
28;5025
9;5026
12;5029
6;5042
45;5043
19;5045
10;5053
31;5065
13;5066
6;5068
23;5071
28;5072
14;5075
2;5079
8;5080
13;5081
11;5099
5;5107
40;5117
39;5118
66;5119
109;5120
6;5126
8;5137
20;5139
24;5143
3;5147
7;5151
37;5155
20;5158
8;5161
24;5162
20;5164
1;5165
21;5166
31;5169
17;5174
40;5175
13;5213
51;5214
19;5216
186;5218
31;5219
560;5220
8;5230
7;5241
13;5245
197;5246
36;5248
8;5250
11;5254
16;5261
3;5264
7;5265
161;5267
8;5271
29;5273
1;5274
27;5275
189;5309
42;5310
42;5311
59;5312
24;5313
50;5315
29;5323
11;5324
1;5344
4;5347
23;5348
24;5350
11;5351
7;5361
161;5362
27;5364
7;5367
4;5368
12;5395
105;5405
36;5406
77;5407
238;5408
45;5418
18;5419
38;5425
27;5426
34;5427
24;5428
28;5443
8;5449
31;5452
169;5454
22;5455
20;5457
20;5460
38;5461
5;5463
26;5464
61;5501
781;5502
75;5503
73;5504
14;5521
9;5523
183;5524
14;5529
19;5531
11;5540
8;5543
8;5548
26;5549
2;5554
11;5555
238;5597
116;5598
234;5599
28;5600
7;5617
36;5619
10;5620
23;5634
6;5642
19;5644
16;5645
170;5646
20;5647
209;5693
163;5694
7;5695
195;5696
2;5699
10;5709
17;5714
313;5716
9;5726
27;5738
7;5740
13;5741
24;5742
10;5745
7;5749
16;5750
156;5752
199;5789
38;5790
224;5792
33;5810
12;5811
35;5812
3;5816
20;5827
30;5836
13;5837
5;5839
165;5840
27;5841
161;5846
174;5847
10;5886
43;5887
16;5888
220;5889
26;5890
10;5892
19;5893
35;5905
3;5910
166;5915
3;5917
9;5918
60;5919
19;5920
28;5922
9;5934
31;5935
159;5939
17;5946
12;5953
30;5959
4;5981
171;5982
30;5983
34;5984
21;5985
77;5986
28;5987
3;5988
33;5992
29;5998
28;6010
21;6014
23;6015
35;6018
20;6019
15;6025
8;6040
25;6044
12;6047
28;6068
3;6072
46;6077
83;6078
125;6079
7;6080
184;6097
17;6099
13;6104
3;6125
32;6126
3;6127
166;6133
13;6135
165;6150
5;6171
38;6173
214;6174
51;6175
51;6176
18;6185
54;6193
12;6194
21;6219
1;6220
164;6222
24;6223
6;6225
35;6226
161;6229
170;6269
221;6270
190;6271
5;6272
22;6278
19;6289
10;6290
18;6292
10;6293
19;6299
35;6300
3;6312
17;6314
16;6315
14;6316
2;6317
3;6318
31;6321
20;6326
161;6327
26;6328
66;6365
57;6366
360;6367
74;6368
5;6377
22;6388
8;6401
28;6409
37;6419
33;6421
4;6423
20;6424
210;6461
203;6462
60;6463
226;6464
24;6466
26;6467
1;6473
6;6478
165;6479
3;6481
20;6482
257;6483
5;6484
20;6505
1;6506
14;6510
9;6513
4;6516
159;6517
6;6519
6;6520
162;6556
19;6557
21;6558
34;6559
31;6560
22;6561
2;6562
619;6563
78;6564
3;6571
20;6586
25;6588
27;6589
24;6590
35;6595
24;6596
3;6602
164;6608
8;6609
27;6614
161;6615
58;6616
8;6630
2;6644
83;6653
27;6654
4;6656
32;6657
66;6659
181;6660
30;6665
159;6687
41;6688
6;6689
26;6690
185;6692
12;6707
57;6708
18;6715
220;6749
61;6750
114;6751
34;6752
3;6760
38;6770
26;6778
12;6780
7;6781
8;6783
1;6801
5;6821
25;6839
73;6845
108;6846
3;6847
228;6848
13;6864
56;6866
42;6867
207;6868
39;6875
28;6888
4;6889
23;6890
5;6891
11;6895
150;6900
21;6904
208;6941
35;6942
70;6943
19;6944
18;6953
12;6961
23;6962
86;6964
11;6969
10;6978
191;6985
7;6990
42;6992
158;6993
21;6995
17;6996
25;6998
171;7000
11;7017
219;7037
6;7038
183;7039
31;7040
44;7051
37;7057
3;7058
175;7059
17;7060
6;7064
30;7066
30;7068
8;7072
5;7076
43;7087
6;7088
6;7090
23;7093
20;7094
27;7096
1;7133
50;7134
28;7138
22;7155
22;7178
48;7180
8;7181
29;7182
17;7185
7;7186
1;7187
19;7205
29;7222
7;7229
27;7231
215;7232
151;7233
11;7234
5;7235
2;7236
13;7262
189;7264
16;7265
3;7266
36;7283
32;7284
9;7289
26;7292
24;7309
4;7310
5;7314
11;7320
103;7326
4;7328
24;7329
180;7330
35;7331
226;7332
42;7337
16;7348
32;7352
29;7357
11;7359
238;7360
43;7361
2;7362
29;7365
28;7381
164;7382
6;7384
23;7386
26;7409
151;7421
81;7422
72;7423
95;7424
11;7425
8;7431
12;7441
10;7442
29;7443
1;7449
29;7451
25;7454
9;7460
21;7465
14;7469
15;7472
28;7474
12;7476
29;7477
74;7517
14;7518
9;7519
83;7520
10;7525
2;7538
53;7539
167;7544
36;7549
4;7555
15;7562
24;7563
30;7564
159;7568
2;7570
18;7572
6;7575
158;7612
221;7613
27;7614
295;7615
12;7616
24;7623
5;7629
32;7631
4;7634
25;7635
19;7651
3;7658
45;7662
23;7668
55;7709
58;7710
72;7711
105;7712
11;7717
187;7729
21;7730
2;7731
72;7732
24;7738
3;7747
1;7756
2;7762
46;7805
148;7806
101;7807
70;7808
38;7826
14;7827
41;7828
5;7835
195;7843
24;7850
7;7853
162;7856
26;7858
6;7894
86;7901
163;7902
18;7904
12;7905
68;7906
38;7907
28;7913
18;7922
26;7933
164;7934
7;7936
326;7938
20;7939
164;7941
25;7946
9;7951
211;7955
9;7957
18;7966
4;7967
11;7997
7;7998
34;7999
68;8000
17;8001
51;8002
16;8003
9;8004
2;8018
67;8030
17;8031
3;8032
10;8034
29;8050
8;8053
12;8055
5;8056
28;8057
9;8059
37;8088
64;8093
261;8094
42;8095
194;8096
11;8098
41;8113
14;8114
9;8115
3;8116
19;8130
6;8142
562;8144
11;8149
10;8150
6;8185
35;8189
408;8190
59;8191
57;8192
8;8198
16;8210
10;8211
38;8212
4;8215
564;8217
12;8229
160;8233
4;8234
15;8236
1;8240
14;8242
9;8247
3;8248
39;8263
39;8272
86;8285
132;8286
35;8287
55;8288
26;8291
17;8292
202;8305
32;8306
41;8308
23;8310
8;8312
9;8317
14;8332
10;8334
10;8336
31;8343
206;8381
30;8382
71;8383
247;8384
2;8391
16;8393
1;8399
2;8402
21;8403
16;8404
8;8414
65;8428
1;8429
19;8440
55;8477
99;8478
294;8479
11;8480
160;8481
592;8499
30;8509
7;8510
1;8512
15;8524
11;8528
11;8529
3;8533
7;8573
43;8574
7;8575
45;8576
63;8577
59;8578
596;8579
13;8580
9;8583
8;8587
21;8599
21;8605
11;8606
18;8607
14;8609
156;8610
23;8611
23;8612
19;8613
1;8622
42;8630
18;8633
26;8635
29;8641
26;8656
57;8665
9;8666
164;8667
614;8668
160;8669
13;8670
12;8671
42;8672
163;8677
4;8685
164;8695
89;8697
32;8698
162;8700
160;8701
174;8703
23;8706
14;8708
5;8717
172;8722
26;8761
79;8762
20;8763
24;8767
40;8771
6;8773
23;8780
27;8781
28;8783
17;8788
19;8790
5;8795
14;8801
172;8808
148;8811
17;8812
43;8815
11;8816
15;8817
44;8819
16;8821
220;8857
175;8858
94;8859
44;8860
9;8874
27;8877
13;8878
51;8879
33;8880
5;8888
14;8889
9;8903
1;8906
167;8908
46;8953
37;8954
19;8955
55;8956
53;8973
163;8974
29;8976
150;8998
10;9001
5;9002
182;9006
21;9010
32;9049
4;9050
82;9051
188;9052
31;9053
35;9058
27;9064
8;9069
10;9075
12;9085
10;9098
10;9101
20;9102
25;9105
53;9145
67;9146
30;9147
224;9148
16;9161
160;9165
56;9166
205;9167
24;9181
40;9183
590;9193
57;9195
21;9196
13;9199
18;9201
27;9226
49;9241
8;9242
15;9243
47;9245
177;9246
28;9247
162;9248
1;9258
41;9273
34;9274
5;9275
4;9276
66;9277
162;9278
26;9279
32;9280
19;9289
27;9294
30;9295
6;9298
1;9300
17;9322
6;9337
51;9338
183;9339
41;9340
27;9341
23;9342
44;9343
34;9344
25;9347
1;9367
41;9370
13;9372
17;9374
42;9376
16;9379
3;9392
29;9393
30;9394
164;9399
73;9433
4;9434
56;9435
42;9436
181;9456
6;9460
34;9461
26;9466
12;9475
36;9483
3;9487
22;9488
24;9490
48;9529
67;9530
39;9531
326;9532
9;9540
10;9541
8;9544
13;9550
32;9552
5;9574
12;9579
10;9580
29;9583
29;9584
7;9587
7;9588
1;9625
68;9626
28;9627
66;9628
31;9645
169;9647
25;9648
14;9651
30;9666
7;9671
2;9674
1;9675
32;9676
221;9721
51;9722
81;9723
102;9724
2;9732
9;9734
10;9735
27;9740
13;9741
1;9742
24;9743
59;9744
35;9765
30;9770
5;9773
11;9777
27;9780
41;9817
61;9818
22;9819
646;9820
34;9826
11;9830
178;9837
7;9839
15;9864
4;9868
18;9873
23;9892
28;9913
13;9915
35;9916
27;9918
22;9919
44;9920
18;9921
23;9925
4;9937
40;9945
4;9946
33;9947
170;9950
30;9951
3;9962
34;9966
22;9967
18;9972
13;9973
13;9975
160;10009
344;10011
107;10012
36;10015
42;10016
3;10020
29;10034
10;10042
30;10044
169;10060
22;10064
32;10065
2;10068
67;10105
140;10106
142;10107
234;10108
31;10109
23;10115
9;10117
44;10126
30;10127
60;10128
37;10131
22;10144
16;10155
2;10156
17;10162
38;10169
33;10201
56;10202
19;10203
54;10204
14;10221
160;10222
16;10223
22;10234
4;10243
18;10246
175;10247
14;10248
1;10250
15;10251
16;10253
2;10254
72;10256
22;10257
148;10281
219;10297
189;10298
27;10299
211;10300
15;10309
11;10319
145;10320
4;10334
1;10337
2;10338
2;10354
10;10356
81;10393
177;10394
19;10395
25;10396
8;10412
74;10413
13;10414
27;10415
29;10416
5;10431
35;10435
161;10443
21;10444
152;10446
23;10447
5;10449
10;10480
86;10489
32;10490
37;10491
27;10492
29;10506
70;10509
156;10511
32;10512
6;10519
2;10522
21;10523
5;10539
13;10542
26;10543
169;10544
45;10546
8;10547
5;10555
189;10585
22;10586
13;10589
181;10590
14;10591
7;10592
22;10610
23;10613
8;10617
18;10620
59;10622
6;10623
22;10626
4;10630
38;10647
171;10682
97;10683
4;10684
18;10686
26;10687
197;10688
547;10694
29;10697
20;10701
9;10702
19;10714
181;10715
7;10716
25;10718
168;10719
1;10720
10;10732
18;10733
178;10735
13;10737
13;10740
14;10744
27;10777
74;10778
36;10779
44;10780
4;10792
27;10797
32;10798
38;10800
9;10808
9;10821
36;10822
4;10824
55;10836
40;10873
69;10874
17;10876
7;10878
16;10882
1;10884
165;10890
19;10893
33;10894
4;10895
16;10896
27;10903
146;10907
22;10914
30;10918
69;10919
163;10921
37;10922
3;10928
2;10950
30;10969
107;10970
64;10972
166;10984
34;10989
44;10991
72;10992
20;10995
159;11001
26;11010
10;11016
9;11017
9;11019
6;11022
34;11024
21;11025
5;11028
13;11065
16;11066
7;11067
26;11068
9;11079
12;11084
26;11085
16;11086
5;11087
20;11088
16;11094
160;11105
4;11111
18;11113
39;11118
21;11120
19;11160
25;11161
86;11162
25;11163
39;11164
11;11166
29;11170
46;11181
42;11184
5;11188
2;11198
28;11206
18;11210
3;11212
8;11214
2;11217
33;11218
39;11257
26;11258
49;11259
16;11260
12;11261
70;11262
166;11263
3;11266
25;11269
3;11289
55;11292
31;11294
48;11296
15;11305
24;11313
65;11315
22;11321
46;11339
27;11342
18;11345
43;11353
18;11354
84;11355
4;11356
14;11357
356;11358
15;11359
44;11360
8;11371
15;11372
19;11375
42;11387
14;11391
17;11393
169;11395
31;11411
7;11415
124;11449
206;11450
33;11451
277;11452
41;11470
6;11471
14;11472
165;11477
9;11486
6;11495
48;11501
18;11503
35;11545
108;11546
41;11547
64;11548
3;11557
18;11563
19;11564
151;11565
21;11566
30;11567
10;11571
24;11577
2;11581
5;11588
13;11591
26;11594
9;11603
23;11604
112;11641
183;11642
75;11643
11;11644
14;11647
27;11654
73;11661
33;11664
2;11680
158;11686
39;11687
21;11689
39;11690
27;11692
19;11694
19;11695
26;11699
25;11700
115;11737
154;11738
68;11739
40;11740
7;11748
17;11752
22;11757
91;11759
5;11760
8;11767
20;11776
8;11782
18;11783
2;11785
9;11788
150;11795
165;11796
36;11833
163;11834
31;11835
40;11836
161;11839
10;11854
20;11855
8;11856
20;11857
13;11878
32;11879
21;11880
34;11882
4;11884
35;11885
17;11888
33;11890
85;11929
12;11930
34;11931
25;11932
25;11933
94;11934
9;11935
13;11953
20;11962
15;11963
20;11965
166;11966
7;11968
4;11971
10;11983
21;11984
25;11986
35;11988
3;12001
32;12007
42;12025
78;12026
31;12027
22;12028
39;12030
12;12031
199;12032
25;12045
35;12053
19;12055
217;12057
12;12058
27;12060
5;12061
14;12062
31;12063
26;12074
12;12078
12;12082
35;12083
46;12121
37;12122
26;12123
6;12124
30;12141
162;12142
27;12143
55;12144
8;12146
12;12151
1;12164
6;12167
21;12170
33;12175
20;12178
14;12217
88;12218
42;12219
60;12220
5;12228
10;12236
1;12237
56;12239
20;12246
19;12261
10;12263
17;12265
173;12269
34;12273
20;12275
17;12276
48;12313
84;12314
90;12315
80;12316
4;12330
3;12333
3;12335
22;12336
3;12356
17;12362
11;12366
6;12381
15;12387
52;12409
30;12410
189;12411
223;12412
153;12416
11;12429
37;12441
157;12443
46;12454
23;12457
19;12464
24;12465
17;12467
82;12505
26;12506
2;12507
51;12508
67;12526
10;12527
24;12528
32;12531
12;12541
11;12553
14;12556
10;12585
35;12588
20;12602
53;12603
9;12604
6;12605
202;12606
49;12607
43;12608
8;12613
20;12614
172;12615
24;12622
16;12628
46;12633
36;12635
31;12636
21;12639
30;12640
154;12655
1;12659
12;12662
10;12664
3;12678
13;12694
41;12697
65;12698
165;12700
41;12701
24;12702
26;12703
34;12704
16;12706
14;12707
21;12719
23;12728
3;12730
25;12733
26;12734
32;12736
14;12743
3;12746
26;12750
2;12755
14;12758
9;12793
42;12794
170;12795
206;12796
53;12806
6;12810
30;12814
3;12819
8;12832
13;12837
23;12851
59;12889
587;12890
86;12891
197;12892
12;12903
5;12904
39;12910
34;12911
31;12927
7;12933
14;12940
4;12947
19;12948
29;12959
39;12985
10;12986
220;12987
68;12988
165;12992
9;12995
23;12999
13;13004
2;13006
22;13016
165;13024
155;13032
26;13033
24;13036
152;13037
3;13038
14;13040
24;13081
23;13082
203;13083
11;13084
17;13086
5;13088
14;13091
10;13092
107;13101
7;13102
3;13103
5;13104
12;13107
7;13134
13;13138
17;13139
211;13177
619;13178
54;13179
27;13180
37;13197
36;13199
2;13200
10;13205
9;13210
22;13212
1;13221
15;13223
40;13224
3;13227
17;13245
24;13273
35;13274
27;13276
14;13277
5;13278
2;13279
59;13280
23;13302
7;13306
28;13307
26;13308
44;13312
1;13313
40;13325
17;13327
21;13330
16;13333
7;13334
13;13347
17;13357
191;13369
32;13370
81;13372
15;13373
28;13374
178;13375
52;13376
162;13389
19;13397
1;13399
29;13401
19;13402
3;13403
4;13404
10;13406
33;13413
11;13424
1;13427
30;13465
86;13466
109;13467
299;13468
3;13482
19;13485
19;13486
7;13487
796;13488
23;13492
4;13493
24;13495
24;13508
26;13512
4;13513
18;13515
17;13517
153;13520
21;13521
7;13522
31;13561
43;13562
125;13563
358;13564
28;13580
39;13581
29;13582
7;13583
4;13588
16;13595
29;13605
3;13617
15;13625
16;13657
173;13658
2;13659
16;13660
36;13665
8;13668
14;13669
15;13673
14;13677
22;13679
11;13689
12;13695
22;13698
5;13699
8;13703
34;13706
9;13707
35;13708
23;13709
11;13713
7;13734
102;13753
65;13754
68;13755
42;13756
17;13773
47;13775
38;13780
25;13782
3;13790
185;13797
153;13798
9;13800
29;13801
14;13802
39;13811
29;13812
12;13818
170;13849
23;13850
10;13852
24;13853
11;13861
8;13868
41;13869
31;13870
4;13871
158;13872
168;13880
158;13894
8;13896
28;13897
5;13901
39;13903
168;13937
15;13940
17;13945
15;13946
199;13948
54;13950
17;13951
12;13952
24;13957
7;13977
31;13979
71;13980
47;13981
57;13982
10;13983
20;13986
15;13994
24;13999
26;14002
40;14005
33;14007
26;14011
38;14041
758;14042
61;14043
14;14045
11;14046
166;14047
31;14048
1;14049
8;14073
22;14075
2;14078
168;14079
34;14080
8;14087
21;14093
2;14094
34;14096
32;14104
220;14137
62;14138
185;14139
209;14140
25;14145
35;14158
16;14160
12;14164
32;14168
10;14169
40;14185
24;14221
15;14233
30;14234
73;14235
120;14236
33;14253
3;14254
27;14255
12;14256
6;14263
76;14329
27;14330
214;14331
44;14332
23;14342
23;14350
1;14351
9;14352
17;14368
49;14384
42;14425
84;14426
61;14427
92;14428
13;14434
7;14441
156;14443
11;14444
18;14445
34;14446
29;14448
37;14475
46;14521
49;14523
48;14524
103;14543
16;14544
40;14565
1;14572
5;14573
13;14606
174;14609
38;14614
15;14617
25;14618
77;14619
13;14620
21;14621
3;14622
32;14623
79;14624
8;14651
3;14652
27;14653
2;14654
6;14655
27;14659
15;14672
191;14675
24;14676
2;14678
37;14713
19;14714
12;14715
38;14716
62;14717
197;14718
187;14719
9;14720
173;14730
35;14745
22;14746
12;14748
29;14749
41;14750
36;14751
3;14764
5;14768
17;14771
17;14772
36;14775
19;14776
47;14809
6;14810
16;14811
207;14812
31;14813
23;14825
45;14830
3;14831
27;14832
10;14858
40;14860
9;14861
37;14862
42;14905
171;14906
21;14908
12;14913
23;14916
25;14925
40;14926
28;14927
8;14931
26;14951
15;14953
16;14954
29;14955
16;14956
2;14957
16;14960
34;14961
155;14963
106;15001
182;15002
34;15003
65;15004
159;15021
37;15028
27;15036
4;15038
16;15053
25;15055
35;15058
25;15078
7;15094
26;15097
204;15098
566;15099
92;15100
15;15117
34;15122
17;15134
30;15141
174;15142
42;15144
12;15146
32;15148
12;15149
8;15151
25;15152
10;15155
8;15156
243;15193
20;15194
332;15195
77;15196
25;15213
208;15214
29;15215
10;15216
35;15238
5;15240
559;15242
14;15247
17;15289
89;15291
4;15292
151;15293
26;15294
31;15295
22;15296
23;15305
33;15306
12;15310
26;15320
20;15321
26;15323
26;15326
171;15341
26;15342
14;15343
12;15344
31;15346
9;15347
19;15348
27;15350
23;15351
17;15375
163;15376
30;15385
20;15386
7;15387
6;15388
173;15389
11;15391
191;15392
168;15401
161;15417
17;15418
165;15419
21;15420
12;15421
8;15422
184;15423
4;15425
25;15433
24;15443
31;15446
28;15450
21;15463
12;15481
92;15482
31;15483
31;15484
24;15492
12;15495
33;15504
11;15510
164;15518
22;15525
5;15529
45;15530
19;15533
17;15536
205;15577
27;15578
200;15579
95;15580
18;15597
9;15599
11;15608
5;15619
8;15623
31;15624
15;15626
18;15635
39;15673
42;15674
81;15675
29;15676
28;15683
16;15686
168;15690
63;15693
34;15694
30;15696
35;15702
3;15711
33;15717
18;15718
18;15720
3;15723
11;15726
2;15729
1;15733
34;15770
158;15771
63;15772
31;15783
3;15791
36;15792
5;15793
7;15794
26;15819
24;15824
14;15826
25;15840
20;15865
28;15866
70;15867
24;15868
10;15885
28;15887
13;15888
150;15889
39;15896
12;15903
560;15909
10;15910
1;15913
23;15914
23;15918
161;15949
8;15952
22;15959
55;15962
12;15963
51;15964
181;15965
18;15966
205;15967
100;15968
1;15987
176;15994
48;15995
27;15996
15;15998
11;16002
4;16016
16;16037
154;16046
14;16057
181;16058
10;16059
50;16060
9;16062
31;16063
64;16064
158;16073
5;16075
161;16078
33;16085
29;16089
49;16091
7;16093
22;16094
9;16095
2;16096
1;16104
15;16110
9;16111
40;16115
32;16116
18;16117
9;16120
11;16136
12;16147
241;16153
29;16154
3;16155
12;16156
26;16160
5;16162
33;16173
42;16175
12;16176
55;16182
12;16186
2;16201
19;16204
11;16206
158;16207
19;16208
34;16211
32;16249
51;16250
35;16251
69;16252
30;16270
8;16272
1;16282
29;16293
18;16297
40;16303
11;16306
329;16308
28;16336
175;16345
49;16346
33;16347
67;16348
5;16357
23;16365
22;16367
34;16368
19;16371
5;16390
53;16442
68;16443
27;16444
5;16457
168;16459
30;16461
31;16465
27;16485
162;16491
6;16497
229;16537
75;16538
5;16539
26;16540
21;16546
4;16547
4;16551
11;16554
46;16558
30;16559
47;16560
40;16562
4;16567
7;16574
26;16588
34;16592
3;16617
34;16633
187;16634
32;16635
19;16636
6;16637
198;16638
56;16639
20;16640
22;16641
24;16650
163;16653
19;16655
1;16665
24;16666
4;16667
8;16669
61;16670
7;16671
2;16676
6;16682
9;16689
17;16691
33;16692
25;16694
20;16695
14;16697
52;16729
21;16730
30;16731
33;16732
31;16733
56;16735
51;16736
22;16761
36;16763
17;16765
48;16766
22;16769
35;16784
166;16788
4;16791
26;16823
198;16825
68;16826
1;16827
156;16828
10;16830
7;16845
182;16846
4;16847
4;16848
20;16852
10;16855
17;16862
17;16864
1;16888
8;16906
99;16921
56;16922
72;16923
14;16924
2;16941
18;16942
149;16945
10;16963
4;16965
4;16966
29;16974
7;16976
1;16980
28;17017
153;17018
36;17019
26;17020
29;17037
7;17038
157;17049
14;17055
22;17063
5;17065
12;17069
3;17070
195;17113
45;17114
8;17115
175;17116
8;17123
12;17133
51;17134
204;17135
2;17157
39;17158
23;17164
29;17169
2;17207
3;17209
35;17210
44;17211
138;17212
2;17225
1;17231
24;17256
33;17259
25;17262
572;17265
26;17297
14;17305
79;17306
581;17307
154;17308
13;17309
16;17310
179;17311
36;17312
19;17315
2;17324
6;17337
3;17339
157;17340
5;17342
23;17344
3;17357
9;17359
22;17360
31;17364
3;17365
28;17366
17;17378
6;17401
27;17402
11;17405
15;17406
1;17407
22;17408
58;17433
173;17434
8;17436
27;17437
22;17458
24;17459
23;17461
14;17462
13;17464
29;17489
22;17497
177;17498
400;17499
196;17500
30;17517
23;17518
27;17520
30;17543
21;17545
204;17548
17;17555
20;17571
197;17593
135;17594
49;17595
59;17596
17;17606
20;17609
25;17615
20;17638
9;17646
29;17648
3;17651
65;17689
228;17690
38;17691
175;17692
22;17696
19;17697
15;17698
27;17709
1;17711
5;17732
28;17735
28;17739
2;17741
8;17742
16;17748
9;17761
173;17785
17;17786
45;17787
42;17788
25;17791
29;17793
1;17797
2;17801
12;17805
11;17806
35;17808
27;17819
13;17830
64;17881
2;17882
296;17883
65;17884
6;17885
19;17887
22;17894
30;17901
171;17902
32;17903
8;17904
22;17911
9;17918
16;17920
29;17926
73;17939
17;17958
13;17977
33;17979
10;17980
67;17981
28;17982
58;17983
32;17984
31;18006
25;18009
34;18010
343;18011
31;18013
196;18015
10;18017
4;18021
24;18027
5;18029
33;18032
7;18033
9;18034
17;18073
11;18074
21;18075
185;18076
34;18077
54;18078
186;18079
9;18080
1;18101
29;18102
25;18109
15;18128
7;18133
382;18169
28;18170
73;18171
31;18172
4;18188
158;18189
182;18190
3;18191
46;18192
29;18195
13;18214
7;18215
24;18218
171;18219
7;18221
16;18222
15;18265
63;18266
591;18267
26;18268
16;18280
36;18286
21;18309
14;18315
24;18316
21;18317
17;18320
3;18321
29;18341
8;18361
35;18362
11;18363
25;18364
52;18381
3;18382
25;18383
20;18384
16;18385
15;18398
3;18406
9;18407
31;18408
23;18410
19;18412
34;18414
144;18457
85;18458
171;18459
587;18460
20;18477
30;18478
26;18479
24;18503
30;18509
19;18510
12;18511
6;18513
9;18518
12;18553
68;18554
94;18555
33;18556
11;18566
12;18571
345;18574
22;18597
26;18598
21;18599
35;18601
7;18609
15;18649
23;18650
5;18651
2;18652
19;18653
33;18654
27;18655
168;18656
3;18676
14;18681
19;18682
16;18683
20;18684
6;18685
190;18686
26;18696
3;18703
16;18705
3;18706
169;18712
19;18717
11;18723
10;18745
15;18746
171;18749
54;18751
84;18752
13;18767
6;18768
15;18777
25;18778
56;18780
7;18781
30;18782
25;18798
15;18801
35;18802
14;18807
10;18833
58;18841
204;18842
12;18843
76;18844
16;18856
192;18861
8;18862
6;18863
7;18864
34;18877
16;18886
11;18887
18;18897
8;18926
8;18937
31;18940
568;18944
17;18947
11;18952
19;18959
9;18960
13;18975
1;18985
3;18988
157;18990
39;18995
14;19034
194;19035
6;19036
151;19037
6;19039
19;19053
153;19055
18;19056
19;19058
28;19067
24;19077
31;19078
25;19086
6;19088
7;19089
155;19129
23;19130
204;19131
79;19132
166;19133
4;19146
87;19150
25;19164
152;19177
8;19178
1;19180
30;19188
200;19227
30;19228
5;19235
64;19246
9;19247
7;19255
37;19263
29;19264
20;19277
24;19282
89;19321
162;19322
35;19323
18;19324
149;19325
12;19326
30;19327
15;19328
12;19344
6;19353
226;19354
28;19355
1;19359
49;19360
25;19373
43;19376
18;19379
8;19381
16;19382
4;19396
56;19417
17;19418
36;19419
53;19420
32;19421
7;19423
17;19424
5;19429
16;19431
167;19433
6;19450
3;19453
45;19454
4;19455
8;19457
18;19458
4;19461
30;19462
1;19478
19;19479
30;19480
30;19494
187;19513
194;19514
52;19515
25;19523
20;19534
31;19540
10;19551
18;19560
38;19561
23;19562
11;19564
6;19571
27;19587
25;19598
168;19609
216;19610
56;19611
5;19612
26;19613
4;19615
30;19630
6;19631
11;19634
21;19644
26;19646
18;19654
5;19657
13;19668
62;19705
21;19706
30;19707
24;19708
6;19710
39;19721
153;19725
32;19728
18;19730
17;19739
12;19753
15;19756
7;19759
17;19762
26;19764
27;19801
361;19802
100;19803
50;19804
25;19815
2;19822
47;19823
32;19824
28;19837
9;19840
4;19844
33;19846
5;19847
1;19848
8;19858
65;19897
13;19898
1;19900
27;19911
23;19912
20;19914
12;19917
38;19918
37;19919
9;19920
6;19922
33;19940
7;19947
48;19948
18;19954
23;19990
10;19993
160;19994
103;19995
22;19996
17;19997
22;19998
72;19999
234;20000
574;20018
155;20025
25;20026
7;20027
6;20028
166;20029
19;20030
11;20031
9;20032
21;20037
562;20047
17;20054
168;20072
10;20089
15;20090
40;20091
25;20092
6;20093
15;20094
10;20095
242;20096
8;20113
11;20116
9;20118
7;20121
38;20123
35;20124
11;20126
22;20127
9;20148
40;20157
16;20160
17;20166
53;20185
49;20186
80;20187
100;20188
25;20205
18;20206
51;20207
38;20208
8;20216
4;20226
15;20238
16;20240
26;20242
7;20270
19;20281
68;20282
31;20283
22;20284
45;20301
24;20303
1;20304
164;20305
164;20310
34;20325
17;20327
8;20334
5;20339
33;20365
16;20377
377;20378
185;20379
23;20380
2;20382
28;20385
14;20398
20;20399
43;20400
16;20416
1;20422
13;20424
155;20427
15;20428
30;20431
18;20434
6;20451
117;20473
84;20474
62;20475
199;20476
7;20493
21;20494
16;20496
161;20506
164;20508
9;20518
175;20521
15;20523
18;20526
15;20527
5;20532
1;20535
10;20558
30;20569
36;20570
159;20571
70;20572
9;20581
13;20591
27;20592
40;20614
23;20616
20;20618
17;20621
38;20622
163;20663
22;20665
16;20666
39;20667
86;20668
28;20669
18;20670
28;20671
60;20672
2;20686
3;20691
13;20692
18;20699
33;20703
8;20704
2;20708
6;20714
30;20717
21;20718
9;20722
36;20728
7;20752
175;20761
167;20762
64;20763
13;20764
3;20765
22;20766
34;20767
43;20768
17;20778
8;20789
38;20793
16;20794
15;20796
11;20799
10;20800
18;20810
19;20820
2;20822
5;20857
1;20858
40;20859
16;20860
4;20861
15;20864
30;20877
31;20879
4;20898
29;20900
7;20911
3;20914
16;20915
2;20916
10;20942
39;20953
176;20954
211;20955
163;20956
29;20973
15;20975
12;20997
23;20999
8;21005
18;21007
2;21011
40;21049
34;21050
60;21051
59;21052
44;21069
13;21070
7;21071
27;21080
1;21093
6;21095
11;21098
44;21099
162;21104
29;21108
37;21145
62;21147
41;21148
1;21165
84;21166
15;21167
151;21168
16;21174
1;21177
14;21186
27;21187
25;21192
29;21193
1;21202
39;21241
87;21242
97;21243
20;21244
20;21262
22;21263
23;21264
2;21270
27;21272
157;21278
56;21285
154;21288
37;21289
2;21295
164;21296
19;21337
3;21338
20;21339
8;21340
1;21341
60;21343
18;21344
27;21345
14;21353
21;21354
23;21359
33;21371
16;21372
14;21373
17;21390
40;21392
14;21395
38;21398
34;21400
25;21408
7;21420
14;21424
15;21433
6;21434
18;21436
7;21437
15;21438
12;21440
9;21453
9;21466
1;21468
6;21470
49;21471
20;21483
157;21485
14;21487
28;21494
199;21529
33;21530
255;21531
44;21532
17;21535
18;21546
7;21549
45;21550
166;21551
28;21552
7;21570
7;21581
30;21584
3;21586
4;21588
89;21625
15;21626
36;21627
32;21628
33;21635
37;21647
13;21648
14;21649
24;21664
21;21672
4;21673
11;21675
18;21677
165;21680
25;21681
58;21721
81;21722
98;21723
638;21724
12;21733
3;21734
186;21741
21;21744
45;21762
11;21767
23;21773
25;21774
20;21778
12;21779
38;21817
225;21818
12;21819
26;21820
16;21825
2;21829
38;21837
52;21840
10;21853
14;21854
14;21861
32;21872
17;21873
27;21874
22;21880
25;21913
39;21914
16;21915
197;21916
3;21917
28;21922
27;21933
20;21935
15;21936
156;21944
6;21947
149;21957
6;21958
33;21959
2;21961
27;21971
9;22000
32;22009
49;22010
50;22011
60;22012
68;22013
50;22014
9;22015
7;22021
12;22026
29;22029
21;22041
18;22042
2;22044
48;22045
42;22047
2;22053
30;22065
159;22069
23;22098
74;22106
189;22107
6;22109
21;22110
75;22111
6;22125
9;22135
187;22137
16;22139
15;22141
25;22142
54;22143
19;22144
154;22148
10;22164
15;22166
12;22174
14;22195
12;22200
78;22201
174;22202
4;22204
38;22222
176;22223
179;22224
7;22237
10;22238
7;22241
6;22242
18;22249
23;22256
45;22297
213;22298
11;22315
15;22332
19;22335
3;22336
9;22346
3;22349
3;22351
29;22393
53;22394
36;22395
95;22396
3;22411
24;22412
90;22413
167;22414
5;22440
6;22446
31;22450
28;22490
19;22491
31;22492
19;22509
739;22510
27;22511
4;22512
17;22526
30;22538
13;22540
8;22548
9;22559
197;22585
64;22586
89;22587
74;22588
8;22603
8;22605
11;22607
35;22614
17;22626
24;22631
7;22640
4;22642
27;22643
3;22644
12;22680
49;22681
173;22682
2;22683
4;22684
167;22686
2;22694
33;22713
44;22714
152;22715
180;22717
30;22718
48;22720
2;22723
26;22724
2;22733
22;22735
15;22742
43;22778
38;22779
29;22780
40;22781
48;22782
64;22783
171;22784
3;22797
15;22812
31;22814
198;22815
11;22816
16;22825
2;22830
26;22832
50;22833
33;22838
38;22873
185;22874
49;22875
75;22876
28;22895
18;22896
17;22899
2;22917
9;22918
5;22927
12;22940
21;22969
18;22970
177;22971
23;23000
22;23013
11;23014
7;23020
20;23023
14;23025
561;23028
45;23065
10;23066
10;23067
38;23068
16;23077
3;23086
172;23087
7;23099
14;23116
30;23117
20;23122
21;23124
80;23161
12;23162
7;23182
8;23200
182;23207
16;23212
30;23216
24;23220
396;23257
11;23258
65;23259
23;23260
6;23265
34;23275
2;23277
40;23278
10;23279
11;23290
20;23301
6;23304
38;23305
6;23307
8;23314
3;23329
18;23335
22;23353
157;23354
180;23355
26;23356
18;23357
26;23358
16;23359
23;23366
31;23369
4;23386
53;23387
21;23389
9;23390
11;23395
15;23400
19;23403
5;23405
154;23406
24;23412
167;23434
22;23447
2;23449
181;23450
48;23451
163;23452
7;23453
158;23454
40;23455
68;23456
19;23469
8;23472
33;23481
8;23483
21;23484
43;23486
32;23488
13;23489
34;23502
15;23506
5;23522
32;23545
18;23546
41;23547
94;23548
558;23559
14;23565
21;23566
22;23567
160;23568
30;23572
22;23589
27;23590
6;23593
31;23600
17;23604
229;23641
26;23642
22;23643
24;23644
11;23661
56;23662
47;23664
2;23674
9;23687
5;23694
11;23699
42;23700
9;23708
205;23737
188;23738
214;23739
58;23740
10;23757
11;23759
28;23760
6;23789
64;23833
168;23834
20;23835
43;23836
11;23853
65;23854
30;23855
5;23856
23;23865
19;23878
4;23879
176;23881
25;23888
170;23929
246;23930
64;23931
23;23932
20;23949
19;23950
13;23951
49;23952
12;23958
5;23966
27;23973
28;23974
26;23976
27;23977
9;24020
37;24025
26;24026
65;24027
17;24028
235;24029
17;24030
23;24031
21;24032
29;24045
10;24057
33;24058
28;24061
19;24062
5;24063
3;24076
31;24078
145;24081
38;24082
9;24083
14;24084
37;24086
93;24121
74;24122
27;24123
16;24124
15;24125
49;24126
2;24127
51;24128
1;24140
30;24141
59;24153
19;24154
18;24155
15;24156
1;24157
14;24158
11;24159
92;24160
35;24164
8;24169
14;24214
49;24217
45;24218
179;24219
19;24220
15;24224
2;24234
2;24240
3;24251
159;24266
18;24276
192;24313
76;24314
31;24315
38;24316
14;24317
32;24333
11;24334
28;24351
5;24361
156;24363
6;24369
2;24377
21;24409
42;24410
222;24411
19;24412
60;24432
33;24454
167;24458
19;24461
16;24465
4;24466
178;24505
96;24506
63;24507
181;24508
26;24516
6;24518
20;24525
11;24526
93;24527
17;24553
10;24555
26;24556
55;24558
27;24559
159;24563
64;24601
211;24602
98;24603
182;24604
1;24610
3;24624
6;24636
13;24646
3;24647
31;24656
27;24660
13;24674
17;24675
26;24693
186;24698
15;24699
5;24700
41;24701
205;24702
171;24704
4;24706
8;24709
6;24721
24;24729
7;24730
169;24733
12;24736
2;24747
3;24754
25;24755
15;24757
2;24782
56;24793
50;24794
51;24795
2;24796
47;24798
8;24799
30;24808
8;24810
10;24814
4;24825
14;24827
36;24829
7;24830
11;24847
170;24848
25;24853
30;24855
7;24867
22;24889
18;24890
10;24891
14;24892
5;24914
26;24925
13;24936
14;24937
160;24939
9;24948
15;24967
9;24985
201;24986
206;24987
35;24988
17;24997
51;25005
12;25007
3;25008
6;25032
5;25035
19;25037
16;25038
1;25040
56;25081
68;25082
564;25083
37;25084
26;25101
37;25103
152;25108
9;25125
12;25126
14;25129
26;25133
561;25134
11;25138
3;25153
29;25177
13;25178
335;25179
52;25180
5;25198
12;25199
4;25200
19;25214
151;25221
30;25222
12;25223
3;25224
9;25227
5;25228
69;25273
61;25274
62;25275
63;25276
18;25287
27;25293
6;25294
12;25302
5;25303
14;25313
40;25321
11;25322
10;25324
23;25325
24;25328
13;25329
20;25331
1;25332
31;25358
16;25369
26;25370
11;25372
12;25373
102;25374
47;25376
6;25380
29;25382
26;25390
16;25403
6;25404
3;25405
59;25407
10;25408
3;25416
5;25421
23;25428
15;25462
5;25466
35;25467
592;25468
36;25469
35;25470
42;25471
21;25472
20;25480
17;25484
3;25493
31;25497
30;25498
13;25499
30;25500
25;25501
7;25502
2;25503
48;25504
162;25509
11;25517
24;25519
25;25521
4;25526
95;25561
230;25562
56;25563
188;25564
20;25566
10;25580
18;25581
57;25583
18;25584
16;25607
8;25608
39;25610
10;25611
30;25612
27;25614
25;25615
36;25617
10;25620
45;25657
169;25658
215;25659
19;25660
40;25677
36;25678
557;25700
21;25701
7;25702
34;25705
19;25708
37;25710
7;25715
21;25716
58;25753
40;25754
16;25755
50;25756
14;25759
19;25760
1;25770
40;25773
8;25774
23;25776
20;25780
16;25788
5;25793
3;25802
22;25805
8;25810
2;25811
158;25849
28;25850
19;25851
155;25852
1;25855
15;25857
30;25867
12;25869
162;25900
3;25903
590;25908
32;25945
194;25946
9;25947
49;25948
1;25957
6;25962
24;25968
22;25993
166;25994
168;26041
43;26042
29;26043
26;26044
67;26045
42;26046
11;26047
33;26048
4;26056
1;26057
22;26063
31;26064
1;26067
19;26074
3;26075
26;26078
15;26088
31;26093
160;26096
158;26102
5;26119
176;26137
37;26138
40;26141
50;26142
23;26143
24;26144
30;26155
40;26156
1;26164
38;26169
5;26170
13;26175
22;26181
13;26189
161;26196
17;26197
26;26200
27;26215
63;26233
253;26234
271;26235
73;26236
39;26248
5;26254
26;26256
22;26259
10;26260
22;26266
6;26271
16;26272
18;26273
19;26278
6;26279
9;26280
168;26284
18;26288
30;26289
40;26292
11;26324
217;26329
199;26330
476;26331
34;26332
25;26347
14;26350
3;26362
23;26371
164;26381
23;26382
1;26385
26;26386
19;26387
63;26425
205;26426
201;26427
204;26428
36;26431
1;26445
29;26446
219;26447
25;26448
4;26451
4;26462
14;26471
18;26473
150;26475
11;26480
12;26481
27;26482
4;26484
1;26522
120;26523
82;26524
9;26526
1;26529
18;26533
19;26535
5;26541
26;26544
17;26569
2;26570
19;26576
151;26601
10;26616
18;26617
51;26618
34;26619
54;26620
193;26637
44;26638
15;26640
16;26641
20;26658
22;26661
155;26662
8;26663
30;26666
32;26668
14;26670
32;26674
6;26676
29;26713
23;26715
38;26716
12;26717
44;26719
573;26720
15;26734
17;26735
6;26745
2;26747
175;26748
8;26749
11;26751
33;26752
1;26766
22;26771
35;26772
33;26810
33;26811
89;26812
49;26813
89;26814
2;26829
154;26841
5;26842
171;26846
1;26848
559;26856
7;26864
25;26870
42;26905
189;26906
34;26907
1;26908
8;26912
8;26915
37;26925
16;26926
3;26927
18;26932
9;26950
5;26956
36;26959
33;26961
21;26963
117;27001
2;27002
184;27003
653;27004
36;27023
26;27024
12;27036
17;27054
37;27057
18;27058
1;27063
40;27097
84;27098
65;27099
16;27108
34;27111
11;27118
13;27129
13;27131
28;27141
5;27147
32;27150
5;27154
165;27193
42;27194
24;27195
160;27196
21;27209
14;27213
5;27214
6;27216
34;27227
33;27243
15;27244
31;27248
16;27249
16;27251
44;27289
31;27290
15;27291
69;27292
8;27306
15;27309
25;27312
15;27321
7;27331
178;27337
23;27339
51;27344
23;27357
22;27376
157;27382
61;27385
15;27386
161;27387
325;27390
4;27391
3;27400
19;27406
7;27414
24;27415
4;27417
34;27421
20;27422
33;27424
11;27428
4;27429
27;27430
5;27437
20;27440
20;27441
18;27481
17;27482
11;27483
1;27484
10;27485
79;27486
65;27487
31;27488
8;27489
58;27513
30;27516
13;27517
18;27519
20;27520
24;27534
150;27535
28;27537
45;27577
65;27578
1;27579
39;27580
25;27592
23;27597
2;27598
29;27599
28;27600
23;27605
1;27608
12;27626
1;27628
8;27632
27;27633
31;27673
69;27674
36;27675
163;27676
169;27683
19;27693
3;27694
56;27695
7;27696
6;27717
10;27719
40;27722
6;27725
3;27726
162;27728
11;27729
2;27769
45;27770
103;27771
225;27772
9;27776
5;27779
21;27790
58;27792
24;27793
19;27816
4;27820
13;27821
29;27823
36;27851
219;27865
148;27866
42;27867
152;27868
6;27875
154;27885
11;27886
9;27887
9;27909
5;27911
31;27913
4;27915
35;27916
646;27961
80;27962
211;27963
35;27964
7;27973
17;27982
10;27983
37;27984
5;27985
40;28010
18;28016
28;28018
18;28020
39;28057
11;28058
27;28059
153;28060
73;28062
49;28063
62;28064
34;28073
3;28077
9;28088
11;28090
11;28091
9;28092
22;28094
14;28096
11;28101
15;28110
9;28115
6;28116
13;28122
79;28154
66;28155
53;28156
13;28158
6;28159
63;28174
10;28177
18;28187
3;28188
46;28189
182;28191
9;28193
20;28199
23;28207
21;28212
37;28213
23;28214
29;28215
38;28249
44;28250
227;28251
76;28252
38;28253
30;28258
26;28269
154;28283
4;28291
4;28298
16;28299
4;28302
10;28306
2;28330
572;28345
53;28347
93;28348
14;28365
45;28366
16;28367
29;28392
1;28393
28;28395
39;28404
253;28441
36;28442
81;28443
24;28444
16;28456
50;28461
21;28462
49;28464
8;28494
29;28537
311;28538
50;28539
186;28540
9;28545
169;28557
17;28558
156;28559
20;28560
27;28563
154;28581
166;28583
3;28589
34;28593
25;28594
11;28634
73;28635
42;28636
24;28650
160;28653
10;28654
8;28655
1;28656
11;28668
28;28681
207;28683
31;28685
5;28686
5;28688
34;28729
18;28730
14;28731
27;28732
39;28733
8;28734
162;28735
113;28736
41;28761
29;28763
16;28764
186;28765
16;28766
7;28768
24;28773
10;28782
3;28783
201;28784
147;28786
11;28826
28;28827
64;28828
36;28829
164;28830
54;28831
28;28832
22;28833
14;28834
30;28844
11;28857
11;28858
1;28862
27;28863
4;28864
8;28865
28;28874
9;28876
22;28877
12;28880
39;28882
37;28883
175;28886
59;28921
52;28922
4;28923
235;28924
8;28936
17;28943
17;28972
2;28974
52;28976
23;28978
176;29018
44;29019
37;29020
7;29025
165;29037
14;29039
27;29066
21;29069
152;29071
23;29072
14;29074
15;29080
82;29113
66;29114
25;29115
46;29116
12;29127
11;29133
17;29134
10;29135
24;29136
16;29140
13;29160
6;29163
3;29167
15;29168
5;29169
227;29213
48;29214
34;29215
14;29216
27;29220
7;29231
2;29232
4;29233
28;29235
25;29236
23;29257
9;29261
153;29264
12;29265
18;29269
41;29270
13;29277
156;29284
81;29309
5;29310
62;29311
45;29312
21;29316
4;29319
27;29329
6;29330
11;29355
41;29356
16;29358
26;29361
9;29367
33;29375
17;29386
16;29395
4;29404
23;29405
17;29406
153;29407
30;29408
59;29409
18;29410
25;29411
13;29412
1;29413
22;29424
23;29426
8;29430
206;29437
44;29438
43;29439
5;29440
166;29442
19;29443
63;29444
10;29446
16;29456
18;29460
9;29462
13;29463
11;29466
2;29477
56;29501
22;29502
43;29503
42;29504
17;29505
173;29506
42;29508
18;29527
179;29533
160;29534
3;29535
33;29538
6;29552
6;29554
11;29555
14;29556
32;29559
15;29560
13;29561
61;29563
43;29597
240;29598
40;29599
86;29600
19;29606
169;29617
47;29618
4;29620
2;29621
26;29637
11;29642
5;29647
5;29650
22;29653
7;29656
284;29693
196;29694
43;29695
15;29696
21;29713
2;29714
8;29737
27;29738
24;29742
4;29743
9;29746
25;29750
13;29752
177;29759
13;29777
125;29789
226;29790
36;29791
43;29792
148;29799
5;29803
22;29809
45;29810
14;29811
19;29812
146;29833
15;29836
20;29839
24;29841
11;29844
19;29847
25;29848
60;29885
50;29886
86;29887
157;29888
11;29894
167;29908
11;29911
13;29914
11;29925
9;29928
39;29930
59;29931
19;29936
13;29938
4;29941
8;29942
3;29944
16;29946
15;29951
51;29981
379;29982
29;29983
200;29984
15;30001
14;30003
21;30004
8;30012
13;30015
21;30021
24;30029
13;30030
34;30038
9;30039
174;30060
169;30076
43;30077
18;30078
62;30079
52;30080
37;30081
15;30082
22;30083
6;30086
8;30092
26;30093
25;30105
19;30109
161;30111
31;30113
16;30114
2;30116
31;30121
17;30122
20;30129
13;30130
9;30131
18;30135
28;30139
9;30140
8;30174
18;30175
4;30176
197;30177
154;30178
187;30180
28;30186
37;30188
4;30193
2;30194
31;30206
144;30207
150;30209
206;30210
34;30211
38;30213
18;30221
15;30231
1;30232
5;30234
1;30236
227;30269
171;30270
74;30271
40;30272
199;30274
168;30284
14;30286
30;30289
43;30290
165;30291
23;30295
167;30306
4;30314
33;30321
5;30323
12;30324
150;30326
44;30365
10;30366
58;30367
184;30368
6;30371
15;30372
17;30384
26;30387
22;30388
6;30389
38;30399
24;30403
11;30404
15;30409
24;30411
24;30413
35;30414
18;30417
44;30418
25;30421
21;30454
72;30461
269;30462
24;30463
23;30464
27;30470
10;30481
5;30482
4;30483
61;30484
13;30492
15;30512
2;30515
1;30516
9;30517
85;30557
336;30558
38;30559
196;30560
21;30564
34;30571
7;30577
38;30578
24;30580
12;30586
19;30594
23;30608
10;30614
33;30653
73;30654
260;30655
169;30656
30;30661
30;30673
245;30674
14;30675
26;30698
27;30699
5;30700
159;30702
16;30704
26;30705
7;30709
6;30712
13;30735
10;30749
183;30751
2;30752
227;30753
29;30754
18;30755
13;30758
4;30760
21;30762
7;30766
24;30768
31;30769
80;30781
9;30782
3;30783
13;30784
7;30787
17;30789
2;30791
26;30798
45;30801
2;30803
16;30807
1;30810
26;30811
45;30845
3;30846
38;30847
162;30848
166;30849
6;30850
32;30851
10;30852
1;30864
75;30877
30;30878
4;30879
41;30880
219;30882
18;30884
19;30890
15;30894
164;30895
4;30901
19;30904
11;30918
3;30935
30;30942
160;30943
25;30944
2;30946
2;30951
7;30961
16;30962
16;30964
14;30972
11;30990
3;30995
25;30997
39;31014
10;31031
50;31037
70;31038
13;31039
66;31040
6;31049
18;31050
186;31057
8;31068
2;31071
68;31081
23;31083
23;31084
6;31094
3;31096
48;31133
46;31134
206;31135
200;31136
62;31154
21;31156
2;31177
22;31184
4;31185
4;31188
29;31190
235;31229
68;31230
217;31231
24;31232
56;31249
9;31250
22;31253
16;31258
23;31260
17;31268
30;31272
1;31279
6;31280
156;31284
158;31286
64;31325
44;31327
13;31328
47;31345
20;31346
13;31347
33;31348
5;31354
12;31357
28;31362
8;31371
1;31375
14;31378
31;31382
36;31383
2;31384
363;31421
26;31422
4;31423
14;31424
77;31425
28;31426
11;31427
558;31428
20;31452
43;31453
4;31454
33;31455
33;31456
22;31457
38;31476
17;31483
14;31513
33;31517
45;31518
20;31519
164;31520
237;31522
39;31523
194;31524
4;31526
170;31530
25;31533
20;31542
2;31549
82;31550
1;31553
27;31556
9;31575
6;31576
9;31577
27;31578
28;31608
102;31613
61;31614
164;31615
195;31616
11;31629
10;31632
3;31633
44;31634
10;31635
28;31636
6;31645
46;31652
7;31656
35;31657
7;31662
337;31663
28;31709
55;31710
171;31711
66;31712
9;31729
181;31730
1;31732
35;31755
33;31761
10;31772
180;31805
576;31806
41;31807
197;31808
1;31822
91;31825
34;31826
2;31833
2;31854
62;31901
49;31903
264;31904
23;31913
47;31922
13;31923
12;31946
57;31951
9;31954
5;31955
15;31956
18;31957
28;31958
11;31959
24;31960
30;31997
53;31998
60;31999
121;32000
23;32016
52;32017
52;32018
1;32019
21;32020
17;32030
10;32038
150;32041
177;32042
32;32047
22;32049
25;32051
3;32055
24;32062
24;32085
52;32093
106;32094
176;32095
68;32096
7;32097
183;32099
10;32100
19;32111
4;32126
1;32128
56;32129
14;32130
5;32131
48;32132
8;32138
2;32145
5;32151
61;32155
25;32156
22;32189
13;32190
46;32191
17;32192
98;32193
44;32194
191;32195
14;32196
1;32221
8;32223
15;32224
13;32225
16;32226
15;32227
10;32228
9;32241
5;32242
18;32247
22;32251
553;32252
27;32285
252;32286
62;32287
125;32288
17;32290
2;32294
4;32305
51;32307
20;32320
26;32321
17;32325
34;32330
39;32333
9;32336
6;32340
3;32343
6;32354
22;32364
8;32378
23;32381
28;32382
75;32383
37;32384
9;32385
13;32396
5;32402
62;32403
19;32408
22;32411
12;32419
6;32427
4;32430
13;32431
6;32432
2;32439
163;32477
60;32478
132;32479
63;32480
10;32483
29;32487
23;32497
2;32498
24;32499
7;32500
6;32511
161;32519
15;32527
11;32531
25;32573
116;32574
4;32575
59;32576
11;32579
26;32586
76;32594
39;32596
12;32619
28;32621
15;32623
6;32624
25;32625
22;32626
8;32628
31;32629
26;32632
11;32657
64;32669
43;32670
67;32671
245;32672
43;32689
36;32690
28;32692
22;32706
18;32709
160;32710
42;32765
18;32767
36;32768
78;32769
17;32771
20;32772
3;32779
1;32793
16;32797
31;32798
27;32799
2;32800
11;32801
26;32802
27;32803
9;32804
1;32811
198;32821
16;32823
33;32825
29;32828
26;32854
40;32861
31;32862
2;32863
48;32864
73;32865
31;32866
23;32867
27;32868
13;32893
20;32894
29;32895
4;32896
171;32897
6;32899
24;32900
22;32905
11;32907
26;32912
21;32923
15;32955
184;32957
72;32958
167;32959
34;32960
1;32977
30;32979
30;32980
19;32996
8;33004
28;33009
17;33012
74;33053
17;33054
8;33062
25;33073
19;33074
55;33075
33;33076
10;33086
6;33092
162;33096
22;33101
10;33103
17;33106
31;33110
183;33149
35;33150
30;33151
194;33152
2;33155
7;33162
221;33169
63;33172
29;33182
30;33200
8;33201
8;33202
16;33203
8;33208
25;33230
33;33245
50;33246
188;33247
40;33248
28;33265
60;33266
12;33267
12;33268
39;33271
20;33286
58;33289
8;33291
7;33295
15;33297
35;33299
2;33302
10;33304
46;33341
200;33342
12;33343
36;33344
21;33362
45;33363
32;33364
30;33389
148;33399
30;33410
30;33425
1;33437
219;33438
95;33439
58;33440
65;33441
35;33442
10;33443
110;33444
11;33469
5;33472
17;33473
54;33474
10;33475
25;33482
27;33486
4;33497
47;33499
12;33506
35;33533
78;33534
27;33535
29;33536
190;33537
20;33538
25;33539
69;33540
12;33554
24;33565
9;33566
5;33567
10;33569
169;33570
10;33571
24;33585
15;33588
42;33589
9;33594
1;33598
24;33629
64;33630
42;33631
36;33632
4;33635
187;33649
13;33650
28;33651
13;33652
160;33678
13;33680
17;33681
31;33683
19;33720
10;33722
21;33725
72;33726
40;33727
10;33728
5;33744
39;33745
31;33746
11;33747
185;33764
31;33770
27;33775
14;33776
18;33782
194;33783
17;33784
33;33820
50;33821
51;33822
191;33823
17;33824
17;33828
6;33829
13;33840
35;33841
22;33843
33;33844
155;33848
17;33859
206;33865
7;33874
25;33878
18;33917
19;33918
192;33919
171;33920
18;33934
11;33937
8;33938
22;33939
7;33961
28;33962
4;33970
210;34013
44;34014
69;34015
66;34016
10;34018
191;34033
3;34034
25;34035
155;34038
184;34058
9;34061
12;34063
25;34066
27;34067
17;34068
20;34069
22;34072
37;34080
19;34081
27;34085
11;34097
41;34109
167;34111
28;34112
188;34113
49;34114
26;34115
38;34116
21;34118
24;34124
38;34129
23;34132
11;34137
71;34141
32;34142
22;34145
24;34146
9;34151
18;34152
21;34155
25;34159
7;34161
20;34163
14;34167
8;34172
8;34178
10;34198
21;34201
57;34206
178;34207
32;34208
66;34209
44;34210
17;34211
5;34214
4;34238
22;34239
23;34240
26;34243
20;34244
25;34258
8;34261
34;34267
96;34301
106;34302
51;34303
235;34304
20;34306
12;34307
4;34314
175;34321
24;34322
2;34323
32;34324
2;34328
8;34343
4;34347
17;34351
158;34355
18;34356
550;34358
54;34397
22;34398
22;34399
38;34400
44;34408
1;34415
30;34417
57;34420
4;34426
9;34431
34;34441
4;34446
14;34447
572;34449
16;34450
4;34452
6;34455
9;34463
607;34493
62;34494
65;34495
32;34496
169;34501
20;34506
149;34514
9;34515
34;34516
11;34519
6;34524
5;34537
19;34538
159;34540
29;34542
30;34544
4;34547
9;34549
34;34550
20;34565
21;34589
30;34590
16;34591
229;34592
7;34596
6;34597
18;34599
39;34611
9;34612
13;34619
20;34636
2;34637
10;34641
6;34646
16;34647
770;34685
31;34686
24;34687
4;34688
22;34694
18;34695
15;34699
12;34702
206;34706
25;34707
22;34708
10;34716
32;34721
6;34725
4;34726
19;34729
159;34736
26;34738
9;34740
17;34742
20;34771
22;34781
48;34782
17;34783
9;34784
17;34785
58;34786
28;34787
36;34788
12;34797
32;34804
17;34813
84;34815
30;34818
2;34819
34;34820
27;34821
43;34836
20;34837
27;34839
24;34842
20;34843
26;34856
25;34864
22;34877
16;34880
49;34882
8;34883
22;34884
18;34909
27;34910
28;34916
15;34931
28;34936
41;34937
8;34940
33;34973
33;34974
54;34975
2;34976
37;34994
35;34995
30;35017
47;35019
12;35022
3;35024
20;35025
6;35027
30;35035
