sums of daily draw-off volumes
133.2
45.2
131
61
81
387.5
117.5
151.8
105.5
62.5
82.5
246.2
224.5
218
141.5
200.8
176.5
214.2
155
203.2
63.2
84.2
98.5
163.5
42.2
149.8
174
62.5
67
102.2
113
72.8
106
285.2
133.5
120
110.5
59.2
64
339.5
83
256.8
135
88.2
101.8
84.8
89
172.8
139
87
130.8
35.8
150
92.8
362
147
66.8
177.8
232
120.8
81
152.2
326
121.8
59.5
49.5
63
86.8
165.8
166
81
90.5
111
55.8
101.8
109.8
155.5
84.8
85
67.5
120.8
101
130.2
215
164.8
109
196.8
73.5
312.5
106.5
222.5
79
200.8
25.5
96.5
207.5
158.5
179.2
89.2
90
208
129
103
94.8
176
92.5
270.5
131.8
32
80.2
141.8
105
92.8
193.2
49.2
87
47.2
258.8
97.2
191.8
110.2
249.2
110
82.8
164.2
136.5
139.5
139.8
85.2
64.8
173.5
87.2
102.2
65.2
164.8
99
157.5
91.5
144.5
197.5
35.5
82.8
258.2
104.2
96
143.5
121
79.2
144.8
47.5
184.2
33.5
124.2
48.5
32.5
195.8
81.2
145
54.5
171.5
111.8
143.2
125.2
167
123
94.2
320
142.8
51
200
99.8
77
142
176.2
71.5
51
72.2
73
116.8
78.5
115.2
108.2
87.2
129.5
171.5
114.8
215
230.2
181.5
205.5
90.8
185
48
26.5
116.5
80.2
122.5
73.2
111.5
222.8
153.8
110.5
143.2
186.2
115.2
98
99.2
106.5
66
50.2
51
28.2
72
109
37.2
173
284.8
29.2
113.2
51.8
110.8
55
169.8
87.5
82.8
129.2
61.2
54.8
76.8
184.8
106
289.5
114.8
77
221.2
213.5
42.2
68.8
52.2
29.8
133
37.8
104.2
349.5
73.8
130.5
52.5
112
43.8
62.5
126.8
125.2
125.5
116.5
26.8
80
93.5
55.8
165.5
94.5
91.8
41.8
73.5
118.2
34.8
311.2
120
78
182
249.5
74.2
96.5
94
243.5
126.5
75.8
125
114.8
148.8
49.2
47.5
301.8
116
64.8
32.8
34
52
128
147.2
47.5
83.8
47.2
250.8
162.2
91.8
113.8
53
109.2
121.5
168.5
157.2
50
95
87
64
102.2
156.5
238.8
52
88.8
112.5
91.8
151.8
109.5
49.8
116.2
66
83
73.8
101
132.2
92.8
51.5
100
47.2
46
89.2
67.8
41.8
83
48.8
230.8
185.5
71.2
206.2
122.2
46.5
40.8
76.5
120.2
144
105.8
182.2
139.2
32.8
119
11.2
136.5
184.2
53.8
317
125.5
83.5
200.8
269.5
105
93.8
57.2
67.5
109.5
154.8
153.5
106.8
79
240.5
sums of draw-off volumes of each hour of the day
80.1
62.9
187
237
82.2
296.7
7625
9681.8
4201.6
1030
430.9
2593.1
2495.5
1338.2
1224.8
2082.8
1408.5
1231.2
1121.7
2116.4
2298.7
1280.1
657.2
291.1
sums of draw-off volumes of each hour of weekdays
48.7
20.5
44
79.5
45.3
22
6240.7
6770.4
1813.9
549.2
294.7
2477.7
2244.8
1162.2
292.3
240.7
155.4
929.1
966.8
1798.2
1624.3
903.6
125.2
48.1
sums of draw-off volumes of each hour of weekend-days
31.4
42.4
143
157.5
36.9
274.7
1384.3
2911.4
2387.7
480.8
136.2
115.4
250.7
176
932.5
1842.1
1253.1
302.1
154.9
318.2
674.4
376.5
532
243
holidays of household(s), numbers correspond to day of year
