43;30
41;31
36;32
23;50
162;51
153;52
17;54
24;67
11;85
23;87
7;125
26;126
1;135
25;145
64;147
7;148
23;165
1;181
27;183
196;222
14;223
5;224
32;242
10;243
9;246
18;265
26;266
28;269
27;270
5;273
154;278
22;317
27;318
15;319
20;320
26;337
42;338
29;340
19;347
13;354
27;363
4;366
5;411
183;414
68;415
5;423
21;429
16;433
26;471
37;509
27;511
30;512
8;513
167;514
500;515
14;516
18;535
17;543
13;544
567;545
24;547
22;548
47;557
12;563
3;567
35;570
9;572
29;599
15;606
56;608
19;609
29;610
29;611
23;612
15;633
163;639
17;641
16;642
26;644
33;654
3;701
14;702
68;703
178;704
20;708
6;718
33;719
58;724
153;740
5;746
15;747
10;748
15;757
1;759
28;760
22;797
36;798
46;799
84;800
6;805
174;817
11;818
4;820
2;842
30;853
7;855
12;877
3;893
31;894
22;896
28;902
7;916
5;924
28;937
13;939
26;941
14;943
29;946
32;949
154;990
44;991
19;992
33;1009
12;1010
8;1020
21;1029
37;1036
2;1037
30;1085
42;1086
12;1087
190;1088
22;1093
18;1105
3;1106
24;1107
36;1108
5;1125
3;1130
564;1134
27;1135
9;1138
39;1166
12;1181
35;1182
218;1183
7;1184
66;1185
1;1186
15;1187
3;1188
33;1207
162;1214
27;1215
17;1217
166;1219
31;1220
33;1222
3;1224
20;1227
4;1236
6;1238
5;1276
170;1277
14;1279
39;1280
13;1282
14;1283
12;1311
28;1312
9;1313
3;1316
2;1328
5;1330
558;1331
2;1371
25;1373
46;1374
49;1375
30;1376
11;1395
24;1396
169;1400
18;1419
15;1420
9;1421
163;1425
5;1432
337;1469
64;1470
35;1471
33;1472
34;1485
34;1489
10;1491
166;1492
28;1512
23;1516
39;1526
83;1565
36;1566
19;1567
2;1568
7;1580
3;1584
37;1585
39;1586
332;1588
15;1589
27;1612
23;1613
29;1615
21;1617
33;1630
63;1662
341;1663
162;1664
25;1666
8;1676
5;1681
64;1683
12;1684
177;1714
43;1757
374;1758
52;1760
6;1762
31;1768
23;1778
31;1779
8;1784
15;1806
8;1807
21;1810
8;1819
2;1844
10;1854
19;1856
552;1857
22;1858
33;1860
33;1870
11;1876
14;1884
32;1885
36;1886
28;1889
18;1890
3;1904
15;1944
18;1949
15;1950
46;1951
9;1953
8;1954
7;1955
28;1956
33;1983
18;1986
24;1988
18;1993
14;2004
17;2040
200;2045
20;2046
36;2047
8;2065
7;2069
35;2095
14;2103
27;2141
206;2142
18;2143
86;2144
14;2150
3;2155
17;2161
18;2164
5;2194
9;2230
223;2237
66;2238
38;2239
195;2240
7;2259
3;2269
20;2281
23;2286
24;2292
31;2295
15;2296
62;2333
14;2334
28;2335
27;2336
2;2353
6;2354
12;2356
3;2376
15;2386
31;2429
205;2430
49;2431
27;2432
30;2449
49;2450
4;2471
11;2475
157;2480
16;2482
4;2486
16;2488
26;2510
4;2514
42;2525
35;2526
30;2527
213;2529
54;2530
198;2531
18;2532
11;2550
32;2558
14;2559
19;2582
18;2605
5;2622
35;2624
24;2625
25;2626
10;2627
19;2628
5;2639
37;2648
35;2653
27;2656
2;2659
5;2674
2;2676
1;2684
75;2718
16;2719
51;2720
23;2737
13;2740
36;2741
18;2768
36;2770
18;2795
178;2815
11;2833
31;2859
171;2865
36;2909
160;2910
47;2911
39;2912
12;2924
47;2929
16;2930
2;2940
12;2948
27;2960
25;2961
29;2967
21;3005
68;3006
97;3007
10;3008
44;3025
12;3033
16;3049
13;3050
10;3063
37;3101
23;3103
14;3104
178;3121
8;3152
10;3156
154;3159
39;3198
13;3199
602;3200
155;3201
158;3202
26;3203
15;3209
24;3210
20;3219
6;3221
3;3227
15;3228
16;3229
8;3232
16;3234
19;3258
6;3260
10;3282
41;3293
22;3294
60;3295
56;3296
19;3299
52;3300
9;3325
33;3326
3;3328
4;3329
20;3331
25;3347
34;3356
146;3357
56;3389
51;3390
177;3391
64;3392
15;3409
8;3410
21;3411
26;3420
26;3432
36;3441
35;3479
69;3485
41;3486
58;3487
32;3488
5;3490
195;3506
7;3507
13;3581
77;3582
43;3583
12;3584
1;3586
5;3587
21;3603
30;3633
16;3634
11;3635
8;3636
20;3677
6;3678
48;3679
18;3680
10;3697
11;3698
4;3700
14;3704
30;3706
5;3715
34;3722
42;3730
14;3731
72;3773
204;3774
348;3775
26;3776
28;3784
14;3788
35;3795
583;3796
11;3797
7;3818
30;3821
22;3869
27;3870
32;3871
31;3873
39;3876
24;3880
2;3889
27;3902
7;3903
40;3906
16;3911
17;3921
28;3923
6;3924
14;3929
49;3965
29;3968
214;3969
190;3971
10;3972
15;3991
6;3997
48;3999
24;4002
11;4003
37;4019
25;4021
24;4025
181;4026
164;4030
55;4061
67;4062
178;4063
176;4064
32;4081
15;4083
17;4104
160;4143
68;4157
25;4158
44;4159
20;4176
1;4178
5;4180
30;4211
66;4253
23;4254
87;4255
27;4256
33;4269
18;4275
31;4285
49;4301
21;4308
29;4309
14;4311
9;4313
2;4350
25;4351
25;4352
10;4365
159;4369
10;4372
19;4387
11;4393
31;4394
12;4407
35;4408
168;4445
18;4446
81;4447
50;4465
4;4468
14;4472
14;4491
4;4494
3;4499
10;4541
38;4543
163;4545
185;4546
32;4547
28;4548
16;4566
9;4578
34;4579
160;4580
6;4598
10;4603
6;4615
27;4626
3;4636
24;4637
23;4639
17;4641
23;4642
33;4658
8;4667
3;4671
323;4672
2;4673
26;4676
38;4678
37;4733
10;4734
36;4736
36;4754
31;4755
14;4781
13;4789
171;4790
6;4808
56;4829
32;4830
61;4831
59;4832
15;4833
157;4834
7;4850
39;4851
31;4852
4;4860
16;4864
26;4875
14;4882
15;4926
17;4927
5;4928
21;4930
21;4945
16;4946
18;4966
3;4969
27;4982
53;5021
46;5022
216;5023
22;5024
28;5041
19;5043
38;5048
20;5065
158;5077
57;5117
64;5118
35;5119
114;5120
22;5144
33;5155
6;5164
39;5167
1;5173
14;5190
39;5213
19;5214
26;5215
12;5216
6;5217
39;5219
170;5230
22;5234
4;5235
161;5245
35;5248
173;5250
147;5252
2;5260
189;5265
31;5270
19;5271
13;5272
158;5276
169;5277
69;5309
73;5310
20;5311
13;5312
66;5314
28;5315
158;5316
20;5342
10;5344
27;5346
4;5347
2;5350
30;5354
21;5362
10;5363
37;5370
10;5406
72;5407
131;5408
8;5425
4;5426
38;5444
4;5456
5;5485
24;5498
85;5503
27;5504
168;5508
26;5522
8;5523
4;5528
13;5537
172;5546
8;5550
171;5551
628;5597
50;5598
53;5599
14;5600
51;5618
42;5619
25;5626
9;5646
25;5647
15;5650
16;5651
64;5693
162;5694
67;5695
38;5696
8;5713
29;5714
22;5715
5;5716
23;5720
12;5735
14;5748
39;5749
14;5774
75;5790
21;5791
21;5792
1;5809
7;5810
165;5811
20;5824
23;5886
190;5887
3;5888
8;5889
26;5890
28;5892
7;5893
33;5906
11;5915
13;5916
31;5920
38;5924
166;5937
23;5948
9;5949
9;5966
16;5981
422;5982
345;5984
55;5985
4;5986
166;5987
14;5988
31;6012
13;6013
9;6014
10;6015
170;6016
10;6025
14;6028
16;6035
31;6077
37;6078
159;6079
14;6080
2;6081
13;6097
36;6098
15;6113
8;6118
172;6124
46;6173
26;6174
29;6175
39;6176
49;6193
27;6194
4;6195
3;6217
12;6221
3;6225
28;6269
14;6270
17;6271
15;6272
26;6289
29;6290
30;6308
1;6309
2;6314
19;6323
16;6327
1;6328
35;6365
6;6367
105;6368
5;6369
9;6386
5;6387
34;6412
3;6415
7;6417
6;6418
11;6420
9;6422
17;6424
44;6461
17;6463
9;6464
18;6473
8;6478
159;6487
24;6508
24;6509
7;6510
13;6513
24;6516
18;6557
50;6558
41;6560
35;6563
4;6564
8;6575
5;6585
25;6589
162;6590
158;6591
19;6592
29;6594
44;6596
29;6603
36;6615
11;6625
23;6627
10;6637
9;6642
11;6650
40;6653
7;6655
26;6656
101;6657
15;6658
221;6659
90;6660
25;6673
1;6686
17;6688
48;6699
9;6715
70;6749
2;6750
88;6751
3;6752
25;6769
36;6770
30;6772
32;6796
10;6799
18;6800
10;6804
35;6845
225;6846
13;6847
25;6848
26;6855
15;6873
21;6894
2;6899
25;6941
15;6942
67;6943
62;6944
149;6960
21;6962
14;6981
35;6984
1;6986
33;6988
22;6997
52;7037
20;7038
17;7040
30;7046
12;7050
5;7060
10;7064
27;7081
28;7092
12;7093
10;7096
20;7133
218;7134
26;7135
36;7136
33;7154
4;7155
26;7181
18;7184
25;7190
1;7191
54;7229
36;7232
4;7234
31;7235
33;7236
29;7257
9;7261
13;7267
5;7268
12;7271
12;7281
164;7282
17;7287
20;7291
3;7325
151;7326
19;7327
2;7328
44;7329
51;7330
17;7331
43;7332
16;7345
20;7350
19;7359
21;7360
46;7362
6;7363
54;7364
19;7365
8;7371
5;7374
17;7378
24;7380
37;7387
78;7422
168;7423
20;7424
32;7441
6;7442
9;7471
23;7473
3;7479
23;7498
31;7503
30;7517
14;7518
1;7519
26;7523
39;7537
23;7543
7;7562
45;7565
56;7574
34;7575
11;7580
179;7613
12;7614
4;7615
1;7633
20;7635
19;7636
19;7644
16;7667
6;7692
190;7710
174;7712
6;7729
33;7730
28;7736
5;7742
27;7750
11;7762
3;7767
30;7779
38;7805
70;7806
15;7807
50;7808
3;7812
18;7819
1;7820
20;7824
15;7825
18;7826
32;7828
6;7830
21;7851
17;7854
23;7855
12;7857
15;7860
19;7877
28;7901
30;7903
4;7904
201;7905
35;7906
16;7907
20;7908
8;7932
9;7935
22;7938
30;7939
21;7946
3;7953
42;7955
33;7962
405;7991
45;7997
34;7998
8;7999
160;8000
7;8001
16;8002
1;8003
18;8004
20;8012
6;8025
38;8030
1;8031
20;8033
17;8045
18;8046
1;8052
28;8058
17;8060
10;8089
42;8093
174;8094
96;8095
46;8096
7;8102
1;8113
18;8115
39;8124
157;8134
50;8139
3;8141
2;8142
10;8148
4;8150
13;8190
42;8191
194;8192
22;8203
32;8206
36;8210
35;8212
3;8238
12;8240
34;8245
13;8250
12;8262
237;8285
159;8286
6;8287
222;8288
81;8305
6;8307
19;8308
8;8329
3;8330
31;8333
3;8344
30;8355
4;8373
64;8381
19;8382
75;8384
16;8387
17;8390
17;8401
14;8413
6;8424
2;8426
30;8428
23;8466
207;8477
47;8478
2;8480
568;8495
36;8497
36;8500
1;8519
18;8523
153;8524
159;8525
37;8561
4;8572
24;8573
12;8574
22;8575
12;8576
31;8577
7;8578
18;8579
162;8580
1;8605
9;8607
40;8608
11;8610
11;8612
10;8632
15;8634
168;8652
121;8665
16;8666
11;8667
5;8668
3;8669
156;8670
61;8671
37;8672
13;8675
30;8697
22;8698
28;8699
163;8702
13;8703
28;8717
15;8718
8;8761
27;8762
23;8763
108;8764
24;8783
29;8784
3;8806
11;8809
11;8812
2;8813
16;8814
54;8818
34;8857
175;8858
85;8859
168;8868
35;8877
19;8878
6;8879
146;8880
18;8882
14;8904
44;8908
33;8911
26;8916
59;8954
1;8955
10;8974
7;8976
6;8994
6;8998
7;9006
6;9012
27;9049
40;9050
12;9051
48;9052
6;9069
2;9070
10;9071
15;9093
21;9094
167;9097
19;9100
19;9103
375;9145
25;9146
147;9147
30;9148
116;9152
13;9165
37;9166
7;9167
25;9168
21;9191
34;9193
6;9234
1;9241
15;9245
3;9246
101;9247
54;9248
26;9258
33;9261
9;9268
31;9274
168;9279
13;9298
174;9303
29;9317
40;9323
4;9327
35;9337
90;9338
8;9339
30;9340
2;9342
84;9343
32;9344
8;9349
15;9365
5;9370
25;9372
57;9373
13;9374
17;9378
35;9390
182;9397
6;9400
180;9433
23;9435
49;9436
17;9448
3;9449
6;9454
23;9455
1;9471
30;9489
25;9491
24;9529
188;9530
50;9531
1;9532
8;9552
7;9562
28;9575
6;9576
8;9580
25;9588
15;9593
5;9625
193;9626
20;9627
231;9628
174;9648
10;9678
164;9680
21;9682
1;9683
13;9684
7;9719
127;9721
4;9722
27;9723
33;9724
37;9741
4;9742
25;9743
14;9744
28;9749
32;9768
6;9771
172;9773
67;9817
59;9818
42;9819
38;9820
22;9826
14;9837
12;9840
22;9856
38;9861
17;9863
23;9865
8;9866
31;9870
9;9874
10;9875
10;9897
172;9910
24;9911
14;9913
26;9914
54;9915
3;9916
27;9951
47;9967
2;9975
22;9998
10;10009
2;10012
47;10014
8;10015
165;10017
36;10018
17;10031
5;10032
14;10035
166;10036
26;10041
10;10044
15;10046
5;10048
23;10051
28;10053
59;10061
28;10066
18;10075
14;10081
8;10089
172;10105
38;10106
32;10107
1;10123
45;10126
21;10127
1;10130
32;10157
6;10161
7;10201
11;10202
101;10203
188;10204
31;10212
563;10222
9;10223
18;10225
24;10226
67;10247
23;10256
20;10257
20;10259
51;10297
57;10298
145;10299
26;10300
17;10319
11;10320
8;10328
4;10333
15;10341
35;10350
158;10352
24;10393
54;10395
15;10396
17;10399
6;10413
8;10414
4;10423
42;10489
3;10490
63;10491
36;10492
34;10496
27;10504
18;10505
16;10512
25;10516
22;10531
17;10533
11;10537
7;10539
6;10585
180;10586
65;10587
50;10589
34;10590
9;10591
1;10592
18;10593
10;10617
12;10639
30;10643
152;10655
19;10666
21;10681
38;10682
3;10685
170;10686
33;10690
1;10707
7;10715
20;10717
30;10728
32;10734
8;10741
14;10742
24;10744
27;10763
2;10777
21;10778
172;10779
35;10780
63;10798
9;10799
21;10800
11;10817
6;10821
3;10824
1;10829
66;10873
49;10874
175;10876
1;10879
15;10890
11;10893
28;10894
161;10895
16;10896
26;10918
24;10920
182;10921
19;10930
4;10969
26;10970
9;10971
13;10972
34;10977
21;10980
28;10989
17;10991
21;10992
2;10995
13;11010
9;11028
8;11065
7;11066
38;11067
223;11068
34;11096
24;11116
14;11124
25;11161
44;11162
45;11163
21;11164
21;11181
26;11183
7;11207
16;11241
163;11247
44;11257
171;11258
38;11260
54;11261
38;11262
40;11263
167;11264
35;11293
163;11296
19;11301
39;11307
2;11309
34;11316
12;11320
43;11353
31;11356
40;11357
36;11358
13;11359
74;11360
22;11363
37;11367
31;11368
9;11378
8;11383
14;11386
8;11389
5;11390
17;11410
1;11411
206;11449
184;11450
175;11451
10;11452
17;11477
173;11504
2;11507
27;11545
26;11546
77;11547
46;11548
18;11565
7;11566
20;11567
2;11568
166;11577
7;11581
7;11588
17;11593
21;11599
29;11641
4;11642
93;11643
31;11644
14;11661
161;11663
23;11664
16;11689
36;11692
590;11698
9;11737
215;11738
50;11739
32;11740
31;11759
49;11760
4;11783
2;11785
16;11788
32;11796
18;11814
22;11833
1;11834
40;11835
11;11836
63;11853
9;11855
151;11856
6;11877
10;11887
19;11913
157;11915
1;11919
7;11929
185;11931
33;11932
10;11933
6;11934
13;11935
32;11955
51;11962
60;11963
8;11965
30;11967
2;11986
43;11992
16;12025
33;12029
11;12030
27;12031
2;12032
7;12035
17;12042
212;12057
14;12058
9;12059
10;12061
159;12062
1;12085
28;12088
179;12122
84;12123
14;12124
165;12147
10;12164
33;12165
20;12166
26;12171
8;12173
19;12184
367;12217
11;12218
57;12219
75;12220
7;12237
35;12261
2;12263
5;12275
8;12313
14;12314
70;12315
44;12316
20;12325
10;12333
17;12334
6;12335
152;12359
3;12409
29;12410
179;12417
28;12426
10;12431
9;12441
1;12459
23;12481
226;12505
29;12506
97;12507
7;12510
187;12525
36;12527
4;12540
15;12544
5;12554
35;12555
30;12563
23;12594
24;12601
5;12602
4;12605
6;12606
216;12607
9;12634
19;12641
5;12646
8;12651
3;12653
16;12663
11;12664
30;12698
25;12699
47;12700
172;12701
3;12702
19;12704
18;12707
2;12730
18;12731
17;12732
1;12735
18;12753
20;12759
6;12760
13;12763
20;12793
28;12794
22;12795
24;12796
26;12813
29;12814
38;12815
11;12816
9;12839
23;12843
24;12845
7;12850
6;12888
17;12889
35;12890
172;12891
162;12892
6;12905
44;12909
8;12911
21;12912
7;12926
9;12933
16;12947
156;12948
53;12985
29;12986
61;12988
19;13004
21;13005
10;13006
18;13007
155;13008
13;13035
17;13042
166;13081
33;13082
53;13083
155;13084
150;13101
15;13102
58;13104
42;13177
75;13178
36;13179
57;13180
59;13186
2;13193
56;13200
14;13223
25;13225
19;13251
30;13267
185;13273
11;13274
185;13275
22;13276
17;13277
9;13279
3;13280
4;13302
3;13305
22;13307
40;13309
3;13311
3;13318
18;13329
4;13335
155;13352
1;13358
21;13367
3;13369
11;13370
178;13372
1;13373
31;13374
30;13375
11;13376
6;13402
31;13404
34;13405
161;13408
23;13409
29;13411
3;13417
19;13422
5;13426
20;13429
17;13431
50;13465
25;13466
27;13468
24;13483
3;13514
4;13517
6;13518
3;13524
37;13554
7;13561
20;13562
22;13563
68;13564
38;13582
42;13583
17;13584
32;13609
25;13610
23;13615
33;13657
206;13658
554;13659
163;13660
12;13678
17;13680
6;13700
12;13703
12;13704
9;13709
9;13716
28;13753
36;13754
97;13755
38;13756
15;13760
3;13776
4;13798
10;13801
11;13802
22;13804
153;13808
37;13849
46;13850
210;13852
26;13871
14;13872
12;13897
39;13908
3;13948
33;13949
180;13950
5;13966
22;13977
24;13978
30;13980
29;13991
33;14005
207;14008
8;14016
6;14026
26;14041
47;14042
24;14043
169;14044
31;14045
5;14048
33;14073
42;14076
7;14077
39;14079
28;14080
18;14096
9;14099
3;14129
53;14137
3;14138
10;14139
200;14140
5;14160
18;14176
12;14193
13;14198
175;14233
170;14234
47;14236
2;14253
8;14254
150;14281
7;14291
20;14292
26;14330
6;14331
31;14332
4;14349
14;14351
19;14371
31;14382
9;14383
50;14386
176;14425
165;14426
61;14427
165;14429
6;14437
10;14438
37;14445
10;14446
12;14447
22;14449
9;14465
4;14473
28;14475
23;14480
9;14481
13;14521
1;14522
8;14523
33;14524
13;14541
28;14544
15;14565
23;14574
45;14617
25;14619
13;14621
31;14622
18;14623
2;14649
2;14650
15;14653
28;14654
10;14669
5;14670
167;14673
8;14676
12;14677
116;14680
2;14708
58;14713
32;14715
3;14718
25;14720
21;14747
2;14748
17;14750
18;14755
16;14770
16;14809
2;14810
19;14811
2;14812
20;14829
17;14831
16;14832
10;14854
17;14861
11;14865
7;14905
71;14906
19;14907
175;14908
150;14917
30;14922
33;14927
47;14928
154;14932
40;14941
16;14950
25;14953
11;14959
5;14964
51;15001
26;15002
20;15003
35;15021
160;15023
15;15049
18;15059
51;15097
222;15098
5;15100
53;15117
18;15118
20;15121
33;15148
178;15151
39;15194
15;15195
43;15196
32;15203
10;15208
4;15214
21;15216
10;15221
11;15225
24;15230
2;15239
7;15247
30;15291
163;15292
15;15293
62;15296
158;15307
24;15322
167;15323
2;15324
32;15328
33;15342
192;15386
30;15387
7;15388
51;15390
37;15392
4;15408
18;15411
3;15416
10;15417
30;15420
35;15423
1;15429
1;15438
28;15445
80;15481
57;15482
35;15483
41;15484
17;15501
11;15502
324;15503
8;15528
246;15577
15;15578
186;15579
7;15580
30;15597
17;15598
26;15667
6;15673
20;15674
2;15675
22;15676
2;15691
34;15693
4;15704
10;15706
11;15710
159;15717
163;15719
11;15728
25;15731
7;15732
166;15738
30;15769
197;15770
31;15771
26;15790
29;15799
2;15809
16;15811
154;15817
7;15823
40;15866
31;15867
13;15868
26;15881
7;15887
4;15888
10;15891
15;15893
25;15905
2;15908
28;15914
8;15915
157;15918
11;15922
25;15940
15;15961
33;15962
560;15964
44;15965
107;15966
29;15967
3;15971
35;15983
15;15984
16;15987
156;15996
2;15997
37;15999
149;16002
10;16006
29;16008
12;16018
3;16025
8;16057
14;16058
16;16060
16;16061
31;16063
61;16064
8;16081
8;16084
13;16091
20;16092
33;16094
32;16096
158;16112
153;16117
25;16129
29;16153
15;16154
63;16156
18;16176
30;16208
14;16210
10;16212
70;16249
69;16250
562;16251
21;16252
57;16269
2;16271
11;16272
8;16306
35;16345
38;16346
188;16347
24;16365
4;16375
13;16376
9;16380
4;16392
29;16398
36;16399
19;16403
179;16443
19;16444
36;16461
19;16462
17;16464
2;16480
8;16488
28;16500
38;16538
36;16539
2;16557
36;16558
34;16559
25;16560
32;16575
165;16586
200;16594
15;16634
39;16635
23;16636
1;16637
27;16639
174;16666
155;16668
27;16669
11;16671
162;16672
16;16673
16;16677
19;16681
5;16684
6;16692
9;16693
19;16719
9;16726
8;16730
65;16733
3;16734
27;16735
28;16736
31;16761
32;16765
21;16774
17;16782
18;16786
8;16791
16;16825
37;16826
16;16827
37;16828
8;16834
2;16845
10;16847
9;16848
24;16869
2;16874
2;16877
27;16879
14;16884
15;16921
27;16922
9;16923
186;16924
10;16967
9;16971
33;16972
16;17017
30;17018
14;17019
37;17020
7;17039
12;17040
155;17060
21;17076
18;17113
177;17114
171;17115
29;17116
23;17133
7;17157
24;17160
4;17164
14;17171
29;17209
14;17210
1;17211
214;17212
12;17230
19;17232
6;17255
19;17264
23;17295
6;17306
11;17307
192;17308
28;17309
17;17311
6;17312
30;17315
21;17320
32;17338
5;17339
1;17340
22;17342
34;17349
21;17358
12;17366
27;17397
6;17401
34;17402
5;17408
10;17416
35;17431
23;17433
9;17435
27;17439
7;17445
13;17453
51;17457
19;17460
13;17462
154;17467
12;17481
38;17497
27;17498
47;17499
1;17500
168;17518
22;17520
34;17524
43;17593
40;17594
2;17595
52;17596
9;17614
162;17616
174;17625
7;17626
14;17645
5;17648
10;17649
21;17689
3;17690
202;17691
199;17692
17;17697
19;17709
8;17710
8;17711
195;17712
14;17744
21;17785
228;17786
62;17787
60;17788
28;17806
35;17822
4;17836
21;17842
379;17881
26;17882
159;17883
30;17884
21;17886
15;17902
24;17933
165;17935
25;17936
16;17940
7;17963
9;17977
20;17978
163;17979
29;17980
332;17982
26;17983
24;17984
12;17988
12;18009
171;18011
37;18012
19;18014
20;18015
8;18016
10;18029
12;18035
10;18039
16;18060
161;18068
22;18074
20;18075
32;18079
3;18080
20;18091
6;18105
172;18107
19;18109
22;18110
15;18112
35;18126
30;18127
153;18136
200;18169
181;18171
47;18172
170;18189
26;18191
3;18199
20;18216
166;18225
9;18227
2;18265
66;18266
223;18267
20;18268
37;18285
12;18287
3;18288
588;18361
52;18363
1;18364
15;18381
33;18382
14;18384
27;18394
10;18420
69;18458
67;18459
31;18460
25;18478
37;18554
20;18555
15;18556
6;18571
1;18574
5;18577
9;18607
13;18608
11;18627
32;18649
22;18651
37;18652
90;18654
20;18664
164;18684
4;18685
33;18688
33;18701
5;18706
10;18710
5;18716
8;18740
21;18745
26;18747
36;18748
43;18749
28;18750
49;18751
7;18777
28;18779
29;18781
13;18782
3;18794
3;18801
27;18805
33;18841
59;18843
6;18854
209;18861
163;18891
13;18895
7;18900
37;18937
17;18940
158;18944
42;18946
20;18959
9;18960
10;18993
5;19033
67;19034
31;19035
49;19036
18;19045
1;19046
27;19053
13;19054
8;19063
192;19085
26;19088
9;19098
40;19131
25;19132
30;19144
38;19145
572;19149
167;19151
7;19181
12;19188
81;19225
6;19226
191;19227
4;19239
195;19245
38;19247
37;19266
8;19274
11;19277
9;19283
7;19284
28;19286
25;19308
27;19321
14;19322
65;19327
27;19328
5;19349
4;19354
20;19356
13;19358
157;19359
27;19363
27;19374
13;19378
18;19382
9;19413
176;19418
29;19421
11;19422
49;19423
16;19444
9;19447
180;19451
4;19452
24;19455
34;19466
11;19476
21;19479
15;19498
206;19513
187;19514
10;19515
51;19516
12;19525
28;19536
8;19545
11;19559
22;19563
24;19565
166;19566
5;19571
51;19609
32;19610
151;19611
161;19629
28;19630
5;19631
1;19654
9;19655
16;19658
7;19676
28;19705
23;19707
201;19708
8;19715
10;19718
20;19723
20;19726
2;19728
16;19732
9;19755
28;19756
27;19759
24;19788
10;19801
60;19802
144;19803
76;19804
29;19822
4;19831
15;19845
17;19846
1;19848
1;19854
16;19855
15;19874
13;19898
116;19900
5;19917
22;19918
163;19925
21;19942
31;19947
8;19954
32;19955
1;19987
89;19993
15;19998
33;19999
26;20013
14;20027
29;20029
10;20038
21;20054
26;20064
5;20089
51;20091
32;20125
11;20126
7;20127
5;20128
14;20136
14;20141
37;20143
19;20146
6;20151
15;20185
24;20186
3;20187
33;20188
28;20205
20;20206
25;20208
31;20218
25;20228
13;20283
7;20284
3;20286
29;20298
4;20301
39;20303
12;20325
6;20331
17;20377
13;20378
54;20380
22;20399
1;20423
13;20429
168;20430
31;20465
54;20473
46;20474
39;20475
27;20476
24;20493
2;20517
7;20518
154;20524
33;20526
19;20529
26;20554
38;20570
31;20571
19;20573
16;20611
12;20616
7;20623
182;20665
25;20666
186;20667
40;20668
20;20669
18;20670
5;20671
35;20672
10;20685
3;20697
46;20698
6;20701
14;20702
32;20703
12;20707
19;20721
25;20725
14;20728
170;20762
160;20764
21;20766
44;20767
165;20775
17;20779
151;20793
318;20794
37;20795
16;20797
2;20800
8;20806
24;20820
6;20825
4;20857
21;20858
38;20859
9;20860
14;20878
19;20903
3;20905
9;20916
55;20954
31;20955
64;20956
24;20963
10;20968
26;20972
22;20973
4;20974
20;20989
164;20998
6;21001
27;21002
1;21049
27;21051
24;21052
15;21064
4;21069
39;21070
19;21097
17;21099
2;21102
31;21104
28;21107
87;21145
18;21146
45;21147
16;21148
27;21154
29;21158
11;21162
145;21165
30;21172
17;21196
6;21201
5;21202
7;21203
20;21241
30;21242
45;21243
10;21259
21;21261
26;21262
20;21269
22;21285
26;21296
23;21338
8;21341
1;21342
26;21355
12;21369
161;21371
324;21373
37;21374
7;21375
39;21390
39;21393
2;21395
27;21433
8;21435
27;21436
1;21440
25;21458
31;21466
158;21469
25;21470
1;21484
23;21485
24;21496
170;21529
13;21530
40;21531
43;21532
18;21573
14;21575
5;21578
27;21582
1;21587
2;21621
75;21625
11;21626
191;21628
25;21640
14;21645
2;21646
4;21648
172;21653
12;21673
9;21675
1;21716
34;21721
89;21722
33;21723
38;21724
12;21742
3;21770
31;21772
4;21776
38;21817
39;21820
5;21824
23;21826
5;21837
7;21838
29;21853
31;21862
7;21864
28;21866
7;21872
15;21904
28;21913
42;21914
78;21916
25;21918
8;21925
21;21930
69;21933
17;21935
1;21966
3;21971
13;22009
8;22011
52;22012
21;22016
25;22022
17;22045
550;22047
24;22066
23;22067
6;22068
35;22084
2;22106
29;22108
16;22109
2;22110
42;22112
24;22113
17;22120
12;22126
4;22137
9;22139
24;22140
39;22141
10;22142
159;22168
5;22178
60;22201
47;22202
165;22203
69;22204
8;22206
566;22222
7;22223
33;22224
9;22226
19;22233
10;22249
160;22252
23;22276
22;22286
5;22298
8;22303
172;22307
32;22310
12;22318
29;22319
156;22343
13;22393
12;22394
28;22395
47;22396
22;22415
22;22416
9;22438
155;22449
16;22489
10;22490
4;22491
9;22492
8;22509
24;22510
11;22511
26;22519
7;22534
25;22536
12;22538
8;22540
559;22542
148;22545
18;22546
12;22586
598;22587
12;22588
155;22596
7;22607
15;22608
2;22627
33;22632
18;22634
2;22653
11;22668
8;22681
11;22683
18;22685
11;22688
30;22711
7;22713
18;22715
25;22717
30;22736
29;22756
11;22777
33;22778
22;22780
6;22781
48;22782
30;22783
7;22784
9;22810
35;22811
9;22812
2;22813
18;22815
3;22816
13;22831
11;22873
20;22876
166;22901
12;22928
22;22969
21;22971
5;22976
54;23004
17;23024
13;23051
31;23065
216;23066
21;23067
12;23068
3;23072
10;23079
153;23085
8;23086
12;23087
16;23092
6;23109
9;23111
20;23117
2;23121
6;23161
5;23162
68;23164
23;23176
21;23182
12;23206
4;23207
12;23209
9;23251
16;23257
27;23258
92;23259
28;23260
18;23274
161;23277
12;23278
28;23279
14;23307
12;23313
567;23353
7;23359
29;23360
8;23365
35;23369
10;23383
30;23385
41;23386
565;23389
10;23390
21;23393
9;23405
16;23406
7;23412
43;23413
25;23446
8;23450
20;23451
49;23452
14;23453
15;23454
32;23482
50;23483
19;23486
45;23487
17;23490
1;23494
30;23546
41;23559
10;23565
16;23567
166;23568
175;23569
37;23588
6;23595
38;23596
3;23597
15;23642
28;23643
13;23644
20;23651
15;23661
8;23663
1;23674
35;23686
22;23687
18;23690
7;23691
28;23696
51;23737
56;23738
158;23739
10;23740
16;23748
29;23758
14;23759
27;23760
6;23761
34;23765
6;23766
11;23781
26;23783
4;23785
20;23833
8;23834
29;23835
34;23836
24;23854
18;23868
22;23877
4;23880
6;23884
10;23892
54;23929
51;23930
2;23931
25;23932
12;23951
14;23952
9;23958
9;23975
15;23978
30;23986
29;23996
37;24013
46;24027
55;24028
157;24032
14;24062
11;24064
159;24074
14;24079
10;24087
4;24096
22;24121
1;24123
39;24125
55;24126
8;24127
4;24128
17;24138
26;24145
30;24152
25;24153
13;24155
5;24156
27;24158
200;24174
25;24175
4;24177
33;24217
29;24218
166;24219
8;24220
4;24224
191;24240
13;24261
8;24262
25;24270
25;24274
2;24299
43;24314
9;24315
22;24316
10;24333
4;24334
12;24336
160;24357
27;24358
18;24366
159;24370
21;24409
16;24412
4;24416
1;24431
1;24432
11;24456
16;24460
2;24461
35;24466
9;24491
86;24505
176;24506
4;24507
4;24508
8;24526
11;24550
22;24558
28;24601
74;24604
17;24607
1;24615
12;24619
5;24622
152;24625
30;24647
32;24653
23;24658
11;24681
27;24698
4;24700
21;24701
19;24702
37;24704
4;24714
14;24733
11;24735
6;24736
50;24751
2;24754
17;24760
34;24794
28;24795
49;24797
159;24798
5;24813
154;24821
18;24822
52;24826
24;24827
67;24828
37;24830
27;24831
1;24842
7;24844
37;24880
58;24890
158;24891
8;24892
38;24911
9;24912
29;24914
6;24917
23;24937
12;24944
29;24964
28;24985
79;24987
14;24988
15;24996
10;25006
5;25013
19;25036
168;25039
58;25081
20;25082
47;25083
1;25084
10;25094
5;25103
26;25121
30;25177
11;25178
55;25180
25;25181
13;25197
23;25198
17;25199
18;25207
21;25211
23;25218
20;25220
26;25230
12;25235
17;25273
1;25274
227;25275
8;25276
20;25281
32;25296
15;25305
3;25324
150;25325
28;25357
6;25369
8;25370
22;25371
43;25372
21;25404
11;25427
27;25463
164;25465
24;25467
54;25468
4;25469
36;25470
22;25471
34;25472
7;25475
27;25483
561;25489
9;25499
158;25501
13;25502
22;25511
34;25518
49;25521
26;25561
11;25562
178;25564
10;25565
2;25567
184;25570
32;25581
4;25590
19;25605
14;25609
25;25657
37;25658
9;25660
34;25661
2;25678
4;25679
33;25682
24;25692
31;25704
26;25706
10;25707
42;25715
35;25716
27;25753
2;25754
51;25756
557;25798
40;25799
21;25803
8;25805
22;25812
73;25849
60;25850
29;25867
16;25869
23;25872
150;25884
44;25887
8;25893
29;25900
5;25903
561;25908
22;25945
10;25946
35;25947
13;25948
31;25957
15;25967
11;25968
160;26002
23;26041
27;26042
11;26043
17;26045
12;26046
28;26047
24;26048
11;26053
164;26074
4;26075
16;26076
11;26080
8;26096
14;26097
14;26099
2;26108
13;26114
17;26140
21;26141
15;26142
12;26144
6;26169
167;26170
26;26173
28;26174
10;26179
45;26191
16;26194
247;26233
42;26234
29;26235
48;26236
554;26245
20;26254
24;26255
4;26288
1;26289
5;26300
200;26329
87;26330
64;26331
12;26332
5;26335
12;26349
24;26350
34;26372
19;26380
14;26383
35;26385
122;26427
34;26428
8;26445
28;26470
10;26475
5;26479
10;26480
40;26482
31;26484
15;26494
39;26521
50;26522
177;26523
38;26524
148;26541
1;26542
29;26564
14;26566
4;26570
50;26617
11;26618
22;26619
71;26620
18;26629
35;26630
4;26637
154;26638
28;26640
38;26646
11;26661
17;26672
199;26714
11;26715
51;26716
169;26717
1;26718
25;26719
17;26743
46;26745
2;26748
39;26750
14;26755
1;26765
8;26772
12;26774
19;26809
21;26811
54;26815
27;26816
39;26848
24;26867
13;26871
10;26905
1;26906
31;26907
26;26908
27;26912
35;26927
3;26928
26;26934
31;26950
565;27001
165;27002
207;27003
54;27004
148;27022
9;27023
18;27028
13;27042
25;27045
3;27055
20;27097
197;27098
1;27099
35;27100
2;27118
18;27120
165;27121
4;27146
1;27148
21;27153
35;27193
13;27195
42;27196
155;27248
7;27249
7;27258
12;27290
14;27291
25;27307
25;27309
3;27310
33;27338
19;27344
7;27385
29;27386
3;27389
3;27392
6;27393
12;27424
13;27429
25;27437
26;27439
12;27447
10;27468
14;27483
9;27486
26;27487
33;27488
13;27502
7;27505
29;27509
28;27514
8;27516
12;27517
19;27534
169;27577
191;27578
11;27579
25;27596
32;27598
55;27599
11;27600
6;27610
12;27636
28;27661
1;27673
188;27674
9;27675
75;27676
7;27686
26;27689
29;27695
6;27696
10;27698
20;27721
147;27722
32;27731
11;27743
37;27769
22;27770
21;27771
7;27772
32;27780
4;27789
6;27790
4;27791
24;27814
33;27823
31;27865
28;27867
214;27868
13;27875
30;27888
13;27910
6;27912
4;27961
38;27962
50;27963
12;27964
5;27970
8;27982
35;27989
11;27999
4;28018
18;28019
4;28020
10;28057
16;28058
187;28059
7;28063
25;28068
8;28070
31;28089
197;28092
155;28093
22;28094
2;28095
1;28096
8;28097
171;28098
3;28110
160;28120
19;28153
7;28155
3;28157
54;28158
67;28159
7;28160
151;28165
24;28176
22;28177
2;28185
154;28186
33;28187
31;28195
24;28206
10;28207
23;28211
18;28215
11;28249
18;28250
18;28251
20;28252
7;28266
163;28270
45;28272
38;28297
18;28300
9;28305
20;28306
24;28345
20;28346
50;28347
28;28348
173;28361
36;28365
48;28367
11;28374
10;28376
7;28377
14;28391
5;28397
5;28398
24;28400
31;28441
10;28442
49;28443
10;28444
27;28461
22;28463
7;28464
38;28491
18;28496
5;28537
70;28538
88;28539
35;28540
19;28541
33;28549
9;28558
11;28559
13;28568
29;28575
2;28576
25;28577
25;28583
7;28584
16;28587
14;28588
23;28590
13;28593
29;28633
9;28634
49;28636
170;28640
13;28646
6;28653
20;28654
154;28656
36;28686
1;28729
28;28730
32;28731
9;28732
6;28733
347;28734
198;28735
3;28761
12;28762
6;28764
9;28766
9;28767
8;28772
2;28781
4;28791
12;28825
36;28826
18;28827
159;28828
25;28829
24;28830
28;28831
37;28836
4;28857
6;28859
49;28860
202;28862
9;28879
20;28881
35;28921
8;28922
31;28923
23;28930
28;28942
24;28943
16;28958
9;28969
26;28977
33;29017
50;29018
22;29019
33;29020
25;29037
9;29058
33;29059
19;29064
156;29067
19;29113
2;29114
16;29115
235;29116
41;29133
1;29134
28;29142
6;29147
122;29214
24;29215
22;29220
5;29231
12;29233
33;29234
17;29243
12;29249
2;29265
7;29266
205;29309
11;29310
13;29311
29;29319
36;29329
26;29330
39;29335
23;29352
7;29364
10;29365
10;29376
164;29405
10;29406
162;29407
21;29410
19;29411
30;29415
24;29438
17;29443
5;29444
9;29447
5;29457
157;29458
3;29461
156;29501
27;29502
26;29503
4;29504
47;29505
11;29506
172;29507
23;29516
66;29533
19;29534
169;29536
10;29538
39;29540
152;29555
8;29558
8;29559
18;29563
13;29571
52;29597
16;29598
75;29599
21;29600
6;29620
22;29651
3;29655
22;29693
19;29694
4;29695
31;29696
1;29713
32;29715
1;29727
18;29739
159;29740
34;29742
17;29744
17;29745
36;29789
78;29790
56;29791
53;29792
1;29802
12;29807
12;29809
166;29814
4;29836
3;29839
29;29847
85;29885
185;29887
12;29901
22;29908
9;29919
3;29927
20;29932
28;29942
3;29943
13;29981
7;29982
212;29983
41;29984
10;30003
33;30004
4;30005
2;30008
160;30013
23;30014
8;30017
13;30025
31;30026
36;30028
9;30033
5;30037
13;30077
166;30078
27;30079
20;30080
36;30082
57;30084
6;30110
38;30115
27;30119
23;30131
20;30137
5;30140
18;30174
32;30176
30;30179
3;30180
16;30208
25;30211
22;30212
5;30231
2;30232
14;30233
27;30235
5;30236
195;30269
29;30271
3;30272
3;30274
26;30275
40;30277
18;30280
16;30287
37;30291
37;30292
30;30297
5;30300
16;30314
10;30318
33;30365
52;30366
25;30367
11;30374
23;30379
27;30387
18;30391
25;30405
19;30410
24;30421
7;30424
39;30461
28;30462
32;30463
8;30484
17;30487
10;30507
14;30512
158;30513
26;30518
159;30557
43;30558
10;30559
21;30561
35;30602
27;30615
15;30626
32;30653
32;30654
140;30655
19;30656
35;30663
8;30666
3;30673
1;30674
40;30675
33;30676
7;30698
14;30704
14;30710
11;30712
27;30745
6;30749
22;30750
1;30751
29;30753
63;30754
12;30756
23;30769
32;30781
39;30782
166;30785
29;30786
30;30788
15;30804
14;30807
21;30809
21;30824
14;30845
5;30846
166;30849
52;30851
3;30852
29;30855
23;30868
17;30880
9;30882
24;30904
8;30908
20;30915
26;30941
29;30942
52;30943
12;30944
11;30964
16;30992
40;31007
42;31037
11;31038
60;31039
55;31040
23;31044
43;31058
25;31059
16;31077
36;31085
19;31092
20;31093
26;31096
24;31100
37;31133
9;31134
15;31135
31;31136
41;31153
11;31155
7;31174
14;31176
24;31186
1;31215
7;31229
37;31230
23;31231
30;31232
2;31243
17;31249
31;31252
30;31283
6;31288
76;31325
199;31327
12;31328
12;31329
11;31348
20;31371
27;31372
2;31421
13;31422
26;31423
36;31424
19;31426
41;31427
14;31428
17;31442
4;31455
16;31456
21;31459
10;31464
27;31466
11;31479
14;31483
6;31515
9;31518
27;31519
8;31520
18;31521
20;31524
14;31526
3;31550
12;31552
18;31553
32;31577
194;31613
21;31614
24;31615
7;31616
20;31625
33;31650
4;31667
29;31668
47;31709
21;31710
17;31711
63;31712
6;31730
7;31731
10;31732
24;31753
32;31805
44;31806
182;31807
56;31808
15;31825
3;31842
562;31858
29;31861
73;31901
191;31902
43;31904
159;31923
24;31924
23;31946
201;31951
28;31954
32;31997
7;31998
26;31999
3;32001
5;32010
21;32017
4;32018
165;32019
11;32045
11;32050
13;32072
156;32084
27;32095
3;32096
3;32097
5;32098
26;32099
18;32100
162;32101
11;32112
15;32125
152;32128
160;32129
22;32130
13;32132
29;32136
10;32156
17;32180
4;32186
1;32189
24;32190
4;32191
4;32192
1;32194
24;32195
10;32204
18;32214
8;32221
153;32223
32;32225
13;32228
146;32248
23;32250
7;32251
30;32278
13;32286
58;32287
18;32288
10;32305
14;32306
18;32307
9;32308
16;32324
5;32353
26;32381
4;32382
32;32383
29;32384
11;32402
6;32403
8;32404
11;32428
12;32433
15;32435
4;32438
54;32477
74;32478
76;32479
11;32480
11;32498
15;32499
16;32524
17;32527
24;32530
8;32531
73;32573
23;32574
111;32575
27;32576
45;32596
20;32602
7;32620
170;32629
5;32630
54;32669
80;32670
197;32671
52;32672
61;32689
21;32690
21;32691
23;32692
32;32694
4;32704
21;32714
8;32717
2;32728
35;32747
2;32767
15;32768
31;32769
33;32771
62;32772
32;32782
5;32783
1;32792
12;32800
18;32801
49;32802
13;32804
11;32805
10;32818
13;32819
23;32822
35;32827
23;32828
41;32842
25;32857
27;32861
206;32862
194;32863
39;32864
34;32867
1;32879
6;32893
28;32894
25;32895
17;32897
16;32899
53;32900
10;32916
7;32924
17;32936
3;32957
202;32958
178;32959
73;32960
24;32969
10;32975
8;32979
29;32999
2;33003
11;33013
45;33053
2;33054
12;33055
1;33066
24;33103
8;33105
39;33112
15;33132
26;33149
29;33151
167;33152
1;33169
9;33171
3;33172
1;33179
18;33195
2;33199
160;33202
15;33207
30;33208
20;33246
2;33248
13;33259
10;33293
35;33342
82;33343
69;33344
27;33360
197;33361
16;33362
54;33364
15;33387
23;33389
6;33394
16;33396
6;33397
12;33437
28;33438
34;33439
161;33441
10;33442
52;33443
38;33444
10;33456
33;33464
8;33470
161;33473
20;33474
163;33475
5;33489
2;33500
13;33511
31;33533
5;33534
5;33535
17;33537
10;33539
21;33540
11;33565
29;33566
25;33568
3;33569
8;33588
10;33589
11;33591
16;33594
2;33629
24;33630
199;33631
738;33632
7;33643
167;33647
27;33649
34;33666
30;33677
23;33679
17;33680
16;33725
3;33726
36;33727
19;33728
23;33733
13;33735
173;33747
38;33772
175;33775
6;33778
2;33821
215;33822
15;33823
28;33824
15;33843
24;33844
18;33862
2;33867
3;33871
3;33873
9;33876
60;33917
78;33918
27;33919
188;33920
16;33932
23;33937
30;33938
9;33940
25;33943
28;33971
152;33973
167;33974
45;34014
41;34015
45;34016
157;34021
11;34031
719;34036
11;34039
29;34044
10;34046
1;34065
9;34068
9;34090
1;34099
37;34110
5;34111
185;34112
50;34113
6;34114
44;34116
4;34120
27;34153
10;34165
1;34168
41;34170
2;34206
43;34207
156;34208
23;34209
15;34210
34;34212
1;34225
24;34238
19;34244
20;34259
20;34263
18;34268
48;34301
47;34302
43;34303
23;34304
1;34316
28;34323
5;34338
13;34349
19;34352
2;34353
21;34397
28;34398
47;34399
27;34400
18;34411
7;34417
17;34419
15;34422
17;34424
13;34440
7;34442
10;34447
7;34450
36;34453
31;34493
57;34494
44;34495
15;34496
11;34512
38;34513
19;34514
18;34515
26;34516
1;34527
160;34540
3;34552
15;34558
41;34589
65;34591
177;34592
156;34601
15;34609
16;34611
21;34612
22;34632
11;34638
59;34641
36;34647
65;34685
55;34686
226;34687
4;34702
190;34705
4;34706
23;34712
16;34729
6;34738
25;34743
6;34775
47;34781
21;34782
34;34783
78;34784
60;34785
14;34786
31;34789
10;34794
7;34811
10;34813
2;34814
36;34816
24;34818
27;34834
20;34836
13;34856
22;34877
9;34879
4;34880
1;34881
53;34882
92;34883
22;34891
6;34910
22;34913
17;34914
9;34916
18;34933
28;34936
604;34973
22;34974
49;34975
30;34976
14;34985
39;34993
153;34994
25;34995
21;35000
5;35012
