sums of daily draw-off volumes
81.5
184.5
111.2
142
153
170.2
236.5
105
264.8
150.2
79.2
217.8
171.2
334.5
93
174.5
137
278
112.8
473
303
191.8
107
186
282
97
130.8
339.8
206.2
280
143
169.5
96.5
201.2
367.8
200.5
147.5
161.8
192.2
282.5
233.8
150.2
88.8
221.8
273.8
202
151.2
286.2
170.8
223
202.2
89.2
188.2
293.2
160.5
368.8
158.2
135.2
141.8
186
276
148.2
70.8
212.5
160.2
121.2
216
128.8
210.5
227.5
278.2
207.5
110.5
87.5
142.8
270.8
206.5
148.8
155.5
209.2
72
92.8
125.8
170.8
313.2
69
108.8
194.8
51.8
160.5
129.5
261.2
247
152.8
189.8
223.8
136.8
163.8
159.8
152.2
103.2
158.2
358.5
84
264.5
84
122.2
147.2
189.5
167
214.2
137
295
209
91.2
277.8
164.8
106.2
306.8
96.2
54.8
149.5
277.8
92.5
104
289.8
138
67.8
126
87
102.2
117
260.2
104.5
119.8
189.5
180.2
141
116.5
164.5
76.5
107.2
109.2
127
79
217.8
99.5
453.2
71.2
117.5
203
146.5
486.2
192.2
257.8
92.5
102.8
108.5
179.2
71.2
153.5
205.5
176.2
122.2
129.8
68.2
78.8
213.5
110.5
89.8
121
169.2
103.2
123.2
207.8
119
99
149.8
140.8
261
194.5
138.2
178.8
141.5
131.2
74.5
134.8
127.5
112.5
181.8
59
96
62
48
151.5
88.5
128.5
62.2
53.8
143.2
124
64.5
97
121.2
32
128.5
138.2
78.5
172.8
131
279.2
289
149.8
75.5
107.2
352.2
111
84.5
198.2
74.8
117
97.2
149.5
227.2
289.8
200.2
163.8
79
101.5
129.2
126
151.5
151.2
120.2
192.2
150.5
162
315.2
336.5
90.5
128.8
74.5
168.8
99.5
136.2
103.8
52.5
123
316
162.8
194.8
175.2
138.8
138.5
47.8
89.2
102.5
86
145.5
114.8
96
156
152.5
73.8
271.5
150.8
81.8
70
133.8
199.8
209.5
201.2
132.2
109.2
84.8
63.5
85
143.2
259
157.2
88.2
270
212.8
115.8
126.8
50
299.8
169.5
146.2
158.2
79.5
178.2
94.2
303
202.2
121
138.5
94.8
103.2
136.5
220
119.2
122
251
170.5
138
174.2
149
106.8
164.5
199.8
79.8
171.8
176.2
204.5
465.5
112.5
266
120.5
102
255
220.8
160
107.8
89.5
114.2
407
199.2
146.5
138.5
154.2
85.8
284.8
35.8
181.8
200.8
79.8
79.5
139
179
83.2
281
114.5
70
177.5
135.5
225.8
81
77
146.2
148.5
142.5
175
282
214.8
200.5
92.2
131.2
68
88
140
170.5
140.5
314.5
225
sums of draw-off volumes of each hour of the day
103.4
193
207
155.5
256.6
140.6
9810.5
14030.6
5362.8
1125.4
638.9
3353
3778.5
1295.4
1874.3
2601.1
2238.4
1551
1646.5
2351.3
2702.4
2151.8
746.2
410.7
sums of draw-off volumes of each hour of weekdays
68.6
42
120.8
80.3
166.9
27.9
8090.1
9882.5
2651.9
443.2
472.8
3250.6
3448.8
1021.3
605.3
517.3
476.4
1183.6
1522.9
1947.7
1817.2
1082.1
267.7
154.5
sums of draw-off volumes of each hour of weekend-days
34.8
151
86.2
75.2
89.7
112.7
1720.4
4148.1
2710.9
682.2
166.1
102.4
329.7
274.1
1269
2083.8
1762
367.4
123.6
403.6
885.19999999
1069.7
478.5
256.2
holidays of household(s), numbers correspond to day of year
