24;25
49;29
34;30
103;31
16;32
2;37
29;51
22;64
9;81
10;82
25;86
3;88
95;125
78;126
21;127
75;128
21;130
7;136
5;145
4;147
2;148
165;153
1;158
161;166
10;172
30;175
32;184
31;186
27;221
21;222
77;223
21;224
21;232
11;234
7;242
27;244
8;245
159;266
32;276
12;277
2;279
20;280
19;317
17;318
34;319
31;320
16;329
5;338
166;339
28;369
51;371
18;372
30;373
153;376
24;406
25;413
181;414
53;415
86;416
36;433
23;434
97;435
33;459
5;468
6;471
43;472
25;489
6;498
11;499
9;510
26;512
177;513
190;515
4;516
24;530
11;535
23;541
1;542
2;545
31;546
22;547
30;566
27;567
22;569
9;571
31;572
149;582
28;605
19;607
21;608
25;609
39;610
2;611
52;612
28;628
1;629
7;633
36;638
4;639
33;641
7;642
67;643
29;644
26;657
159;661
193;662
12;664
9;666
13;681
28;701
54;702
15;703
238;704
7;719
39;721
8;724
5;725
8;747
1;749
4;754
23;797
7;798
22;799
273;800
209;818
171;819
18;820
162;830
2;837
10;842
6;847
155;848
1;855
65;893
12;894
109;895
94;896
8;914
26;915
21;916
3;921
38;934
12;935
160;941
34;948
19;949
33;989
80;990
18;991
54;992
7;998
6;1002
17;1009
13;1010
26;1011
24;1016
16;1038
5;1043
13;1047
5;1048
265;1085
16;1086
88;1087
73;1088
156;1099
31;1101
38;1108
12;1109
9;1115
150;1141
6;1142
22;1143
5;1148
56;1182
149;1183
156;1184
12;1185
44;1188
33;1200
27;1206
35;1213
36;1215
3;1216
41;1218
23;1235
25;1238
26;1239
17;1242
2;1246
7;1254
54;1278
897;1280
23;1282
37;1283
26;1284
13;1289
10;1314
28;1315
29;1320
9;1321
36;1327
154;1330
1;1335
14;1339
21;1353
19;1373
152;1374
56;1375
4;1395
18;1398
22;1401
12;1408
2;1421
38;1423
28;1424
42;1469
9;1470
173;1471
11;1472
7;1481
19;1487
6;1488
15;1489
32;1490
4;1491
7;1492
8;1498
155;1500
7;1506
15;1513
28;1519
160;1522
10;1554
102;1565
38;1566
35;1567
59;1568
10;1569
10;1586
26;1588
12;1589
25;1607
10;1611
28;1617
26;1620
157;1632
27;1661
33;1662
177;1663
555;1664
1;1677
17;1679
29;1681
158;1683
13;1691
12;1694
22;1697
12;1698
8;1699
24;1706
13;1711
9;1712
2;1713
32;1757
69;1758
22;1759
84;1760
25;1774
31;1777
29;1779
54;1780
10;1792
9;1800
3;1805
20;1814
30;1815
33;1824
21;1837
23;1853
150;1854
33;1855
168;1856
59;1858
17;1859
48;1860
172;1866
2;1880
15;1882
31;1883
24;1885
21;1886
26;1887
23;1888
157;1889
570;1891
17;1892
19;1895
19;1897
13;1902
30;1903
17;1905
9;1906
29;1908
8;1915
171;1919
18;1949
11;1950
236;1951
165;1952
69;1953
22;1954
3;1955
175;1956
11;1966
31;1969
19;1975
39;1981
40;1982
15;1983
64;1985
18;1986
16;1987
19;1988
1;2000
15;2004
29;2005
169;2006
6;2010
21;2014
6;2023
24;2045
51;2046
9;2047
6;2066
27;2067
10;2068
557;2071
13;2075
5;2090
1;2091
11;2092
21;2094
17;2095
9;2096
58;2141
214;2143
29;2144
2;2149
15;2156
10;2159
31;2161
8;2166
21;2191
9;2192
7;2193
24;2194
10;2234
35;2237
22;2238
189;2239
40;2240
6;2247
173;2255
155;2259
15;2260
3;2267
55;2281
19;2285
7;2291
15;2304
304;2333
75;2334
35;2335
189;2336
159;2344
39;2353
163;2355
38;2358
7;2359
35;2377
11;2380
5;2381
41;2388
27;2390
80;2429
57;2430
17;2431
50;2432
7;2450
2;2451
14;2452
6;2458
32;2477
95;2479
28;2486
11;2499
8;2501
49;2503
8;2520
11;2525
20;2528
34;2530
203;2531
41;2532
35;2557
8;2559
32;2562
26;2564
1;2575
10;2578
6;2581
4;2583
16;2587
9;2603
28;2621
51;2622
9;2623
15;2624
376;2625
64;2626
46;2627
23;2628
13;2631
6;2634
25;2653
34;2655
590;2657
6;2660
4;2662
14;2673
27;2677
19;2679
20;2692
1;2708
4;2715
89;2717
15;2718
177;2719
196;2720
9;2723
10;2737
34;2738
12;2739
50;2762
1;2763
164;2770
14;2771
29;2775
7;2809
37;2814
40;2815
27;2816
8;2828
157;2829
747;2833
41;2835
16;2836
15;2844
2;2850
5;2858
18;2859
2;2886
127;2909
62;2910
260;2912
15;2928
16;2930
22;2959
40;2960
4;2961
5;2963
19;2968
29;3005
12;3006
429;3007
31;3008
28;3025
41;3027
29;3028
25;3049
1;3055
22;3056
9;3057
1;3059
21;3061
23;3090
108;3101
60;3102
68;3103
36;3104
19;3121
12;3122
1;3131
40;3136
17;3137
2;3145
4;3171
22;3172
16;3181
9;3195
353;3197
41;3198
13;3199
8;3200
3;3201
4;3202
33;3204
24;3210
30;3227
25;3229
36;3231
31;3232
15;3235
33;3236
9;3242
13;3249
26;3250
29;3251
9;3256
19;3259
21;3279
15;3293
154;3295
27;3296
59;3297
42;3298
28;3299
32;3300
15;3307
157;3313
16;3325
52;3326
47;3327
19;3328
15;3330
10;3332
27;3337
560;3348
175;3356
34;3389
613;3391
68;3392
20;3410
14;3411
13;3415
36;3441
4;3442
74;3485
35;3486
95;3487
46;3488
145;3491
14;3499
23;3501
30;3507
5;3516
26;3518
34;3532
15;3535
30;3540
5;3543
13;3544
74;3581
51;3582
45;3583
49;3584
22;3601
14;3602
16;3603
16;3604
8;3608
26;3611
12;3621
34;3626
31;3627
24;3630
33;3631
32;3633
2;3637
158;3638
245;3677
13;3678
52;3679
170;3680
29;3691
24;3697
18;3698
153;3700
24;3702
8;3707
19;3711
1;3722
6;3723
7;3729
16;3752
33;3773
187;3774
180;3775
569;3776
28;3783
1;3786
32;3796
36;3809
22;3827
26;3830
3;3861
152;3871
56;3872
12;3874
31;3875
33;3876
16;3893
10;3902
47;3903
160;3904
23;3905
19;3906
24;3907
167;3911
23;3921
35;3922
8;3924
80;3928
26;3929
10;3930
147;3943
2;3945
2;3952
5;3966
33;3967
7;3968
36;3969
8;3970
190;3971
34;3972
33;3982
7;3995
5;3997
15;3998
21;3999
11;4001
3;4002
18;4004
2;4020
8;4024
14;4025
3;4058
49;4061
90;4062
83;4063
18;4064
31;4068
12;4078
5;4082
32;4084
9;4090
6;4109
2;4119
15;4120
7;4148
33;4157
44;4158
172;4159
48;4160
13;4178
27;4180
149;4182
4;4185
20;4194
17;4206
164;4207
169;4212
20;4213
230;4253
80;4254
173;4255
42;4256
2;4260
160;4273
42;4274
4;4275
1;4276
23;4283
15;4284
9;4292
29;4297
7;4300
31;4301
22;4305
34;4307
170;4315
21;4319
220;4349
52;4350
75;4351
29;4352
16;4362
144;4366
3;4370
6;4371
5;4372
5;4385
5;4391
187;4396
28;4399
6;4401
27;4405
61;4445
37;4446
3;4448
40;4465
11;4467
98;4468
156;4488
2;4493
7;4494
25;4497
165;4500
50;4541
189;4542
31;4543
26;4544
29;4545
24;4546
27;4564
27;4574
572;4576
48;4579
5;4580
14;4582
35;4594
29;4598
14;4599
19;4601
6;4604
24;4613
5;4637
19;4638
36;4639
79;4640
28;4641
33;4642
224;4643
8;4644
23;4660
8;4670
20;4673
12;4675
13;4679
28;4682
9;4688
11;4689
17;4691
10;4694
30;4695
17;4700
29;4701
14;4712
3;4733
268;4734
5;4735
23;4736
9;4739
5;4741
153;4753
4;4754
6;4756
20;4768
157;4770
27;4781
27;4782
170;4790
1;4791
16;4829
663;4830
22;4831
30;4832
26;4849
23;4850
14;4858
5;4875
3;4876
7;4884
23;4925
80;4926
31;4927
58;4928
4;4945
22;4946
28;4950
28;4967
19;4969
17;4972
30;4976
7;4980
10;4982
6;4993
13;5009
189;5021
24;5022
25;5023
50;5024
46;5042
157;5043
175;5060
21;5063
29;5075
18;5076
3;5117
43;5118
600;5119
181;5120
13;5125
18;5126
31;5137
10;5144
29;5147
156;5160
3;5161
19;5164
2;5166
37;5170
28;5171
4;5192
14;5205
11;5213
32;5214
36;5215
74;5216
44;5218
22;5219
35;5220
8;5245
22;5246
8;5247
6;5249
151;5250
10;5252
14;5253
9;5259
1;5265
8;5266
12;5268
37;5269
13;5270
38;5271
7;5273
26;5274
20;5305
29;5309
173;5310
49;5311
12;5312
42;5314
30;5315
246;5316
6;5329
39;5341
30;5342
8;5343
45;5344
23;5347
30;5348
8;5350
7;5352
5;5357
33;5362
28;5363
26;5364
17;5366
569;5369
19;5388
31;5389
16;5390
56;5405
47;5406
98;5407
258;5408
30;5425
15;5428
7;5440
35;5449
9;5450
12;5456
22;5480
51;5501
63;5502
33;5503
20;5510
19;5515
180;5521
27;5523
4;5539
10;5547
12;5550
23;5552
31;5553
45;5555
1;5558
28;5586
12;5589
71;5598
170;5599
27;5600
1;5605
2;5617
11;5618
36;5619
28;5620
7;5627
45;5631
12;5639
35;5647
32;5655
32;5656
18;5661
174;5693
48;5694
195;5695
55;5696
33;5713
4;5714
1;5716
35;5724
2;5736
8;5743
23;5746
162;5751
4;5752
9;5763
9;5771
27;5789
574;5790
230;5791
72;5792
28;5808
10;5809
5;5810
4;5811
27;5812
41;5833
7;5834
33;5840
10;5841
18;5842
42;5885
5;5886
8;5887
12;5888
19;5889
24;5890
22;5891
225;5892
22;5893
10;5898
23;5909
22;5917
46;5921
16;5922
32;5934
27;5936
9;5938
6;5939
12;5944
11;5946
21;5981
44;5982
42;5983
8;5986
58;5988
2;6003
22;6014
10;6016
9;6017
4;6022
9;6028
26;6032
10;6034
18;6043
26;6077
49;6078
55;6079
90;6080
11;6082
156;6097
162;6098
54;6099
5;6100
13;6107
7;6126
28;6129
169;6130
7;6131
18;6144
91;6173
63;6174
160;6175
25;6176
14;6185
3;6186
25;6195
7;6214
7;6216
32;6218
157;6223
11;6229
7;6230
39;6232
74;6269
61;6270
199;6271
32;6272
18;6289
28;6292
26;6324
37;6325
10;6334
170;6365
12;6366
84;6367
6;6368
186;6385
9;6387
15;6388
6;6400
162;6402
8;6405
1;6410
161;6411
16;6414
6;6415
22;6421
21;6461
48;6462
21;6463
39;6464
14;6469
17;6476
4;6481
207;6483
21;6484
2;6502
20;6505
52;6508
32;6513
17;6514
35;6555
29;6557
23;6558
33;6559
9;6560
38;6562
19;6563
2;6566
6;6574
14;6578
154;6589
4;6590
48;6591
164;6593
186;6594
28;6595
4;6596
12;6601
13;6614
4;6617
17;6620
13;6653
330;6655
32;6657
178;6658
49;6660
20;6662
53;6685
6;6689
37;6690
61;6692
13;6697
6;6705
21;6706
10;6707
53;6709
28;6716
103;6749
81;6750
68;6751
583;6752
13;6770
16;6771
34;6772
2;6776
7;6780
10;6783
164;6798
28;6802
3;6807
1;6814
537;6845
40;6846
23;6847
77;6848
54;6865
19;6866
32;6867
8;6868
33;6894
7;6901
81;6941
55;6942
196;6944
7;6962
27;6963
14;6964
11;6987
32;6993
19;6996
39;7037
21;7038
80;7039
29;7040
22;7055
29;7059
6;7060
15;7065
26;7069
13;7082
30;7083
14;7087
15;7095
11;7096
16;7133
65;7135
181;7136
42;7154
19;7155
5;7177
14;7181
158;7182
51;7183
20;7187
10;7208
27;7211
85;7229
48;7230
47;7231
80;7232
22;7233
9;7234
224;7235
28;7236
16;7244
160;7256
7;7257
173;7261
9;7262
6;7264
24;7265
20;7268
4;7269
17;7276
7;7280
4;7283
17;7284
16;7292
23;7294
26;7311
170;7325
3;7326
62;7327
18;7328
163;7329
20;7330
1;7331
25;7332
1;7347
3;7348
8;7357
7;7358
46;7360
11;7361
43;7364
12;7381
40;7382
167;7388
12;7421
277;7422
31;7423
33;7424
6;7433
26;7442
23;7443
4;7465
18;7466
22;7467
21;7468
11;7469
46;7471
13;7472
48;7475
4;7478
17;7501
16;7504
23;7508
40;7517
3;7520
11;7522
9;7525
4;7529
10;7537
5;7539
51;7540
24;7541
23;7545
163;7548
35;7550
8;7556
18;7569
160;7571
2;7572
17;7586
18;7613
212;7614
220;7615
57;7616
15;7633
18;7634
27;7635
18;7639
27;7653
11;7654
16;7662
158;7664
23;7666
42;7709
18;7710
77;7711
55;7712
26;7713
25;7736
6;7747
6;7753
33;7764
29;7805
62;7806
67;7807
23;7808
20;7825
37;7826
31;7827
6;7828
9;7849
12;7851
15;7854
34;7860
4;7861
22;7864
16;7882
10;7883
79;7901
19;7903
3;7904
21;7905
49;7906
215;7907
20;7908
3;7924
24;7958
40;7960
4;7962
36;7997
48;7998
64;7999
12;8000
45;8001
190;8002
20;8003
6;8004
27;8027
51;8029
29;8030
1;8032
57;8033
20;8037
27;8039
36;8055
14;8057
9;8092
213;8094
740;8095
4;8096
6;8099
30;8114
20;8115
154;8116
18;8128
17;8141
42;8147
44;8189
1;8190
39;8191
44;8192
32;8209
17;8210
8;8211
16;8215
30;8234
33;8241
12;8246
22;8281
171;8285
41;8286
37;8287
43;8288
15;8293
7;8304
46;8305
21;8308
23;8318
9;8341
156;8376
31;8381
103;8382
69;8383
80;8384
26;8390
13;8400
33;8401
30;8402
27;8403
158;8430
29;8440
24;8445
10;8478
25;8479
67;8480
28;8487
27;8497
9;8498
3;8517
2;8521
9;8525
10;8530
14;8533
3;8534
79;8573
147;8574
169;8575
13;8576
14;8577
41;8579
5;8587
16;8604
5;8605
23;8606
23;8607
43;8609
2;8610
28;8612
4;8629
2;8633
28;8636
32;8641
4;8664
52;8667
65;8669
10;8670
38;8671
25;8684
158;8697
33;8698
48;8699
22;8701
3;8703
10;8705
10;8716
8;8717
593;8761
208;8762
67;8763
17;8764
19;8768
14;8783
20;8784
18;8799
28;8803
21;8807
40;8813
21;8837
68;8857
124;8858
11;8859
339;8860
179;8877
56;8878
53;8879
22;8880
5;8889
27;8892
32;8899
5;8903
12;8905
24;8907
10;8915
352;8953
48;8954
20;8955
18;8956
26;8958
26;8974
21;8975
30;8976
20;8982
26;8997
14;8999
2;9003
8;9012
263;9049
42;9050
50;9051
36;9052
18;9053
10;9059
38;9069
176;9072
13;9089
41;9097
25;9100
1;9103
9;9104
16;9105
11;9107
10;9113
77;9145
24;9146
154;9147
38;9148
8;9149
4;9155
13;9159
5;9165
4;9166
37;9167
39;9180
9;9181
151;9189
29;9192
159;9195
20;9197
59;9200
17;9201
15;9204
33;9212
7;9222
36;9241
61;9242
55;9243
16;9244
30;9245
4;9246
28;9247
12;9264
34;9273
35;9275
7;9277
16;9278
20;9295
33;9300
153;9304
7;9325
3;9333
8;9338
167;9339
14;9340
45;9341
7;9343
68;9344
33;9363
12;9370
55;9371
13;9372
22;9374
20;9375
38;9379
27;9393
49;9394
27;9397
40;9399
82;9433
28;9434
205;9435
30;9436
5;9453
176;9454
4;9456
7;9466
17;9470
10;9479
1;9481
9;9482
28;9488
37;9490
188;9529
24;9530
21;9531
37;9532
5;9536
26;9548
38;9550
190;9551
11;9552
7;9556
18;9576
35;9588
9;9593
29;9618
65;9625
33;9626
6;9627
227;9628
23;9646
30;9648
55;9721
49;9722
34;9723
205;9724
13;9743
25;9744
6;9745
9;9768
22;9772
6;9773
7;9777
168;9778
34;9779
20;9810
19;9814
38;9817
16;9818
589;9819
33;9820
17;9824
58;9837
562;9838
25;9839
21;9848
1;9861
31;9863
4;9887
21;9891
44;9913
53;9914
53;9915
38;9919
25;9920
5;9945
6;9946
8;9947
8;9950
48;9952
7;9970
2;9971
18;9972
3;10009
170;10010
41;10011
5;10012
36;10014
15;10015
59;10016
1;10017
44;10025
33;10030
1;10038
27;10042
41;10043
44;10044
24;10045
163;10046
21;10047
58;10048
7;10060
6;10061
32;10062
12;10068
22;10069
163;10071
30;10073
61;10106
80;10107
47;10108
40;10125
9;10126
27;10150
2;10153
5;10154
33;10156
11;10159
21;10164
102;10201
18;10202
22;10203
23;10204
23;10220
5;10221
31;10224
15;10245
11;10248
1;10250
9;10252
1;10253
31;10256
36;10260
161;10263
5;10288
90;10297
14;10298
37;10299
2;10311
161;10318
31;10320
6;10332
165;10337
13;10338
13;10343
20;10345
3;10346
29;10351
368;10393
6;10394
163;10395
24;10396
11;10400
18;10402
9;10407
16;10412
18;10414
31;10420
32;10431
5;10438
29;10439
1;10444
27;10445
36;10481
8;10490
20;10491
154;10493
191;10509
7;10511
4;10512
16;10519
15;10537
160;10538
28;10539
3;10542
8;10547
18;10548
11;10585
11;10587
13;10588
237;10589
6;10590
194;10591
36;10592
26;10593
20;10610
1;10613
29;10617
29;10619
38;10621
5;10623
22;10624
13;10638
166;10646
12;10662
34;10681
62;10683
32;10684
49;10685
29;10687
14;10701
175;10715
37;10716
11;10718
14;10719
27;10733
52;10738
19;10778
297;10779
593;10780
1;10786
50;10797
4;10799
19;10822
5;10825
157;10826
35;10828
31;10867
52;10873
160;10874
168;10875
232;10876
12;10888
149;10893
8;10895
2;10917
2;10918
17;10920
3;10927
2;10964
64;10969
46;10970
73;10971
29;10972
9;10974
19;10975
19;10989
32;10999
5;11015
6;11016
19;11017
41;11022
1;11027
50;11065
94;11066
351;11067
88;11068
21;11085
57;11086
18;11087
28;11088
3;11111
26;11115
45;11118
306;11122
24;11124
14;11161
77;11162
23;11164
34;11166
17;11173
20;11182
54;11184
160;11193
27;11198
30;11207
23;11208
169;11213
3;11220
8;11232
24;11238
26;11253
10;11256
12;11257
179;11259
12;11260
2;11261
20;11289
33;11291
21;11294
11;11296
44;11309
16;11313
3;11317
12;11320
17;11354
206;11355
573;11356
38;11357
197;11358
13;11359
6;11360
35;11375
14;11382
26;11385
8;11386
20;11388
21;11392
9;11405
1;11414
32;11415
11;11416
43;11451
41;11452
23;11454
6;11464
176;11469
17;11472
27;11475
32;11495
20;11505
14;11545
14;11546
29;11547
11;11548
7;11557
44;11565
9;11566
17;11568
31;11577
39;11603
4;11604
21;11620
166;11641
30;11642
79;11643
177;11644
3;11662
35;11663
4;11687
34;11691
8;11693
22;11695
6;11697
11;11699
2;11706
15;11732
69;11737
13;11738
178;11739
41;11740
566;11750
38;11757
33;11760
13;11773
17;11778
64;11781
24;11783
29;11785
10;11788
1;11793
30;11827
3;11833
53;11835
250;11836
9;11841
9;11856
10;11883
6;11886
11;11908
4;11929
68;11930
53;11931
15;11932
14;11933
34;11935
9;11936
35;11962
56;11965
1;11966
71;11967
15;11968
8;11983
22;11989
25;12025
26;12026
21;12027
34;12029
163;12030
39;12031
24;12038
24;12041
1;12047
162;12052
34;12053
5;12057
19;12058
38;12059
12;12060
10;12062
335;12064
3;12070
17;12080
11;12084
156;12086
82;12121
52;12124
21;12125
22;12126
2;12135
31;12140
14;12141
171;12142
7;12143
47;12144
30;12166
3;12167
26;12168
19;12172
25;12186
3;12217
9;12218
38;12219
55;12220
4;12224
1;12237
23;12238
32;12239
31;12240
27;12245
27;12250
15;12264
6;12268
166;12297
152;12313
29;12314
7;12315
50;12316
4;12317
23;12321
8;12335
38;12336
3;12365
24;12366
35;12409
32;12410
22;12411
54;12412
159;12415
2;12421
6;12449
9;12461
29;12465
20;12492
43;12505
7;12506
96;12508
26;12527
7;12528
18;12549
29;12552
163;12561
14;12603
38;12604
198;12606
46;12607
8;12608
33;12634
48;12635
20;12638
31;12655
9;12663
23;12665
5;12675
21;12688
35;12689
24;12697
18;12698
76;12699
11;12700
403;12701
5;12702
29;12704
51;12730
5;12731
27;12732
220;12733
18;12734
65;12735
7;12751
2;12752
18;12758
1;12761
11;12793
16;12794
168;12795
36;12796
11;12802
40;12813
9;12814
6;12815
22;12816
5;12817
26;12829
12;12837
3;12838
33;12843
20;12852
24;12889
13;12890
185;12892
33;12909
7;12911
3;12912
160;12917
12;12919
10;12928
8;12936
24;12941
69;12985
25;12986
22;12987
67;12988
166;13005
52;13006
4;13007
176;13008
13;13035
164;13038
92;13081
118;13082
7;13083
59;13084
5;13093
35;13095
5;13097
24;13102
10;13103
52;13104
16;13113
35;13125
17;13127
167;13129
34;13135
25;13136
20;13139
37;13177
24;13178
163;13179
26;13180
24;13182
9;13197
162;13200
9;13206
11;13224
10;13227
32;13229
14;13230
8;13234
35;13236
5;13266
5;13273
25;13274
31;13275
28;13276
22;13277
28;13278
14;13279
3;13280
25;13293
11;13304
171;13308
19;13310
22;13311
10;13315
18;13329
29;13331
7;13364
155;13365
36;13370
168;13371
7;13372
3;13373
8;13374
24;13375
35;13376
25;13402
19;13404
29;13405
38;13406
4;13407
8;13408
33;13409
8;13423
37;13428
5;13430
9;13432
3;13446
4;13462
2;13465
28;13466
3;13467
62;13468
9;13475
5;13479
7;13484
31;13485
12;13486
24;13488
13;13489
16;13512
24;13513
38;13516
25;13522
6;13561
17;13562
43;13563
164;13581
16;13584
6;13608
162;13613
15;13618
21;13657
12;13658
30;13659
14;13660
40;13676
2;13677
239;13679
21;13680
14;13705
9;13706
9;13713
26;13716
57;13753
86;13754
50;13755
42;13756
14;13762
22;13773
158;13798
10;13800
12;13804
6;13810
12;13811
9;13812
17;13820
13;13824
34;13849
13;13850
28;13851
11;13852
1;13869
32;13870
12;13871
5;13872
14;13875
14;13888
7;13890
47;13893
54;13900
32;13904
12;13913
22;13944
51;13945
44;13946
159;13947
41;13950
66;13951
6;13952
156;13974
18;13976
54;13978
185;13979
36;13984
6;13986
27;14005
25;14026
25;14041
31;14042
20;14044
5;14045
50;14046
4;14047
51;14048
36;14053
12;14058
5;14066
5;14067
9;14073
21;14074
34;14076
10;14077
4;14078
32;14080
19;14096
34;14129
105;14137
782;14138
22;14139
140;14140
27;14159
63;14160
20;14169
589;14180
21;14181
10;14187
47;14233
52;14234
19;14235
54;14236
19;14240
8;14253
17;14254
5;14255
28;14260
20;14265
16;14283
28;14329
85;14330
97;14331
3;14332
26;14349
156;14350
25;14352
40;14373
10;14385
81;14425
25;14426
166;14427
50;14428
19;14439
3;14444
21;14445
166;14446
33;14447
159;14448
8;14452
15;14461
8;14463
17;14475
6;14476
11;14478
14;14479
2;14481
8;14484
8;14500
29;14501
26;14504
7;14509
69;14521
8;14522
9;14523
118;14524
2;14534
52;14541
8;14542
200;14543
7;14544
11;14554
14;14563
4;14566
2;14576
12;14579
20;14611
18;14614
18;14617
1;14618
10;14619
32;14620
37;14621
169;14622
186;14623
24;14624
26;14629
23;14636
39;14637
158;14647
3;14649
64;14650
28;14652
5;14654
36;14655
16;14656
7;14657
7;14669
35;14670
185;14671
46;14672
152;14673
8;14677
573;14679
16;14683
3;14687
169;14706
37;14713
29;14714
9;14717
208;14718
52;14719
145;14739
20;14748
2;14751
10;14765
41;14770
26;14774
21;14779
14;14809
25;14810
192;14811
217;14812
8;14829
181;14831
7;14832
11;14839
14;14855
2;14860
190;14861
170;14863
60;14905
83;14906
59;14907
8;14908
28;14925
23;14926
26;14927
23;14928
35;14947
2;14950
20;14954
3;14960
44;15001
28;15002
4;15003
33;15004
26;15016
26;15022
46;15023
20;15024
155;15045
29;15046
74;15097
1;15098
32;15099
25;15109
7;15117
25;15118
18;15119
20;15120
176;15133
2;15141
4;15144
10;15147
23;15150
11;15151
6;15153
9;15193
53;15194
34;15195
307;15196
15;15199
154;15200
4;15212
8;15214
24;15216
30;15219
21;15234
32;15246
18;15247
8;15261
25;15279
10;15289
2;15290
33;15291
41;15292
14;15293
17;15294
29;15295
35;15296
20;15306
3;15314
13;15316
15;15324
18;15347
10;15350
11;15373
12;15386
12;15387
16;15388
25;15389
171;15390
39;15392
14;15398
18;15404
3;15408
4;15418
190;15419
3;15421
8;15423
15;15424
5;15434
2;15438
20;15440
24;15442
6;15443
16;15444
40;15481
46;15482
600;15483
28;15484
9;15489
12;15502
18;15503
2;15504
12;15526
8;15528
18;15529
19;15530
10;15535
3;15562
43;15577
31;15578
137;15579
207;15580
2;15593
1;15597
14;15598
164;15599
27;15603
4;15629
33;15631
18;15632
21;15636
43;15673
32;15674
198;15675
39;15676
18;15684
3;15685
12;15694
46;15695
14;15696
2;15714
20;15724
8;15729
28;15730
17;15731
9;15732
26;15769
23;15770
57;15771
48;15772
38;15773
24;15786
154;15790
21;15792
33;15813
16;15817
20;15824
59;15828
27;15865
56;15866
48;15867
29;15868
28;15884
26;15887
10;15888
3;15890
26;15898
10;15900
6;15906
4;15914
3;15961
11;15965
48;15966
7;15967
59;15968
14;15975
6;15978
11;15993
6;15995
19;15996
31;15999
5;16006
23;16007
2;16008
25;16009
5;16014
9;16016
5;16019
26;16022
148;16045
36;16057
31;16058
175;16059
17;16062
62;16063
21;16082
25;16094
159;16096
3;16097
24;16112
5;16113
148;16117
34;16146
33;16153
32;16154
40;16155
17;16156
31;16158
4;16176
10;16193
167;16196
3;16197
29;16201
35;16202
7;16210
152;16249
27;16250
18;16251
7;16252
18;16262
54;16272
6;16274
24;16275
11;16290
3;16298
4;16303
35;16304
12;16331
51;16345
8;16346
20;16348
16;16359
10;16365
13;16368
153;16373
28;16389
173;16403
156;16441
23;16442
56;16443
212;16444
24;16450
18;16461
29;16462
15;16463
28;16464
35;16475
11;16485
1;16486
6;16488
15;16489
20;16493
28;16511
34;16537
59;16538
12;16539
187;16540
28;16560
24;16567
16;16586
17;16587
9;16590
7;16593
16;16595
4;16596
4;16633
28;16634
16;16635
7;16636
37;16637
21;16639
24;16640
2;16641
15;16659
7;16665
25;16666
3;16667
30;16668
27;16669
9;16680
168;16687
21;16689
22;16690
19;16692
7;16693
1;16694
166;16730
76;16731
34;16732
35;16733
49;16734
23;16735
73;16736
25;16741
20;16762
1;16764
37;16765
28;16766
48;16767
20;16769
15;16773
1;16778
159;16784
21;16787
11;16825
25;16826
197;16827
211;16828
13;16843
7;16847
7;16853
2;16864
3;16869
23;16903
23;16915
20;16922
3;16923
62;16924
202;16943
32;16944
8;16966
23;16979
57;17017
44;17018
22;17019
271;17020
3;17024
18;17030
49;17037
3;17038
6;17039
23;17053
37;17059
37;17060
8;17064
12;17072
9;17075
104;17113
18;17114
17;17115
51;17116
26;17117
3;17133
19;17135
60;17136
13;17142
12;17152
34;17160
159;17164
22;17168
25;17170
164;17200
11;17203
43;17209
38;17210
30;17211
602;17212
3;17219
14;17229
34;17230
7;17231
33;17232
19;17255
17;17261
29;17267
221;17305
10;17307
12;17308
26;17310
13;17311
39;17312
3;17328
3;17332
12;17337
3;17338
28;17340
13;17341
30;17342
14;17343
5;17349
168;17358
8;17360
157;17363
13;17367
7;17401
208;17402
53;17404
2;17405
56;17407
12;17408
14;17409
6;17433
23;17434
41;17435
32;17436
40;17437
11;17440
48;17453
20;17497
54;17499
210;17500
23;17517
149;17519
10;17520
171;17540
5;17544
25;17547
34;17554
14;17555
40;17593
40;17594
207;17595
24;17596
2;17606
15;17610
8;17613
6;17616
10;17634
8;17637
32;17638
2;17646
165;17647
7;17651
49;17690
155;17691
77;17692
154;17704
29;17711
16;17738
7;17741
38;17746
16;17785
174;17786
24;17787
31;17807
1;17831
26;17834
2;17835
21;17836
3;17839
77;17881
27;17883
106;17884
23;17891
178;17904
29;17925
28;17929
4;17935
27;17937
40;17949
25;17978
22;17979
163;17980
11;17981
22;17982
43;17983
17;18000
6;18013
162;18016
6;18025
10;18037
23;18042
8;18073
1;18074
47;18076
12;18077
42;18078
38;18079
19;18080
12;18100
6;18105
155;18106
8;18110
29;18116
3;18125
24;18127
46;18135
28;18169
88;18170
54;18171
77;18172
24;18173
151;18184
6;18185
46;18189
4;18190
26;18191
15;18192
4;18211
6;18213
153;18214
11;18219
4;18228
30;18232
42;18265
70;18268
28;18285
16;18286
2;18287
12;18291
11;18292
8;18309
10;18311
22;18312
15;18322
28;18361
31;18362
172;18363
45;18364
28;18383
17;18395
13;18397
16;18408
4;18410
5;18412
16;18419
9;18420
4;18452
3;18457
10;18458
16;18459
4;18460
76;18477
36;18480
24;18500
7;18502
24;18504
29;18507
6;18509
9;18513
30;18553
47;18554
31;18555
21;18556
7;18576
33;18605
23;18621
8;18630
37;18649
23;18650
24;18651
163;18652
74;18653
32;18654
43;18655
19;18656
20;18674
19;18680
54;18681
8;18683
33;18686
1;18687
10;18688
5;18705
33;18706
18;18734
1;18746
146;18747
39;18749
11;18750
60;18752
9;18762
24;18781
27;18782
10;18795
9;18798
23;18841
44;18842
67;18843
210;18844
3;18857
2;18861
20;18867
30;18875
17;18876
27;18881
31;18885
7;18886
31;18898
2;18899
19;18922
50;18937
63;18938
20;18940
15;18952
16;18959
24;18962
11;18983
30;18986
1;18992
94;19034
19;19035
75;19036
9;19044
4;19049
9;19053
1;19086
4;19089
54;19130
182;19131
58;19132
27;19149
15;19150
5;19151
5;19152
21;19158
21;19163
1;19174
23;19178
4;19180
157;19182
31;19225
30;19226
221;19227
46;19228
3;19247
10;19248
17;19252
1;19264
14;19266
26;19271
24;19274
28;19281
13;19282
8;19283
10;19284
14;19294
29;19302
26;19321
23;19323
7;19324
19;19325
31;19326
66;19327
2;19328
10;19335
12;19356
15;19358
6;19373
5;19375
5;19379
2;19382
20;19401
36;19417
16;19418
4;19419
71;19420
29;19421
64;19422
9;19423
16;19424
11;19450
3;19452
48;19455
15;19470
10;19472
36;19474
13;19502
214;19513
60;19514
28;19515
23;19516
25;19530
37;19533
15;19548
16;19558
3;19561
4;19562
3;19563
15;19565
29;19571
6;19609
23;19611
9;19612
27;19631
8;19632
1;19638
28;19656
4;19662
1;19665
21;19667
21;19695
33;19705
197;19708
18;19711
6;19727
23;19728
15;19750
154;19756
17;19761
30;19762
26;19801
152;19802
75;19803
27;19804
19;19809
14;19816
33;19817
31;19846
164;19852
7;19853
5;19857
4;19898
11;19899
25;19917
39;19918
27;19919
43;19920
30;19940
12;19942
13;19943
11;19944
11;19946
18;19950
40;19951
30;19952
158;19994
24;19995
23;19996
11;19997
172;19998
17;20000
35;20002
6;20025
33;20027
71;20031
34;20045
19;20046
25;20047
18;20051
30;20053
15;20059
25;20090
38;20091
5;20092
149;20093
19;20094
5;20095
22;20096
172;20121
4;20122
28;20124
29;20125
23;20126
5;20127
15;20174
74;20186
554;20187
28;20188
163;20196
28;20197
3;20205
20;20206
7;20207
40;20210
5;20236
5;20238
9;20240
166;20243
30;20282
51;20283
39;20284
163;20293
24;20297
14;20301
157;20302
564;20303
29;20304
1;20315
5;20321
25;20322
15;20327
39;20334
88;20377
73;20378
196;20379
128;20380
24;20389
37;20398
1;20404
25;20424
27;20427
13;20473
16;20475
23;20476
5;20493
29;20494
35;20495
5;20496
6;20503
15;20512
22;20516
32;20518
42;20519
29;20524
6;20525
24;20529
203;20569
14;20570
27;20571
9;20589
15;20604
1;20614
6;20619
154;20626
9;20665
38;20666
45;20667
7;20668
12;20669
21;20670
1;20671
15;20672
14;20678
13;20696
7;20697
568;20698
13;20699
4;20702
562;20703
27;20704
30;20717
23;20728
21;20762
11;20764
44;20765
72;20766
12;20767
161;20774
7;20793
19;20794
3;20798
40;20799
1;20800
11;20803
9;20806
21;20822
12;20824
75;20857
31;20858
94;20859
48;20860
9;20867
13;20880
29;20887
17;20905
1;20906
21;20907
26;20953
229;20955
80;20956
18;20973
16;20975
203;20976
37;20987
163;20988
13;20999
8;21006
5;21040
29;21049
37;21050
80;21051
51;21052
14;21068
9;21069
15;21070
9;21071
8;21072
23;21094
19;21103
2;21145
282;21146
33;21147
74;21148
22;21167
2;21168
3;21186
11;21192
1;21193
2;21194
5;21197
8;21198
11;21199
12;21203
27;21241
51;21242
6;21243
63;21244
10;21251
155;21262
32;21263
24;21264
14;21283
2;21299
5;21300
2;21337
2;21341
13;21342
1;21369
187;21370
29;21371
168;21372
166;21375
10;21376
14;21395
6;21402
49;21433
155;21434
172;21435
21;21436
19;21437
26;21438
17;21439
26;21440
13;21452
19;21453
171;21469
35;21471
1;21485
14;21486
1;21493
170;21500
720;21529
26;21530
83;21532
26;21539
38;21550
51;21552
19;21559
162;21571
11;21579
14;21581
9;21587
21;21625
45;21626
53;21627
10;21645
17;21646
325;21647
20;21648
2;21664
23;21671
38;21672
28;21673
10;21676
5;21677
38;21679
166;21692
84;21721
184;21722
53;21723
191;21724
6;21726
19;21728
7;21739
19;21741
19;21742
3;21749
29;21754
3;21755
20;21760
4;21762
6;21769
8;21779
27;21817
22;21818
15;21819
71;21820
24;21822
3;21828
17;21830
54;21837
22;21839
35;21853
2;21861
12;21874
12;21876
31;21913
26;21914
16;21915
51;21916
173;21933
25;21936
16;21958
3;21961
10;21962
38;21965
17;21969
3;22009
31;22010
11;22011
18;22014
204;22015
7;22022
2;22023
2;22024
32;22041
6;22044
16;22046
48;22047
78;22048
31;22061
2;22063
11;22070
15;22071
13;22087
13;22103
3;22105
1;22106
31;22107
6;22108
176;22109
26;22112
40;22113
7;22114
12;22139
8;22141
16;22144
152;22161
24;22201
197;22202
10;22203
28;22204
18;22215
17;22219
39;22221
20;22222
40;22224
11;22241
163;22248
26;22251
13;22259
4;22276
43;22297
11;22298
85;22299
32;22300
1;22317
11;22318
22;22319
173;22320
32;22325
11;22336
3;22351
30;22352
147;22356
81;22393
39;22394
179;22395
75;22396
1;22415
36;22438
8;22442
26;22443
36;22451
6;22476
344;22489
48;22490
10;22492
28;22499
20;22507
28;22509
10;22511
1;22528
21;22537
19;22538
26;22539
162;22542
10;22544
36;22546
164;22585
11;22586
69;22587
52;22588
35;22595
30;22600
13;22605
3;22607
10;22614
2;22619
43;22631
13;22632
4;22633
146;22637
7;22643
45;22682
42;22683
25;22684
176;22685
1;22686
4;22687
31;22689
25;22713
30;22714
2;22715
9;22716
19;22718
18;22719
28;22720
154;22729
12;22741
27;22743
14;22777
163;22779
36;22780
186;22781
10;22783
167;22801
4;22803
564;22809
1;22810
2;22814
30;22831
44;22834
22;22835
18;22837
56;22873
33;22874
758;22875
63;22876
170;22894
28;22895
3;22900
26;22917
186;22926
19;22929
4;22930
9;22969
42;22970
187;22971
30;22972
1;22978
16;22979
15;22991
12;23013
29;23014
21;23024
27;23065
14;23066
20;23067
32;23068
18;23081
171;23082
6;23087
16;23114
18;23119
18;23121
17;23122
158;23124
111;23162
40;23163
28;23164
29;23170
6;23178
41;23182
4;23184
21;23206
15;23209
3;23218
10;23257
11;23258
173;23259
18;23260
30;23266
166;23278
51;23280
168;23309
13;23310
35;23312
13;23353
39;23356
18;23357
28;23358
28;23360
30;23361
6;23363
26;23381
22;23382
18;23385
5;23387
39;23389
59;23391
15;23400
25;23405
13;23406
7;23409
7;23416
1;23427
2;23451
24;23452
46;23453
24;23454
166;23456
24;23481
20;23482
24;23483
12;23484
161;23485
26;23501
15;23505
1;23531
29;23536
203;23546
19;23547
77;23548
28;23566
14;23568
2;23584
7;23600
19;23603
16;23604
56;23641
52;23642
29;23643
8;23662
2;23663
3;23681
17;23686
1;23688
29;23690
13;23700
7;23737
25;23738
10;23739
48;23740
17;23746
157;23757
179;23758
35;23759
14;23771
168;23833
781;23834
51;23835
18;23836
26;23853
30;23854
34;23855
149;23860
7;23872
190;23929
26;23930
43;23931
33;23932
33;23949
34;23950
23;23951
49;23952
33;23976
16;23980
9;23982
156;23984
6;23988
11;24022
64;24025
3;24026
65;24027
9;24028
15;24029
46;24031
3;24033
20;24034
31;24045
33;24057
74;24058
14;24061
20;24063
150;24066
2;24078
4;24079
20;24080
161;24082
34;24083
12;24121
12;24122
148;24123
58;24124
10;24125
31;24126
13;24127
6;24133
13;24135
31;24139
34;24144
199;24157
48;24159
19;24175
35;24177
7;24181
25;24183
39;24207
94;24217
213;24218
86;24219
17;24220
5;24237
4;24240
23;24241
7;24269
28;24271
22;24273
17;24275
30;24313
58;24314
67;24316
16;24333
160;24334
10;24336
164;24359
15;24361
21;24366
13;24383
45;24410
41;24411
18;24412
30;24429
43;24453
14;24457
32;24495
33;24505
50;24507
30;24508
11;24512
32;24524
32;24525
41;24527
31;24528
29;24532
23;24545
13;24554
47;24601
31;24603
187;24604
15;24611
50;24621
6;24623
1;24635
1;24640
19;24654
20;24655
33;24659
57;24700
176;24701
6;24702
6;24703
21;24704
2;24735
6;24736
22;24741
7;24749
11;24750
30;24754
180;24794
4;24795
17;24796
35;24797
1;24825
60;24826
25;24827
29;24832
161;24833
2;24848
14;24854
28;24855
26;24861
16;24889
5;24890
33;24891
23;24892
23;24900
16;24910
53;24911
25;24912
30;24933
20;24936
15;24939
10;24941
36;24943
7;24946
147;24948
23;24985
73;24986
32;24987
8;24988
39;24989
4;25001
32;25008
35;25025
25;25030
5;25035
26;25039
34;25042
48;25043
24;25060
17;25068
168;25081
88;25082
114;25083
9;25084
25;25101
4;25102
16;25104
12;25114
31;25126
67;25128
21;25133
28;25136
161;25163
6;25178
31;25180
158;25197
10;25198
10;25205
10;25216
6;25221
156;25224
26;25231
36;25235
35;25273
54;25274
29;25275
77;25276
26;25293
14;25294
7;25296
5;25301
13;25304
16;25308
6;25325
13;25331
168;25355
12;25370
147;25372
60;25374
200;25375
5;25376
8;25378
20;25393
162;25398
20;25401
223;25405
49;25407
4;25408
3;25426
5;25434
21;25465
17;25466
22;25467
27;25468
39;25470
2;25485
12;25488
1;25497
11;25499
44;25500
10;25501
164;25502
26;25503
12;25504
25;25518
158;25520
4;25523
8;25525
11;25537
53;25561
21;25562
38;25563
120;25564
28;25572
1;25580
23;25582
2;25590
30;25596
48;25657
4;25658
12;25659
5;25660
18;25665
44;25677
18;25680
21;25685
26;25703
19;25704
30;25713
9;25714
26;25715
31;25752
240;25753
42;25754
25;25755
15;25756
18;25760
4;25770
48;25773
4;25775
63;25776
13;25791
22;25792
10;25799
84;25849
412;25851
92;25852
13;25866
6;25869
34;25870
19;25878
27;25885
29;25895
28;25899
7;25903
17;25906
31;25907
33;25945
24;25946
46;25947
574;25948
4;25965
17;25967
22;25968
12;25980
22;25991
14;25992
8;25994
24;25995
33;25998
5;26001
32;26041
18;26042
4;26043
16;26044
56;26045
51;26046
151;26047
3;26048
2;26055
4;26074
163;26075
23;26076
16;26077
11;26079
38;26096
168;26097
19;26098
12;26099
14;26101
4;26102
3;26120
17;26130
35;26137
1;26139
16;26140
4;26141
180;26142
39;26144
17;26169
20;26171
55;26172
38;26173
27;26174
2;26176
27;26177
21;26193
3;26195
15;26197
9;26200
9;26233
46;26234
33;26235
13;26236
45;26254
29;26255
2;26256
22;26260
5;26271
5;26273
10;26282
154;26286
18;26287
23;26288
23;26289
208;26329
1;26330
10;26331
13;26332
18;26337
15;26347
1;26350
4;26352
2;26353
21;26365
7;26388
39;26390
16;26425
4;26426
53;26427
44;26428
17;26447
35;26448
8;26453
29;26464
1;26466
4;26471
37;26472
6;26481
5;26520
17;26521
17;26522
9;26523
165;26524
26;26531
14;26541
11;26543
3;26560
16;26561
38;26565
6;26575
13;26576
34;26618
214;26619
37;26620
61;26637
37;26640
17;26661
17;26662
36;26666
25;26668
26;26672
1;26679
30;26681
38;26683
163;26713
9;26714
35;26715
246;26716
10;26717
37;26719
23;26720
167;26723
5;26728
168;26744
24;26745
2;26746
36;26747
18;26748
23;26749
2;26750
51;26751
17;26772
40;26810
31;26811
25;26813
5;26814
107;26815
33;26816
10;26825
38;26827
13;26834
158;26835
22;26841
2;26844
27;26845
20;26847
18;26848
26;26861
38;26868
9;26870
3;26871
4;26872
38;26905
16;26906
34;26907
35;26908
2;26926
193;26927
5;26947
26;26955
4;26958
11;26995
39;27001
176;27002
159;27003
551;27004
18;27015
35;27022
9;27023
11;27028
8;27031
1;27034
5;27049
27;27051
3;27052
27;27069
556;27097
12;27098
17;27099
47;27100
13;27117
21;27120
13;27133
11;27144
59;27145
38;27147
24;27151
34;27152
6;27154
21;27193
45;27194
51;27195
17;27196
16;27199
15;27203
38;27213
29;27214
157;27216
9;27237
13;27239
8;27240
36;27241
2;27245
6;27250
72;27289
31;27290
70;27291
184;27292
26;27305
12;27306
14;27309
28;27310
12;27328
17;27334
18;27335
6;27339
17;27345
5;27376
13;27388
5;27389
10;27420
33;27422
27;27423
33;27424
27;27435
29;27440
18;27448
555;27481
59;27485
24;27486
89;27487
10;27488
2;27507
22;27508
15;27513
14;27515
1;27517
191;27518
40;27519
30;27522
25;27523
26;27533
28;27535
65;27539
3;27543
15;27577
228;27578
24;27579
44;27580
49;27597
9;27598
46;27599
11;27600
4;27603
24;27609
2;27622
169;27624
7;27627
17;27631
29;27635
30;27673
161;27674
38;27675
12;27676
10;27681
26;27693
214;27696
34;27718
32;27721
28;27724
224;27769
61;27770
51;27771
38;27772
10;27789
9;27790
35;27792
38;27794
11;27818
156;27822
29;27865
24;27866
95;27867
25;27878
18;27885
17;27886
11;27887
40;27899
15;27916
4;27921
7;27922
33;27924
21;27961
33;27962
183;27963
41;27964
4;27966
34;27975
169;27978
25;27981
9;27984
28;27996
166;28030
31;28060
10;28063
38;28064
3;28066
5;28081
20;28092
200;28094
2;28095
2;28098
19;28114
19;28115
8;28117
20;28120
174;28154
191;28155
38;28156
202;28157
34;28158
12;28159
28;28160
3;28167
166;28168
163;28179
15;28188
20;28196
3;28198
152;28199
11;28211
28;28236
388;28249
45;28250
43;28251
34;28252
6;28269
28;28270
174;28271
4;28272
1;28277
33;28295
25;28297
40;28339
46;28345
37;28346
58;28347
16;28348
21;28355
169;28363
35;28366
11;28372
2;28389
24;28392
2;28396
21;28400
2;28404
257;28441
18;28442
58;28443
47;28444
11;28462
17;28463
28;28468
26;28478
4;28487
3;28488
13;28490
11;28494
41;28498
20;28499
6;28537
47;28538
60;28539
84;28540
40;28558
4;28560
14;28575
13;28580
13;28584
55;28588
14;28589
8;28593
21;28594
26;28627
58;28633
34;28634
198;28635
26;28636
3;28639
2;28650
32;28653
12;28654
3;28655
7;28656
1;28665
11;28692
6;28731
35;28732
51;28733
29;28735
29;28736
7;28750
305;28765
11;28766
18;28767
27;28768
14;28783
11;28785
3;28789
82;28826
1;28827
40;28828
218;28830
53;28831
12;28849
25;28857
28;28858
48;28861
23;28863
7;28864
162;28881
18;28882
154;28889
9;28890
91;28921
65;28922
26;28923
28;28924
20;28941
24;28943
174;28958
17;28973
13;28974
19;28978
156;29017
38;29018
182;29020
11;29026
19;29032
1;29039
21;29040
24;29050
4;29055
1;29057
2;29064
29;29065
41;29113
49;29114
61;29115
344;29116
5;29122
31;29132
175;29133
14;29134
33;29136
150;29157
30;29158
20;29160
9;29165
3;29167
25;29168
2;29169
12;29171
39;29214
62;29215
53;29216
11;29219
25;29228
31;29232
151;29234
23;29235
6;29236
19;29261
1;29263
30;29264
34;29265
37;29269
160;29270
80;29309
90;29310
76;29311
51;29312
5;29326
28;29330
30;29331
17;29356
161;29362
12;29365
2;29366
13;29405
345;29406
4;29407
11;29408
77;29410
32;29411
73;29412
13;29437
38;29440
16;29441
39;29444
10;29450
11;29451
15;29459
12;29480
31;29489
26;29501
108;29502
124;29504
20;29505
7;29508
19;29511
19;29517
19;29522
37;29533
32;29534
35;29535
39;29538
21;29539
11;29540
16;29547
11;29555
8;29557
1;29559
122;29597
20;29598
24;29599
10;29600
9;29601
24;29603
10;29618
17;29619
6;29620
13;29640
10;29641
156;29642
6;29650
18;29676
37;29693
68;29694
14;29695
15;29696
15;29710
33;29714
178;29715
32;29716
17;29731
28;29740
29;29742
7;29746
167;29751
6;29761
33;29789
30;29790
43;29791
171;29792
6;29802
152;29806
7;29810
17;29826
26;29833
31;29834
19;29837
16;29838
27;29842
156;29843
7;29845
36;29846
16;29848
28;29885
54;29886
10;29887
10;29888
15;29905
36;29906
5;29908
6;29922
6;29930
30;29931
21;29934
27;29935
9;29937
23;29939
34;29941
5;29944
5;29969
14;29981
5;29982
45;29983
17;29984
175;30003
22;30016
35;30025
172;30026
171;30032
26;30035
44;30077
2;30078
21;30079
34;30080
41;30081
162;30082
59;30083
9;30103
25;30109
8;30110
8;30111
11;30115
15;30120
12;30126
7;30130
164;30131
14;30134
16;30136
16;30137
10;30138
27;30143
1;30159
15;30170
11;30173
36;30174
25;30175
1;30178
314;30179
30;30180
12;30183
3;30186
27;30198
8;30205
24;30207
19;30208
16;30210
29;30211
10;30218
16;30222
161;30231
60;30232
46;30269
51;30270
332;30271
591;30272
8;30287
41;30289
539;30290
27;30291
5;30292
165;30294
6;30301
23;30304
10;30314
18;30316
39;30365
12;30366
49;30367
64;30368
50;30385
154;30386
19;30409
23;30413
19;30416
3;30419
18;30421
5;30449
17;30461
64;30462
66;30463
37;30464
31;30479
20;30481
37;30482
572;30483
7;30496
19;30505
7;30508
31;30517
151;30520
195;30557
11;30558
83;30559
30;30560
12;30573
31;30577
7;30579
3;30591
10;30599
30;30608
20;30610
13;30611
13;30614
24;30616
19;30653
15;30654
188;30655
16;30656
6;30667
4;30673
24;30674
10;30675
28;30676
6;30693
11;30696
29;30699
8;30706
19;30707
25;30720
149;30740
23;30741
13;30749
30;30751
36;30752
10;30754
25;30755
43;30756
33;30762
25;30770
26;30774
18;30775
149;30779
177;30782
6;30783
41;30784
20;30801
176;30802
18;30809
2;30810
35;30845
22;30846
65;30849
47;30850
193;30851
10;30855
27;30864
6;30865
50;30878
178;30879
167;30880
1;30881
7;30884
19;30893
1;30897
37;30900
18;30906
194;30941
43;30942
183;30943
9;30944
29;30955
35;30961
18;30963
19;30965
31;30971
4;30983
14;30991
6;30994
20;30995
35;30997
18;31020
220;31037
34;31038
17;31039
36;31040
18;31057
5;31070
19;31084
16;31085
7;31086
26;31088
11;31090
4;31093
151;31133
85;31134
7;31153
37;31154
18;31155
2;31156
4;31162
20;31187
20;31191
14;31192
36;31229
4;31231
317;31232
1;31234
1;31250
6;31251
35;31252
18;31270
39;31273
238;31326
6;31327
29;31328
15;31332
2;31335
21;31337
7;31345
195;31346
174;31347
12;31348
7;31354
558;31355
155;31367
35;31370
2;31378
172;31379
57;31423
50;31425
177;31426
4;31448
33;31453
24;31454
155;31456
36;31458
61;31459
5;31464
5;31473
159;31478
7;31481
12;31483
12;31484
3;31503
74;31517
5;31518
33;31519
37;31520
68;31521
58;31523
17;31531
22;31547
5;31550
8;31551
9;31552
15;31553
36;31555
52;31556
9;31565
11;31566
23;31569
12;31570
20;31573
24;31574
43;31578
2;31579
13;31586
8;31600
77;31613
183;31614
44;31615
60;31616
14;31622
10;31635
15;31636
25;31641
26;31645
29;31647
23;31657
15;31661
12;31670
20;31696
42;31709
58;31710
28;31711
27;31712
17;31716
9;31720
10;31729
10;31730
13;31731
72;31732
26;31736
56;31737
16;31740
18;31741
6;31757
5;31763
158;31764
26;31765
42;31805
29;31806
20;31807
76;31808
11;31811
3;31813
29;31818
38;31826
25;31827
16;31828
35;31854
10;31856
9;31860
194;31901
55;31902
182;31903
12;31904
37;31909
9;31913
4;31915
63;31922
175;31923
170;31924
21;31933
32;31941
38;31945
20;31952
62;31956
65;31957
20;31997
5;31998
28;31999
3;32000
4;32020
10;32034
22;32042
12;32046
38;32055
1;32056
1;32071
56;32093
18;32094
27;32095
36;32096
29;32097
97;32098
26;32099
323;32100
12;32123
12;32127
19;32128
33;32130
2;32145
28;32152
8;32153
17;32189
41;32190
323;32191
11;32192
2;32195
12;32196
14;32209
23;32210
19;32211
12;32214
18;32221
36;32223
10;32224
8;32225
17;32227
161;32228
12;32235
7;32244
34;32248
3;32250
8;32252
15;32254
8;32285
81;32286
4;32287
104;32288
5;32301
20;32306
5;32307
24;32308
5;32311
3;32321
9;32328
9;32332
4;32335
4;32338
34;32343
39;32382
21;32383
3;32384
2;32397
17;32401
1;32402
3;32403
162;32418
29;32420
24;32429
17;32440
10;32450
71;32477
175;32478
14;32479
39;32480
7;32497
6;32498
20;32500
165;32507
17;32521
8;32527
5;32531
7;32533
12;32536
161;32573
7;32574
35;32575
51;32576
32;32577
12;32580
10;32586
18;32590
63;32595
29;32596
17;32600
30;32609
12;32621
174;32622
20;32624
18;32628
27;32630
52;32669
71;32670
1;32671
3;32672
19;32682
62;32689
1;32690
9;32691
17;32692
10;32703
31;32706
10;32713
17;32721
30;32725
65;32765
157;32766
41;32767
70;32768
75;32769
353;32770
7;32771
31;32772
7;32782
11;32798
18;32799
172;32800
82;32803
31;32821
4;32827
34;32861
54;32862
52;32863
7;32864
21;32865
52;32866
39;32867
28;32868
9;32878
15;32885
17;32893
14;32896
22;32899
20;32900
9;32902
15;32913
12;32915
6;32919
32;32924
99;32957
79;32958
28;32959
19;32960
23;32965
3;32969
24;32977
5;32990
1;33034
219;33053
35;33054
376;33055
29;33056
9;33073
1;33074
33;33102
7;33104
4;33149
6;33150
26;33152
165;33167
153;33169
184;33171
4;33179
99;33245
3;33246
37;33247
307;33248
14;33260
5;33265
2;33267
158;33268
29;33270
19;33285
20;33291
161;33292
8;33296
34;33299
7;33304
7;33319
42;33341
57;33342
63;33343
6;33346
21;33361
33;33362
12;33392
23;33394
60;33395
12;33414
13;33437
42;33439
46;33440
7;33441
31;33442
48;33443
19;33461
3;33469
5;33471
14;33473
15;33475
1;33476
37;33486
3;33487
7;33489
5;33497
31;33509
14;33512
70;33533
27;33534
7;33536
34;33538
63;33539
5;33540
23;33549
26;33552
2;33558
18;33565
9;33566
38;33570
190;33572
9;33573
4;33581
15;33585
27;33629
125;33630
226;33631
24;33632
20;33634
6;33639
3;33650
42;33651
21;33652
11;33653
9;33661
33;33675
16;33676
8;33677
6;33679
17;33688
187;33725
38;33726
92;33727
22;33728
14;33731
5;33734
80;33745
16;33746
28;33747
27;33748
22;33749
13;33767
12;33770
9;33773
5;33779
159;33821
202;33822
21;33823
57;33824
13;33828
159;33841
28;33865
30;33866
4;33871
22;33872
2;33874
3;33876
171;33917
69;33918
268;33919
177;33920
8;33937
32;33939
26;33940
12;33944
23;33959
6;33961
162;33962
162;33966
12;33972
75;34013
45;34014
175;34015
160;34016
7;34022
10;34025
182;34042
13;34044
8;34051
184;34064
28;34085
28;34103
11;34110
29;34111
7;34112
148;34113
20;34114
176;34115
160;34116
14;34139
11;34141
14;34142
9;34143
21;34144
17;34145
29;34146
4;34148
29;34159
15;34162
19;34165
13;34168
22;34182
28;34205
95;34206
3;34207
39;34208
56;34210
25;34211
2;34212
1;34237
21;34238
25;34241
33;34243
1;34262
18;34264
98;34301
4;34302
223;34303
42;34304
8;34306
24;34307
6;34315
41;34321
22;34322
2;34323
11;34324
8;34332
5;34336
31;34347
37;34397
49;34399
50;34400
27;34405
28;34419
5;34421
10;34425
26;34428
12;34442
27;34449
1;34455
12;34482
26;34493
27;34494
26;34495
72;34496
23;34513
22;34520
11;34530
24;34532
19;34540
15;34542
49;34545
25;34551
1;34558
4;34575
62;34589
86;34590
1;34591
201;34592
33;34610
2;34611
3;34638
158;34645
10;34648
16;34683
200;34685
67;34686
56;34687
27;34688
33;34707
29;34708
172;34714
32;34717
20;34730
22;34740
8;34743
34;34769
3;34771
11;34776
9;34781
7;34783
21;34784
195;34785
8;34787
119;34788
27;34815
58;34816
12;34818
33;34819
14;34834
11;34841
4;34861
203;34877
11;34878
198;34879
163;34880
10;34882
29;34883
196;34884
34;34908
49;34910
62;34911
23;34912
197;34913
51;34914
28;34916
106;34973
232;34974
40;34975
363;34976
28;34983
7;34987
50;34993
1;35005
2;35008
2;35018
17;35019
21;35022
13;35028
18;35029
