sums of daily draw-off volumes
35
82.8
117.2
132.5
146
168.8
167
108.2
112.8
61
286.2
133.8
173
82.8
163.5
252.5
149.2
42.5
178.2
115
87.2
115.5
102.8
147.5
128
72
79
193.5
249.8
125.2
98.8
225
55.2
212.5
333.2
33.5
46.2
101.8
59.5
126.8
93
170.2
65
123
209.5
77.5
46.5
86.2
83.8
154
48.5
59.5
152.5
53.2
61.2
258.5
134.2
154.8
82.5
146.5
170
173.5
83
34.8
92.5
110
73.2
58.2
72.8
107.5
202.5
108.5
81.5
94
84
203
173.8
20
234.8
61.5
101.5
177.2
149.5
120.2
47.5
108.2
71.5
68
112.2
357.8
149.8
100.8
117.2
106
238
132
186.8
175
111.8
114.8
48.8
90.8
233.5
57.8
90.8
176.5
68.8
168.5
141.2
119.5
95.2
134.2
52.2
130.2
58.2
128.2
86
110
135.8
78
133.8
99.2
57.5
48
148.2
199.5
58
137.2
43.2
127
55.5
151
256
252.2
209.8
43.5
86.2
47
211
132.8
94
154.8
153
90.5
50.8
271
166.5
73.8
39.8
231.8
80.5
93.8
85.2
184
102.5
91.2
52.2
177.5
133.2
78.2
212.5
109.2
107.5
74
96.8
88
94.5
273.5
86
80
48.2
54.8
248.8
53
52
67.2
114.2
117.8
376.2
86.5
101.2
130.5
148.5
72.8
151.5
89.8
144.8
197.2
38.5
71
40.8
100.2
48.2
170.5
61
188
116.2
99.2
88.8
132.5
92
105.8
118.2
105.8
117.2
65.5
91
65.5
129.5
96.2
54.8
80.2
137
274.2
277
87.5
106.8
216.2
46.8
74.2
70
91.2
168.8
210
231.2
188.2
121.5
76.2
38.5
57.8
249
230
38.5
41.5
50.8
81.5
111.5
291
83.8
184
151.5
154.8
122.2
76
75.8
132.2
77.2
143.5
42.2
89.2
183
44.5
75.2
39.5
133
59.8
70.8
138
47.8
47.5
103
63.2
219.2
78.8
104.8
116.8
75.2
89.5
63.2
131.2
25.2
47.2
210.5
51
117
72.5
119.5
105
120.5
237.2
38.2
131.2
35
123.2
181.5
67.8
269
122.5
69.8
34
176
99
167.2
136.5
46.2
235.8
184.2
106.2
36
78.2
123.2
154.8
60.8
95.2
103.2
148.2
88.5
113.5
134
128
71.5
70.2
84.8
122
311
240.5
162.2
253.5
95
212.8
122.5
133.2
45
100.5
82.5
171.2
102.5
125.5
167.8
84.8
61.8
36.5
138
113.2
247.2
77.5
75.2
50
411.8
204.2
98.8
78
70.8
127
64.8
46
172
71.5
100
194.5
90.5
129.2
150
113.5
44.2
186.8
193.2
203
49.5
176.2
81
85
91
92.2
135.2
sums of draw-off volumes of each hour of the day
219.7
167.6
123.8
144.1
105.9
172.1
7610.7
10729.1
4082.1
951.6
888.6
1922.4
2417.7
835.3
851.1
2289.1
1104.1
1362.1
1863.7
1720.1
1878.9
1728.4
480.5
146.7
sums of draw-off volumes of each hour of weekdays
188.6
76.4
97.8
61.8
44.2
66.3
5999.2
7392.7
2091.7
470.7
495.7
1818.5
2202.6
696
302.2
236.1
328.8
1015.7
1762.1
1459.2
1279.6
798.3
150.1
48.2
sums of draw-off volumes of each hour of weekend-days
31.1
91.2
26
82.3
61.7
105.8
1611.5
3336.4
1990.4
480.9
392.9
103.9
215.1
139.3
548.9
2053
775.3
346.4
101.6
260.9
599.3
930.1
330.4
98.5
holidays of household(s), numbers correspond to day of year
