13;29
73;30
145;31
39;32
22;44
15;49
159;51
35;56
170;68
44;76
8;78
29;84
44;85
29;104
54;125
65;126
91;127
49;128
17;130
6;145
2;148
12;158
8;162
164;173
9;177
9;178
165;179
8;186
70;222
192;223
170;224
26;241
14;243
11;244
19;262
11;265
56;267
8;268
567;270
152;278
8;291
26;302
247;317
45;318
37;319
30;320
2;340
1;343
15;347
5;351
6;364
19;374
91;413
328;414
67;415
46;416
26;421
29;423
15;433
14;435
25;441
9;457
48;458
41;460
8;462
33;467
6;470
26;471
51;509
68;510
33;511
319;512
17;513
79;514
51;515
29;516
5;525
5;535
11;539
26;542
48;544
21;545
182;547
2;549
2;567
23;575
222;605
150;606
5;607
40;608
16;609
348;610
52;611
15;612
17;635
11;638
28;640
18;641
33;642
37;643
7;644
31;657
21;660
40;663
34;665
2;666
37;701
82;702
45;703
38;704
41;722
56;724
14;737
1;746
2;747
17;749
14;751
5;755
11;760
28;761
42;797
156;798
37;799
22;800
14;812
10;817
27;819
15;820
34;824
23;841
34;842
24;843
28;851
150;892
90;893
18;894
95;895
25;896
2;899
1;913
24;914
21;915
14;921
21;931
16;938
51;944
9;949
29;955
20;989
28;990
175;991
10;996
175;1010
172;1011
161;1033
174;1034
7;1041
3;1042
7;1044
9;1045
27;1075
50;1085
207;1086
163;1087
9;1088
8;1101
4;1105
6;1106
42;1107
37;1108
30;1131
4;1133
12;1140
6;1141
3;1142
8;1143
27;1144
1;1180
223;1181
19;1182
66;1185
30;1186
193;1187
5;1207
3;1214
17;1215
3;1218
31;1219
560;1220
35;1235
3;1238
7;1240
5;1281
13;1282
16;1284
152;1309
185;1314
44;1315
15;1326
194;1327
6;1329
22;1330
1;1339
7;1340
38;1373
10;1374
11;1375
69;1376
22;1392
55;1393
22;1394
34;1395
29;1396
19;1398
26;1427
52;1469
176;1470
24;1472
156;1476
8;1477
17;1486
3;1487
154;1489
10;1491
8;1501
16;1506
5;1517
80;1565
63;1566
163;1567
17;1568
10;1585
1;1586
21;1593
170;1595
16;1597
31;1602
1;1611
169;1616
24;1617
32;1623
6;1624
9;1661
44;1662
67;1663
4;1664
5;1678
17;1681
26;1683
13;1684
161;1701
172;1706
28;1707
165;1715
9;1744
5;1755
6;1757
29;1758
35;1759
365;1760
11;1772
29;1778
29;1779
21;1780
11;1788
9;1795
8;1803
5;1813
12;1814
16;1834
1;1852
7;1853
51;1854
9;1856
76;1857
35;1860
3;1865
13;1871
12;1877
61;1885
12;1886
40;1888
16;1889
4;1890
73;1891
15;1892
23;1899
11;1913
21;1915
9;1927
27;1950
195;1951
182;1952
33;1953
181;1954
42;1983
6;1984
33;1985
21;1987
26;1996
12;2004
17;2010
25;2011
6;2012
7;2023
22;2045
231;2046
2;2047
52;2048
13;2056
41;2065
10;2070
7;2072
19;2093
18;2095
2;2099
10;2103
10;2104
4;2111
26;2123
18;2141
38;2142
27;2143
9;2144
3;2154
16;2156
4;2161
27;2162
13;2164
10;2178
3;2185
172;2187
12;2191
159;2192
10;2196
27;2197
1;2200
16;2237
43;2238
383;2239
43;2240
9;2257
20;2259
49;2260
4;2275
36;2282
16;2285
15;2286
19;2292
40;2293
32;2294
162;2296
49;2333
20;2334
47;2335
53;2336
33;2341
48;2356
11;2377
16;2385
28;2386
24;2413
29;2418
1;2424
5;2429
35;2430
33;2431
18;2432
43;2456
3;2466
24;2475
150;2477
17;2483
12;2492
3;2517
189;2525
26;2526
207;2527
14;2528
33;2530
186;2531
21;2532
35;2545
3;2550
29;2557
29;2560
4;2561
16;2562
30;2566
28;2567
481;2580
28;2588
8;2621
15;2622
10;2623
101;2624
16;2625
56;2626
27;2627
27;2628
4;2651
37;2655
20;2656
23;2657
10;2659
11;2660
2;2675
24;2676
564;2678
9;2681
191;2683
72;2717
85;2718
49;2719
212;2720
25;2736
39;2738
33;2739
12;2740
22;2750
17;2752
17;2755
6;2763
19;2770
7;2786
88;2813
209;2814
28;2815
10;2816
14;2828
59;2833
33;2834
6;2835
164;2836
8;2859
158;2864
181;2866
23;2868
21;2869
29;2909
33;2910
21;2911
14;2912
1;2920
38;2930
6;2959
421;3005
44;3006
44;3007
79;3008
10;3014
10;3025
189;3026
18;3027
21;3037
1;3042
40;3043
22;3047
7;3056
151;3077
24;3101
179;3102
2;3103
233;3104
25;3119
67;3122
1;3127
32;3130
12;3132
29;3145
3;3150
1;3152
31;3153
7;3154
17;3155
41;3158
5;3160
29;3185
7;3191
25;3197
39;3198
6;3199
177;3200
158;3201
86;3203
2;3214
156;3227
17;3229
31;3232
26;3236
14;3251
29;3253
20;3255
16;3257
161;3261
8;3277
2;3283
8;3293
98;3294
36;3295
1;3297
70;3298
192;3299
10;3305
21;3306
1;3325
19;3328
6;3329
37;3330
14;3331
25;3337
35;3348
17;3352
18;3353
6;3354
57;3389
18;3390
10;3391
28;3392
31;3394
1;3402
14;3434
32;3436
24;3439
27;3445
366;3485
22;3486
21;3487
17;3488
4;3505
332;3508
27;3533
29;3541
203;3581
41;3582
67;3583
39;3584
553;3595
11;3598
70;3601
32;3603
41;3604
14;3609
14;3618
32;3625
16;3626
14;3630
26;3638
167;3650
1;3666
55;3677
10;3678
168;3679
55;3680
28;3697
30;3699
12;3700
27;3715
2;3723
36;3724
7;3727
160;3729
30;3730
15;3731
33;3736
63;3773
10;3774
23;3775
201;3776
32;3793
20;3794
10;3795
34;3799
3;3816
16;3820
10;3823
43;3826
41;3830
173;3843
16;3869
7;3870
9;3871
4;3872
159;3873
162;3874
28;3875
31;3876
14;3884
15;3887
27;3902
164;3903
2;3921
29;3922
5;3931
23;3936
36;3965
40;3966
3;3967
172;3968
37;3969
13;3971
9;3972
20;3973
12;3998
1;4001
26;4002
13;4007
25;4017
2;4018
28;4022
25;4025
31;4026
17;4028
34;4030
46;4061
41;4062
50;4063
16;4064
20;4066
147;4074
2;4075
16;4082
6;4083
3;4086
22;4106
7;4108
27;4109
1;4111
20;4119
17;4127
72;4157
46;4158
44;4160
28;4161
13;4162
30;4165
147;4171
534;4177
179;4179
147;4180
1;4182
12;4201
3;4203
151;4204
6;4210
11;4216
18;4254
30;4255
44;4256
12;4259
26;4275
13;4276
34;4284
8;4289
23;4300
9;4301
36;4302
3;4303
26;4305
3;4312
12;4313
21;4349
49;4350
84;4351
35;4352
6;4355
24;4370
15;4371
3;4378
3;4384
3;4394
17;4395
18;4399
565;4405
12;4423
19;4430
40;4442
110;4445
8;4446
47;4447
23;4448
54;4449
153;4454
16;4462
5;4465
14;4466
38;4468
19;4473
22;4489
11;4491
162;4499
27;4523
16;4542
7;4543
37;4544
9;4545
30;4547
3;4548
66;4573
166;4574
32;4577
37;4578
3;4580
31;4593
3;4597
24;4599
20;4637
47;4638
2;4639
1;4642
148;4643
9;4644
5;4652
19;4657
575;4669
11;4670
31;4672
4;4673
17;4675
2;4692
11;4693
49;4733
20;4734
4;4735
40;4736
28;4753
15;4754
155;4755
10;4783
31;4785
11;4786
91;4829
60;4830
154;4831
26;4832
4;4851
14;4852
9;4866
5;4875
161;4878
169;4880
5;4886
16;4887
12;4888
2;4896
43;4926
150;4927
103;4928
157;4942
47;4945
7;4946
31;4947
12;4948
4;4955
19;4962
11;4972
56;4982
3;4983
12;5021
67;5022
49;5023
201;5024
37;5026
155;5041
32;5042
27;5044
7;5053
30;5062
186;5067
9;5068
149;5070
312;5074
30;5077
45;5117
60;5118
33;5119
5;5120
30;5131
11;5138
22;5139
12;5146
29;5147
160;5158
190;5164
19;5170
10;5172
10;5175
4;5176
14;5213
44;5214
7;5215
37;5217
570;5219
23;5238
3;5241
3;5245
169;5246
13;5247
34;5248
75;5249
17;5250
22;5251
36;5257
2;5259
29;5264
15;5265
4;5273
13;5276
9;5309
16;5310
110;5311
1;5312
5;5313
53;5314
45;5315
19;5316
164;5321
10;5331
15;5332
7;5339
28;5341
19;5343
18;5344
4;5345
9;5346
18;5347
558;5348
36;5352
34;5358
26;5362
36;5364
4;5365
17;5367
212;5405
57;5406
568;5407
37;5428
32;5439
15;5454
30;5457
23;5458
3;5460
26;5470
53;5501
72;5502
191;5503
45;5504
4;5519
23;5521
31;5523
9;5524
17;5529
21;5531
13;5546
28;5560
16;5567
52;5597
73;5598
39;5599
202;5600
167;5614
12;5617
18;5619
26;5635
30;5643
59;5646
15;5647
6;5648
22;5650
31;5651
15;5655
3;5685
46;5694
84;5695
252;5696
3;5713
29;5714
18;5717
4;5726
163;5736
32;5740
31;5742
19;5745
27;5746
10;5789
49;5790
38;5791
43;5792
5;5806
25;5809
10;5810
29;5811
14;5833
7;5837
3;5847
1;5866
48;5885
7;5886
40;5887
63;5888
23;5889
14;5890
52;5891
16;5892
16;5904
7;5917
9;5918
14;5920
28;5921
161;5937
9;5947
3;5981
38;5984
24;5985
4;5986
42;5987
2;6007
2;6015
2;6016
5;6018
7;6019
2;6020
22;6033
39;6034
23;6036
48;6077
58;6078
24;6079
16;6080
22;6091
24;6097
18;6098
7;6099
11;6111
7;6123
32;6125
13;6127
20;6128
33;6131
25;6132
28;6134
7;6159
20;6173
43;6174
72;6175
79;6176
37;6193
4;6194
28;6195
27;6196
1;6200
5;6223
16;6224
3;6227
75;6269
240;6270
350;6271
32;6272
26;6274
10;6281
5;6289
11;6290
38;6291
23;6309
165;6312
163;6314
8;6320
37;6365
24;6366
58;6367
27;6368
199;6385
44;6387
23;6393
32;6411
159;6413
24;6416
11;6461
40;6462
32;6463
244;6464
8;6479
13;6484
10;6497
36;6499
12;6500
30;6505
20;6511
2;6514
19;6515
41;6517
6;6519
1;6537
25;6538
25;6557
15;6558
1;6559
3;6560
6;6561
86;6562
42;6563
13;6564
19;6576
21;6579
16;6589
12;6590
16;6591
6;6592
13;6594
45;6595
33;6596
12;6601
4;6604
23;6609
34;6611
24;6616
21;6617
11;6618
39;6620
155;6624
1;6627
8;6653
32;6654
68;6655
57;6657
2;6658
39;6659
20;6676
20;6678
30;6684
23;6686
69;6687
64;6688
13;6689
11;6697
40;6700
24;6701
20;6711
19;6712
15;6715
19;6749
51;6750
35;6751
277;6752
24;6755
19;6761
48;6766
23;6770
29;6771
155;6772
170;6798
6;6801
6;6802
18;6803
1;6805
193;6807
1;6845
34;6846
30;6847
185;6848
16;6863
25;6865
21;6866
9;6867
5;6890
18;6893
7;6894
9;6896
21;6897
15;6898
39;6899
11;6904
654;6941
215;6942
23;6943
31;6944
10;6948
9;6965
17;6966
153;6984
20;6986
163;6989
166;6992
14;6994
41;7037
195;7038
71;7039
20;7040
2;7059
13;7074
8;7082
3;7093
31;7094
22;7107
19;7124
64;7133
25;7134
20;7135
53;7136
36;7153
207;7155
5;7160
3;7175
12;7177
7;7182
6;7183
31;7185
170;7229
37;7231
4;7232
168;7233
26;7234
171;7235
15;7236
23;7254
14;7257
27;7260
20;7262
35;7263
61;7265
12;7266
17;7268
35;7274
3;7281
24;7285
3;7286
20;7292
22;7304
17;7317
158;7326
36;7327
49;7328
27;7329
160;7330
9;7332
10;7336
20;7357
18;7381
35;7382
7;7383
66;7421
211;7422
32;7423
27;7424
72;7442
26;7443
5;7459
37;7461
11;7469
12;7477
88;7517
23;7518
197;7519
190;7520
8;7537
18;7538
149;7539
52;7540
10;7546
37;7548
7;7551
11;7554
24;7561
30;7570
30;7571
619;7576
164;7613
66;7614
41;7615
215;7616
14;7621
154;7623
29;7625
173;7628
157;7632
58;7633
22;7634
18;7635
19;7658
4;7664
201;7709
79;7710
4;7711
6;7712
14;7721
29;7724
11;7729
198;7730
25;7731
4;7732
160;7735
37;7753
34;7762
12;7805
100;7806
23;7807
64;7808
14;7826
38;7827
28;7828
24;7835
12;7842
5;7847
39;7860
23;7883
7;7900
47;7901
170;7902
68;7903
17;7904
178;7906
212;7908
9;7914
183;7933
27;7936
17;7937
151;7938
19;7940
17;7952
11;7959
36;7962
39;7963
23;7997
3;7998
168;7999
62;8001
25;8003
43;8004
2;8007
158;8026
24;8031
63;8032
34;8033
28;8036
8;8049
158;8051
13;8056
7;8094
33;8095
18;8096
6;8102
2;8113
26;8114
4;8116
27;8143
7;8145
5;8146
3;8148
3;8151
34;8189
101;8190
67;8191
28;8192
163;8194
5;8195
3;8197
30;8203
34;8206
8;8209
25;8210
25;8211
15;8212
8;8213
25;8218
3;8226
9;8238
1;8244
2;8246
8;8281
252;8285
56;8286
72;8287
219;8288
24;8303
194;8306
19;8307
23;8308
12;8316
4;8327
34;8329
3;8331
167;8332
1;8338
3;8342
20;8382
32;8383
26;8384
3;8394
190;8401
24;8403
26;8404
18;8408
27;8430
8;8431
11;8436
4;8437
11;8439
64;8478
20;8479
42;8480
3;8497
30;8498
13;8499
223;8500
9;8518
14;8521
11;8532
22;8535
11;8573
20;8574
28;8575
50;8576
7;8577
5;8578
31;8579
45;8580
9;8585
10;8605
11;8606
15;8608
22;8626
14;8634
27;8635
24;8640
38;8655
6;8658
5;8665
2;8666
54;8667
54;8668
8;8669
13;8670
17;8671
6;8672
26;8686
1;8694
8;8697
6;8698
18;8699
2;8700
1;8702
28;8703
30;8704
3;8717
30;8719
4;8728
53;8761
44;8762
16;8763
95;8764
25;8781
28;8782
27;8789
1;8806
33;8818
148;8822
110;8857
7;8858
174;8859
20;8860
30;8877
50;8879
27;8880
18;8883
16;8904
155;8910
7;8911
25;8912
23;8953
77;8954
172;8955
44;8956
18;8961
15;8964
19;8974
4;8975
86;8976
14;8985
40;8989
2;8999
18;9001
8;9007
24;9010
166;9012
54;9049
91;9051
7;9052
27;9071
33;9072
22;9093
8;9096
34;9097
9;9100
7;9101
61;9105
173;9145
29;9146
31;9147
29;9148
6;9159
8;9167
23;9168
26;9176
14;9177
3;9185
30;9189
17;9195
23;9201
2;9204
53;9241
51;9242
58;9243
51;9244
33;9247
8;9248
9;9252
1;9263
25;9272
65;9273
6;9274
7;9275
12;9278
9;9279
9;9292
7;9294
19;9295
554;9339
21;9340
11;9341
231;9342
22;9343
51;9344
13;9345
2;9369
37;9371
9;9374
42;9376
21;9379
29;9390
23;9392
16;9394
54;9395
4;9398
39;9433
20;9434
56;9435
76;9436
11;9443
22;9449
13;9453
158;9454
18;9455
35;9456
10;9464
171;9478
161;9480
9;9489
20;9490
1;9494
50;9529
32;9530
56;9531
14;9532
13;9547
13;9549
20;9550
16;9573
28;9574
30;9577
28;9580
176;9583
28;9588
14;9625
66;9626
90;9627
32;9628
1;9632
167;9646
4;9648
13;9671
1;9672
53;9721
406;9722
19;9723
51;9724
2;9742
1;9743
10;9744
19;9761
14;9771
10;9773
154;9774
17;9791
159;9801
8;9806
61;9817
210;9819
33;9820
34;9822
33;9829
8;9837
15;9839
15;9840
7;9848
555;9860
37;9866
23;9885
25;9896
80;9913
11;9914
29;9915
34;9916
12;9918
591;9919
32;9920
14;9932
28;9935
35;9945
3;9947
13;9950
158;9966
72;9967
20;9968
3;9981
170;9993
163;10000
25;10011
318;10013
233;10015
28;10016
25;10018
27;10041
578;10042
33;10043
3;10044
35;10045
11;10046
14;10047
5;10048
172;10061
4;10065
9;10069
4;10070
10;10072
217;10105
10;10106
324;10107
181;10108
47;10128
18;10151
19;10153
1;10162
34;10183
34;10201
72;10202
1;10203
44;10204
17;10216
150;10218
11;10221
45;10222
43;10223
7;10224
15;10247
15;10248
29;10250
15;10260
25;10262
25;10297
66;10298
42;10299
173;10300
22;10315
13;10316
21;10318
9;10320
27;10342
33;10343
14;10348
34;10350
13;10351
19;10352
174;10353
25;10393
53;10394
50;10395
6;10396
8;10399
8;10413
170;10414
18;10416
24;10426
8;10439
25;10440
21;10442
23;10489
61;10491
94;10492
7;10512
27;10529
11;10533
27;10538
6;10541
23;10585
51;10586
16;10587
50;10589
22;10590
15;10591
81;10592
2;10607
36;10619
13;10621
214;10622
324;10623
9;10637
71;10638
16;10648
14;10682
23;10684
27;10685
764;10686
170;10687
12;10688
37;10705
16;10713
5;10714
11;10715
54;10719
10;10723
17;10724
2;10729
25;10741
27;10742
26;10743
65;10777
193;10778
128;10779
75;10780
11;10782
162;10797
13;10826
7;10839
2;10865
13;10873
6;10874
32;10875
19;10876
13;10877
10;10879
33;10884
11;10892
31;10894
163;10895
5;10896
14;10909
19;10919
9;10965
22;10966
67;10969
125;10970
33;10971
55;10972
9;10976
2;10989
16;10991
8;10992
15;10999
34;11005
11;11009
8;11018
9;11020
12;11021
15;11023
22;11024
25;11025
21;11026
39;11027
20;11038
1;11040
181;11065
69;11066
34;11067
54;11068
23;11085
13;11086
20;11087
7;11088
10;11092
33;11109
4;11114
26;11121
26;11144
14;11161
19;11162
29;11163
43;11164
28;11181
172;11183
34;11184
34;11209
7;11211
13;11217
82;11259
72;11260
23;11261
167;11262
11;11264
8;11284
13;11289
6;11290
15;11295
24;11296
5;11303
2;11309
10;11314
12;11315
22;11316
30;11320
216;11353
41;11354
14;11355
217;11356
2;11357
173;11359
13;11360
1;11364
26;11366
5;11376
18;11383
12;11385
188;11386
30;11388
17;11391
2;11392
165;11401
16;11406
149;11409
2;11411
28;11412
41;11413
29;11416
65;11450
126;11451
55;11452
9;11457
1;11466
16;11469
9;11470
44;11472
15;11475
11;11476
24;11485
23;11495
22;11498
14;11500
7;11505
11;11508
33;11545
69;11546
167;11547
21;11548
45;11566
150;11567
8;11592
6;11600
31;11641
266;11642
325;11643
168;11644
13;11650
22;11657
5;11661
19;11662
35;11663
168;11664
10;11666
21;11667
22;11683
13;11686
4;11687
27;11688
18;11691
27;11693
6;11695
367;11737
63;11738
74;11739
109;11740
88;11757
29;11758
9;11759
10;11778
36;11788
54;11833
21;11834
37;11835
187;11836
16;11853
6;11854
152;11876
2;11878
31;11879
29;11890
31;11905
24;11908
10;11911
25;11912
33;11929
26;11930
13;11931
6;11932
33;11933
18;11934
164;11961
9;11962
31;11965
37;11967
28;11968
6;11979
26;11986
4;11987
17;11990
11;11991
60;12026
24;12027
21;12028
31;12029
24;12030
29;12031
2;12035
13;12041
29;12045
15;12053
43;12057
10;12059
175;12060
41;12062
4;12064
7;12081
31;12082
40;12085
149;12089
2;12092
88;12121
59;12122
34;12123
48;12124
26;12131
20;12136
22;12141
16;12142
2;12143
27;12144
15;12165
173;12166
22;12173
40;12178
7;12179
11;12202
76;12218
17;12219
80;12220
5;12229
91;12237
172;12238
31;12262
34;12264
22;12266
16;12267
9;12271
20;12274
6;12303
27;12313
55;12314
5;12315
63;12316
12;12317
10;12325
153;12326
16;12327
10;12333
16;12354
160;12360
27;12361
4;12365
8;12366
30;12368
38;12371
35;12372
208;12409
4;12410
47;12411
26;12412
8;12424
6;12430
27;12431
8;12432
615;12505
69;12506
27;12507
45;12508
7;12514
11;12525
15;12526
12;12527
30;12528
15;12529
3;12530
31;12553
168;12557
1;12558
9;12559
171;12562
18;12601
34;12602
193;12603
30;12604
33;12605
190;12606
165;12610
12;12613
33;12614
159;12621
24;12625
3;12627
10;12634
9;12635
1;12636
9;12638
3;12639
12;12641
157;12656
19;12658
2;12660
19;12673
13;12674
23;12697
3;12699
14;12701
45;12702
20;12703
46;12704
2;12728
40;12730
14;12732
28;12733
37;12757
27;12763
13;12777
371;12793
51;12794
23;12795
34;12796
155;12797
12;12802
29;12807
6;12815
14;12816
6;12834
23;12842
4;12844
17;12846
35;12850
40;12889
84;12890
99;12891
27;12892
4;12911
15;12912
145;12925
32;12936
164;12938
5;12942
3;12943
14;12985
335;12986
216;12987
107;12988
9;12998
5;13006
6;13031
22;13034
5;13037
29;13081
74;13082
4;13083
337;13084
1;13094
24;13101
7;13102
18;13103
21;13104
8;13116
3;13125
161;13128
23;13140
22;13177
36;13178
68;13179
34;13180
13;13194
4;13197
586;13198
1;13200
40;13207
21;13220
19;13226
16;13235
94;13273
12;13275
48;13276
27;13277
224;13279
36;13280
2;13282
18;13300
34;13307
6;13312
19;13314
60;13325
5;13330
2;13335
160;13337
7;13369
2;13371
65;13372
44;13373
31;13374
2;13375
40;13376
17;13403
20;13404
6;13405
12;13407
25;13408
8;13409
15;13410
2;13412
5;13425
19;13465
67;13466
15;13467
35;13468
166;13481
1;13485
35;13487
9;13497
23;13509
36;13513
45;13518
5;13519
25;13522
10;13524
18;13528
1;13561
168;13562
52;13563
41;13564
15;13569
15;13570
166;13576
6;13581
12;13583
10;13605
151;13606
12;13611
3;13618
29;13657
199;13658
20;13659
55;13660
13;13672
16;13673
24;13675
10;13679
19;13680
30;13691
22;13692
27;13693
12;13699
16;13708
35;13709
27;13711
26;13753
38;13754
32;13755
46;13756
18;13773
9;13774
20;13782
12;13784
4;13797
6;13807
7;13808
9;13810
12;13812
98;13849
100;13850
33;13851
34;13853
18;13857
3;13859
26;13869
20;13870
31;13872
32;13880
23;13894
168;13898
18;13900
13;13901
27;13907
16;13946
30;13947
35;13949
7;13952
34;13978
42;13979
44;13980
21;13981
30;13983
8;13999
27;14003
14;14004
16;14007
15;14008
163;14016
3;14042
38;14043
50;14044
155;14045
22;14046
47;14047
10;14048
3;14073
8;14074
51;14077
7;14078
23;14080
1;14093
156;14095
22;14098
9;14103
174;14137
167;14138
215;14139
6;14140
19;14153
37;14157
7;14158
4;14159
8;14167
4;14172
29;14180
15;14185
1;14233
38;14234
206;14235
47;14236
151;14237
26;14251
10;14253
55;14256
6;14258
27;14262
2;14265
5;14279
40;14282
28;14284
7;14286
59;14329
118;14330
30;14331
45;14332
8;14349
13;14350
27;14351
56;14352
9;14368
18;14376
1;14384
1;14385
163;14386
23;14418
10;14425
15;14426
1;14427
20;14428
38;14445
27;14446
19;14447
25;14448
157;14463
159;14469
7;14470
10;14471
34;14472
158;14474
2;14480
2;14482
48;14521
24;14522
39;14523
36;14524
29;14543
25;14565
24;14571
20;14573
45;14617
4;14618
182;14619
170;14620
4;14621
38;14622
31;14623
43;14624
4;14632
59;14649
18;14651
28;14652
31;14653
7;14654
153;14668
38;14671
7;14673
4;14711
18;14713
8;14714
61;14716
5;14719
51;14720
8;14722
2;14723
39;14749
145;14750
19;14752
20;14774
81;14809
42;14810
70;14811
199;14812
19;14813
30;14828
50;14832
23;14853
13;14864
27;14868
43;14905
47;14906
47;14907
39;14908
22;14911
5;14921
8;14928
32;14930
9;14945
4;14949
9;14955
21;14957
5;14982
38;15001
7;15002
38;15003
13;15014
37;15021
23;15024
9;15029
2;15051
46;15055
10;15097
28;15099
51;15100
6;15103
11;15105
14;15111
11;15117
23;15118
60;15120
24;15142
2;15150
5;15152
7;15176
34;15193
29;15194
230;15195
58;15196
5;15209
39;15213
30;15215
6;15216
23;15240
7;15243
6;15244
18;15249
24;15260
15;15273
18;15286
35;15289
22;15292
37;15293
29;15294
6;15296
23;15308
3;15321
21;15322
23;15323
28;15324
3;15334
34;15349
8;15350
6;15358
10;15371
22;15385
50;15386
41;15387
164;15388
67;15389
70;15390
24;15391
20;15392
26;15415
13;15417
6;15421
14;15422
161;15435
29;15437
34;15445
10;15448
42;15481
229;15482
18;15483
32;15484
23;15498
11;15502
9;15531
1;15536
4;15540
32;15577
74;15578
19;15579
243;15580
4;15584
38;15598
54;15600
28;15607
15;15610
2;15623
27;15627
174;15673
23;15674
32;15675
21;15676
20;15679
9;15693
8;15694
27;15695
5;15696
4;15697
4;15709
4;15717
13;15720
26;15728
2;15756
6;15769
16;15770
28;15771
27;15772
11;15777
27;15779
26;15783
11;15789
16;15790
156;15791
29;15792
10;15802
20;15815
6;15818
156;15820
27;15865
34;15866
52;15867
582;15868
33;15870
4;15888
19;15890
21;15906
17;15908
1;15910
32;15913
21;15918
12;15919
13;15920
12;15932
28;15936
10;15962
58;15963
8;15964
51;15965
33;15966
16;15968
26;15972
165;15983
5;15987
12;15990
5;15991
35;15997
15;16003
13;16015
8;16021
7;16024
7;16037
22;16042
52;16057
12;16058
8;16059
24;16060
65;16061
45;16064
25;16089
29;16090
20;16093
31;16095
21;16109
22;16110
92;16153
49;16154
170;16155
24;16156
38;16169
12;16173
17;16175
10;16176
20;16180
7;16186
3;16193
27;16197
16;16203
20;16210
22;16213
11;16233
49;16249
44;16250
42;16251
183;16252
29;16269
28;16271
24;16272
16;16288
34;16298
17;16302
14;16312
179;16345
1;16346
26;16347
56;16348
24;16365
13;16366
1;16367
25;16368
6;16389
25;16390
31;16393
24;16394
2;16396
10;16397
7;16400
18;16424
32;16427
4;16430
29;16441
58;16442
92;16443
41;16444
24;16461
33;16464
24;16471
4;16486
10;16488
161;16491
39;16493
4;16495
11;16497
9;16500
3;16537
370;16538
54;16539
26;16540
25;16559
14;16560
29;16570
1;16579
4;16581
6;16587
18;16588
6;16589
6;16591
3;16617
5;16620
18;16634
205;16636
39;16637
58;16638
14;16639
28;16642
10;16662
163;16663
23;16664
32;16669
39;16671
26;16674
11;16675
21;16679
13;16688
16;16729
46;16731
13;16732
14;16733
18;16734
11;16735
21;16736
30;16741
153;16750
35;16752
2;16756
32;16760
37;16761
6;16762
22;16764
58;16767
19;16787
17;16789
32;16791
44;16825
26;16826
7;16827
79;16828
202;16846
160;16850
7;16869
9;16872
14;16875
1;16876
4;16877
18;16878
45;16881
11;16884
38;16921
214;16923
36;16924
23;16941
10;16942
19;16943
10;16944
3;16970
25;16972
5;16975
2;16976
15;17017
23;17019
8;17020
28;17030
19;17037
17;17039
16;17048
24;17052
10;17058
4;17064
1;17070
19;17076
239;17113
103;17114
157;17115
29;17116
5;17134
165;17142
35;17144
9;17160
7;17163
7;17166
325;17171
70;17209
202;17210
39;17211
36;17212
3;17213
14;17216
7;17221
22;17231
4;17232
10;17233
159;17237
6;17239
20;17244
17;17261
31;17267
15;17268
9;17305
35;17306
14;17307
68;17309
24;17310
5;17312
11;17324
12;17325
30;17337
3;17338
54;17340
19;17341
13;17342
14;17363
25;17368
20;17401
196;17402
44;17403
29;17404
8;17407
146;17408
15;17433
18;17436
30;17437
18;17438
163;17439
179;17444
12;17455
22;17456
7;17460
37;17463
216;17497
9;17498
96;17499
32;17500
5;17511
6;17513
37;17518
4;17526
17;17543
21;17544
54;17593
20;17594
36;17595
170;17596
48;17613
190;17615
39;17616
26;17626
32;17635
14;17647
5;17652
64;17689
585;17690
25;17691
39;17692
27;17694
31;17711
9;17712
6;17723
25;17741
22;17746
29;17785
5;17786
59;17787
195;17788
27;17790
14;17803
21;17805
3;17807
35;17829
45;17881
56;17882
45;17883
61;17884
19;17892
11;17901
21;17903
18;17904
16;17937
6;17977
32;17978
12;17979
25;17980
43;17982
72;17983
6;17984
25;17991
20;18005
28;18009
3;18010
170;18013
20;18014
20;18015
25;18021
11;18026
13;18030
11;18033
4;18034
20;18036
54;18074
23;18075
18;18076
40;18077
60;18078
20;18080
6;18098
54;18105
47;18108
12;18109
18;18112
8;18124
37;18130
24;18134
32;18163
13;18169
21;18170
59;18171
47;18172
1;18196
11;18199
9;18200
19;18211
21;18217
24;18220
49;18222
4;18228
79;18265
256;18266
63;18267
36;18268
33;18281
44;18287
13;18288
23;18292
157;18320
34;18321
175;18361
215;18362
16;18363
30;18364
2;18376
19;18381
5;18382
24;18383
9;18384
65;18406
17;18413
159;18418
33;18457
3;18458
52;18459
75;18460
20;18462
154;18477
8;18484
157;18489
6;18502
20;18504
17;18509
20;18553
10;18555
87;18556
9;18562
23;18573
180;18575
189;18576
12;18608
557;18610
7;18630
8;18649
49;18650
146;18651
25;18652
26;18653
24;18655
25;18656
2;18681
6;18682
9;18685
24;18687
28;18688
12;18702
48;18703
3;18705
6;18706
46;18711
172;18745
50;18747
161;18749
31;18750
63;18752
12;18767
7;18777
33;18778
5;18779
197;18781
7;18783
7;18784
22;18798
15;18799
4;18806
9;18807
48;18841
34;18842
73;18843
31;18844
14;18868
37;18889
182;18896
26;18897
4;18899
10;18900
49;18937
87;18938
29;18939
200;18940
155;18947
23;18958
38;18959
13;18960
4;18969
7;18973
160;18976
18;18978
41;18982
4;18984
11;18990
21;18998
153;19012
60;19033
166;19034
53;19035
58;19036
165;19053
7;19054
29;19055
6;19076
27;19077
34;19081
37;19084
3;19085
16;19086
9;19089
17;19091
84;19130
38;19131
6;19132
21;19133
24;19135
189;19149
22;19151
6;19169
19;19176
25;19180
15;19181
11;19185
1;19191
34;19225
30;19226
28;19227
15;19228
7;19230
12;19234
48;19246
36;19247
4;19250
16;19257
13;19258
173;19259
149;19274
20;19282
28;19283
25;19284
26;19321
27;19322
13;19324
24;19325
181;19326
36;19327
15;19328
8;19334
27;19349
30;19353
30;19355
168;19357
1;19358
10;19359
31;19369
4;19373
28;19382
19;19384
3;19417
211;19418
48;19419
8;19420
7;19421
21;19422
4;19423
7;19424
17;19425
4;19439
43;19450
8;19451
26;19454
19;19456
32;19459
16;19462
6;19470
2;19471
31;19474
31;19476
26;19480
27;19500
60;19513
21;19514
58;19515
40;19516
12;19534
26;19535
3;19536
28;19554
161;19562
14;19563
28;19565
25;19567
39;19568
4;19571
34;19609
13;19610
12;19611
75;19612
1;19619
16;19630
66;19631
21;19632
152;19638
4;19645
23;19652
4;19663
31;19665
27;19667
98;19706
73;19707
42;19708
157;19718
56;19727
29;19756
3;19761
26;19763
12;19783
8;19785
606;19802
178;19803
54;19804
32;19821
10;19824
12;19840
33;19847
3;19848
14;19857
32;19860
20;19897
11;19898
73;19899
34;19900
41;19920
16;19937
151;19948
29;19994
16;19995
45;19996
11;19997
36;19998
202;19999
24;20007
16;20026
66;20028
3;20029
33;20031
20;20046
2;20048
30;20051
6;20052
28;20082
20;20089
17;20091
22;20092
8;20093
19;20095
43;20096
22;20122
3;20123
153;20125
29;20126
19;20127
11;20133
32;20150
46;20185
37;20186
153;20187
369;20188
7;20198
11;20207
9;20232
22;20235
165;20242
14;20244
13;20257
7;20271
37;20281
41;20282
113;20283
49;20284
8;20301
16;20302
3;20327
3;20336
24;20338
4;20340
124;20377
61;20378
12;20379
35;20380
156;20387
31;20391
7;20400
14;20429
13;20433
64;20473
605;20474
43;20475
32;20476
159;20490
23;20493
161;20494
27;20495
13;20509
160;20517
3;20518
2;20519
36;20520
9;20527
10;20530
25;20569
54;20570
581;20571
43;20572
31;20575
16;20576
13;20583
21;20590
11;20591
25;20592
10;20615
18;20619
11;20626
31;20665
12;20666
9;20669
160;20670
91;20671
5;20693
3;20697
25;20698
13;20704
22;20724
16;20734
37;20761
33;20762
9;20764
26;20765
14;20767
22;20768
3;20782
3;20795
27;20799
32;20816
5;20817
25;20819
167;20820
3;20857
45;20858
65;20859
105;20860
35;20862
33;20877
18;20880
11;20906
14;20908
28;20912
8;20913
6;20954
169;20955
58;20956
38;20973
45;20975
7;20976
8;20985
32;21007
2;21011
34;21012
112;21049
31;21050
54;21051
18;21052
38;21067
10;21099
18;21102
20;21103
15;21106
19;21145
189;21146
49;21147
24;21148
21;21155
12;21166
25;21168
17;21191
9;21193
8;21195
10;21197
33;21204
10;21208
24;21241
206;21242
8;21243
50;21244
5;21260
60;21262
16;21264
23;21266
5;21274
153;21308
1;21327
6;21332
7;21337
19;21339
31;21340
33;21342
8;21343
30;21344
2;21357
11;21358
21;21369
18;21371
14;21373
23;21374
15;21388
5;21389
27;21392
27;21393
37;21394
11;21395
27;21397
50;21435
42;21436
60;21437
52;21438
22;21439
2;21440
159;21449
30;21463
4;21469
26;21485
2;21489
91;21494
23;21496
276;21529
23;21530
38;21531
40;21532
14;21550
8;21569
14;21573
8;21578
9;21579
164;21585
26;21586
166;21625
5;21626
57;21627
40;21628
9;21635
5;21645
11;21646
27;21647
22;21672
12;21675
27;21676
3;21680
19;21682
227;21723
41;21724
13;21742
8;21743
5;21744
24;21745
13;21747
26;21750
6;21774
13;21775
6;21777
20;21778
10;21779
218;21817
208;21818
22;21819
4;21820
8;21837
23;21838
10;21876
15;21877
93;21913
20;21914
29;21915
53;21916
207;21933
26;21935
16;21952
34;21962
22;21972
21;21994
43;21998
56;22009
3;22010
14;22011
34;22012
31;22014
193;22015
32;22016
4;22036
11;22042
548;22043
20;22044
148;22048
23;22064
15;22065
28;22069
15;22087
21;22105
10;22106
48;22107
9;22110
83;22111
17;22112
10;22138
2;22141
5;22142
26;22144
4;22150
12;22151
10;22157
22;22160
6;22163
2;22170
4;22202
162;22203
20;22204
45;22221
153;22222
27;22223
148;22224
24;22249
33;22250
2;22251
132;22297
203;22298
193;22299
25;22300
53;22317
7;22318
48;22319
32;22329
24;22342
15;22345
2;22347
15;22349
30;22351
13;22356
2;22369
197;22393
188;22394
82;22395
62;22396
12;22398
165;22401
30;22405
16;22413
17;22414
10;22419
18;22437
35;22440
8;22447
2;22448
25;22464
7;22471
19;22489
11;22490
16;22491
18;22492
20;22509
48;22511
4;22515
44;22533
162;22536
15;22538
17;22540
29;22543
28;22548
25;22585
596;22586
99;22587
2;22606
31;22609
10;22628
6;22640
4;22643
31;22652
33;22669
38;22681
47;22682
568;22683
58;22685
9;22686
8;22687
209;22688
9;22708
45;22716
28;22717
6;22733
30;22737
8;22740
2;22744
17;22777
1;22779
32;22780
6;22781
20;22782
38;22810
8;22812
29;22813
190;22815
212;22873
164;22874
28;22894
24;22895
29;22896
26;22898
39;22967
1;22969
31;22970
17;22971
183;22972
8;22974
23;22975
12;22985
35;22992
8;22998
17;23004
29;23017
3;23019
144;23021
29;23025
18;23026
9;23065
250;23066
30;23068
1;23070
2;23085
38;23086
53;23087
22;23088
17;23094
2;23102
8;23113
14;23114
35;23115
5;23123
363;23161
7;23162
92;23163
224;23164
7;23167
6;23169
33;23181
24;23183
25;23186
5;23201
18;23207
17;23208
11;23215
12;23217
15;23219
26;23222
26;23243
10;23257
216;23258
164;23259
2;23260
172;23277
5;23279
8;23281
10;23293
22;23294
30;23307
24;23308
9;23311
21;23316
160;23338
84;23353
12;23354
23;23355
24;23356
46;23357
164;23358
3;23359
27;23369
18;23371
34;23386
5;23387
4;23391
166;23402
14;23405
37;23406
1;23411
13;23414
14;23420
23;23450
52;23451
48;23453
2;23454
68;23455
2;23459
9;23463
31;23470
33;23481
57;23483
50;23485
76;23488
16;23501
7;23502
5;23505
3;23514
164;23515
603;23545
30;23546
20;23547
56;23548
11;23553
184;23567
41;23568
17;23569
28;23575
8;23604
48;23641
21;23642
200;23643
563;23644
34;23663
13;23683
31;23689
19;23691
166;23695
19;23697
11;23699
30;23700
20;23713
71;23737
59;23738
9;23739
222;23740
23;23757
8;23759
178;23760
167;23761
34;23772
3;23780
16;23781
1;23784
29;23789
23;23792
1;23794
5;23800
21;23820
165;23833
182;23834
92;23835
27;23836
21;23853
26;23859
2;23877
20;23878
6;23891
14;23929
44;23930
42;23931
88;23932
9;23933
24;23937
21;23949
16;23950
85;23951
41;23952
5;23975
6;23978
12;23982
24;24027
2;24028
14;24029
166;24030
34;24032
3;24040
6;24049
2;24054
157;24057
57;24059
25;24060
10;24061
37;24062
7;24065
6;24070
36;24077
12;24086
69;24122
19;24124
165;24126
17;24127
41;24128
27;24153
18;24155
35;24157
7;24160
2;24168
38;24170
25;24181
33;24183
368;24217
43;24219
61;24220
27;24231
31;24237
40;24238
27;24239
2;24240
13;24265
7;24272
1;24273
7;24276
90;24313
56;24314
3;24315
79;24316
49;24334
50;24336
13;24342
5;24358
21;24362
5;24364
9;24368
9;24409
111;24410
369;24411
82;24412
15;24420
13;24421
8;24428
154;24431
12;24443
173;24460
20;24461
6;24471
44;24505
61;24506
20;24507
17;24508
13;24528
551;24546
12;24548
27;24553
13;24558
19;24601
37;24602
14;24603
22;24604
4;24621
25;24622
12;24637
11;24646
27;24648
19;24653
1;24658
39;24698
7;24699
71;24700
29;24701
7;24702
29;24703
596;24704
15;24730
54;24731
8;24732
10;24734
162;24736
162;24739
21;24745
12;24749
17;24750
20;24754
10;24779
10;24784
34;24794
26;24796
22;24797
4;24798
224;24799
148;24821
6;24825
16;24827
7;24828
17;24829
2;24830
70;24831
5;24832
1;24835
11;24842
10;24851
26;24876
30;24889
8;24890
66;24891
50;24892
29;24909
9;24910
5;24926
7;24934
27;24935
171;24943
25;24945
31;24985
4;24986
48;24987
9;24988
33;25005
14;25007
37;25008
7;25020
1;25023
30;25034
47;25081
15;25082
35;25083
13;25084
32;25087
22;25102
16;25103
34;25104
28;25112
144;25127
1;25176
36;25177
31;25178
35;25179
20;25180
20;25184
15;25186
173;25199
13;25221
22;25222
11;25224
181;25225
11;25232
8;25236
37;25273
7;25274
35;25275
27;25276
2;25293
31;25295
21;25304
8;25306
37;25321
13;25324
13;25329
10;25331
37;25369
33;25370
7;25371
159;25372
2;25374
9;25375
46;25376
36;25390
32;25403
27;25404
10;25407
584;25430
10;25446
9;25450
28;25465
49;25466
47;25468
90;25469
29;25472
17;25480
22;25484
19;25500
18;25504
1;25510
2;25517
21;25520
9;25527
3;25528
201;25561
35;25563
80;25564
220;25582
156;25583
37;25584
16;25608
26;25620
37;25633
38;25657
11;25658
39;25659
68;25660
163;25679
30;25691
13;25701
11;25702
1;25709
19;25712
8;25715
5;25732
11;25750
30;25753
45;25754
35;25755
56;25756
33;25773
24;25775
5;25799
29;25803
27;25849
13;25850
29;25851
48;25852
10;25855
43;25870
26;25871
22;25890
7;25891
8;25893
18;25906
34;25908
37;25945
6;25946
15;25947
21;25948
12;25953
5;25960
23;25965
23;25966
15;25971
23;25977
29;25993
18;25999
3;26002
10;26004
24;26041
10;26042
20;26043
2;26044
89;26045
29;26046
8;26047
30;26048
25;26073
23;26075
5;26077
18;26078
18;26083
8;26087
168;26103
25;26125
87;26137
31;26138
3;26139
37;26140
4;26142
20;26143
17;26171
1;26173
3;26174
14;26175
49;26190
48;26191
29;26193
9;26199
158;26233
768;26234
5;26235
39;26236
3;26252
46;26253
32;26254
4;26255
5;26256
6;26278
1;26287
2;26292
68;26329
15;26330
96;26331
9;26332
12;26340
3;26349
28;26350
304;26351
29;26352
27;26357
167;26374
28;26382
15;26425
14;26426
26;26427
17;26445
2;26446
27;26447
164;26448
21;26449
19;26469
8;26474
14;26478
39;26521
328;26522
66;26523
9;26541
230;26544
13;26565
27;26571
16;26574
10;26576
1;26580
158;26612
61;26617
397;26618
188;26619
561;26620
1;26633
16;26637
165;26640
5;26645
27;26646
6;26661
160;26664
12;26665
36;26670
19;26672
8;26700
6;26713
325;26714
18;26715
33;26716
21;26717
28;26718
51;26719
4;26720
34;26725
32;26731
1;26734
7;26746
196;26747
11;26749
18;26751
1;26752
570;26755
25;26757
6;26767
154;26775
29;26776
21;26778
12;26789
9;26809
2;26810
29;26811
5;26812
48;26813
33;26814
35;26816
33;26843
23;26844
12;26846
11;26855
20;26859
11;26862
25;26864
19;26865
159;26869
200;26872
14;26890
156;26905
42;26906
36;26907
45;26908
27;26926
36;26928
18;26939
33;26959
1;26989
59;27001
238;27002
39;27003
69;27004
175;27007
165;27021
2;27023
10;27033
25;27047
1;27050
1;27052
40;27056
39;27097
78;27098
175;27099
37;27100
33;27117
8;27118
21;27120
32;27137
52;27142
17;27172
55;27193
167;27194
193;27195
42;27196
16;27198
171;27203
17;27215
19;27216
9;27224
26;27226
23;27230
17;27242
8;27246
14;27247
5;27248
26;27253
4;27290
221;27291
44;27292
25;27309
7;27310
10;27317
18;27327
4;27334
35;27336
14;27341
26;27345
8;27364
40;27371
47;27386
41;27387
32;27388
64;27389
80;27390
7;27391
13;27412
30;27418
6;27420
7;27421
20;27422
8;27424
6;27426
20;27430
34;27446
9;27481
52;27482
17;27484
50;27485
18;27486
13;27487
166;27488
15;27501
9;27504
42;27517
1;27518
2;27519
16;27520
9;27535
31;27538
174;27541
10;27542
10;27544
2;27578
22;27579
6;27580
38;27598
176;27599
151;27600
22;27614
21;27619
6;27621
5;27627
38;27632
29;27633
9;27635
10;27639
26;27673
52;27674
65;27675
164;27676
3;27680
161;27694
22;27695
26;27696
11;27719
34;27720
3;27724
12;27725
29;27728
32;27769
32;27770
20;27771
39;27772
23;27782
4;27789
39;27791
32;27792
18;27805
22;27814
41;27823
7;27839
37;27865
56;27866
59;27867
55;27868
13;27881
154;27888
8;27910
23;27914
8;27918
31;27926
24;27929
118;27961
180;27962
47;27963
37;27964
171;27975
19;27981
22;27983
16;27992
5;27995
13;28005
13;28013
1;28014
32;28015
27;28038
21;28057
169;28058
28;28059
139;28061
60;28062
16;28064
19;28089
2;28090
32;28093
36;28095
6;28101
10;28110
20;28118
27;28119
33;28122
80;28154
5;28156
174;28157
6;28158
38;28159
39;28160
29;28168
6;28181
19;28182
4;28185
11;28187
51;28189
5;28190
1;28192
20;28196
6;28215
11;28216
22;28220
165;28226
22;28249
11;28250
85;28251
15;28252
7;28257
11;28269
12;28270
34;28291
30;28293
14;28294
13;28302
2;28303
34;28308
5;28323
5;28345
13;28346
28;28347
351;28348
6;28354
11;28365
15;28367
9;28368
17;28390
145;28394
14;28401
17;28403
1;28420
27;28441
219;28443
86;28444
16;28451
14;28458
4;28464
33;28487
12;28488
7;28491
2;28493
12;28494
19;28498
28;28518
135;28537
5;28538
23;28539
64;28540
52;28558
30;28559
9;28560
50;28582
11;28586
23;28590
1;28596
24;28633
84;28634
7;28636
9;28647
32;28653
27;28654
21;28655
10;28656
4;28669
11;28677
10;28688
32;28719
1;28726
3;28729
2;28730
54;28731
60;28732
11;28733
41;28736
2;28760
36;28761
15;28763
39;28765
45;28766
24;28767
17;28768
10;28781
16;28783
161;28787
9;28790
48;28792
7;28802
23;28825
45;28826
5;28827
77;28828
22;28829
16;28831
29;28832
26;28854
11;28858
13;28860
2;28862
16;28863
6;28866
3;28876
8;28881
11;28921
230;28922
4;28923
44;28924
19;28926
155;28935
1;28937
29;28940
172;28942
12;28943
23;28944
19;28968
15;28971
17;28973
8;28976
26;28978
27;29017
204;29018
46;29019
210;29020
2;29032
9;29037
13;29048
17;29049
2;29056
38;29062
10;29068
127;29113
153;29114
168;29115
30;29116
28;29130
21;29135
30;29136
33;29148
25;29163
2;29164
10;29166
1;29168
2;29193
27;29213
31;29214
74;29215
17;29216
21;29226
157;29233
8;29234
23;29235
12;29236
10;29241
13;29252
10;29262
20;29268
28;29271
23;29309
15;29310
14;29311
59;29312
14;29317
174;29329
3;29331
17;29338
10;29352
8;29355
159;29358
9;29361
13;29365
11;29368
7;29380
19;29405
11;29406
28;29407
33;29408
379;29409
42;29410
1;29411
51;29412
28;29415
55;29437
4;29438
16;29439
9;29440
15;29441
23;29443
9;29448
28;29455
24;29460
5;29463
7;29464
24;29467
13;29473
20;29480
23;29484
39;29489
14;29502
12;29503
24;29504
39;29505
29;29506
15;29507
31;29508
148;29529
43;29533
33;29535
2;29536
44;29538
17;29553
14;29597
192;29598
50;29599
47;29600
23;29617
9;29625
12;29644
17;29645
28;29646
26;29647
11;29653
9;29665
19;29672
11;29681
19;29693
22;29695
192;29696
10;29713
48;29714
16;29731
2;29734
34;29740
146;29741
7;29743
4;29745
12;29749
71;29789
13;29791
201;29792
162;29809
9;29811
33;29819
164;29820
18;29821
20;29834
1;29838
3;29839
11;29841
12;29842
16;29885
150;29886
37;29887
12;29888
28;29905
46;29906
27;29907
16;29929
5;29931
2;29934
2;29937
25;29982
31;29983
59;29984
25;30001
6;30002
3;30003
4;30004
5;30029
7;30057
18;30075
4;30076
235;30079
27;30080
28;30081
199;30083
2;30087
13;30112
7;30113
42;30114
23;30116
24;30120
13;30123
22;30130
15;30131
13;30133
9;30134
13;30136
31;30138
21;30173
1;30174
51;30175
68;30176
1;30177
5;30178
47;30180
157;30206
44;30207
12;30208
50;30210
7;30214
18;30223
20;30226
22;30229
184;30230
13;30234
28;30235
23;30236
12;30269
65;30270
15;30271
30;30272
12;30286
7;30289
20;30290
12;30291
15;30292
26;30305
9;30315
2;30317
24;30320
7;30321
24;30322
18;30327
727;30365
19;30366
248;30368
5;30374
1;30385
164;30386
28;30392
15;30409
17;30410
24;30411
167;30417
25;30418
9;30423
60;30461
24;30463
22;30464
33;30475
3;30481
65;30483
24;30500
10;30506
168;30508
10;30509
79;30557
31;30558
71;30559
18;30560
7;30577
156;30578
51;30579
13;30580
154;30593
10;30605
5;30607
53;30654
78;30655
175;30656
35;30673
5;30683
4;30688
20;30697
36;30699
13;30705
16;30707
6;30723
18;30749
182;30751
8;30752
29;30753
603;30754
42;30755
30;30756
20;30767
3;30781
15;30782
4;30783
11;30786
9;30788
34;30808
27;30813
26;30821
2;30841
51;30845
64;30846
36;30848
31;30849
97;30852
14;30869
2;30877
33;30882
7;30897
10;30900
59;30906
19;30941
30;30942
31;30943
64;30944
11;30964
176;30965
3;30989
16;30990
7;30996
9;30998
27;31004
33;31037
63;31038
56;31039
53;31040
8;31057
22;31059
19;31088
20;31089
29;31091
5;31096
38;31133
359;31134
32;31135
81;31136
39;31141
20;31153
190;31155
12;31177
4;31192
12;31201
3;31229
25;31230
37;31232
158;31249
10;31250
152;31251
10;31261
23;31276
9;31279
3;31284
44;31287
11;31325
26;31326
98;31327
26;31328
20;31330
15;31336
5;31339
34;31345
39;31346
3;31347
150;31348
166;31365
1;31375
31;31422
25;31425
25;31426
201;31427
2;31433
26;31438
12;31440
19;31453
11;31454
31;31456
11;31457
12;31459
2;31462
42;31482
6;31499
37;31518
50;31519
29;31520
4;31521
28;31523
573;31524
1;31542
31;31545
25;31549
22;31551
158;31555
22;31556
3;31570
159;31571
17;31577
102;31613
215;31614
43;31615
25;31616
15;31617
6;31633
7;31634
17;31636
13;31642
18;31647
5;31649
12;31657
16;31662
1;31663
18;31664
4;31678
138;31709
51;31710
94;31711
22;31712
7;31725
26;31729
68;31730
21;31732
18;31760
36;31762
17;31764
7;31805
50;31806
28;31807
16;31808
23;31822
195;31825
12;31826
61;31827
16;31828
159;31856
174;31862
74;31901
61;31902
38;31903
20;31904
17;31921
21;31922
17;31941
24;31955
4;31957
27;31960
4;31965
156;31968
19;31997
54;31998
22;31999
14;32000
1;32017
34;32019
6;32020
3;32039
18;32042
23;32043
17;32044
32;32045
10;32054
166;32070
40;32093
39;32094
34;32095
16;32096
28;32099
39;32100
30;32108
27;32126
15;32128
4;32131
19;32143
32;32146
5;32147
37;32150
23;32155
18;32161
55;32189
33;32190
200;32191
61;32192
499;32193
32;32194
38;32195
13;32196
2;32202
7;32212
32;32221
42;32223
2;32224
7;32227
162;32228
9;32241
187;32244
29;32248
4;32251
31;32286
15;32287
2;32305
24;32306
19;32308
4;32323
29;32336
12;32337
12;32338
1;32343
8;32349
161;32381
62;32382
41;32383
163;32384
13;32402
5;32431
28;32433
28;32434
19;32435
203;32437
170;32477
8;32478
602;32479
72;32480
11;32488
9;32498
46;32500
3;32520
54;32523
9;32531
10;32534
5;32548
30;32573
205;32574
7;32575
187;32576
17;32581
10;32582
15;32595
21;32596
5;32601
6;32612
15;32619
14;32620
28;32623
14;32627
21;32669
39;32670
184;32671
66;32672
35;32689
12;32690
15;32691
171;32692
12;32695
16;32714
12;32719
29;32724
15;32739
8;32765
160;32766
23;32767
27;32768
37;32770
65;32771
8;32776
165;32780
7;32794
1;32795
14;32796
158;32797
53;32798
160;32802
11;32804
18;32827
16;32839
20;32848
201;32861
2;32863
34;32864
63;32865
55;32866
34;32867
7;32868
8;32875
146;32883
5;32894
20;32895
23;32896
26;32897
27;32898
52;32900
19;32902
6;32903
9;32904
7;32914
10;32916
27;32920
37;32922
41;32957
180;32958
45;32959
43;32960
32;32963
4;32964
32;32977
14;32978
17;32979
10;33004
165;33016
33;33053
22;33055
49;33056
18;33068
192;33073
6;33074
13;33075
4;33085
154;33100
156;33101
32;33107
20;33109
24;33149
64;33150
24;33151
313;33152
14;33159
11;33163
8;33167
35;33169
745;33172
4;33186
24;33187
17;33195
8;33199
7;33200
3;33205
16;33245
1;33246
7;33247
48;33248
18;33261
26;33265
42;33267
15;33283
11;33290
6;33291
4;33295
2;33301
36;33302
14;33303
173;33341
52;33342
32;33343
96;33344
35;33362
45;33363
1;33392
9;33397
46;33437
35;33438
16;33439
46;33440
65;33442
8;33443
6;33444
16;33449
7;33470
3;33472
2;33473
16;33474
71;33475
6;33476
21;33486
10;33498
8;33499
9;33514
43;33533
85;33534
166;33535
17;33536
30;33537
13;33538
30;33539
2;33540
7;33541
29;33552
15;33567
12;33568
180;33569
17;33570
60;33589
8;33591
16;33592
20;33594
145;33595
23;33610
54;33629
56;33630
190;33631
4;33632
26;33640
6;33644
21;33647
21;33649
158;33651
10;33656
32;33659
17;33660
23;33677
17;33680
2;33683
6;33687
42;33725
30;33726
6;33727
57;33728
5;33738
24;33745
188;33746
1;33748
165;33754
25;33763
31;33764
11;33770
11;33771
25;33775
5;33776
3;33783
25;33784
1;33793
23;33801
14;33813
58;33821
216;33823
21;33824
32;33825
3;33842
7;33843
7;33865
17;33866
161;33867
27;33868
8;33871
10;33875
7;33876
9;33878
4;33880
145;33905
105;33917
19;33918
223;33919
40;33920
26;33928
9;33930
185;33937
67;33938
13;33940
1;33942
8;33956
11;33958
8;33961
11;33966
25;33968
27;33972
43;34013
36;34014
61;34015
34;34016
35;34033
4;34034
22;34048
21;34063
2;34099
202;34109
53;34111
32;34114
1;34115
37;34116
33;34141
18;34142
31;34150
1;34164
14;34167
16;34168
14;34180
49;34205
37;34206
5;34207
22;34209
28;34210
20;34217
28;34232
26;34238
155;34240
35;34241
73;34243
22;34244
9;34259
35;34261
30;34266
14;34268
168;34301
173;34302
241;34303
109;34304
8;34310
8;34322
12;34323
177;34324
9;34330
10;34332
8;34338
12;34346
32;34352
2;34360
38;34383
15;34397
47;34398
62;34399
110;34400
10;34417
7;34419
1;34420
14;34445
159;34450
20;34453
15;34454
6;34462
38;34465
37;34493
99;34495
198;34496
27;34513
25;34514
46;34515
3;34516
23;34520
33;34531
15;34533
3;34546
10;34548
7;34550
4;34589
259;34590
34;34591
132;34592
5;34594
44;34610
30;34612
10;34636
46;34647
47;34685
24;34686
25;34687
4;34688
27;34704
17;34706
19;34707
37;34708
14;34713
2;34730
4;34731
21;34738
12;34743
4;34764
1;34772
46;34781
52;34783
33;34784
13;34785
28;34786
14;34788
29;34795
3;34798
12;34814
14;34815
25;34816
5;34818
34;34820
21;34829
24;34833
34;34834
163;34836
8;34837
13;34838
11;34839
54;34841
8;34843
13;34844
16;34858
20;34871
181;34877
5;34878
80;34879
14;34882
19;34883
5;34884
2;34888
12;34895
6;34910
1;34915
37;34929
17;34931
3;34938
6;34939
70;34973
60;34974
176;34975
186;34976
167;34993
47;34994
53;34995
18;35013
4;35016
12;35017
11;35024
158;35025
9;35028
46;35029
29;35031
