sums of daily draw-off volumes
199
172
324
110.2
203
243
281.8
97.8
116.5
141.5
235.2
160.8
299
165
83.8
157.2
201
177.8
146
124.8
203.8
112
143.8
221.8
76.2
98.5
340.5
288.8
152
252.2
35.5
226.5
215
249.8
156
60.5
204.5
293.2
209
126.5
217
136
110.2
356
74.2
210.8
188.2
122.8
225.5
90.8
182
160.8
325.8
160
282.5
315.2
250.8
130.8
191.8
177.8
58.2
127
53.8
96.5
85.5
286.5
156.8
131
180.2
143.8
268.5
111.5
368.8
96
127.5
221.2
142
124.8
373.2
283.5
200.5
89.8
307.8
203
35.2
146.5
272.8
100
112.8
82.2
90
117.5
159.8
182.5
88.2
103.5
105.8
285
205
126
97
189
299.5
290
466.8
204.2
139.2
171.2
104
64
235.8
310
163.5
92.8
144.5
118.5
104.8
125.5
351.2
113
124.8
300
196.2
133.8
138
187.5
149.8
146
168.8
83.5
307.2
279
82.8
198.2
154.5
179.8
177.5
215
186.8
75.2
127.2
163
138.5
59.8
161
125.5
151.2
171.2
162.2
137
176.8
61.2
215.5
95
138.5
71.5
54.5
61.2
129
77.8
190.2
92.2
134
92.5
136.8
227
116.8
95.8
131.8
122.8
107.5
148.2
140.5
177
145.5
156.8
96.2
46
270.2
163.8
84
236
110.8
158.5
208.2
97
73
141.5
105.2
77.5
184.5
184
136.2
271.8
123.5
198.8
114.8
215
210
115.2
159.5
169.5
142.5
136.5
119.8
121
248.5
86.5
134.8
106.5
208.2
79.5
113.2
336.8
214.8
96.8
100.8
91.2
99.8
79
106.5
137.5
93.2
140.8
155
100.8
103
127
125
306
75.5
154.5
198
217.2
109.5
201
274.5
85.2
120.8
149.2
121.5
221.2
179.8
212.2
161.5
249.5
288.8
217.2
140.5
101.8
149.5
124
156.8
95
243
189.5
47.8
314.8
155.8
113.2
53.5
96.5
144.2
60.2
245.5
93.5
192.8
109.5
68.2
71.2
60
119.2
94.2
267.2
196.5
81.8
184.8
453
399.8
171.5
101.8
206.2
118.8
206.2
102
115.8
161
133.8
152
77.2
117
168.5
161.2
131.8
113.8
159
113
107.8
59.8
156.5
77.2
196.2
144.5
157
113.2
132.2
204.5
136.5
107.2
137.8
179.5
85.2
39.5
186.2
193
74.5
362.2
104.8
148.8
108.8
260.2
108
98.2
77
193.8
121.5
148.5
112.5
291.2
129.2
124.5
185.2
115.8
63.2
138.5
358
39.2
180.8
248.5
144.8
153
232.5
213.5
145.8
174.8
325.2
61.5
110.8
95.5
226
166.5
163.5
156.2
230.8
64
110
150.5
242.2
126
141
141
63.2
165.5
106
261.5
sums of draw-off volumes of each hour of the day
344.6
198.8
282.6
109
144.5
88.1
10918.2
13178.8
5389.8
912.8
728.8
3252
3618.9
1350.4
1590.5
2187
1731.5
1664
2077.5
2516.8
2765.2
2209.1
950
224.9
sums of draw-off volumes of each hour of weekdays
172.2
109.1
112
54.1
69.7
68.9
9269.3
8924.1
2454.6
459.2
575.2
2984.5
3509.7
1166.1
492
316.6
480.9
1126.3
1860.3
1999.8
2125.8
1001.5
333.5
102.8
sums of draw-off volumes of each hour of weekend-days
172.4
89.7
170.6
54.9
74.8
19.2
1648.9
4254.7
2935.2
453.6
153.6
267.5
109.2
184.3
1098.5
1870.4
1250.6
537.7
217.2
517
639.4
1207.6
616.5
122.1
holidays of household(s), numbers correspond to day of year
