sums of daily draw-off volumes
200.2
156.2
272.5
151.2
46.8
148.2
247.5
140.5
201.5
288.5
216.2
94.5
100.8
171.5
299.8
361
137
138
196
196.8
162.5
168.2
171.2
99.5
112.2
282.8
111
271.2
98.5
154.8
269.2
232.8
380
76.2
176.5
112.8
191.8
131.5
154.8
160.8
197.5
188.8
124.5
49.5
214.5
184.2
138
177
193.8
137.8
44.8
164.5
143.8
310.8
264.8
175.2
41
100.5
104.2
105.2
211
198.8
100.2
92.2
170
235.8
128.5
171.8
282.2
143.5
264.5
95.2
107
96
151.2
200
234
79.2
214.5
149.8
106.2
280
142.5
180
135
280.2
109
160
104.5
178.8
168.2
95
105.5
263
112
230
170
234.5
123
269.2
183.8
133.8
67.2
144.8
253.5
152
60.8
125.2
299.5
93.2
203.2
351.8
129.5
220
90.2
46
67.8
134
491.2
142
74.5
214.8
133.5
228.2
77.2
204.8
141.5
146.8
109
240.2
69.5
120.2
198.5
239
260.2
99
124.2
100
281.5
258
74.5
158.5
143
166.5
127.5
191.2
127.2
226
180.8
380.2
194
153.2
239.8
175.2
64.2
187.8
209.2
319.5
173
175
189.2
172.8
269.8
147
167
67.8
263.5
98.5
249.8
97.5
104.2
129
146
232.2
220.5
82
327
93.8
97.5
76.5
224.2
78.2
194
83.8
111.2
109.5
106.5
88.5
151.8
200.5
72.2
78.2
87.5
279.2
190.5
114.2
147
168.8
32.8
96.8
86
294.8
98
171.2
107.8
109
217.2
165.5
126.5
191.5
133
137.5
120.5
118.5
178.8
199.8
132.5
55.2
218.5
83.2
237.8
200.8
163.5
82.5
114
234.8
68
265.2
75.2
175.5
115
89
118
110.5
120.5
227.8
132.2
259.8
111.5
178
176.5
111
80.5
88.2
256.2
217.5
109.2
93.8
250.2
260
105.8
163.5
70
72.8
134.5
88.5
56
180.2
183.8
145.8
179.2
104.2
42
63
201
148
288.5
73
74.2
102.5
312.8
404.8
113.2
337.5
127.5
123
189.8
60.2
165.2
273.2
99.2
138.2
88
279.5
54.5
122.5
127
78.5
89.8
212.8
61.8
67.5
75.5
129
96.8
147.2
199.5
100
126.2
331.2
247
113.5
171.2
143.5
116
249
235.2
124.2
81.8
84.2
119.5
95.8
57.5
290.5
260.5
116.8
249
226
122.2
126
119.8
118.2
132
155.5
131.8
157.8
103.5
283
164.8
176.2
206
104.2
197.8
409.8
86.2
331.8
178.8
103.2
131
191.8
116.2
117.5
145.2
133.2
198.2
211
53.2
175.2
110.5
145.2
95.5
347
70
193
52.8
79.2
224.8
219.2
170.5
105.2
69.8
66.8
239.8
147.2
131.2
sums of draw-off volumes of each hour of the day
204.9
163.4
158
189.2
154.2
113.2
10004.2
13315.8
5617
1042.8
707.6
3320.4
3544.8
1262.3
1857.3
2657.4
1923.5
1604
2187.1
2829.3
2406.3
2083
940.4
260.8
sums of draw-off volumes of each hour of weekdays
28.8
40.2
71.3
89.1
95.3
41.2
8125.8
9589.0999999
3108.1
492
464.4
2923.9
3275.3
1036.9
463.3
533.5
550.4
1043.6
1941.3
2322.5
1533
1047.9
426.2
215.7
sums of draw-off volumes of each hour of weekend-days
176.1
123.2
86.7
100.1
58.9
72
1878.4
3726.7
2508.9
550.8
243.2
396.5
269.5
225.4
1394
2123.9
1373.1
560.4
245.8
506.8
873.3
1035.1
514.2
45.1
holidays of household(s), numbers correspond to day of year
