4;12
182;29
34;30
191;31
27;32
202;49
45;52
19;61
11;63
36;66
5;70
27;71
13;77
4;86
1;87
253;125
20;126
14;127
6;140
3;143
54;145
46;146
14;147
43;148
18;156
31;157
30;170
7;172
1;176
33;178
52;181
217;221
181;222
242;223
314;224
17;229
11;241
9;244
44;268
36;269
15;273
3;275
1;277
263;317
10;318
13;319
9;320
30;324
72;337
26;338
23;339
13;340
27;354
4;366
18;368
34;371
25;373
38;375
38;413
50;414
21;415
14;416
6;431
28;433
24;445
2;457
3;463
1;464
79;509
4;510
4;511
45;513
26;514
58;515
1;524
19;532
51;542
15;543
8;545
43;547
13;548
35;562
152;566
13;567
27;570
102;606
37;607
37;608
67;609
26;610
32;611
8;612
25;629
5;630
59;637
5;638
21;639
33;640
4;642
190;644
18;648
27;654
7;658
32;659
12;660
18;662
7;663
28;665
190;666
12;677
59;701
76;703
95;704
9;707
10;709
7;710
30;714
14;716
28;720
17;724
2;745
163;749
3;750
18;755
6;758
13;759
1;773
8;797
3;798
200;799
9;800
5;814
17;817
347;819
164;823
13;828
7;829
6;837
19;851
5;852
2;853
60;893
357;894
7;895
234;896
5;908
209;913
183;915
37;916
4;923
19;937
39;944
22;972
48;989
20;990
58;991
58;992
29;1008
33;1010
178;1011
41;1012
175;1035
163;1036
10;1041
15;1044
15;1047
1;1060
25;1084
32;1085
7;1086
29;1087
50;1088
38;1103
72;1108
31;1113
29;1130
11;1131
24;1132
17;1138
12;1148
14;1161
14;1182
25;1183
19;1184
14;1186
3;1187
163;1209
19;1215
3;1217
46;1219
34;1220
19;1226
7;1234
23;1236
7;1256
25;1277
34;1278
3;1279
204;1280
14;1281
57;1282
47;1283
30;1292
7;1309
1;1313
19;1314
10;1315
4;1322
6;1329
8;1330
153;1331
23;1332
28;1336
6;1339
19;1373
117;1374
7;1375
216;1376
8;1378
20;1384
210;1394
7;1405
156;1418
28;1419
189;1423
17;1424
163;1425
8;1426
12;1428
22;1431
61;1469
287;1471
630;1472
11;1477
10;1489
3;1491
165;1492
29;1502
162;1512
22;1513
29;1515
11;1520
13;1526
11;1530
27;1566
27;1567
50;1568
10;1572
153;1587
19;1588
26;1590
20;1592
23;1612
18;1613
154;1614
10;1617
1;1622
10;1624
37;1661
31;1662
18;1663
53;1664
5;1681
355;1682
12;1683
13;1691
1;1706
17;1712
10;1714
167;1746
13;1754
25;1757
27;1758
19;1759
6;1760
22;1763
23;1777
24;1779
227;1780
31;1786
9;1799
2;1802
13;1804
4;1814
172;1816
18;1853
79;1854
18;1855
34;1856
158;1857
57;1858
9;1859
2;1860
39;1861
7;1886
53;1888
4;1889
23;1890
8;1891
10;1892
23;1902
14;1903
8;1905
23;1907
10;1910
175;1911
15;1915
35;1949
21;1950
210;1952
29;1954
22;1955
32;1956
21;1961
3;1975
4;1976
11;1981
1;1982
20;1983
10;1987
17;1993
17;2002
161;2006
27;2007
9;2011
211;2045
97;2046
63;2047
2;2048
14;2059
13;2065
2;2066
26;2067
15;2068
160;2087
24;2091
14;2097
32;2104
13;2117
24;2141
322;2142
78;2143
108;2144
4;2159
17;2162
30;2163
11;2186
10;2189
6;2192
6;2196
21;2197
30;2198
5;2206
107;2237
50;2238
49;2239
34;2240
4;2255
18;2256
57;2257
11;2258
7;2260
15;2266
6;2276
29;2281
6;2287
5;2288
61;2333
34;2334
23;2336
5;2346
37;2354
10;2355
31;2356
30;2358
3;2360
156;2367
2;2373
4;2381
9;2382
6;2383
15;2390
23;2392
179;2429
562;2430
77;2431
158;2432
7;2440
34;2449
12;2451
36;2452
8;2474
31;2482
27;2487
35;2525
27;2526
10;2527
3;2528
3;2529
16;2530
21;2531
25;2532
23;2533
28;2537
18;2557
7;2561
18;2564
181;2573
1;2579
20;2585
8;2587
1;2601
26;2617
1;2621
19;2622
335;2623
28;2624
29;2625
82;2626
13;2627
37;2628
30;2638
14;2646
19;2655
5;2657
159;2658
5;2659
8;2671
14;2673
32;2675
168;2677
23;2680
3;2682
34;2683
4;2710
161;2717
21;2718
30;2719
25;2720
38;2733
16;2738
11;2739
28;2740
21;2748
23;2766
16;2771
93;2813
63;2814
61;2815
19;2816
27;2831
28;2833
9;2834
42;2835
37;2857
21;2863
175;2865
44;2868
21;2891
45;2909
31;2910
87;2911
195;2912
15;2920
16;2931
18;2932
555;2943
5;2950
34;2953
11;2954
16;2957
28;2961
610;3005
185;3006
24;3007
12;3008
9;3012
8;3027
17;3028
23;3037
9;3045
14;3056
20;3061
71;3101
584;3102
29;3103
373;3104
176;3108
33;3118
27;3121
19;3122
24;3124
9;3137
3;3141
171;3157
1;3158
5;3193
5;3198
15;3199
2;3200
26;3201
18;3203
14;3204
15;3214
4;3224
30;3230
23;3231
5;3232
27;3234
38;3235
30;3236
29;3250
19;3256
34;3270
12;3287
45;3293
36;3294
6;3295
16;3296
209;3297
66;3298
44;3299
3;3300
19;3311
3;3312
25;3313
33;3314
9;3324
5;3325
26;3327
15;3328
7;3329
29;3330
19;3332
30;3341
9;3343
6;3351
21;3389
41;3390
58;3391
32;3392
13;3394
11;3395
14;3407
2;3410
4;3418
7;3422
22;3425
1;3426
26;3437
8;3439
153;3440
3;3441
35;3444
118;3485
27;3486
54;3487
268;3488
11;3492
170;3501
19;3506
18;3508
4;3515
3;3529
3;3532
30;3539
26;3540
16;3543
22;3579
4;3581
61;3582
58;3583
193;3584
6;3586
18;3598
1;3601
39;3603
5;3604
4;3617
16;3626
24;3627
9;3630
35;3636
31;3637
44;3677
18;3678
188;3679
181;3680
25;3684
31;3685
8;3697
7;3698
9;3700
17;3717
20;3722
24;3724
19;3727
5;3730
10;3732
13;3739
56;3773
33;3774
195;3775
2;3779
27;3790
153;3792
62;3795
25;3796
19;3798
19;3805
5;3819
14;3820
8;3821
18;3829
7;3839
79;3869
18;3870
10;3872
37;3873
204;3874
1;3879
162;3881
19;3903
187;3904
12;3905
9;3906
22;3921
8;3926
22;3928
4;3956
8;3959
15;3965
233;3966
15;3967
56;3968
2;3969
3;3970
49;3971
31;3972
9;3989
8;3991
9;3997
14;3998
29;4001
47;4002
167;4022
5;4026
23;4027
28;4028
4;4033
10;4061
62;4062
12;4063
225;4064
39;4081
38;4082
7;4084
20;4092
38;4094
15;4106
4;4111
24;4113
30;4157
51;4158
1;4159
13;4160
7;4177
14;4178
30;4180
16;4198
18;4202
3;4203
15;4221
1;4228
63;4253
31;4254
32;4255
41;4256
19;4262
29;4274
16;4275
184;4276
6;4284
8;4285
4;4297
18;4298
181;4300
14;4301
15;4302
174;4303
6;4310
16;4311
17;4332
14;4349
257;4350
57;4351
35;4352
191;4370
10;4371
25;4372
12;4376
25;4381
6;4388
7;4398
30;4404
51;4405
31;4445
136;4446
27;4447
171;4448
19;4461
5;4463
109;4465
23;4466
13;4467
5;4487
12;4491
1;4504
3;4522
25;4527
11;4541
10;4542
6;4544
57;4545
21;4546
20;4547
63;4548
34;4559
27;4576
19;4578
162;4579
197;4580
11;4594
8;4598
19;4601
11;4602
4;4604
14;4624
53;4637
32;4639
32;4640
21;4641
25;4642
33;4644
28;4645
14;4650
39;4658
185;4669
18;4670
27;4671
152;4674
19;4676
25;4690
5;4692
16;4696
37;4697
31;4716
162;4733
55;4734
70;4735
15;4736
14;4744
30;4753
41;4754
9;4764
10;4778
16;4779
32;4780
2;4782
26;4783
7;4785
19;4786
12;4793
10;4829
52;4830
44;4831
19;4850
24;4859
23;4872
2;4873
5;4882
23;4917
208;4925
26;4926
4;4927
181;4928
21;4942
3;4945
6;4946
34;4947
35;4948
23;4969
36;4970
36;4975
10;4976
4;4977
8;4978
10;4995
38;5009
42;5021
44;5022
43;5023
143;5024
11;5037
16;5041
192;5044
18;5048
11;5070
7;5078
610;5117
66;5118
171;5119
46;5120
10;5124
23;5137
24;5139
6;5140
53;5145
1;5161
7;5164
23;5172
38;5173
159;5174
6;5176
13;5187
150;5213
15;5214
18;5216
12;5217
48;5219
10;5221
18;5222
158;5241
15;5245
3;5246
177;5247
6;5248
20;5250
35;5259
165;5265
17;5268
163;5274
16;5276
17;5302
33;5309
37;5310
40;5312
199;5313
52;5314
11;5315
13;5324
8;5329
14;5333
15;5341
2;5342
35;5345
73;5346
42;5347
16;5353
8;5362
32;5363
15;5364
11;5365
28;5370
13;5405
27;5406
11;5407
25;5408
7;5411
1;5425
35;5427
4;5434
7;5437
2;5440
17;5442
11;5445
4;5449
94;5501
9;5502
8;5503
22;5504
20;5521
9;5522
44;5524
13;5535
5;5549
172;5552
6;5560
27;5597
45;5598
200;5599
10;5600
21;5609
5;5620
15;5626
12;5632
10;5641
10;5649
3;5650
6;5651
18;5652
10;5654
2;5655
23;5656
55;5694
45;5695
49;5696
10;5698
167;5702
17;5706
16;5708
5;5713
20;5716
30;5722
4;5741
3;5743
55;5789
72;5790
227;5791
56;5792
11;5795
30;5799
22;5803
30;5810
20;5811
17;5812
27;5813
18;5832
55;5839
173;5840
31;5846
84;5885
18;5886
187;5887
18;5888
24;5889
72;5890
56;5892
19;5894
34;5900
6;5907
28;5922
150;5938
28;5939
22;5940
2;5946
47;5947
34;5982
17;5983
24;5984
22;5985
61;5987
44;5988
26;5992
34;6014
31;6017
29;6019
29;6026
12;6032
3;6036
18;6038
8;6039
9;6041
11;6077
46;6078
16;6079
32;6080
10;6082
28;6083
5;6088
4;6092
18;6096
19;6099
81;6100
4;6105
12;6112
3;6121
8;6130
15;6135
57;6136
43;6173
211;6174
78;6175
58;6176
17;6180
28;6193
23;6194
163;6195
7;6196
6;6204
12;6218
27;6221
7;6224
8;6269
35;6270
367;6271
50;6272
14;6283
25;6289
28;6291
22;6299
25;6304
155;6305
30;6312
14;6314
11;6316
20;6317
20;6320
31;6321
50;6323
15;6326
23;6327
27;6357
115;6365
7;6366
71;6367
31;6368
16;6385
27;6386
5;6387
9;6388
5;6392
167;6412
2;6421
22;6422
10;6423
153;6461
11;6462
409;6463
57;6464
8;6480
11;6483
7;6491
12;6494
8;6503
11;6520
53;6557
56;6558
37;6559
7;6560
48;6561
36;6562
184;6563
19;6564
11;6568
5;6587
330;6589
45;6590
17;6591
7;6592
2;6593
8;6595
174;6596
6;6602
6;6607
36;6611
9;6614
3;6616
18;6618
12;6624
15;6653
19;6654
34;6655
52;6656
40;6657
35;6659
27;6660
3;6681
20;6684
6;6686
6;6688
50;6689
9;6690
5;6691
26;6692
18;6698
173;6709
9;6714
27;6715
7;6727
23;6749
338;6750
194;6751
5;6752
8;6759
100;6770
38;6771
33;6772
5;6773
13;6775
17;6793
12;6795
11;6796
42;6798
4;6800
170;6801
8;6802
12;6805
18;6811
1;6830
61;6845
19;6846
30;6847
32;6848
22;6866
17;6867
186;6897
13;6903
43;6941
1;6942
83;6943
109;6944
23;6954
8;6955
32;6956
1;6961
44;6964
19;6984
9;6987
2;6989
3;6991
26;6995
15;6997
10;7000
27;7037
166;7038
54;7039
38;7040
24;7057
8;7058
30;7079
13;7080
14;7084
2;7089
2;7090
6;7092
169;7133
15;7134
225;7135
36;7136
17;7137
8;7139
3;7146
33;7153
17;7154
22;7156
9;7172
9;7178
20;7181
14;7182
1;7187
7;7190
177;7229
30;7230
15;7231
37;7232
8;7233
40;7234
180;7235
21;7236
6;7248
13;7260
18;7261
9;7262
8;7263
175;7265
18;7281
4;7282
34;7284
5;7285
2;7289
14;7322
46;7325
338;7326
3;7327
16;7328
16;7329
18;7330
15;7332
46;7340
9;7345
67;7357
27;7358
27;7360
25;7361
21;7363
1;7366
31;7373
6;7378
12;7381
171;7382
27;7383
4;7401
62;7421
24;7422
33;7423
65;7424
65;7444
27;7457
19;7467
13;7470
1;7478
4;7479
59;7517
225;7518
223;7519
39;7520
6;7533
15;7536
73;7537
11;7538
12;7540
164;7557
7;7571
24;7572
24;7592
181;7613
53;7614
9;7615
51;7616
5;7623
36;7633
19;7635
16;7639
4;7662
165;7663
26;7666
10;7668
4;7702
17;7709
15;7710
64;7711
166;7712
18;7727
46;7730
8;7731
36;7751
20;7753
15;7759
16;7761
1;7786
28;7805
41;7806
50;7807
839;7808
2;7825
72;7827
7;7828
4;7859
48;7860
3;7861
25;7868
24;7902
48;7903
60;7905
209;7906
14;7907
2;7908
4;7921
14;7929
28;7931
12;7937
5;7948
28;7953
30;7955
22;7957
32;7958
35;7961
3;7964
12;7971
164;7972
10;7997
37;7998
3;7999
187;8000
27;8001
50;8002
46;8003
19;8004
16;8011
29;8032
87;8035
28;8046
5;8051
210;8093
39;8094
179;8095
30;8096
12;8103
34;8115
24;8116
12;8140
25;8189
55;8190
312;8191
83;8192
12;8209
10;8212
555;8224
14;8225
21;8238
8;8243
16;8248
10;8254
51;8285
64;8286
70;8287
34;8288
28;8299
7;8302
41;8305
68;8306
9;8329
5;8330
8;8332
4;8333
34;8336
13;8341
27;8353
15;8356
44;8381
34;8382
205;8383
220;8384
36;8402
22;8404
16;8407
8;8408
13;8433
5;8474
68;8477
24;8478
27;8480
37;8497
17;8498
23;8499
20;8500
16;8508
4;8510
150;8516
27;8524
13;8547
29;8555
29;8564
179;8573
54;8574
33;8575
1;8576
28;8577
32;8580
17;8594
24;8605
1;8607
194;8610
19;8624
25;8631
37;8634
2;8660
19;8664
61;8665
4;8666
4;8667
17;8668
3;8671
15;8672
5;8674
3;8687
2;8694
5;8700
9;8702
7;8703
61;8704
38;8708
165;8709
30;8711
167;8713
9;8714
27;8719
16;8720
4;8727
10;8761
38;8762
50;8763
7;8764
159;8770
19;8782
16;8783
27;8793
10;8800
22;8814
22;8820
39;8857
240;8858
30;8859
36;8860
25;8877
10;8879
24;8880
18;8915
6;8953
214;8954
81;8955
353;8956
20;8960
14;8961
15;8962
6;8973
60;8974
11;8976
168;8977
6;8982
10;8986
2;9000
7;9005
16;9007
34;9011
29;9012
22;9047
9;9049
66;9050
4;9051
20;9052
8;9055
5;9058
27;9069
180;9070
41;9071
10;9074
22;9082
28;9101
6;9119
660;9145
24;9146
39;9147
12;9148
2;9161
24;9166
32;9167
6;9168
21;9180
23;9189
18;9191
13;9196
20;9200
26;9203
9;9235
13;9241
29;9242
158;9243
189;9245
34;9246
17;9247
26;9248
1;9252
18;9254
38;9255
3;9258
18;9273
24;9276
19;9277
21;9280
27;9296
12;9298
24;9300
159;9315
25;9334
1;9337
2;9338
25;9339
33;9340
6;9343
13;9344
153;9359
24;9364
8;9370
28;9371
188;9372
31;9373
10;9375
28;9376
10;9380
29;9389
1;9395
160;9397
4;9400
20;9416
188;9433
45;9435
87;9436
78;9454
13;9455
1;9461
21;9474
15;9477
4;9483
3;9484
7;9485
10;9489
32;9523
4;9530
62;9531
92;9532
7;9546
18;9547
12;9549
25;9550
35;9552
157;9574
33;9576
7;9577
1;9578
11;9579
562;9580
19;9588
10;9607
169;9614
18;9625
22;9626
102;9627
70;9628
32;9629
28;9646
23;9648
9;9651
16;9668
167;9672
52;9678
5;9680
12;9683
96;9721
3;9722
3;9723
17;9724
6;9725
28;9728
17;9732
36;9741
43;9743
19;9744
156;9749
22;9753
31;9760
12;9765
27;9767
6;9773
4;9775
9;9776
58;9817
39;9818
38;9819
29;9821
5;9827
22;9838
3;9840
11;9851
16;9866
23;9870
25;9872
16;9895
27;9913
189;9914
30;9915
1;9916
27;9917
11;9918
20;9919
45;9920
23;9932
6;9941
32;9952
6;9954
16;9964
34;9969
37;9972
3;9974
56;9976
30;9985
521;10009
30;10010
9;10012
11;10013
9;10015
62;10016
25;10024
3;10032
165;10038
6;10042
29;10045
19;10052
10;10057
26;10059
15;10061
31;10062
13;10066
61;10105
87;10106
4;10107
3;10108
25;10111
13;10113
4;10115
18;10126
15;10127
4;10138
162;10149
6;10151
156;10152
11;10153
17;10163
22;10164
44;10201
60;10202
20;10203
19;10215
16;10221
29;10222
3;10224
1;10234
2;10250
22;10254
13;10255
9;10257
5;10260
7;10297
62;10298
31;10299
133;10300
10;10308
27;10319
5;10322
156;10325
36;10343
4;10346
23;10349
7;10356
19;10393
226;10394
31;10395
194;10396
10;10413
51;10414
8;10420
31;10431
562;10441
37;10443
29;10445
25;10489
18;10490
27;10491
154;10492
10;10511
24;10512
25;10522
6;10533
9;10535
2;10539
28;10542
27;10545
18;10546
150;10562
15;10585
34;10586
36;10587
27;10588
24;10589
23;10590
31;10591
18;10593
144;10617
37;10618
35;10619
153;10620
26;10621
3;10624
23;10638
3;10640
20;10642
5;10643
6;10648
5;10665
32;10670
56;10681
163;10682
15;10683
5;10685
54;10686
4;10687
12;10688
25;10696
17;10705
1;10710
712;10717
29;10718
29;10719
9;10720
23;10723
34;10733
2;10734
167;10736
8;10744
5;10746
39;10777
96;10778
25;10779
70;10780
169;10797
37;10799
28;10822
2;10825
23;10826
6;10832
16;10833
7;10835
202;10873
28;10874
36;10875
175;10876
22;10878
9;10881
335;10894
22;10895
4;10896
27;10917
16;10919
4;10925
38;10969
20;10970
57;10971
29;10972
1;10973
9;10989
28;10990
30;10992
26;10998
30;11016
47;11020
13;11021
6;11024
27;11040
7;11051
39;11065
22;11067
68;11068
10;11069
28;11088
9;11117
1;11118
2;11158
93;11161
7;11162
11;11163
1;11169
29;11177
2;11178
18;11184
3;11192
22;11203
2;11205
2;11206
39;11213
40;11220
10;11253
10;11258
68;11259
66;11260
23;11261
32;11262
35;11263
80;11266
11;11280
34;11290
38;11291
7;11292
7;11294
22;11295
10;11296
14;11305
41;11311
28;11317
3;11353
70;11354
18;11355
180;11356
32;11357
35;11358
5;11369
167;11372
27;11378
190;11385
29;11387
28;11388
715;11389
4;11391
22;11405
161;11406
160;11407
3;11408
25;11412
55;11414
24;11415
7;11416
5;11422
40;11450
6;11451
214;11452
22;11456
1;11465
38;11469
29;11470
25;11471
8;11472
10;11476
3;11482
172;11502
40;11545
40;11546
13;11547
30;11548
18;11549
8;11551
36;11565
18;11566
7;11567
20;11580
8;11590
17;11601
27;11602
16;11604
31;11631
148;11641
40;11642
215;11643
46;11644
5;11648
192;11661
7;11662
23;11663
32;11664
24;11670
2;11673
13;11682
2;11687
7;11697
30;11698
21;11699
21;11700
13;11737
44;11738
28;11739
361;11740
9;11750
26;11754
22;11757
5;11789
5;11793
21;11796
52;11833
38;11835
30;11836
25;11837
1;11846
20;11854
38;11855
7;11856
38;11866
8;11869
8;11876
15;11877
11;11882
26;11884
27;11885
565;11886
4;11888
5;11914
26;11919
1;11929
87;11931
40;11933
26;11934
69;11936
23;11944
5;11954
16;11961
7;11963
4;11970
61;12025
49;12026
15;12027
27;12032
150;12037
22;12049
1;12051
29;12053
20;12057
145;12061
18;12063
7;12064
29;12067
25;12071
4;12074
28;12075
21;12082
5;12083
2;12084
161;12085
43;12121
28;12123
39;12124
12;12129
8;12141
19;12143
11;12144
7;12159
171;12167
161;12172
32;12173
4;12175
31;12179
182;12217
74;12218
11;12219
91;12220
12;12234
7;12237
24;12239
12;12240
7;12269
9;12273
158;12274
9;12301
1;12313
18;12314
71;12315
61;12316
157;12320
36;12333
23;12335
13;12364
20;12367
27;12370
5;12409
50;12410
73;12411
6;12412
573;12432
19;12433
166;12439
19;12457
16;12461
7;12462
7;12464
9;12466
11;12467
3;12505
14;12506
6;12508
37;12527
1;12528
3;12529
8;12553
12;12554
6;12556
175;12558
13;12574
11;12596
33;12601
79;12603
72;12604
20;12605
12;12607
6;12608
60;12633
13;12634
54;12636
3;12637
31;12639
9;12648
7;12654
35;12662
36;12664
19;12687
196;12697
28;12698
12;12699
14;12700
4;12702
17;12703
14;12704
14;12718
37;12727
9;12729
167;12731
32;12736
173;12742
10;12754
20;12755
28;12756
574;12793
59;12794
76;12795
68;12796
10;12811
2;12812
27;12813
4;12814
3;12815
52;12816
30;12833
36;12840
12;12848
3;12850
20;12871
74;12889
37;12890
185;12891
74;12892
36;12910
193;12911
163;12912
152;12925
9;12935
18;12936
25;12939
9;12944
21;12946
11;12947
14;12948
20;12983
21;12986
53;12987
37;12988
20;12993
10;12994
29;12998
9;13005
8;13006
26;13007
75;13008
27;13025
2;13031
13;13035
39;13040
7;13042
167;13082
30;13084
7;13088
18;13097
26;13101
2;13102
1;13103
22;13119
23;13126
165;13134
7;13138
29;13139
78;13177
77;13178
37;13179
66;13180
26;13194
1;13197
11;13199
29;13200
6;13221
22;13225
31;13233
15;13234
1;13235
30;13264
6;13269
28;13273
14;13274
13;13275
4;13276
34;13278
199;13279
40;13280
3;13305
41;13306
2;13307
163;13308
167;13310
7;13312
159;13320
5;13326
163;13328
44;13333
4;13336
3;13346
32;13365
448;13369
31;13370
11;13371
18;13372
9;13373
18;13374
40;13375
174;13390
197;13408
22;13416
5;13422
7;13425
17;13432
41;13465
6;13466
17;13467
32;13468
16;13472
49;13486
19;13487
10;13488
22;13496
6;13507
6;13509
15;13515
14;13516
5;13521
32;13522
8;13523
79;13561
67;13562
20;13563
204;13564
2;13575
30;13586
10;13598
26;13605
21;13607
17;13609
158;13620
43;13657
2;13658
202;13659
32;13660
11;13671
5;13677
10;13678
22;13679
27;13680
3;13683
38;13697
161;13707
10;13709
6;13715
23;13753
321;13754
37;13755
8;13756
11;13774
4;13776
12;13782
161;13795
34;13798
10;13806
15;13808
30;13809
28;13850
24;13851
82;13852
32;13856
5;13865
19;13869
214;13870
14;13872
18;13880
17;13893
37;13899
20;13907
20;13935
85;13945
32;13946
25;13947
82;13949
161;13950
10;13951
2;13972
24;13975
21;13976
26;13978
186;13979
12;13980
7;13981
33;13983
2;13987
3;13989
4;13998
30;14006
72;14041
3;14043
16;14045
1;14046
9;14048
21;14071
1;14072
38;14073
174;14074
22;14077
7;14079
20;14080
26;14083
4;14087
18;14094
14;14096
34;14099
5;14100
7;14102
17;14103
32;14131
41;14137
172;14138
52;14139
55;14140
3;14143
15;14152
14;14154
28;14155
18;14156
57;14157
19;14159
30;14160
28;14181
1;14191
181;14195
158;14196
3;14233
363;14234
58;14235
180;14236
2;14242
18;14253
49;14254
9;14255
29;14267
12;14279
80;14329
96;14330
117;14331
75;14332
164;14342
564;14345
10;14349
177;14350
19;14352
3;14353
1;14358
30;14359
10;14373
7;14378
16;14381
152;14387
220;14425
44;14426
2;14427
58;14428
171;14445
7;14448
145;14467
15;14468
30;14469
9;14471
23;14474
4;14476
33;14489
15;14493
193;14521
60;14523
195;14524
16;14537
4;14539
4;14540
11;14543
5;14545
2;14551
11;14563
11;14568
24;14570
32;14572
17;14576
28;14591
3;14609
207;14617
195;14618
31;14619
2;14620
13;14621
81;14622
5;14623
12;14624
24;14638
19;14639
36;14651
15;14652
40;14653
161;14670
50;14671
10;14672
8;14674
13;14676
34;14680
25;14713
18;14716
7;14717
80;14718
37;14719
15;14745
1;14747
146;14750
7;14751
13;14752
16;14764
174;14768
162;14769
57;14809
86;14810
68;14811
15;14812
8;14843
3;14857
8;14861
12;14868
7;14905
210;14906
35;14907
194;14908
10;14912
26;14923
150;14951
59;14952
1;14955
29;14956
14;14958
16;14962
685;15001
30;15002
29;15003
16;15004
1;15021
40;15022
12;15024
24;15046
8;15082
20;15087
75;15097
41;15098
16;15099
285;15100
16;15117
39;15118
46;15119
577;15120
17;15137
12;15138
22;15139
8;15146
20;15150
30;15152
18;15153
17;15156
11;15164
50;15193
94;15194
21;15195
70;15196
5;15201
5;15211
160;15213
22;15215
33;15216
22;15226
1;15237
4;15239
16;15240
26;15243
161;15251
2;15252
19;15285
48;15289
215;15291
62;15292
3;15293
40;15295
7;15306
15;15318
3;15321
27;15322
155;15323
19;15324
29;15325
34;15327
23;15348
1;15350
18;15385
13;15386
16;15387
34;15388
28;15392
4;15410
41;15417
178;15418
328;15419
18;15424
32;15440
17;15442
8;15443
22;15454
38;15481
34;15482
184;15483
30;15484
24;15491
164;15501
178;15503
30;15504
9;15532
56;15577
10;15578
22;15580
169;15588
9;15597
28;15598
151;15600
2;15606
553;15608
2;15617
13;15618
10;15630
35;15632
19;15636
22;15673
15;15674
215;15675
75;15676
3;15693
29;15695
22;15719
158;15720
15;15725
1;15727
12;15729
21;15731
14;15753
46;15769
57;15770
166;15771
28;15789
45;15790
164;15791
19;15792
30;15802
38;15815
7;15822
3;15823
20;15824
11;15826
20;15827
14;15857
27;15865
22;15866
92;15867
33;15871
36;15886
23;15887
19;15892
5;15915
3;15962
19;15963
208;15964
20;15965
10;15966
43;15967
46;15968
17;15971
167;15982
1;15984
157;15993
91;15994
20;15996
19;15998
12;15999
14;16000
53;16017
154;16026
15;16058
17;16059
8;16060
66;16061
13;16062
29;16063
1;16064
24;16071
6;16074
9;16080
49;16090
16;16091
13;16092
18;16093
1;16094
44;16095
1;16098
1;16102
11;16104
40;16110
1;16112
11;16115
14;16133
20;16134
9;16152
4;16153
177;16154
185;16155
159;16157
21;16173
195;16174
7;16175
155;16176
33;16179
17;16201
3;16210
43;16249
157;16250
21;16252
5;16264
23;16269
36;16270
60;16272
27;16282
18;16298
185;16345
48;16346
22;16347
88;16348
11;16351
5;16359
1;16363
9;16367
4;16370
7;16373
3;16376
23;16398
11;16404
74;16441
11;16442
17;16443
9;16460
31;16461
162;16462
156;16464
33;16465
12;16483
11;16494
3;16538
174;16539
55;16540
20;16544
3;16554
16;16558
35;16559
26;16560
23;16567
5;16573
16;16586
8;16590
24;16591
166;16593
1;16594
9;16596
20;16614
6;16633
16;16634
12;16635
47;16636
13;16637
34;16638
38;16639
10;16643
5;16647
555;16658
31;16666
9;16667
56;16668
36;16672
17;16686
6;16688
11;16693
7;16694
15;16716
27;16729
166;16731
79;16733
101;16734
17;16735
5;16736
3;16747
17;16756
165;16762
3;16763
40;16764
22;16765
85;16766
34;16767
45;16768
2;16785
8;16786
36;16787
12;16790
184;16825
23;16826
26;16828
11;16845
11;16847
17;16848
37;16875
12;16878
7;16881
86;16921
325;16922
42;16923
44;16924
27;16932
39;16937
31;16941
37;16942
8;16947
1;16949
566;16966
38;16968
22;16970
11;16972
15;16973
6;16978
10;16979
220;17017
44;17019
18;17020
22;17034
7;17037
4;17046
2;17063
10;17066
13;17069
16;17074
19;17076
3;17095
40;17113
46;17114
53;17115
89;17116
7;17135
149;17138
3;17161
34;17211
11;17212
2;17216
152;17229
9;17230
26;17245
33;17258
24;17259
15;17268
51;17305
9;17306
4;17307
163;17308
172;17311
5;17312
23;17320
157;17321
9;17337
189;17338
25;17339
5;17343
14;17344
33;17345
29;17350
8;17357
1;17362
64;17401
19;17403
12;17404
42;17405
27;17406
17;17407
46;17408
12;17437
11;17438
22;17439
3;17453
20;17454
18;17457
108;17497
26;17498
30;17499
204;17500
28;17517
161;17518
53;17525
7;17532
37;17541
13;17548
9;17549
26;17551
43;17553
18;17555
7;17556
6;17562
97;17593
57;17594
41;17595
6;17599
8;17603
21;17607
40;17615
32;17620
2;17640
23;17641
8;17648
8;17681
24;17689
7;17690
119;17691
29;17692
8;17705
27;17707
2;17709
14;17733
27;17738
1;17747
159;17748
20;17755
96;17785
23;17786
54;17787
68;17788
13;17806
31;17807
10;17808
25;17817
13;17822
31;17830
37;17831
25;17834
12;17842
10;17881
168;17882
28;17883
94;17884
29;17889
3;17901
19;17903
13;17904
19;17906
13;17918
8;17921
7;17932
15;17934
26;17977
9;17979
10;17982
31;17983
56;17984
4;18003
22;18011
49;18012
24;18013
6;18015
39;18016
30;18029
20;18035
21;18036
7;18037
36;18073
73;18074
13;18075
19;18076
33;18077
12;18078
174;18080
16;18086
45;18105
41;18106
4;18107
14;18108
35;18111
23;18114
35;18120
29;18125
5;18128
9;18153
70;18169
26;18170
32;18171
39;18172
26;18173
15;18178
25;18179
158;18190
1;18191
11;18192
9;18213
163;18214
1;18215
13;18217
168;18222
36;18227
4;18265
37;18266
50;18267
28;18268
51;18286
8;18287
36;18288
12;18311
24;18312
23;18317
16;18322
16;18361
31;18362
33;18363
70;18364
13;18376
26;18379
7;18381
6;18384
13;18395
24;18402
25;18405
1;18409
26;18413
4;18416
18;18419
13;18446
29;18457
69;18458
70;18459
16;18460
21;18466
33;18468
2;18478
32;18479
2;18480
18;18502
12;18505
22;18509
11;18511
47;18553
187;18554
193;18555
52;18556
28;18573
5;18575
9;18579
7;18602
572;18603
12;18608
5;18621
25;18649
5;18650
77;18652
5;18654
151;18655
13;18656
167;18660
9;18678
25;18682
161;18683
25;18684
25;18699
31;18705
3;18707
32;18708
8;18710
2;18725
206;18745
8;18748
51;18749
1;18751
50;18752
2;18754
7;18777
16;18778
3;18779
29;18780
32;18782
9;18784
34;18803
2;18805
5;18808
22;18842
204;18843
66;18844
157;18852
23;18861
35;18878
2;18887
41;18888
16;18892
22;18893
47;18937
228;18938
252;18939
51;18940
2;18954
25;18958
14;18961
1;18986
12;18987
30;18991
13;18994
8;19029
59;19033
3;19034
20;19036
6;19054
4;19058
2;19077
7;19084
20;19092
2;19095
77;19129
150;19130
67;19131
36;19132
20;19149
9;19152
14;19154
14;19167
55;19225
29;19226
11;19227
50;19228
1;19241
34;19243
12;19245
57;19246
40;19247
1;19248
15;19260
13;19275
1;19277
25;19280
227;19321
16;19322
188;19323
31;19324
184;19325
222;19326
8;19327
37;19328
2;19340
10;19348
16;19353
2;19354
16;19355
35;19357
5;19359
6;19360
169;19373
5;19376
32;19395
29;19417
7;19419
20;19421
49;19422
183;19423
9;19433
11;19450
16;19453
7;19454
21;19455
3;19469
5;19471
83;19513
78;19514
171;19516
164;19522
10;19533
161;19537
8;19541
10;19543
18;19588
43;19609
7;19610
78;19612
153;19618
2;19630
26;19632
7;19636
8;19647
17;19653
12;19654
4;19660
7;19665
11;19667
38;19668
174;19705
26;19706
52;19707
23;19708
18;19726
46;19728
21;19732
4;19746
7;19750
10;19755
24;19758
11;19759
5;19760
8;19762
7;19763
189;19801
19;19802
29;19803
342;19804
15;19813
21;19822
168;19823
31;19824
4;19848
26;19851
8;19852
17;19858
28;19889
39;19897
178;19899
56;19900
165;19918
32;19919
13;19932
23;19950
28;19952
30;19954
33;19955
37;19956
1;19975
51;19994
5;19996
22;19998
100;19999
34;20000
9;20026
20;20027
26;20028
162;20030
8;20031
35;20048
12;20049
18;20050
3;20052
81;20089
6;20090
23;20091
332;20093
192;20094
39;20095
16;20096
22;20105
4;20124
21;20128
5;20136
25;20145
179;20185
51;20186
24;20187
29;20188
40;20207
153;20217
18;20224
10;20234
28;20235
46;20281
56;20282
135;20283
37;20284
17;20290
58;20303
32;20304
2;20327
145;20328
8;20332
14;20334
37;20377
64;20378
67;20379
28;20380
6;20388
7;20397
22;20398
25;20399
8;20400
26;20411
9;20421
12;20425
171;20447
60;20473
196;20474
76;20475
15;20476
5;20478
15;20491
18;20493
5;20515
55;20520
29;20526
31;20569
165;20570
75;20571
33;20572
21;20575
23;20587
8;20588
163;20589
19;20591
166;20615
8;20616
3;20628
182;20647
71;20666
3;20668
27;20669
21;20670
161;20671
35;20672
12;20697
150;20699
39;20701
35;20714
14;20719
15;20720
7;20723
21;20727
6;20730
32;20761
183;20762
2;20763
18;20764
8;20765
17;20766
68;20767
14;20769
45;20794
36;20795
23;20798
38;20800
17;20813
21;20814
8;20817
60;20857
18;20858
14;20859
73;20860
16;20877
20;20880
20;20907
32;20953
23;20954
51;20955
75;20956
21;20973
17;20999
570;21005
19;21007
12;21008
13;21011
41;21012
27;21049
174;21050
32;21051
17;21071
33;21093
1;21094
14;21095
14;21096
20;21098
1;21100
31;21145
264;21146
66;21147
37;21148
4;21165
169;21166
164;21167
11;21168
15;21190
15;21192
12;21193
154;21194
9;21204
7;21241
81;21242
11;21243
14;21244
19;21261
56;21262
1;21263
7;21264
13;21270
19;21285
23;21294
5;21297
15;21298
502;21300
30;21312
4;21329
3;21338
4;21339
17;21340
205;21341
28;21342
38;21343
26;21349
12;21369
8;21370
20;21375
186;21376
4;21384
7;21394
28;21396
33;21399
31;21404
14;21434
1;21435
37;21436
30;21437
45;21438
82;21439
7;21457
22;21465
16;21467
11;21469
48;21470
2;21472
4;21495
11;21496
202;21529
20;21530
21;21532
22;21536
11;21541
9;21549
13;21551
2;21557
27;21564
4;21570
17;21574
29;21575
23;21577
30;21578
23;21579
3;21587
31;21625
39;21626
599;21628
152;21645
1;21646
30;21648
11;21668
20;21671
13;21674
3;21681
31;21682
7;21684
2;21696
6;21722
32;21723
44;21724
14;21728
32;21741
26;21742
11;21743
12;21745
30;21756
11;21767
13;21776
14;21777
27;21780
36;21812
210;21817
37;21818
37;21819
2;21820
17;21822
5;21827
18;21837
12;21838
29;21840
16;21842
28;21849
39;21866
562;21867
13;21880
36;21913
22;21915
184;21916
7;21925
5;21959
16;21962
5;21968
8;21969
10;21970
8;21972
29;22010
191;22011
43;22013
21;22014
39;22016
178;22023
25;22041
41;22043
15;22045
22;22048
11;22065
28;22067
26;22069
33;22071
5;22099
10;22105
37;22106
18;22107
5;22108
10;22109
26;22110
8;22111
34;22112
5;22119
23;22132
11;22138
24;22140
158;22141
15;22145
27;22148
13;22160
3;22163
28;22167
35;22201
8;22202
26;22203
167;22204
51;22221
33;22222
3;22223
1;22224
32;22229
11;22297
195;22298
84;22300
23;22315
10;22317
41;22318
26;22319
22;22334
17;22337
25;22341
16;22342
2;22355
5;22377
107;22393
2;22394
2;22395
83;22396
6;22401
13;22420
30;22424
3;22428
6;22443
156;22446
29;22447
332;22489
52;22490
15;22491
3;22506
7;22510
17;22512
34;22522
18;22535
4;22540
3;22585
27;22586
608;22587
12;22588
20;22606
36;22608
23;22622
21;22623
157;22634
4;22639
10;22662
59;22681
5;22683
79;22685
5;22686
67;22687
20;22717
34;22718
17;22719
4;22720
9;22734
173;22736
47;22752
14;22760
29;22772
26;22777
183;22778
23;22779
14;22780
26;22781
78;22782
11;22783
16;22784
158;22792
28;22810
163;22813
2;22814
161;22815
21;22816
36;22828
7;22829
43;22839
55;22873
201;22874
25;22875
23;22876
35;22893
9;22895
12;22919
23;22920
19;22923
2;22924
21;22932
21;22941
15;22963
23;22969
198;22970
19;22971
30;22972
30;22989
10;22990
7;22991
156;22992
16;22993
25;22997
49;23017
12;23019
18;23020
28;23023
26;23024
30;23027
20;23039
40;23065
244;23066
187;23068
189;23086
17;23088
15;23101
14;23110
14;23162
13;23163
12;23164
35;23173
32;23183
24;23184
156;23200
20;23203
4;23207
18;23209
24;23210
22;23217
15;23218
27;23220
28;23226
27;23257
98;23258
26;23259
86;23260
7;23262
22;23264
22;23278
1;23283
6;23312
27;23315
38;23354
8;23355
11;23357
27;23360
1;23384
154;23385
28;23388
37;23389
5;23405
22;23406
2;23410
20;23414
9;23441
21;23450
57;23451
571;23453
9;23454
7;23455
13;23462
29;23470
7;23474
62;23481
12;23484
25;23485
8;23487
156;23488
8;23501
12;23502
19;23503
40;23545
224;23546
265;23547
199;23548
33;23565
38;23566
14;23567
21;23590
36;23613
189;23641
30;23642
21;23643
60;23644
11;23645
16;23653
21;23662
3;23664
11;23666
13;23670
13;23674
20;23678
3;23692
10;23698
6;23700
10;23712
33;23738
59;23739
205;23740
31;23758
17;23759
3;23783
6;23787
21;23788
380;23833
162;23834
66;23835
5;23836
32;23838
21;23843
32;23853
9;23854
162;23855
31;23856
30;23861
14;23867
26;23883
6;23884
15;23885
10;23892
41;23930
30;23931
11;23932
167;23940
197;23950
21;23962
23;23975
26;23980
502;23982
19;23985
3;23993
23;24027
1;24028
28;24030
33;24032
5;24035
4;24041
36;24057
22;24058
32;24060
14;24061
16;24080
24;24082
159;24088
26;24093
4;24109
15;24121
24;24122
199;24123
49;24124
50;24125
5;24126
25;24127
18;24128
7;24134
35;24153
151;24154
4;24156
15;24175
17;24177
14;24178
6;24180
16;24181
37;24217
9;24218
65;24219
22;24220
27;24225
12;24229
14;24239
9;24242
29;24261
4;24264
22;24270
9;24271
4;24275
17;24281
2;24313
26;24314
37;24315
55;24316
22;24331
43;24333
14;24335
26;24336
29;24343
1;24344
14;24358
22;24362
35;24409
190;24410
63;24411
16;24412
1;24429
22;24431
3;24432
2;24444
159;24446
22;24457
9;24458
8;24460
8;24466
32;24505
34;24506
49;24507
172;24508
2;24519
6;24548
26;24555
33;24567
8;24602
13;24603
69;24604
25;24624
40;24625
5;24640
7;24641
11;24650
35;24658
11;24660
30;24680
14;24697
36;24698
23;24699
32;24700
215;24701
9;24702
5;24703
189;24719
31;24720
4;24735
34;24736
21;24737
27;24750
38;24759
13;24760
68;24793
40;24794
13;24795
46;24796
11;24797
31;24799
1;24804
6;24809
151;24820
15;24821
40;24825
38;24826
17;24828
27;24829
196;24831
5;24836
30;24846
209;24889
81;24890
12;24891
41;24892
27;24899
18;24902
187;24911
8;24940
10;24985
207;24986
55;24987
32;24988
1;24993
160;25001
25;25005
33;25007
31;25008
29;25021
9;25030
25;25032
11;25033
1;25036
20;25037
6;25040
35;25041
27;25048
53;25081
16;25082
11;25083
31;25084
3;25085
6;25088
14;25091
7;25095
24;25102
22;25103
5;25119
1;25125
15;25132
16;25135
27;25136
166;25140
7;25177
44;25178
4;25179
26;25186
32;25197
11;25198
18;25200
15;25228
11;25244
58;25273
4;25274
23;25275
24;25276
2;25293
45;25294
8;25295
17;25309
6;25310
10;25311
13;25317
27;25328
15;25329
160;25362
39;25370
74;25371
37;25372
3;25374
20;25375
53;25376
10;25378
11;25383
35;25389
27;25402
148;25404
8;25405
151;25406
20;25407
8;25428
24;25466
34;25469
40;25470
168;25473
3;25477
5;25491
33;25499
20;25501
21;25502
24;25503
38;25504
14;25508
168;25523
718;25561
58;25562
227;25564
16;25567
28;25582
45;25584
2;25608
4;25611
23;25615
10;25617
23;25619
36;25657
26;25658
156;25660
4;25662
8;25678
20;25680
15;25685
20;25708
7;25710
20;25753
27;25754
11;25755
71;25756
31;25774
36;25776
14;25799
20;25804
25;25806
11;25808
31;25812
13;25825
41;25849
35;25850
21;25851
36;25852
1;25853
27;25859
34;25869
6;25870
4;25871
6;25894
19;25897
167;25908
6;25922
30;25945
38;25946
589;25947
94;25948
4;25957
173;25965
158;25967
24;25968
26;25986
22;25994
33;25999
18;26001
3;26002
33;26015
32;26041
2;26042
16;26044
742;26045
4;26046
155;26047
158;26048
35;26050
32;26068
35;26069
151;26074
16;26075
46;26076
16;26077
53;26078
34;26079
17;26080
8;26081
23;26084
26;26096
18;26102
24;26137
13;26139
17;26140
11;26141
22;26142
41;26143
148;26144
3;26169
52;26172
24;26173
21;26176
8;26185
2;26190
18;26191
8;26194
7;26197
34;26203
167;26233
31;26234
650;26235
50;26236
52;26253
36;26255
156;26256
2;26262
17;26268
27;26275
3;26278
17;26279
37;26280
15;26284
25;26285
49;26286
16;26287
44;26330
215;26331
1;26337
2;26345
31;26350
14;26380
162;26383
27;26387
14;26388
227;26425
43;26426
44;26428
8;26439
7;26445
23;26446
19;26448
1;26463
28;26464
45;26469
29;26471
18;26476
6;26521
27;26522
411;26523
23;26526
162;26534
14;26543
32;26554
2;26558
8;26562
15;26565
4;26570
29;26573
5;26577
21;26583
27;26617
63;26620
52;26640
8;26648
2;26667
13;26671
44;26672
32;26686
14;26713
29;26714
17;26716
185;26718
13;26719
51;26720
1;26721
2;26724
3;26731
154;26744
12;26745
43;26747
24;26748
15;26749
34;26750
23;26752
12;26754
1;26766
5;26770
23;26772
18;26792
33;26811
40;26812
194;26813
198;26814
5;26815
14;26816
21;26832
18;26836
13;26841
32;26842
21;26843
162;26844
30;26846
43;26847
17;26848
20;26858
29;26860
6;26862
13;26866
1;26869
165;26871
8;26886
42;26905
63;26906
170;26907
27;26908
32;26912
9;26925
2;26927
4;26948
11;26961
17;26968
12;26976
1;27001
25;27002
3;27003
205;27004
15;27015
34;27023
26;27024
18;27025
28;27051
35;27055
153;27060
10;27070
3;27082
1;27085
36;27097
6;27098
102;27099
33;27100
30;27117
37;27118
58;27119
15;27120
31;27141
162;27193
71;27194
164;27195
72;27196
21;27207
11;27213
590;27214
10;27216
5;27242
4;27248
8;27249
23;27289
40;27290
73;27291
46;27292
25;27307
4;27318
7;27334
2;27367
8;27368
163;27385
22;27386
2;27388
42;27389
8;27405
24;27407
3;27412
31;27414
35;27417
34;27419
8;27420
4;27421
3;27422
10;27423
47;27437
18;27442
4;27443
6;27444
16;27447
17;27459
22;27482
170;27484
72;27485
37;27486
15;27487
17;27503
74;27513
18;27518
12;27520
6;27526
6;27530
21;27531
2;27533
19;27534
6;27577
21;27579
181;27580
30;27592
8;27597
41;27599
10;27602
17;27623
17;27657
31;27673
62;27674
9;27675
19;27676
11;27682
29;27689
22;27693
9;27696
20;27712
53;27718
26;27721
51;27724
62;27769
24;27770
8;27771
21;27772
12;27779
12;27789
35;27790
11;27792
22;27804
571;27818
19;27823
11;27824
33;27826
10;27831
31;27866
19;27867
65;27868
16;27877
48;27887
10;27888
6;27892
14;27915
23;27919
15;27921
61;27961
21;27962
28;27963
26;27964
8;27969
12;27983
4;27985
15;28005
24;28006
10;28011
32;28020
29;28027
2;28048
33;28057
17;28058
40;28060
3;28061
16;28062
49;28063
20;28089
53;28093
4;28104
26;28116
25;28117
14;28121
17;28132
32;28155
160;28156
34;28159
8;28160
14;28177
6;28184
21;28190
147;28198
23;28203
26;28208
25;28214
3;28216
10;28242
28;28249
47;28251
167;28252
20;28269
41;28270
34;28298
24;28299
16;28300
11;28340
24;28345
398;28346
21;28347
19;28348
19;28362
20;28365
8;28370
17;28384
9;28392
14;28397
29;28412
14;28441
376;28442
79;28443
20;28444
28;28450
21;28451
10;28452
20;28463
166;28464
4;28486
1;28487
11;28492
18;28493
24;28499
6;28505
38;28537
215;28538
10;28540
10;28553
22;28558
24;28581
9;28582
19;28583
33;28586
4;28590
16;28594
4;28631
39;28633
8;28634
34;28635
198;28636
162;28638
18;28642
17;28653
25;28683
4;28716
14;28726
15;28730
175;28731
9;28732
34;28733
42;28735
711;28736
27;28762
27;28763
14;28764
41;28768
1;28770
6;28775
9;28778
7;28786
10;28787
161;28788
18;28790
9;28826
54;28827
49;28829
9;28830
161;28831
48;28832
160;28834
32;28835
13;28858
173;28860
170;28861
24;28864
35;28878
37;28881
14;28888
30;28921
20;28922
49;28923
65;28924
30;28925
170;28929
21;28941
38;28944
29;28975
2;28976
148;29017
213;29018
14;29019
157;29020
39;29039
59;29040
25;29054
18;29064
4;29065
8;29066
16;29100
213;29113
14;29115
17;29116
9;29124
24;29133
53;29134
150;29136
23;29158
19;29167
36;29169
242;29213
17;29214
36;29215
32;29216
31;29232
18;29233
17;29234
19;29235
2;29236
17;29241
13;29254
20;29263
166;29309
221;29310
120;29311
54;29312
151;29314
166;29330
5;29331
17;29332
16;29337
8;29351
32;29355
16;29357
24;29366
28;29388
20;29404
76;29405
29;29406
188;29407
70;29408
182;29409
20;29410
26;29411
26;29412
166;29435
21;29437
15;29439
10;29440
12;29442
14;29444
8;29447
25;29452
5;29468
3;29473
85;29504
25;29505
48;29507
21;29533
21;29534
8;29535
15;29538
21;29539
3;29540
164;29543
23;29551
10;29556
16;29559
6;29560
13;29561
15;29562
1;29597
101;29598
89;29599
11;29600
13;29602
5;29615
28;29617
17;29644
26;29645
31;29654
5;29655
4;29666
40;29693
56;29694
27;29695
34;29696
5;29732
145;29746
26;29749
19;29789
5;29790
43;29791
6;29792
36;29799
23;29800
14;29807
17;29810
35;29812
10;29825
22;29833
13;29834
165;29838
7;29839
17;29840
32;29841
14;29845
4;29865
203;29885
37;29886
6;29888
15;29904
27;29905
10;29906
17;29908
18;29915
8;29930
4;29931
18;29932
15;29936
1;29940
13;29981
50;29982
7;29983
22;29984
28;30001
11;30002
30;30004
15;30008
3;30009
4;30012
19;30019
11;30025
9;30027
7;30030
1;30036
2;30072
31;30078
41;30081
69;30082
188;30083
26;30084
154;30093
8;30112
24;30113
311;30114
21;30115
23;30116
34;30120
163;30133
35;30134
14;30137
18;30139
14;30150
154;30157
40;30173
11;30174
39;30177
44;30178
30;30179
27;30180
16;30209
29;30211
182;30212
27;30216
18;30226
30;30227
172;30229
8;30230
38;30233
163;30234
85;30269
1;30270
169;30271
13;30272
13;30275
45;30290
1;30297
15;30303
14;30315
23;30318
14;30321
15;30325
59;30328
219;30367
577;30368
31;30377
35;30385
40;30386
22;30387
6;30395
43;30404
10;30411
6;30412
7;30415
23;30461
22;30462
165;30463
44;30464
8;30481
22;30482
362;30483
17;30484
11;30496
3;30498
151;30506
4;30508
26;30509
30;30514
16;30515
56;30557
83;30558
38;30559
1;30560
2;30562
36;30575
38;30577
9;30578
5;30580
35;30602
26;30603
4;30606
156;30610
42;30653
173;30654
16;30655
36;30656
3;30673
23;30676
38;30680
10;30706
6;30712
157;30719
159;30722
18;30725
8;30749
11;30750
16;30752
10;30753
29;30754
34;30755
58;30756
2;30780
22;30782
13;30784
5;30785
39;30786
10;30788
2;30802
19;30805
17;30810
7;30812
24;30818
5;30839
7;30842
20;30845
15;30846
18;30847
25;30848
6;30849
15;30850
18;30851
51;30852
20;30853
3;30865
13;30870
36;30873
8;30877
10;30878
14;30880
13;30881
15;30882
36;30883
19;30886
37;30893
19;30899
26;30906
216;30941
78;30942
36;30943
71;30944
10;30948
17;30951
22;30961
4;30962
3;30966
8;30979
27;30985
1;30986
24;30990
11;31004
78;31037
26;31038
32;31039
30;31040
27;31057
39;31067
26;31085
6;31090
189;31091
6;31092
2;31093
5;31094
156;31102
142;31133
58;31134
6;31135
193;31136
45;31153
22;31155
21;31156
3;31159
35;31182
2;31192
27;31230
74;31231
344;31232
13;31239
33;31243
18;31250
32;31251
12;31252
4;31254
3;31255
23;31259
27;31278
16;31281
2;31282
2;31283
1;31287
26;31325
2;31326
62;31328
12;31338
13;31346
62;31347
27;31369
26;31378
160;31384
24;31388
6;31396
27;31414
165;31422
17;31423
165;31424
18;31425
19;31426
165;31427
23;31428
159;31441
10;31444
69;31454
8;31455
18;31457
17;31459
42;31460
29;31474
29;31476
146;31479
30;31501
22;31515
19;31517
268;31518
22;31519
47;31522
49;31523
5;31524
9;31527
21;31544
19;31550
23;31553
22;31554
15;31555
29;31562
10;31570
15;31573
9;31577
24;31578
1;31579
10;31603
25;31608
12;31613
229;31614
58;31615
65;31616
174;31633
58;31634
3;31643
17;31659
49;31661
5;31669
20;31709
343;31710
35;31711
41;31712
33;31725
56;31729
37;31730
23;31731
26;31744
26;31752
14;31753
151;31755
8;31760
8;31762
3;31763
187;31805
51;31806
27;31807
15;31808
23;31813
9;31825
16;31827
30;31828
23;31832
21;31833
2;31852
1;31855
12;31860
199;31901
194;31902
23;31903
68;31904
151;31921
26;31923
31;31924
11;31941
28;31947
9;31948
8;31951
18;31952
7;31956
14;31957
4;31958
23;31997
169;31998
33;31999
181;32000
18;32001
27;32019
183;32020
12;32022
21;32023
5;32032
166;32033
48;32043
567;32047
162;32050
24;32055
22;32093
31;32094
25;32095
34;32097
24;32098
22;32099
34;32110
1;32121
4;32127
10;32130
53;32131
27;32135
8;32136
2;32146
26;32149
2;32150
13;32152
7;32156
18;32169
32;32189
67;32190
24;32191
187;32192
33;32194
25;32195
5;32200
7;32204
31;32206
36;32213
19;32221
14;32222
559;32224
21;32227
10;32228
38;32233
29;32239
171;32243
1;32245
26;32273
209;32285
97;32286
39;32287
169;32288
11;32289
7;32305
24;32306
25;32327
15;32329
23;32332
11;32334
28;32335
31;32340
11;32381
3;32382
79;32383
13;32384
8;32385
1;32402
169;32403
40;32404
40;32428
19;32432
11;32434
10;32437
9;32440
149;32456
3;32477
8;32478
5;32479
15;32480
23;32498
36;32499
13;32500
182;32517
5;32518
8;32521
14;32522
11;32523
4;32531
8;32533
21;32534
19;32536
27;32573
58;32574
160;32575
329;32576
8;32590
27;32593
12;32594
18;32595
24;32596
19;32597
20;32601
5;32615
26;32618
5;32619
2;32621
8;32624
19;32625
29;32669
102;32670
8;32671
51;32672
7;32680
5;32687
26;32689
8;32690
52;32692
27;32700
27;32705
22;32707
12;32709
25;32714
6;32716
9;32721
4;32722
45;32725
24;32746
8;32766
21;32767
13;32769
15;32770
31;32771
67;32772
35;32780
31;32781
19;32799
24;32802
12;32808
155;32817
15;32818
20;32847
3;32854
6;32861
46;32864
9;32865
18;32867
95;32868
4;32871
155;32875
8;32891
2;32893
157;32897
45;32900
7;32915
6;32924
55;32957
62;32958
184;32959
25;32960
22;32977
22;32980
28;32999
20;33001
24;33002
44;33003
4;33008
6;33009
14;33011
18;33015
5;33016
3;33046
214;33053
203;33054
29;33055
216;33056
31;33065
20;33067
27;33076
1;33093
4;33098
18;33104
24;33107
3;33111
72;33149
22;33150
302;33151
87;33152
1;33155
29;33160
14;33170
14;33171
6;33191
26;33192
32;33193
8;33196
1;33200
8;33204
18;33206
42;33207
162;33208
19;33245
65;33246
13;33247
46;33248
6;33258
3;33266
14;33268
11;33290
3;33292
7;33296
2;33300
22;33302
2;33303
23;33324
167;33341
81;33342
72;33343
154;33344
29;33349
20;33358
11;33362
18;33364
5;33368
12;33373
19;33385
15;33387
8;33390
2;33395
13;33396
32;33397
20;33400
25;33437
27;33438
16;33439
47;33441
15;33442
57;33443
39;33444
9;33447
1;33449
28;33462
26;33470
62;33472
3;33475
8;33476
33;33491
19;33492
27;33493
7;33510
11;33527
10;33534
24;33535
22;33537
5;33538
1;33539
20;33540
22;33542
30;33544
8;33565
158;33566
42;33567
6;33568
18;33570
10;33571
154;33575
19;33576
11;33589
3;33593
42;33629
57;33630
41;33631
31;33632
6;33639
4;33648
8;33649
15;33673
146;33679
2;33680
30;33681
185;33725
196;33726
45;33727
601;33728
11;33729
11;33737
8;33740
70;33745
18;33746
68;33747
10;33748
11;33756
51;33757
5;33767
24;33772
3;33774
23;33776
39;33780
9;33781
1;33810
28;33821
35;33822
39;33823
50;33824
28;33843
7;33866
43;33867
20;33868
2;33871
15;33874
12;33876
12;33894
27;33912
43;33917
180;33918
228;33919
18;33920
32;33937
16;33938
198;33939
2;33971
16;33976
23;34013
19;34014
27;34016
7;34020
10;34025
28;34034
9;34036
21;34061
29;34071
38;34072
23;34095
5;34103
38;34109
33;34110
34;34112
37;34113
27;34114
16;34115
57;34116
25;34122
3;34136
7;34150
1;34161
11;34172
19;34196
8;34205
31;34206
26;34207
218;34208
30;34209
17;34211
60;34212
1;34221
20;34223
42;34236
25;34238
8;34240
10;34244
23;34245
34;34258
151;34260
15;34261
160;34267
1;34268
64;34301
70;34302
26;34303
85;34304
11;34316
9;34321
10;34322
2;34353
11;34358
562;34360
27;34362
40;34397
182;34398
48;34399
86;34400
6;34411
161;34415
17;34417
19;34419
33;34431
15;34449
54;34450
21;34452
6;34468
3;34493
58;34494
58;34495
67;34496
167;34514
9;34515
25;34516
24;34519
4;34546
35;34589
21;34590
47;34591
39;34592
22;34603
6;34608
7;34610
32;34611
10;34612
5;34633
38;34638
17;34639
20;34686
33;34687
4;34688
15;34691
7;34693
22;34705
80;34707
61;34708
6;34732
14;34733
5;34734
171;34761
26;34781
61;34784
23;34785
192;34786
44;34787
287;34788
5;34804
28;34807
5;34815
28;34817
36;34821
3;34833
15;34835
33;34838
2;34843
45;34878
154;34880
21;34881
26;34882
15;34883
11;34884
2;34895
10;34896
12;34898
15;34900
2;34909
10;34912
172;34914
27;34915
8;34929
19;34932
11;34935
21;34937
8;34940
10;34973
72;34974
19;34976
2;34978
35;34993
39;34994
175;34996
11;34997
19;35017
4;35019
41;35022
29;35023
13;35025
25;35026
21;35029
10;35031
