sums of daily draw-off volumes
151.8
118.8
90.2
155
134
192.2
88.2
82.8
137.2
33.5
101.5
229.5
66.5
109
81.8
137.5
184.5
91.2
170.5
117
260.8
239.8
174.5
91.2
119
58.5
85.2
126.5
119
68.8
137
64.2
70.8
189.5
85.5
103
63.5
157.5
86
277
150.5
188
191.2
86
68.5
84
50
111.2
364.8
86
121.8
66
212.2
220.8
166
67.5
132.5
201.5
125.5
68.2
204.5
149.8
196
103.8
161
46.2
173.2
62.8
89.8
146.2
243.8
119.5
89.8
202.8
141.5
86.5
162
45.8
71.8
24.8
126.2
126
131.8
222
147
184.8
111.8
156.8
92.2
306.5
173.8
187
36.8
285.5
77.5
28.8
250.5
121
48
87.8
61.5
234.8
136.2
146.5
94.5
83.2
383.2
37.5
175.8
76.2
95.2
157.5
65
118.8
144
138
173.5
199
249
118.5
17.2
98.5
51.8
113.2
250
116.5
68.5
92
55.8
148.8
87
155.5
231.2
67
180.5
113.5
103.2
81.8
97
145.8
103.5
170.2
70
29
141.8
59.2
65.8
180.8
149.5
46
154.8
75.5
154.5
58.8
30.8
111.2
76.5
268.5
263.5
90.2
383.8
61.2
100.8
118.8
53.8
72.5
102.5
313.8
224.2
89.8
77.8
64
219.2
97.5
114.2
27.2
59
137
216.8
66.8
214.5
128
39.2
70.8
86.2
65
62
86.8
113
86.2
124.8
76.5
118.5
172
75.8
130.2
83.8
85.5
82.2
52.5
92
128.5
137.8
78.2
114.5
60.8
53
41.8
109.2
125.5
47.8
245.2
73.5
45.8
111
123.5
181.8
121
59.5
77.2
54
243.2
101
137.2
80.8
128
102.5
102
112
81.2
80.2
27.5
105
124.8
70.5
92.5
95.8
110.5
174.5
55.2
135
108.2
199
67
64.2
87.5
104.8
101.8
64
68.5
147.2
121
88
45
154
99.8
68.5
87.8
156
90.8
113.5
84.2
49
131.2
146.2
127.2
114.8
220
199.5
115.8
100.8
244
90.5
81.2
41.8
118
50.8
64.2
114.2
173.2
186.8
173.8
81.2
62.5
88.5
113.8
202.5
91.8
129.8
48.2
129
109.5
86
229.2
215.2
25.8
60
69
274.8
93
80.2
124
92
91
105.8
87.5
203.2
313.5
96.5
49
63.5
33.2
91.8
136.5
136.8
153
190
91
41.8
54.5
215.8
63.8
75
124.2
144.8
94.8
32.2
70.8
89.5
67.2
113.8
55.8
78.2
166
152.2
157.5
135
95.8
168
186.2
172.5
100
46.5
51
154.2
201.2
152.5
101.2
233
144.8
223
76.5
134.8
57.5
129
175.8
116.5
132
108.8
78.5
40
231.8
234.8
108.2
173.5
sums of draw-off volumes of each hour of the day
149.3
128.2
180.6
148.5
92.3
152
6940.5999999
10617.5
3750.1
1030
526.2
2611.6
2111.1
1336
1097.6
2331.6
1319.3
1307.1
1934.1
1665.3
2323.1
1679.9
468.4
260.1
sums of draw-off volumes of each hour of weekdays
79.9
56.7
118.8
85.5
51.5
110.7
5763.3
7221
1793.4
543.7
421
2491.1
2002.7
933.9
266.4
466.7
341.6
796.7
1742.3
1281.9
1699.8
716.7
120.8
69.7
sums of draw-off volumes of each hour of weekend-days
69.4
71.5
61.8
63
40.8
41.3
1177.3
3396.5
1956.7
486.3
105.2
120.5
108.4
402.1
831.2
1864.9
977.7
510.4
191.8
383.4
623.3
963.2
347.6
190.4
holidays of household(s), numbers correspond to day of year
