185;29
39;30
12;31
6;47
30;49
24;51
212;52
2;66
25;70
9;73
17;76
12;78
21;79
5;85
8;86
14;112
58;125
73;126
100;127
81;128
25;138
30;140
22;146
46;148
9;176
17;184
169;214
7;221
55;222
15;223
34;224
10;238
12;244
18;252
22;265
13;266
6;278
7;318
30;319
18;320
187;337
150;338
4;339
24;341
12;357
13;370
14;371
161;373
35;414
5;415
202;416
28;433
18;434
27;435
29;436
159;438
5;440
18;462
9;467
1;478
156;487
48;509
171;510
10;512
173;513
25;515
25;520
6;521
20;524
10;526
28;541
7;542
18;545
2;546
30;561
22;564
18;572
6;586
21;606
31;607
14;609
54;610
6;611
7;613
18;637
39;638
18;640
77;641
10;642
18;643
34;661
12;701
59;702
33;703
23;704
15;705
12;713
8;720
24;723
27;724
21;729
32;745
12;749
16;752
34;754
3;755
32;794
43;797
38;798
42;799
208;800
23;817
4;818
25;819
50;820
21;821
7;835
36;841
9;844
1;850
10;851
27;893
5;895
27;896
15;913
34;917
16;930
8;941
2;950
16;989
239;990
49;991
7;992
24;997
3;1003
19;1010
4;1011
10;1034
5;1036
16;1040
14;1046
76;1085
38;1086
251;1087
48;1088
16;1095
20;1104
27;1106
2;1108
156;1111
35;1127
18;1136
160;1138
5;1139
28;1142
19;1143
19;1144
1;1157
47;1181
11;1182
23;1183
35;1187
31;1188
21;1199
2;1204
5;1211
28;1214
30;1219
24;1233
8;1238
163;1260
27;1279
7;1281
84;1282
22;1283
16;1284
14;1297
24;1305
1;1309
26;1310
6;1311
5;1313
14;1316
16;1321
10;1329
1;1335
173;1373
22;1374
13;1375
2;1376
27;1394
28;1395
27;1396
24;1419
11;1428
40;1469
6;1470
25;1471
207;1472
173;1478
11;1490
49;1492
23;1501
16;1524
57;1565
163;1566
54;1567
191;1568
8;1585
22;1604
36;1608
21;1610
32;1611
149;1617
5;1619
52;1661
69;1662
41;1663
5;1675
19;1679
19;1683
43;1684
2;1685
28;1693
19;1709
34;1710
9;1712
3;1716
22;1717
214;1757
214;1758
12;1759
8;1777
12;1778
15;1779
27;1780
9;1802
171;1815
20;1853
63;1854
31;1855
24;1857
5;1859
183;1860
12;1876
18;1889
34;1890
22;1891
11;1892
6;1893
13;1905
12;1907
14;1910
34;1931
1;1949
58;1950
4;1952
581;1953
27;1954
21;1955
154;1956
20;1978
28;1984
16;1986
12;1988
6;1998
10;2001
25;2005
25;2008
21;2010
158;2045
47;2046
171;2047
60;2048
21;2054
32;2064
11;2066
15;2067
181;2068
169;2080
29;2083
9;2084
9;2088
37;2089
10;2093
375;2141
56;2142
94;2143
34;2144
11;2155
52;2161
14;2162
31;2164
30;2170
1;2199
43;2237
34;2238
27;2240
11;2258
5;2260
4;2263
30;2264
164;2276
16;2286
31;2292
42;2333
217;2334
41;2335
60;2336
21;2346
7;2350
32;2354
8;2355
22;2367
26;2393
5;2408
15;2429
13;2430
65;2431
40;2432
57;2452
39;2485
48;2525
64;2526
26;2531
7;2558
17;2564
170;2574
9;2588
1;2621
154;2622
15;2624
23;2625
6;2626
68;2627
12;2636
21;2646
27;2653
1;2654
19;2655
37;2656
29;2658
8;2659
4;2674
38;2675
22;2683
21;2684
167;2717
42;2718
179;2719
47;2720
9;2761
1;2762
31;2775
22;2813
45;2814
42;2815
46;2816
13;2831
8;2833
25;2834
20;2854
17;2861
37;2867
18;2909
30;2910
331;2911
36;2912
12;2913
23;2918
27;2930
19;2931
33;2933
8;2953
10;2954
1;2956
10;3005
30;3006
53;3007
87;3008
11;3021
12;3026
26;3028
2;3045
26;3053
3;3093
12;3101
24;3102
6;3103
19;3104
21;3121
173;3151
19;3153
1;3159
5;3164
8;3169
1;3191
26;3198
12;3199
4;3202
26;3204
557;3220
35;3230
19;3231
4;3233
31;3235
8;3252
27;3260
5;3268
22;3269
163;3293
24;3294
28;3295
24;3298
21;3299
15;3326
1;3328
37;3329
2;3331
18;3389
42;3390
256;3391
17;3392
7;3405
19;3411
10;3433
19;3436
24;3441
4;3485
22;3486
24;3487
30;3489
144;3505
1;3517
26;3533
3;3537
9;3565
19;3568
9;3581
31;3582
258;3583
10;3601
29;3602
187;3603
10;3608
1;3625
6;3628
24;3635
37;3638
28;3677
169;3678
27;3679
6;3680
11;3696
22;3703
33;3723
12;3724
10;3729
17;3730
9;3732
17;3773
18;3774
25;3775
25;3776
9;3785
160;3786
26;3787
27;3790
14;3794
15;3796
159;3798
553;3817
26;3819
34;3827
27;3869
9;3870
58;3871
29;3873
17;3874
31;3876
164;3894
26;3898
31;3899
30;3905
36;3907
30;3908
17;3924
37;3925
6;3927
4;3929
21;3931
29;3932
27;3959
49;3965
14;3966
26;3967
44;3968
13;3969
201;3971
24;3972
24;3982
11;3985
17;3992
52;3998
28;3999
160;4000
33;4004
4;4024
25;4025
10;4061
11;4062
6;4063
60;4064
31;4070
9;4082
18;4083
8;4084
3;4092
6;4105
11;4107
563;4110
29;4120
4;4157
25;4158
46;4159
38;4160
25;4180
18;4188
155;4205
33;4207
10;4253
21;4254
23;4255
171;4256
3;4279
7;4288
10;4299
29;4312
41;4349
37;4350
4;4351
5;4352
24;4353
14;4360
10;4369
36;4394
165;4407
12;4445
34;4446
8;4447
30;4448
31;4465
10;4468
8;4474
6;4485
5;4493
18;4494
1;4497
9;4498
1;4501
18;4502
9;4504
46;4544
64;4545
38;4546
25;4547
59;4548
5;4562
31;4573
31;4574
29;4575
26;4577
36;4578
41;4579
2;4595
4;4601
8;4602
11;4637
50;4638
25;4639
156;4640
79;4642
51;4643
17;4655
35;4662
569;4665
28;4669
2;4670
181;4671
18;4672
13;4673
28;4676
18;4689
163;4692
15;4704
51;4733
6;4734
155;4735
48;4736
13;4740
7;4754
26;4755
21;4756
17;4782
45;4829
68;4830
15;4831
23;4832
6;4836
26;4849
12;4850
9;4851
8;4852
15;4854
33;4861
157;4863
1;4866
10;4873
38;4882
21;4885
55;4926
48;4927
17;4928
34;4931
9;4935
22;4941
19;4946
27;4969
2;4972
31;4984
38;5015
69;5021
89;5022
348;5023
14;5024
29;5033
1;5037
169;5042
19;5044
16;5049
9;5057
17;5072
20;5073
5;5075
6;5078
592;5117
21;5118
21;5119
182;5139
24;5140
20;5154
23;5172
27;5213
20;5215
59;5216
8;5218
213;5219
22;5220
4;5234
39;5236
22;5240
20;5242
12;5245
36;5246
13;5247
149;5248
7;5261
2;5265
11;5273
66;5310
12;5311
33;5313
28;5314
3;5315
11;5330
27;5341
7;5342
14;5345
35;5346
19;5347
15;5366
9;5388
20;5405
223;5406
178;5407
25;5424
39;5425
29;5453
7;5462
30;5501
204;5502
39;5503
27;5504
154;5508
15;5543
160;5545
160;5547
17;5551
25;5597
32;5598
58;5599
11;5600
25;5602
29;5604
23;5609
23;5617
8;5619
33;5620
6;5627
158;5629
15;5634
14;5644
10;5645
26;5649
6;5655
9;5687
29;5693
36;5694
21;5713
12;5714
28;5716
13;5725
5;5731
11;5737
35;5738
5;5744
20;5748
15;5752
34;5757
93;5789
39;5790
560;5791
18;5792
26;5802
34;5811
10;5813
25;5832
13;5846
17;5885
21;5887
20;5888
17;5889
20;5891
2;5892
20;5901
13;5917
23;5920
32;5921
2;5932
10;5939
161;5940
162;5941
58;5942
8;5943
9;5946
4;5948
17;5959
27;5961
11;5975
19;5981
173;5982
23;5983
65;5984
17;5985
37;5986
19;5987
35;5988
30;5999
33;6002
5;6010
31;6013
26;6014
174;6015
11;6022
24;6037
7;6048
26;6077
81;6078
27;6079
22;6080
32;6085
47;6098
20;6099
12;6100
15;6113
15;6118
16;6119
2;6121
10;6122
20;6126
23;6132
20;6134
27;6135
5;6173
26;6174
189;6175
19;6176
11;6180
10;6194
21;6195
327;6222
8;6228
28;6232
14;6269
12;6270
78;6271
5;6289
2;6292
31;6304
11;6323
32;6328
20;6365
40;6366
46;6367
32;6368
164;6377
14;6379
9;6388
8;6400
157;6412
25;6417
175;6419
3;6424
16;6435
15;6462
1;6463
22;6464
32;6478
10;6480
5;6481
6;6483
70;6484
2;6505
12;6513
39;6515
21;6518
17;6534
16;6559
48;6560
18;6561
31;6563
5;6564
15;6590
24;6591
19;6592
34;6594
3;6609
56;6615
73;6617
5;6627
18;6654
214;6655
30;6656
29;6658
7;6659
23;6660
15;6668
10;6672
7;6677
8;6678
7;6685
5;6687
10;6689
6;6690
6;6698
147;6709
2;6710
22;6711
9;6712
5;6715
29;6721
47;6749
196;6750
179;6751
217;6752
19;6763
10;6769
160;6771
7;6772
38;6788
38;6798
7;6800
28;6805
8;6845
48;6846
55;6847
171;6848
2;6856
30;6866
17;6868
27;6870
7;6891
30;6894
17;6898
36;6899
30;6902
4;6936
59;6941
24;6942
9;6943
5;6944
26;6947
21;6962
17;6976
15;6987
162;6992
17;6994
554;7037
27;7038
31;7039
17;7057
7;7058
34;7059
29;7060
11;7064
26;7082
31;7087
10;7090
34;7094
32;7133
62;7134
21;7135
349;7136
32;7150
7;7151
16;7154
13;7156
7;7179
26;7184
1;7186
8;7230
25;7231
150;7234
11;7235
22;7257
15;7261
28;7264
14;7265
17;7280
56;7289
31;7325
66;7327
93;7328
15;7330
33;7331
3;7332
13;7337
14;7358
7;7359
161;7361
3;7368
7;7377
193;7378
9;7382
29;7405
21;7421
31;7422
1;7423
18;7424
26;7438
10;7443
5;7444
1;7457
17;7466
23;7468
1;7478
19;7504
32;7517
45;7518
55;7519
39;7520
28;7537
4;7539
34;7562
17;7563
10;7571
4;7574
30;7613
12;7614
3;7615
31;7616
12;7647
5;7664
2;7665
4;7670
8;7708
337;7710
55;7711
18;7712
20;7724
5;7726
4;7735
4;7751
1;7761
32;7763
21;7768
42;7805
28;7806
164;7807
24;7808
21;7810
202;7825
5;7826
5;7827
13;7846
9;7901
7;7902
18;7903
27;7904
16;7905
46;7906
25;7907
23;7908
31;7933
5;7934
6;7935
8;7937
16;7938
15;7939
37;7940
11;7952
38;7954
15;7955
22;7959
152;7964
14;7997
30;7998
190;7999
171;8000
40;8003
31;8010
31;8029
5;8032
22;8033
31;8034
44;8035
64;8036
165;8052
38;8060
12;8063
264;8093
52;8094
37;8095
21;8100
9;8109
9;8115
10;8116
14;8143
4;8145
168;8149
154;8168
55;8189
27;8190
66;8191
29;8192
10;8202
9;8211
48;8212
158;8220
155;8225
11;8233
17;8245
25;8285
65;8286
6;8287
91;8288
10;8292
19;8303
10;8305
10;8333
26;8337
20;8338
155;8341
10;8342
166;8364
168;8381
25;8382
169;8383
1;8384
21;8398
41;8404
10;8405
1;8426
5;8439
20;8440
20;8477
11;8478
240;8479
30;8480
3;8498
8;8500
21;8523
11;8526
25;8536
25;8563
25;8573
23;8574
21;8575
18;8576
21;8577
178;8578
12;8579
584;8580
35;8596
16;8605
2;8607
70;8609
13;8610
13;8611
9;8626
5;8633
156;8634
48;8665
18;8666
48;8667
34;8668
36;8669
19;8670
25;8671
160;8672
28;8697
39;8701
17;8703
20;8704
5;8708
23;8715
18;8716
157;8718
159;8743
34;8748
16;8762
214;8763
12;8764
9;8779
5;8783
33;8784
163;8788
20;8789
25;8791
6;8807
15;8810
14;8811
23;8815
11;8857
8;8858
5;8859
61;8860
17;8879
19;8880
16;8885
6;8908
4;8911
160;8931
126;8953
34;8954
316;8955
188;8956
25;8971
55;8973
169;8974
14;8975
33;9007
4;9008
18;9014
213;9049
31;9051
20;9052
40;9072
4;9078
2;9108
30;9126
7;9146
11;9147
20;9149
3;9162
4;9176
18;9200
4;9203
18;9212
35;9241
13;9244
6;9246
8;9248
22;9249
28;9252
171;9273
194;9276
47;9278
174;9279
20;9282
21;9288
9;9289
192;9295
7;9299
23;9302
32;9303
22;9337
29;9338
7;9340
13;9341
25;9342
11;9343
1;9375
33;9390
12;9391
170;9394
161;9396
18;9433
27;9436
38;9453
13;9455
14;9456
29;9463
29;9481
6;9483
18;9491
69;9529
38;9531
40;9532
6;9545
2;9550
8;9552
3;9553
23;9577
162;9596
53;9625
5;9626
15;9627
38;9628
31;9630
43;9647
2;9651
26;9676
26;9680
7;9684
34;9721
195;9722
14;9723
82;9724
26;9729
2;9735
561;9743
15;9763
10;9771
240;9817
59;9818
220;9820
11;9840
15;9867
2;9902
6;9907
38;9913
46;9915
172;9917
20;9918
26;9919
32;9920
6;9925
5;9939
8;9940
1;9947
154;9948
37;9950
11;9954
14;9967
8;9970
2;9985
2;10012
27;10013
5;10014
41;10016
5;10026
2;10043
52;10046
22;10059
9;10062
19;10066
6;10068
12;10069
154;10072
20;10080
221;10105
21;10107
19;10108
4;10120
21;10126
14;10149
8;10151
25;10154
31;10192
29;10201
63;10202
565;10203
19;10204
8;10221
6;10223
153;10239
17;10241
16;10246
558;10248
8;10250
27;10253
17;10258
16;10260
37;10298
10;10299
49;10300
34;10318
6;10332
5;10342
9;10349
219;10394
185;10395
159;10412
7;10413
16;10415
7;10416
31;10422
30;10441
23;10443
26;10448
19;10490
4;10491
92;10492
13;10505
9;10509
14;10510
43;10511
10;10523
24;10528
26;10533
2;10536
34;10537
15;10560
2;10580
23;10587
14;10588
10;10589
99;10590
53;10591
14;10592
27;10604
6;10609
60;10617
8;10620
33;10622
2;10628
30;10632
28;10681
22;10682
176;10683
34;10684
55;10685
27;10686
31;10687
166;10688
10;10713
9;10714
9;10716
9;10717
8;10718
27;10720
19;10741
18;10777
68;10778
35;10779
35;10780
4;10783
6;10797
7;10799
12;10814
2;10825
17;10827
29;10828
27;10836
27;10873
40;10874
8;10876
152;10890
28;10895
17;10916
20;10919
13;10924
23;10927
145;10928
2;10930
53;10970
6;10971
210;10972
38;10976
150;10990
28;10991
30;10997
13;11016
23;11025
1;11028
24;11034
24;11043
1;11064
73;11065
149;11066
20;11067
26;11068
16;11069
11;11070
5;11078
159;11086
45;11088
23;11120
17;11161
167;11162
55;11163
32;11164
28;11175
51;11181
12;11182
167;11183
165;11211
24;11240
3;11256
16;11257
33;11258
27;11259
34;11260
151;11262
190;11263
12;11279
179;11289
14;11291
12;11294
19;11295
33;11307
25;11313
2;11316
22;11322
35;11339
69;11353
57;11355
3;11356
12;11357
32;11359
27;11360
12;11375
4;11377
44;11386
28;11388
586;11391
23;11392
31;11404
19;11409
1;11410
13;11415
71;11449
44;11450
183;11451
59;11457
14;11467
31;11469
10;11471
7;11483
15;11493
5;11494
14;11504
21;11506
1;11546
15;11548
14;11557
6;11567
9;11589
12;11594
12;11596
12;11641
248;11643
49;11644
21;11659
17;11662
17;11663
27;11664
3;11685
41;11737
30;11738
16;11739
41;11740
2;11757
31;11758
46;11760
11;11834
53;11835
269;11836
16;11846
2;11856
18;11861
34;11870
28;11881
22;11884
161;11906
4;11929
16;11930
23;11931
13;11932
47;11933
20;11935
16;11956
8;11962
19;11964
2;11965
26;11968
157;11970
159;11985
7;11986
144;11989
167;11990
11;11992
17;12012
11;12017
18;12021
35;12025
20;12026
36;12027
182;12028
47;12030
32;12031
3;12057
17;12058
1;12063
8;12079
39;12085
3;12121
40;12122
33;12123
63;12124
11;12141
16;12142
4;12143
68;12144
28;12168
3;12169
5;12176
1;12217
70;12218
33;12219
19;12234
30;12239
29;12258
21;12261
163;12264
2;12272
56;12313
16;12314
8;12315
9;12316
34;12327
22;12333
17;12334
34;12335
22;12344
5;12364
4;12409
195;12410
43;12411
72;12412
36;12428
31;12430
22;12431
3;12437
152;12442
30;12459
7;12463
30;12499
24;12507
19;12508
15;12525
4;12526
52;12528
38;12530
11;12533
155;12561
28;12602
7;12603
46;12604
7;12605
9;12607
19;12608
158;12630
16;12632
42;12635
182;12637
56;12639
18;12656
5;12658
13;12659
16;12663
26;12697
32;12699
30;12700
24;12703
5;12716
171;12734
320;12735
32;12745
27;12749
12;12752
162;12753
55;12754
29;12756
24;12793
30;12794
62;12795
41;12796
45;12813
5;12815
22;12819
35;12833
4;12843
1;12889
50;12890
12;12892
579;12909
33;12911
6;12924
26;12929
15;12939
181;12985
79;12986
33;12988
23;12999
23;13005
29;13007
16;13008
41;13032
4;13034
7;13037
9;13038
9;13043
23;13081
37;13082
17;13084
6;13089
15;13091
155;13101
34;13102
46;13103
25;13104
32;13107
9;13123
4;13126
7;13128
1;13136
2;13140
61;13177
12;13178
9;13179
167;13180
13;13198
5;13200
2;13201
26;13203
9;13221
7;13223
3;13228
13;13229
41;13274
4;13275
65;13276
22;13277
36;13279
17;13280
15;13307
20;13309
6;13315
157;13320
5;13323
20;13354
3;13356
28;13369
183;13371
19;13373
192;13376
14;13391
4;13402
29;13405
13;13412
7;13423
32;13424
20;13425
19;13430
16;13466
13;13468
157;13469
3;13483
43;13486
22;13488
150;13521
2;13522
8;13524
51;13561
72;13562
12;13563
21;13564
20;13569
161;13571
1;13582
163;13583
86;13584
24;13586
5;13597
2;13605
38;13610
10;13616
6;13617
9;13619
23;13657
23;13658
63;13659
78;13660
6;13677
5;13680
26;13686
30;13704
26;13714
1;13749
17;13753
30;13754
17;13755
12;13756
28;13774
2;13775
9;13810
18;13841
209;13849
208;13850
26;13851
24;13852
37;13857
15;13871
6;13876
5;13897
19;13907
19;13945
11;13947
8;13948
15;13950
9;13951
15;13952
5;13973
25;13977
1;13979
38;13982
44;13984
24;13997
2;14003
11;14006
10;14008
30;14041
19;14042
42;14043
25;14044
34;14046
13;14047
22;14067
5;14074
1;14075
36;14076
29;14077
3;14092
4;14099
47;14137
199;14138
28;14139
6;14140
36;14157
26;14158
173;14160
19;14174
9;14181
15;14188
2;14189
163;14192
30;14233
40;14234
427;14236
38;14242
13;14253
15;14255
7;14272
14;14282
8;14289
6;14302
5;14319
10;14329
65;14330
17;14332
30;14352
7;14361
33;14379
17;14384
229;14425
161;14427
33;14428
14;14436
13;14447
15;14448
39;14454
25;14456
1;14461
31;14470
17;14474
18;14479
23;14485
19;14522
39;14524
9;14529
10;14542
160;14556
13;14566
18;14572
34;14574
21;14617
25;14618
36;14619
11;14620
80;14622
24;14623
195;14624
35;14625
10;14627
32;14650
17;14652
13;14655
30;14664
22;14669
4;14675
31;14676
32;14679
9;14715
26;14716
27;14717
18;14718
3;14719
51;14720
32;14729
10;14734
8;14741
12;14746
4;14747
4;14750
12;14768
15;14776
4;14779
43;14810
5;14811
40;14829
6;14862
29;14872
14;14906
35;14907
7;14908
164;14915
12;14917
46;14927
4;14928
9;14948
154;14949
17;15001
20;15002
3;15004
38;15021
23;15022
21;15024
2;15041
7;15045
154;15048
11;15054
10;15064
626;15098
75;15099
210;15100
155;15119
8;15148
206;15193
199;15194
316;15195
204;15196
40;15213
69;15214
20;15216
26;15289
181;15290
37;15292
7;15294
20;15296
26;15321
6;15325
11;15326
16;15328
31;15346
16;15362
57;15385
27;15386
40;15388
34;15389
174;15390
597;15391
29;15407
18;15418
158;15419
164;15420
11;15422
169;15424
8;15431
19;15444
14;15445
51;15481
37;15482
33;15483
27;15484
30;15492
23;15501
2;15502
8;15527
23;15537
11;15540
68;15577
85;15578
181;15579
3;15580
27;15600
8;15601
13;15603
18;15644
13;15673
51;15674
112;15675
20;15693
4;15694
19;15696
151;15705
28;15719
17;15724
9;15728
51;15730
48;15769
1;15770
30;15772
2;15790
5;15792
22;15796
1;15797
23;15805
16;15814
30;15818
26;15823
11;15828
8;15865
127;15866
45;15867
13;15885
35;15886
17;15888
14;15908
25;15913
6;15917
29;15959
35;15962
31;15963
46;15968
28;15993
11;15994
5;15996
1;16004
153;16011
3;16014
27;16018
41;16019
4;16057
574;16058
27;16059
39;16061
9;16072
10;16091
8;16092
15;16095
550;16100
13;16101
6;16114
206;16153
8;16154
241;16156
162;16174
10;16176
11;16184
21;16188
35;16193
22;16199
166;16203
14;16206
1;16215
125;16249
36;16251
50;16252
19;16256
4;16259
19;16269
14;16270
8;16287
5;16295
12;16299
16;16301
36;16305
15;16308
16;16329
53;16345
55;16346
60;16347
57;16348
45;16365
12;16366
3;16368
10;16397
41;16441
41;16442
17;16456
37;16461
29;16464
15;16468
22;16487
7;16488
47;16496
1;16537
581;16538
18;16539
14;16540
158;16555
3;16560
9;16567
2;16582
38;16585
35;16588
9;16592
9;16596
2;16616
4;16624
48;16637
18;16639
36;16640
168;16649
10;16667
31;16669
15;16670
17;16672
28;16687
13;16694
24;16707
61;16730
42;16731
13;16732
14;16735
30;16736
23;16751
29;16756
169;16761
6;16762
20;16780
5;16783
8;16784
13;16789
5;16813
10;16825
34;16828
4;16830
28;16847
21;16851
4;16863
3;16874
12;16921
11;16922
179;16923
24;16924
8;16931
2;16967
11;17017
44;17018
28;17019
50;17020
12;17031
25;17035
15;17037
17;17038
169;17039
23;17040
154;17074
155;17114
31;17115
22;17116
23;17133
34;17134
15;17144
14;17151
559;17160
8;17164
4;17166
2;17168
29;17209
181;17210
6;17227
10;17230
12;17236
29;17259
5;17306
14;17307
19;17308
155;17309
6;17311
38;17312
18;17338
151;17340
169;17342
28;17344
27;17361
30;17362
198;17365
5;17382
34;17402
19;17403
186;17404
12;17405
154;17406
25;17407
19;17428
23;17438
11;17454
6;17456
18;17462
4;17486
11;17497
24;17498
44;17499
42;17518
25;17548
7;17552
155;17594
23;17595
20;17596
22;17613
20;17616
12;17635
12;17646
19;17655
16;17689
62;17690
20;17691
190;17692
14;17709
18;17712
6;17733
19;17736
30;17785
73;17786
46;17787
36;17788
34;17796
13;17807
11;17808
17;17832
8;17882
85;17883
24;17884
42;17902
28;17903
6;17911
25;17922
24;17927
6;17935
15;17978
35;17980
151;17981
4;17983
33;18012
36;18014
30;18015
31;18017
3;18030
3;18038
4;18039
2;18040
161;18073
26;18075
25;18076
27;18077
1;18078
169;18109
4;18128
31;18132
8;18136
29;18169
41;18170
53;18171
3;18172
32;18174
22;18175
27;18187
3;18189
10;18191
15;18192
27;18214
31;18218
24;18220
28;18228
14;18258
38;18265
33;18266
17;18267
64;18268
51;18286
15;18287
156;18305
29;18310
2;18312
28;18316
12;18317
35;18323
5;18327
3;18361
19;18362
68;18364
16;18373
24;18383
5;18409
161;18419
10;18431
9;18457
176;18458
61;18459
20;18460
9;18473
16;18477
48;18478
12;18480
27;18486
14;18487
15;18506
43;18508
20;18514
4;18515
47;18553
207;18555
165;18556
166;18575
22;18576
21;18593
5;18598
27;18605
28;18608
5;18644
18;18650
1;18653
194;18655
28;18682
19;18684
3;18686
16;18704
19;18706
24;18738
34;18745
23;18746
40;18747
225;18749
12;18750
24;18751
27;18752
3;18777
27;18779
24;18783
58;18800
20;18841
25;18843
39;18844
22;18846
51;18861
44;18862
32;18864
21;18869
19;18886
23;18887
10;18897
29;18899
2;18937
70;18938
21;18939
20;18942
9;18957
3;18958
8;18980
151;18985
25;18994
33;18996
25;19033
34;19035
177;19036
28;19065
5;19078
16;19088
37;19090
7;19091
59;19129
51;19130
8;19131
11;19132
19;19143
4;19155
14;19178
20;19179
7;19185
17;19186
34;19210
7;19225
46;19226
23;19227
68;19228
18;19235
6;19246
58;19247
1;19248
32;19267
11;19271
29;19282
3;19293
32;19296
11;19321
32;19323
16;19324
16;19325
60;19327
8;19351
11;19357
7;19359
22;19360
9;19375
168;19379
154;19380
180;19417
8;19418
8;19419
58;19422
18;19424
156;19444
26;19450
26;19452
25;19453
2;19454
16;19458
3;19472
7;19476
18;19478
26;19513
21;19514
36;19515
81;19516
3;19518
24;19520
5;19527
8;19529
1;19535
31;19536
4;19542
11;19558
33;19562
29;19566
25;19609
25;19610
203;19611
3;19630
22;19632
150;19648
1;19652
22;19656
7;19665
8;19705
5;19706
22;19707
24;19708
11;19714
7;19760
11;19762
1;19763
154;19764
26;19802
32;19803
59;19804
35;19819
17;19824
18;19846
11;19847
6;19852
8;19858
13;19897
25;19899
19;19900
2;19911
45;19917
11;19918
30;19919
21;19941
1;19950
37;19993
29;19994
29;19995
6;19998
190;19999
22;20000
3;20019
22;20027
26;20030
19;20031
19;20032
8;20043
21;20048
6;20059
177;20092
47;20093
166;20095
9;20096
37;20116
17;20121
26;20125
3;20146
20;20150
27;20185
27;20186
18;20187
8;20188
7;20196
26;20205
13;20206
41;20231
5;20235
19;20243
7;20271
39;20281
24;20282
326;20283
41;20284
182;20301
165;20303
157;20304
17;20326
13;20330
10;20334
46;20377
40;20378
19;20379
25;20399
64;20400
7;20405
32;20428
33;20429
28;20432
26;20473
34;20474
30;20476
17;20483
9;20493
24;20495
23;20497
8;20526
12;20530
9;20569
16;20570
175;20572
38;20589
11;20590
21;20603
174;20625
10;20665
13;20666
41;20668
12;20673
26;20680
164;20689
168;20698
1;20700
5;20701
14;20705
27;20707
6;20726
7;20734
29;20761
24;20763
67;20766
35;20767
201;20768
12;20770
146;20773
3;20781
5;20787
9;20796
154;20800
7;20815
30;20819
5;20824
25;20857
12;20858
85;20859
45;20860
27;20867
9;20868
166;20870
25;20873
28;20876
25;20880
12;20912
25;20914
51;20954
41;20955
24;20960
10;20973
5;20974
18;20976
4;20979
40;20999
18;21002
27;21009
17;21049
6;21050
6;21051
23;21052
13;21056
29;21068
9;21072
2;21090
19;21096
172;21100
9;21102
4;21106
78;21145
42;21147
1;21156
27;21166
10;21167
3;21183
3;21190
24;21196
28;21199
15;21241
33;21242
242;21244
5;21247
32;21261
37;21262
3;21263
15;21266
160;21277
53;21289
170;21296
7;21297
13;21298
155;21299
33;21300
25;21337
15;21338
4;21339
16;21340
4;21341
1;21342
159;21343
8;21344
25;21359
25;21369
14;21390
38;21392
20;21396
17;21398
33;21400
2;21413
9;21433
7;21434
190;21436
31;21437
17;21438
24;21465
19;21466
10;21469
31;21470
26;21471
29;21472
152;21485
2;21490
27;21515
21;21529
3;21530
195;21532
11;21546
6;21573
21;21576
23;21579
14;21583
2;21584
62;21625
29;21626
18;21627
4;21636
165;21637
22;21642
2;21649
8;21650
12;21670
9;21671
156;21673
14;21674
4;21678
7;21685
240;21721
31;21722
6;21723
2;21724
8;21727
9;21728
27;21741
3;21743
16;21759
9;21762
24;21765
6;21771
29;21777
35;21817
17;21818
232;21819
29;21820
8;21837
23;21838
12;21840
5;21866
6;21871
23;21872
5;21873
13;21875
31;21896
47;21913
40;21915
21;21916
31;21933
38;21934
18;21935
17;21949
168;21960
12;21962
25;21969
13;22009
38;22012
40;22013
20;22014
7;22016
18;22037
29;22043
24;22044
18;22046
7;22062
38;22068
18;22069
34;22071
21;22078
172;22105
17;22107
18;22108
19;22110
9;22113
1;22137
3;22138
20;22139
14;22140
5;22143
3;22144
16;22150
24;22166
21;22202
14;22203
12;22221
4;22228
12;22239
26;22253
21;22259
37;22297
12;22298
30;22300
5;22307
19;22318
37;22319
169;22343
14;22344
28;22348
15;22351
26;22355
28;22356
163;22388
11;22393
27;22394
12;22395
42;22396
4;22398
17;22408
1;22411
3;22413
3;22414
21;22437
34;22441
2;22442
159;22443
8;22475
12;22481
13;22489
47;22490
1;22491
17;22492
3;22509
168;22535
13;22548
159;22585
34;22587
38;22588
17;22597
28;22606
36;22608
15;22620
1;22631
9;22633
33;22637
24;22685
63;22686
30;22688
24;22711
2;22715
3;22717
2;22718
19;22720
36;22737
22;22738
158;22741
12;22757
24;22777
24;22778
8;22779
4;22780
58;22781
86;22782
25;22783
16;22784
29;22804
68;22811
25;22813
28;22815
9;22828
26;22835
59;22873
31;22874
184;22875
180;22876
1;22893
20;22894
23;22895
31;22922
15;22928
154;22930
29;22969
51;22970
12;22971
19;22972
29;22978
6;22985
12;22989
16;22990
2;22992
11;23016
25;23018
9;23022
17;23065
35;23066
70;23068
174;23079
159;23087
5;23088
10;23089
11;23102
24;23113
15;23117
10;23122
1;23124
9;23128
47;23161
61;23162
195;23163
10;23164
28;23173
4;23181
22;23182
7;23183
4;23185
33;23187
6;23209
16;23219
14;23245
15;23249
8;23257
33;23258
36;23259
23;23260
9;23279
11;23284
3;23297
25;23301
549;23302
32;23303
1;23309
28;23310
9;23315
16;23353
30;23356
16;23359
188;23360
2;23385
9;23405
7;23410
6;23450
23;23451
18;23453
8;23454
32;23481
26;23482
4;23483
2;23484
8;23486
13;23487
11;23494
8;23501
11;23502
23;23506
21;23507
33;23509
10;23512
10;23545
38;23547
3;23548
180;23566
26;23581
38;23594
18;23599
27;23604
10;23616
10;23635
36;23642
58;23643
27;23644
9;23645
21;23650
3;23659
28;23661
158;23664
15;23667
8;23668
17;23684
29;23686
8;23737
4;23738
74;23739
283;23740
5;23759
21;23760
5;23787
3;23789
4;23796
17;23813
15;23833
27;23834
26;23836
10;23844
8;23853
4;23854
17;23855
6;23865
11;23879
3;23881
40;23882
50;23889
22;23890
37;23929
18;23930
29;23931
68;23932
7;23950
33;23952
28;23955
18;23965
36;23980
202;24026
50;24028
20;24029
1;24030
24;24031
4;24050
14;24052
34;24057
31;24059
13;24060
19;24063
156;24064
21;24090
25;24121
16;24122
26;24123
43;24124
25;24126
39;24127
26;24147
73;24153
6;24155
22;24157
6;24158
156;24159
12;24174
9;24184
16;24217
25;24218
184;24219
6;24220
8;24222
51;24238
5;24265
32;24269
25;24272
24;24313
53;24315
4;24322
11;24325
7;24333
22;24334
12;24335
28;24343
7;24358
7;24359
5;24367
44;24409
44;24410
20;24411
178;24412
1;24420
175;24421
28;24430
24;24431
21;24443
8;24459
25;24460
13;24461
18;24463
17;24467
155;24490
8;24506
24;24512
161;24525
22;24551
29;24553
6;24594
171;24601
7;24602
29;24603
41;24604
20;24655
25;24699
165;24700
28;24701
20;24703
31;24704
19;24707
16;24730
7;24733
9;24758
3;24766
28;24767
10;24785
11;24791
17;24794
29;24797
64;24799
13;24800
11;24812
32;24827
18;24828
151;24829
37;24833
7;24837
3;24838
40;24847
161;24850
6;24851
14;24861
47;24889
19;24890
13;24892
20;24909
29;24910
2;24911
170;24934
11;24943
36;24946
16;24948
29;24985
84;24986
172;24987
12;24993
1;24994
9;25005
3;25006
22;25007
10;25020
37;25029
51;25032
24;25033
160;25081
7;25082
45;25083
39;25084
12;25089
12;25101
24;25120
13;25123
6;25129
19;25140
47;25177
20;25178
45;25179
30;25180
50;25198
3;25224
1;25235
33;25273
45;25274
12;25275
175;25276
17;25287
20;25293
15;25294
3;25299
3;25300
9;25308
167;25323
26;25330
44;25370
38;25372
14;25373
43;25375
182;25376
4;25388
154;25398
1;25400
23;25402
28;25404
16;25407
6;25420
16;25424
16;25425
11;25455
68;25465
53;25466
45;25467
3;25468
11;25469
2;25471
5;25472
35;25476
11;25487
33;25497
28;25502
3;25505
19;25517
15;25519
167;25528
53;25561
168;25562
18;25563
4;25564
167;25574
2;25578
3;25586
18;25611
26;25624
24;25657
25;25658
29;25659
19;25660
49;25678
163;25679
3;25709
568;25713
12;25735
182;25753
23;25755
2;25756
2;25776
564;25806
13;25820
42;25849
60;25850
11;25851
199;25852
4;25866
12;25869
4;25870
9;25871
27;25883
5;25894
24;25895
7;25898
13;25902
28;25903
10;25906
8;25907
21;25945
87;25946
17;25947
108;25948
32;25959
30;25965
63;25966
20;25967
11;25968
10;25993
4;25999
46;26041
3;26043
588;26044
2;26045
157;26048
12;26053
17;26060
30;26075
15;26076
55;26079
14;26095
7;26097
30;26104
13;26137
13;26138
52;26140
30;26141
44;26142
25;26143
12;26161
10;26171
37;26172
4;26173
15;26175
29;26183
32;26192
9;26197
20;26201
17;26202
71;26233
17;26235
29;26247
3;26253
25;26256
13;26258
2;26261
165;26288
53;26329
1;26330
21;26332
1;26349
8;26351
33;26377
20;26378
24;26379
6;26380
3;26409
172;26425
64;26426
17;26427
4;26428
24;26460
163;26461
1;26467
1;26470
23;26484
20;26521
27;26522
42;26523
11;26524
16;26542
34;26544
22;26546
16;26566
6;26569
9;26579
37;26617
4;26618
36;26620
1;26627
15;26629
4;26638
33;26640
25;26662
49;26663
47;26674
6;26676
28;26695
13;26713
24;26714
42;26715
8;26716
25;26717
21;26718
16;26719
17;26720
4;26749
175;26750
8;26761
27;26767
9;26769
23;26773
17;26774
12;26796
57;26809
4;26810
2;26812
49;26813
45;26816
114;26841
20;26844
166;26845
24;26847
5;26848
159;26861
20;26864
1;26865
15;26872
45;26905
247;26906
34;26907
189;26908
4;26910
153;26927
18;26928
12;26949
27;26951
18;26962
33;27001
185;27002
6;27004
172;27021
43;27023
49;27048
8;27051
34;27054
3;27055
162;27058
2;27097
28;27098
184;27099
10;27100
28;27120
47;27121
1;27123
25;27149
32;27193
74;27194
30;27195
26;27196
13;27201
25;27214
38;27215
8;27216
4;27249
46;27289
27;27290
213;27292
3;27294
26;27309
18;27338
21;27346
7;27369
9;27386
9;27387
45;27389
19;27418
19;27419
38;27421
32;27422
159;27423
23;27432
16;27433
37;27437
23;27438
2;27445
11;27450
6;27456
5;27466
21;27467
176;27482
8;27484
27;27485
178;27486
17;27487
30;27488
29;27504
22;27514
25;27518
16;27519
39;27520
12;27525
38;27541
167;27542
41;27578
4;27580
7;27591
20;27597
13;27598
28;27600
24;27601
12;27606
163;27607
34;27608
6;27628
15;27630
47;27673
193;27674
188;27675
34;27676
20;27683
37;27729
11;27769
10;27770
28;27771
13;27772
36;27789
14;27792
12;27816
9;27818
28;27819
3;27822
29;27824
28;27851
20;27861
13;27864
40;27866
72;27867
89;27868
21;27873
170;27887
40;27916
23;27922
51;27961
17;27962
34;27963
185;27964
38;27971
15;27982
16;27983
24;27984
5;27985
13;28001
33;28012
7;28018
27;28058
11;28059
38;28060
9;28062
28;28064
7;28081
175;28093
15;28094
34;28096
5;28153
24;28154
24;28155
589;28156
36;28158
20;28159
22;28160
21;28174
33;28185
12;28187
39;28190
7;28192
13;28209
40;28211
32;28215
21;28249
176;28250
56;28251
4;28252
568;28269
20;28293
15;28305
1;28306
8;28345
15;28347
22;28348
22;28362
4;28367
32;28402
35;28441
14;28442
72;28443
4;28444
22;28457
22;28461
1;28470
39;28492
31;28496
24;28538
34;28539
155;28540
7;28541
40;28558
9;28559
7;28583
495;28633
28;28634
99;28636
29;28643
164;28653
31;28654
10;28655
37;28656
167;28673
1;28678
26;28680
12;28683
22;28732
30;28733
18;28734
39;28761
21;28763
28;28765
5;28767
5;28770
38;28783
165;28788
1;28789
2;28826
11;28827
13;28828
27;28830
166;28831
34;28835
15;28841
10;28857
16;28862
21;28864
6;28886
37;28921
30;28922
4;28923
36;28924
158;28926
36;28941
4;28965
158;28966
3;28975
10;28976
20;28979
185;29018
35;29019
13;29020
26;29032
26;29037
19;29039
10;29045
20;29047
17;29062
1;29068
6;29071
10;29075
60;29113
28;29114
79;29115
11;29116
23;29120
22;29130
15;29133
30;29134
4;29145
8;29152
12;29160
10;29161
13;29166
27;29167
8;29169
14;29173
71;29213
5;29214
19;29215
174;29216
7;29217
23;29233
40;29234
1;29235
2;29238
29;29242
2;29260
27;29266
12;29268
11;29269
35;29294
22;29303
19;29309
65;29310
21;29311
22;29312
26;29319
39;29329
66;29330
10;29331
1;29332
24;29360
174;29406
25;29407
5;29409
222;29410
11;29412
33;29422
21;29424
5;29437
38;29438
66;29440
23;29442
31;29445
159;29458
5;29485
21;29501
21;29502
609;29503
179;29505
30;29506
15;29538
148;29540
3;29555
164;29557
19;29559
16;29564
24;29566
1;29576
18;29588
26;29597
173;29598
33;29599
12;29600
3;29619
15;29625
31;29626
10;29629
14;29630
30;29641
20;29654
7;29693
36;29694
67;29695
3;29696
34;29714
18;29721
31;29760
45;29789
55;29790
8;29791
20;29792
2;29809
59;29810
7;29821
25;29837
26;29844
7;29855
14;29882
23;29887
25;29888
9;29905
7;29920
12;29929
11;29932
32;29938
9;29956
31;29981
8;29982
26;29983
171;29984
14;30001
19;30004
15;30021
4;30025
33;30032
8;30033
27;30035
2;30047
20;30067
25;30076
38;30078
18;30079
20;30081
21;30082
58;30083
24;30084
157;30109
11;30111
8;30112
6;30113
30;30114
6;30131
12;30132
15;30133
36;30135
41;30140
22;30153
12;30162
31;30173
172;30174
29;30175
22;30177
5;30180
10;30186
38;30195
8;30205
12;30207
11;30209
43;30211
30;30220
39;30230
63;30236
43;30269
41;30270
34;30271
56;30272
21;30289
30;30290
2;30294
31;30295
151;30300
173;30316
30;30322
3;30354
42;30366
326;30367
195;30368
36;30374
28;30384
6;30385
8;30386
35;30387
14;30388
15;30396
3;30405
30;30411
19;30420
19;30461
31;30462
36;30463
165;30481
10;30487
33;30491
7;30507
38;30511
25;30513
13;30557
60;30558
10;30559
28;30579
6;30583
11;30608
5;30612
21;30615
13;30616
9;30635
46;30653
16;30656
27;30667
23;30669
24;30673
26;30677
34;30697
5;30698
4;30701
4;30710
17;30747
220;30750
5;30752
37;30753
72;30754
28;30756
158;30781
36;30784
30;30788
38;30793
33;30795
10;30796
8;30803
155;30805
16;30811
14;30829
29;30845
16;30846
2;30847
8;30849
20;30851
17;30856
17;30877
26;30881
25;30882
31;30883
15;30885
14;30898
21;30906
4;30921
48;30941
51;30942
70;30943
47;30944
27;30964
15;30981
7;30990
3;30993
28;30996
18;31037
17;31038
59;31039
40;31040
1;31051
1;31057
16;31060
9;31068
2;31081
162;31087
159;31088
13;31089
41;31133
7;31134
195;31135
68;31136
9;31153
184;31154
11;31155
24;31183
12;31187
28;31190
12;31228
20;31229
34;31230
58;31231
148;31242
27;31251
10;31262
29;31275
24;31282
17;31287
17;31323
8;31325
1;31327
25;31328
4;31346
13;31356
20;31370
30;31376
9;31380
2;31384
31;31403
11;31410
38;31413
5;31422
13;31423
10;31425
12;31426
21;31427
17;31428
3;31433
4;31450
26;31453
21;31455
20;31460
26;31466
20;31476
5;31482
8;31507
13;31517
2;31518
28;31520
149;31521
11;31524
31;31535
28;31549
14;31553
3;31554
20;31563
10;31569
25;31573
16;31577
31;31614
45;31616
175;31660
18;31671
4;31709
28;31710
159;31711
26;31717
15;31729
38;31730
152;31731
33;31732
57;31806
19;31807
37;31808
28;31811
10;31825
28;31826
3;31828
11;31834
18;31853
12;31863
39;31901
22;31902
42;31903
7;31904
13;31916
11;31924
148;31942
6;31956
25;31958
3;31997
195;31998
13;31999
358;32000
8;32018
28;32019
31;32024
1;32044
27;32053
22;32069
37;32094
168;32095
30;32096
17;32099
33;32100
23;32103
15;32105
6;32109
19;32111
25;32117
2;32125
4;32128
161;32129
8;32131
11;32132
8;32151
20;32155
9;32162
65;32189
44;32190
51;32191
38;32192
11;32193
184;32194
33;32195
28;32218
13;32221
36;32222
17;32223
38;32227
30;32248
33;32252
19;32287
78;32288
18;32305
17;32307
161;32315
49;32328
22;32336
160;32341
16;32342
1;32366
35;32381
19;32382
49;32383
33;32384
3;32401
4;32402
167;32403
20;32404
32;32421
1;32436
19;32437
178;32477
26;32478
62;32479
1;32480
15;32484
152;32488
27;32499
12;32500
16;32514
163;32523
20;32524
25;32559
49;32573
16;32574
205;32575
61;32576
15;32593
1;32597
10;32617
30;32620
164;32625
169;32627
49;32669
6;32670
41;32671
305;32672
30;32680
162;32688
24;32691
6;32708
23;32714
31;32715
13;32727
16;32765
7;32766
13;32767
32;32768
83;32770
24;32771
27;32772
18;32777
11;32792
10;32795
26;32797
49;32802
30;32803
20;32814
19;32815
4;32820
1;32827
2;32828
8;32830
11;32840
32;32849
4;32861
1;32862
24;32863
11;32864
13;32865
11;32866
13;32867
3;32868
6;32869
19;32894
21;32895
10;32897
7;32924
7;32931
16;32958
22;32959
23;32960
20;32978
7;32979
24;32985
12;32996
8;33007
12;33011
16;33012
37;33013
55;33054
77;33055
37;33056
16;33069
165;33070
20;33074
14;33075
39;33076
148;33096
11;33109
35;33112
124;33149
42;33150
22;33151
222;33152
7;33155
17;33160
26;33169
175;33170
15;33171
1;33189
19;33193
7;33196
13;33198
14;33199
65;33202
36;33205
6;33245
29;33247
223;33248
167;33266
12;33296
167;33299
6;33304
41;33341
18;33342
14;33343
10;33344
7;33349
3;33356
6;33361
180;33362
5;33363
24;33371
17;33385
5;33389
23;33391
3;33393
19;33394
30;33395
1;33419
25;33420
23;33429
167;33437
8;33438
166;33441
34;33442
49;33471
26;33472
1;33473
158;33474
29;33475
23;33476
21;33485
4;33487
9;33490
18;33493
152;33498
18;33500
62;33533
31;33534
26;33535
10;33537
14;33538
46;33539
31;33540
21;33557
157;33565
54;33566
36;33568
3;33569
12;33570
43;33572
5;33586
28;33593
161;33629
591;33630
3;33632
31;33649
40;33650
15;33660
25;33661
26;33678
7;33725
32;33726
12;33727
50;33728
9;33734
16;33746
16;33766
11;33777
153;33781
19;33818
70;33821
179;33822
36;33823
81;33824
17;33825
33;33827
43;33842
30;33843
10;33844
2;33847
11;33861
8;33866
34;33917
41;33918
18;33919
30;33920
26;33937
22;33938
1;33940
4;33961
4;33962
37;33963
10;33973
3;33974
172;34013
66;34014
78;34015
41;34016
19;34022
39;34033
16;34035
25;34063
19;34066
13;34067
2;34068
26;34072
1;34091
24;34109
30;34115
61;34116
28;34122
170;34136
5;34143
29;34144
33;34145
40;34146
27;34148
37;34153
30;34162
5;34163
18;34166
6;34168
159;34172
29;34206
13;34207
20;34209
3;34210
12;34211
41;34212
13;34233
12;34234
5;34237
22;34238
8;34241
174;34245
19;34250
5;34259
28;34262
35;34264
19;34267
8;34268
14;34289
23;34301
114;34302
27;34303
1;34304
146;34321
25;34322
10;34345
154;34347
14;34353
31;34397
42;34398
221;34399
16;34400
18;34413
13;34417
8;34420
2;34434
26;34440
8;34444
20;34447
12;34450
18;34453
89;34494
66;34495
30;34496
9;34513
16;34515
29;34516
6;34523
4;34524
4;34538
31;34540
30;34550
11;34589
44;34590
37;34591
32;34592
13;34609
4;34615
19;34641
12;34681
211;34685
60;34686
7;34687
161;34688
163;34694
32;34707
30;34708
167;34730
29;34736
32;34737
23;34742
4;34781
10;34782
17;34783
36;34786
26;34810
3;34813
159;34815
33;34816
29;34817
586;34820
21;34838
15;34840
27;34879
22;34880
46;34881
42;34882
13;34883
167;34884
10;34906
34;34910
30;34913
17;34914
25;34931
16;34973
82;34974
5;34976
588;34996
3;35012
