sums of daily draw-off volumes
255
266
110
275.5
108.5
196
102
257.5
129.2
215.8
86.8
134.2
116.8
202.5
123.8
94.8
200
148.2
232.5
209.2
143.2
219.2
111.8
299.2
112.5
143.2
257.8
149.8
254.5
131.8
93.8
143.2
169.5
180.8
213.8
322.8
319.2
277
152.2
132.8
359.2
350.5
378.8
217.5
190
161.8
181.5
416.5
280.2
307.5
177.2
236
286.5
97.8
211.2
340.8
386.5
229.5
165.5
81.5
258
387.5
152.2
147
94.5
297
358.2
107.8
485.5
362.2
221.8
183
205.5
205.2
133.8
175
182.8
123.8
189.8
267.2
239
161.2
170
106.5
227.5
75.5
206.2
84.8
328.8
158.8
164
363.2
155.2
157
191.5
203.5
363.2
197
275.2
243.5
317.2
332.5
209
147.8
228.2
380.8
124.2
165.2
296
235.5
170
177.8
240.2
149.5
256.8
264.8
177.8
280
182.2
261.5
166.8
114
130.5
159.5
150.2
164.8
175.5
228.2
131.2
161
200.8
158.2
306.8
205.2
143.5
131.2
138
265.5
370.8
460
226
235.8
161.2
163.2
412
291
227.8
270.8
216
192.5
112.5
157
191.8
239.8
144
121.2
293.5
130.5
221.2
310.2
155.2
220.5
291.5
214.5
94
86.8
177
232
249.8
215.2
138.5
94.2
261.8
147
194
185.8
119
185.2
69.2
97
132.2
152.5
150.5
506.2
87.8
74.5
119
147.8
331.2
191.8
62.2
223.5
187
91.8
163
240.5
61.8
223
141.2
132.5
175.5
127.5
206.5
156.2
166
100.2
196.8
69
188.5
176.5
116
159.8
132.8
246.2
210.2
175.8
189.5
133.2
196.2
76
88.2
143.2
235.8
214.5
314.5
205
341.5
235.8
235.8
155.5
302.8
238.2
359.8
146.5
171.5
172.2
252.2
220.2
119.8
163.8
108.8
243.8
83.2
230
184.2
215.8
270
413.8
266.2
264
168.2
142.5
225.2
203.8
385
132
232.8
146.2
126
228.2
142.8
88
85
163.8
209.2
134
121.2
78.5
235.8
247.2
215.5
245.8
94.2
197.8
252.8
50
113.8
101.2
200.2
230.2
97
216
306.5
204
181.8
202.2
288.2
96.5
111
201.5
154
160.5
165.2
124.5
140.8
142
64.2
168
348
119.8
240.2
148.8
150
253.5
131.5
207.8
299.8
126.5
75.2
134.5
210.5
169.2
148.8
311.5
195
278.2
193
102.2
144.8
163.8
226
179.5
138.2
427.5
170.2
215
287
182
219.5
186.8
139.5
318.8
254.5
131.5
213.8
316.5
304.2
190.8
479.2
226.8
156.2
142.8
177.5
215.8
267
363
150
329
192.2
168.8
364.2
110
178.5
165
214
227
289.5
261
127.5
180
124.8
270.8
119.5
123.2
241.8
sums of draw-off volumes of each hour of the day
160.6
250.8
220.9
144.9
233.9
213.5
12368.6
17257.6
7013
1083.2
1041.8
4061.9
4325.5
1468.7
2109.9
2613
2014.9
2057.9
2419.6
3770.5
3169.2
3204.8
1263.6
348.1
sums of draw-off volumes of each hour of weekdays
93.6
116.1
116.1
36.3
188.7
98.8
10299.1
12747.5
2988.2
551.4
438.6
3876.2
4184.6
1299.8
588.8
713.4
508.4
1692.6
2273.6
3213.9
2148.2
1741.9
587.3
141.4
sums of draw-off volumes of each hour of weekend-days
67
134.7
104.8
108.6
45.2
114.7
2069.5
4510.1
4024.8
531.8
603.2
185.7
140.9
168.9
1521.1
1899.6
1506.5
365.3
146
556.6
1021
1462.9
676.3
206.7
holidays of household(s), numbers correspond to day of year
