3;28
3;29
518;30
2;31
21;32
2;40
3;41
3;44
45;49
181;50
12;51
21;52
19;60
154;62
7;69
5;76
12;82
2;84
6;86
1;90
55;125
47;126
211;127
32;128
4;135
1;146
25;147
82;148
20;161
561;169
9;172
17;181
19;198
93;221
75;222
18;223
64;224
9;234
3;241
40;244
23;245
9;257
11;265
19;266
2;271
14;272
3;273
17;276
21;277
33;294
28;298
26;317
37;318
87;319
64;320
6;324
1;330
25;336
24;338
68;339
7;340
171;344
1;347
13;352
16;357
1;359
24;360
10;362
167;364
27;367
19;368
13;370
169;373
5;374
38;375
22;383
43;413
55;414
110;415
111;416
26;431
5;458
20;460
30;462
34;472
1;495
19;509
59;511
336;512
171;514
5;515
38;516
3;526
1;534
14;542
13;548
14;554
21;562
31;565
12;569
25;571
21;572
7;579
20;597
43;605
25;606
7;607
24;608
20;609
42;610
16;611
47;612
4;613
6;623
10;627
26;637
1;638
29;639
36;641
12;657
15;658
3;662
15;664
79;701
70;703
96;704
11;707
6;714
12;716
164;722
342;724
25;730
38;737
17;738
3;747
25;748
67;749
32;751
43;755
7;795
42;797
70;798
47;799
27;800
17;814
46;817
71;818
58;819
1;830
8;832
23;841
19;843
3;846
16;847
20;851
12;856
18;857
12;860
43;893
87;894
180;895
262;896
18;905
15;914
168;915
1;917
13;940
5;945
4;946
7;948
19;949
20;950
21;951
27;982
58;989
37;990
33;991
70;992
10;993
29;1010
21;1011
3;1012
12;1022
11;1035
34;1040
2;1047
45;1085
208;1086
84;1087
67;1088
10;1098
18;1101
16;1105
33;1107
30;1134
19;1135
4;1139
3;1144
57;1181
32;1184
24;1185
49;1186
37;1188
31;1191
39;1193
16;1201
2;1213
38;1216
10;1217
41;1218
65;1220
20;1239
6;1242
25;1251
186;1278
44;1279
25;1280
30;1281
157;1282
3;1283
3;1284
29;1293
14;1309
47;1312
65;1314
21;1316
40;1318
26;1319
13;1332
14;1333
20;1334
3;1336
45;1339
45;1373
15;1374
103;1375
11;1376
39;1393
19;1396
1;1404
11;1410
16;1415
145;1417
7;1418
29;1419
7;1420
5;1422
42;1430
59;1469
21;1470
29;1471
80;1472
5;1481
6;1486
39;1489
30;1490
14;1491
5;1516
10;1519
6;1521
2;1523
16;1524
57;1526
15;1543
61;1565
370;1566
75;1567
125;1568
32;1585
29;1586
32;1588
10;1604
14;1606
4;1610
33;1614
43;1661
21;1662
40;1663
51;1664
1;1680
14;1682
20;1706
161;1707
31;1709
31;1712
163;1717
17;1720
10;1752
39;1757
167;1758
409;1759
55;1760
3;1766
27;1779
11;1780
11;1795
9;1806
26;1813
157;1814
6;1816
16;1826
30;1828
4;1832
35;1854
30;1856
15;1857
21;1858
82;1860
9;1867
16;1878
24;1881
20;1885
29;1886
33;1888
35;1889
160;1890
164;1891
25;1892
11;1895
27;1907
49;1910
2;1916
73;1950
33;1951
49;1952
60;1953
119;1955
29;1958
3;1959
27;1981
18;1982
36;1983
20;1984
8;1988
9;1998
37;2009
23;2010
29;2011
113;2045
67;2046
59;2047
190;2048
35;2065
88;2066
32;2067
64;2068
15;2091
11;2092
26;2098
10;2100
3;2102
164;2103
7;2118
220;2141
60;2142
83;2143
23;2144
6;2147
1;2161
20;2164
20;2190
7;2192
59;2237
44;2238
42;2239
576;2240
14;2247
12;2251
1;2254
22;2257
19;2259
151;2260
160;2267
2;2277
27;2282
4;2284
11;2286
22;2290
31;2297
57;2333
76;2334
167;2336
3;2353
32;2356
8;2363
11;2364
1;2365
24;2366
26;2377
13;2380
7;2383
11;2385
14;2390
90;2429
33;2430
45;2431
63;2432
22;2437
19;2439
12;2446
27;2449
175;2450
51;2451
10;2458
23;2481
3;2484
163;2508
96;2525
8;2526
36;2527
160;2528
45;2530
29;2531
56;2532
24;2539
9;2542
26;2545
7;2548
28;2557
19;2558
33;2560
31;2561
170;2562
13;2563
5;2564
5;2566
41;2582
27;2583
29;2615
3;2616
62;2621
78;2622
25;2623
21;2626
43;2627
24;2632
18;2649
13;2653
5;2654
18;2655
17;2656
27;2658
32;2659
173;2660
2;2674
9;2675
223;2717
41;2718
97;2719
53;2720
25;2727
153;2729
173;2731
37;2737
48;2738
16;2740
28;2752
19;2761
15;2763
2;2766
15;2768
28;2769
17;2774
28;2775
60;2813
14;2814
29;2815
74;2816
20;2823
162;2834
35;2835
6;2836
25;2857
10;2859
12;2860
5;2861
25;2862
26;2865
4;2866
20;2870
38;2909
3;2910
29;2912
71;2929
144;2930
5;2934
9;2956
30;2958
1;2959
2;2962
22;2963
21;2966
8;2977
33;2980
178;3005
6;3006
30;3007
101;3008
13;3012
23;3023
26;3025
24;3026
5;3027
19;3028
13;3040
31;3054
14;3057
37;3062
12;3063
1;3082
65;3101
52;3102
30;3103
19;3104
25;3108
201;3124
10;3127
23;3129
40;3146
2;3150
10;3154
23;3155
3;3157
172;3158
2;3159
60;3197
55;3198
9;3199
56;3201
172;3203
5;3204
3;3206
5;3227
14;3230
10;3233
4;3234
8;3235
7;3236
31;3247
167;3249
25;3250
11;3251
42;3252
28;3257
11;3259
11;3272
16;3279
42;3293
103;3295
151;3296
2;3297
19;3299
23;3300
15;3306
25;3313
25;3325
162;3326
2;3327
15;3328
19;3329
11;3330
34;3334
149;3346
21;3350
10;3351
39;3389
243;3390
110;3391
61;3392
28;3398
20;3404
166;3406
2;3409
19;3412
30;3427
6;3434
6;3436
559;3437
2;3451
80;3485
96;3486
23;3487
203;3488
6;3495
29;3501
8;3506
203;3507
232;3508
154;3509
2;3517
19;3521
5;3531
19;3532
158;3535
10;3536
8;3539
22;3543
11;3557
192;3581
70;3582
55;3583
98;3584
3;3592
23;3594
161;3601
177;3602
167;3603
18;3604
20;3616
6;3625
20;3627
12;3628
29;3630
7;3632
9;3637
30;3640
34;3662
28;3678
4;3679
76;3680
5;3681
26;3683
5;3689
8;3696
60;3697
39;3698
21;3700
57;3723
165;3724
21;3727
4;3728
10;3731
46;3735
117;3773
67;3774
12;3775
41;3776
5;3785
1;3787
11;3789
7;3791
168;3794
52;3795
19;3807
7;3818
5;3826
2;3828
8;3830
9;3832
42;3869
65;3870
205;3871
188;3872
603;3873
82;3874
19;3875
5;3896
9;3901
26;3902
47;3903
40;3904
4;3907
31;3908
10;3910
31;3919
17;3924
13;3925
31;3965
61;3966
393;3968
23;3971
18;3972
563;3979
9;3983
22;3984
22;3993
27;3997
1;3998
20;3999
16;4000
32;4001
6;4002
52;4004
19;4008
17;4019
7;4026
63;4027
239;4061
276;4062
26;4063
13;4064
22;4081
42;4082
43;4083
33;4084
5;4087
8;4094
30;4098
10;4102
18;4105
2;4109
563;4112
7;4113
178;4116
7;4129
248;4157
240;4158
20;4159
113;4160
29;4171
41;4177
28;4178
7;4179
5;4180
2;4182
20;4189
24;4198
1;4203
39;4205
20;4209
18;4210
8;4213
81;4253
146;4254
15;4255
165;4256
19;4273
33;4274
24;4275
21;4276
21;4293
158;4297
9;4300
35;4308
14;4311
19;4319
5;4348
50;4349
26;4350
47;4351
168;4352
17;4369
49;4370
14;4372
30;4387
6;4393
18;4395
15;4399
29;4400
26;4405
147;4408
3;4445
85;4446
230;4447
221;4448
4;4460
10;4465
19;4466
18;4467
15;4468
15;4477
40;4489
4;4491
17;4495
31;4497
13;4499
1;4500
575;4541
618;4542
3;4545
52;4546
39;4547
10;4557
10;4572
12;4573
27;4574
29;4575
13;4576
15;4577
18;4579
14;4580
168;4597
35;4598
25;4600
3;4601
9;4637
39;4638
43;4639
23;4640
11;4641
95;4642
43;4643
33;4644
155;4651
21;4662
33;4665
15;4669
15;4672
1;4673
13;4674
16;4675
6;4676
28;4679
21;4681
11;4691
19;4692
26;4693
27;4694
21;4695
159;4696
38;4697
164;4699
20;4700
16;4703
238;4734
26;4735
11;4736
40;4749
52;4753
7;4754
23;4755
18;4756
35;4765
169;4772
33;4777
18;4780
33;4781
8;4782
168;4783
180;4786
171;4790
105;4829
38;4830
31;4831
112;4832
10;4833
11;4834
34;4845
24;4847
171;4849
6;4851
10;4852
22;4856
19;4860
25;4871
16;4877
31;4879
13;4884
17;4886
14;4888
26;4917
184;4925
201;4926
33;4927
192;4928
9;4932
5;4935
192;4945
31;4946
15;4948
2;4969
27;4971
12;4972
10;4979
5;4984
8;5013
77;5021
108;5022
605;5023
80;5024
13;5026
7;5033
2;5041
8;5042
8;5043
34;5044
5;5045
11;5053
31;5061
8;5066
48;5068
27;5069
23;5073
21;5078
22;5080
59;5117
28;5118
17;5119
189;5120
3;5146
32;5151
20;5159
1;5161
4;5164
13;5167
25;5170
27;5207
197;5213
31;5215
197;5216
43;5217
107;5218
30;5219
35;5220
15;5231
9;5245
50;5246
8;5248
20;5250
3;5252
35;5265
28;5269
10;5271
18;5286
206;5309
1;5310
11;5311
9;5312
108;5313
896;5314
18;5316
26;5331
1;5342
48;5347
2;5360
11;5361
3;5362
1;5365
4;5370
58;5405
123;5406
108;5407
36;5410
158;5411
71;5426
556;5427
2;5430
14;5436
148;5437
30;5440
15;5449
158;5453
56;5454
13;5457
4;5476
167;5501
223;5502
44;5503
182;5504
1;5505
8;5506
16;5512
14;5521
71;5523
21;5524
12;5525
5;5531
21;5541
14;5546
22;5548
6;5552
7;5553
5;5554
39;5556
2;5557
11;5558
23;5560
20;5597
43;5598
225;5599
20;5600
2;5601
16;5617
1;5625
2;5627
158;5641
146;5642
2;5646
15;5649
12;5654
27;5693
30;5694
69;5695
45;5696
6;5703
14;5709
8;5713
22;5714
2;5715
13;5717
7;5740
12;5743
16;5744
23;5748
30;5751
2;5760
39;5789
40;5790
228;5791
257;5792
12;5802
4;5809
11;5810
171;5811
160;5819
21;5826
5;5837
28;5841
18;5842
38;5845
31;5863
585;5885
15;5886
45;5887
31;5888
65;5889
17;5890
47;5892
2;5901
156;5912
152;5918
36;5922
45;5923
15;5924
26;5925
1;5926
26;5931
38;5937
18;5941
18;5943
28;5947
153;5948
25;5953
90;5982
1;5983
67;5984
29;5985
82;5986
11;5987
43;5988
16;5990
30;6013
3;6015
9;6016
35;6020
4;6021
6;6024
9;6028
66;6036
14;6039
27;6040
4;6041
38;6044
101;6077
24;6078
49;6079
55;6080
55;6097
16;6098
13;6099
156;6100
19;6129
27;6130
3;6132
19;6133
15;6134
36;6135
24;6171
75;6173
35;6174
35;6175
45;6176
37;6184
69;6195
11;6204
39;6222
1;6227
7;6232
3;6267
221;6269
28;6270
207;6271
76;6272
186;6290
5;6292
13;6296
27;6314
44;6315
2;6321
10;6322
9;6323
332;6325
25;6327
16;6339
8;6346
255;6365
200;6366
132;6367
17;6368
12;6386
226;6387
22;6399
155;6406
9;6413
335;6415
20;6417
4;6422
22;6425
26;6461
36;6462
38;6463
49;6464
30;6471
159;6483
30;6484
33;6503
13;6506
17;6507
35;6540
3;6541
66;6557
18;6559
643;6560
10;6561
34;6562
65;6564
21;6572
3;6576
8;6587
177;6589
161;6592
25;6593
332;6594
31;6595
5;6602
42;6609
14;6611
216;6612
10;6613
18;6618
5;6619
31;6627
170;6631
27;6635
30;6653
156;6654
169;6655
11;6657
55;6658
163;6659
15;6660
31;6682
1;6687
9;6688
165;6690
10;6691
38;6703
14;6707
172;6708
21;6709
161;6715
246;6749
104;6750
36;6751
36;6752
23;6769
31;6770
61;6772
153;6776
19;6785
26;6789
31;6791
9;6793
34;6796
15;6797
30;6798
10;6801
8;6802
15;6804
63;6845
88;6846
57;6847
171;6848
16;6859
154;6863
21;6867
63;6868
28;6873
22;6883
22;6889
25;6894
2;6895
47;6941
253;6942
46;6943
129;6944
30;6956
160;6964
7;6980
44;6985
23;6989
9;6992
45;6999
29;7000
15;7031
86;7037
176;7038
206;7039
93;7040
8;7042
22;7051
2;7058
11;7059
35;7072
27;7084
3;7085
8;7086
28;7088
4;7089
35;7094
19;7095
19;7096
24;7104
19;7118
24;7133
67;7134
232;7136
4;7151
40;7154
27;7155
3;7156
15;7177
26;7178
15;7180
21;7183
9;7184
33;7189
26;7221
4;7229
32;7230
19;7231
31;7232
14;7233
39;7234
5;7235
50;7236
18;7245
8;7257
219;7261
26;7262
47;7265
56;7266
7;7267
9;7268
2;7273
32;7276
1;7285
15;7288
33;7289
7;7292
2;7299
25;7317
5;7325
53;7327
17;7328
43;7329
54;7330
53;7331
19;7332
6;7336
22;7337
13;7357
19;7359
6;7360
35;7362
23;7363
36;7364
22;7368
11;7374
26;7378
3;7382
20;7383
29;7385
170;7387
19;7388
8;7396
26;7421
80;7422
20;7423
25;7424
3;7437
25;7442
29;7443
168;7465
20;7473
28;7474
14;7475
31;7477
14;7480
4;7481
4;7495
34;7506
261;7517
47;7518
75;7519
38;7520
68;7538
26;7567
155;7569
22;7576
29;7583
58;7613
38;7614
226;7615
244;7616
7;7618
212;7635
26;7648
15;7656
18;7659
30;7660
159;7663
11;7664
25;7678
4;7693
172;7709
90;7710
53;7711
63;7712
9;7721
22;7728
412;7729
11;7732
18;7733
13;7737
46;7739
5;7756
1;7757
5;7758
18;7761
14;7766
63;7805
204;7806
71;7807
2;7809
170;7825
44;7826
14;7828
22;7833
2;7847
30;7854
20;7858
3;7861
16;7901
8;7902
44;7903
5;7904
63;7905
10;7906
57;7907
63;7908
8;7910
15;7916
6;7918
1;7920
6;7924
1;7933
19;7934
9;7935
52;7936
184;7937
24;7938
1;7954
11;7956
38;7958
14;7959
10;7961
15;7964
35;7990
20;7998
9;7999
83;8000
40;8001
8;8002
15;8003
11;8017
5;8024
34;8025
14;8029
29;8030
22;8043
24;8052
17;8053
10;8054
1;8055
18;8056
8;8057
1;8058
22;8060
1;8088
174;8093
92;8094
60;8095
61;8096
9;8101
17;8102
7;8105
67;8113
188;8114
60;8115
6;8123
7;8125
6;8130
35;8143
16;8147
32;8148
2;8149
39;8150
31;8155
4;8177
43;8189
73;8190
44;8191
18;8192
23;8218
13;8233
28;8234
8;8240
16;8243
32;8246
37;8263
25;8285
276;8286
18;8287
43;8288
11;8292
25;8294
27;8307
15;8308
166;8327
7;8328
9;8330
17;8333
53;8339
64;8340
8;8342
24;8344
31;8381
25;8382
33;8383
2;8386
5;8388
11;8390
22;8401
3;8402
7;8403
40;8404
20;8413
22;8421
22;8426
18;8429
25;8430
21;8431
32;8438
199;8477
220;8478
20;8479
108;8480
18;8483
27;8486
4;8489
15;8497
50;8498
5;8499
15;8500
35;8526
2;8528
23;8529
574;8534
29;8573
59;8574
49;8575
68;8576
187;8577
18;8578
25;8579
28;8580
53;8605
32;8608
41;8612
33;8618
13;8634
32;8642
5;8665
27;8666
15;8667
44;8668
215;8669
48;8670
17;8671
32;8672
22;8681
10;8697
10;8698
6;8700
15;8701
11;8702
47;8703
2;8704
19;8708
29;8709
13;8720
31;8724
2;8727
4;8728
43;8761
77;8762
48;8763
787;8764
2;8775
66;8781
7;8782
17;8783
172;8795
7;8805
2;8808
2;8809
4;8810
172;8811
22;8812
7;8813
18;8815
50;8857
212;8858
49;8859
2;8860
16;8865
17;8871
32;8878
15;8880
6;8896
38;8902
15;8903
16;8905
22;8907
71;8908
42;8911
8;8914
10;8915
161;8944
25;8953
11;8954
15;8955
23;8956
3;8967
20;8968
13;8969
4;8973
1;8974
158;8975
12;8976
32;8997
58;8998
25;9005
30;9006
19;9009
18;9012
18;9028
13;9037
18;9044
45;9049
231;9050
30;9051
43;9052
20;9054
14;9060
13;9069
162;9070
2;9071
20;9072
7;9083
2;9093
19;9097
29;9098
15;9102
32;9105
33;9107
13;9138
28;9139
168;9145
61;9146
50;9147
56;9148
23;9154
7;9155
24;9163
26;9165
50;9167
53;9168
6;9173
18;9197
163;9198
13;9199
15;9200
17;9202
23;9204
11;9225
35;9233
35;9241
51;9242
24;9243
29;9245
315;9246
19;9247
40;9248
24;9250
1;9252
557;9274
25;9276
18;9277
31;9279
193;9280
11;9284
30;9298
4;9300
41;9337
29;9338
28;9339
1;9340
16;9341
35;9342
6;9343
164;9344
11;9347
11;9357
32;9358
30;9363
15;9369
9;9370
79;9371
34;9372
10;9375
12;9376
23;9383
1;9388
2;9389
18;9391
164;9395
17;9399
20;9415
50;9433
52;9434
126;9435
631;9436
5;9440
3;9451
46;9453
27;9455
43;9456
29;9458
1;9471
1;9478
32;9481
10;9484
25;9489
350;9529
164;9530
30;9531
36;9532
11;9533
10;9544
1;9547
33;9549
60;9550
186;9552
12;9554
1;9556
12;9573
7;9578
6;9579
5;9581
25;9583
25;9586
226;9625
214;9626
49;9627
61;9628
5;9630
33;9633
24;9645
7;9646
3;9647
9;9669
24;9672
24;9673
586;9676
4;9678
287;9721
29;9722
17;9723
162;9724
20;9731
590;9741
41;9742
56;9743
24;9744
21;9766
22;9769
8;9770
19;9774
10;9779
24;9780
3;9811
11;9816
263;9817
17;9818
56;9819
204;9820
1;9826
6;9834
10;9835
48;9837
40;9838
52;9839
44;9840
9;9864
29;9866
22;9871
21;9872
2;9903
21;9904
40;9913
16;9914
160;9915
12;9916
44;9917
42;9918
26;9919
53;9920
19;9931
2;9936
3;9947
2;9949
49;9958
32;9965
26;9966
35;9969
7;9974
3;9985
159;9991
3;9993
11;9994
9;10009
18;10010
196;10011
9;10012
175;10013
10;10014
4;10016
1;10018
26;10037
6;10043
32;10045
161;10062
9;10063
12;10065
2;10067
10;10069
57;10071
31;10083
71;10106
310;10107
107;10108
10;10126
7;10127
152;10128
34;10140
561;10151
17;10155
13;10159
40;10162
170;10164
45;10201
61;10202
39;10203
45;10204
25;10211
58;10222
9;10223
91;10224
28;10230
26;10240
12;10245
18;10248
39;10252
1;10258
100;10297
114;10298
48;10299
27;10300
13;10308
51;10318
169;10319
75;10320
30;10323
30;10324
4;10349
33;10393
652;10394
41;10395
39;10396
12;10397
3;10412
11;10413
26;10414
26;10416
3;10427
3;10434
163;10437
8;10438
14;10441
13;10443
4;10444
16;10445
31;10447
24;10448
26;10450
36;10452
234;10489
51;10490
98;10491
380;10492
18;10493
6;10497
8;10510
3;10511
7;10512
27;10513
24;10525
18;10536
47;10540
14;10541
7;10545
74;10586
55;10587
45;10588
79;10589
22;10590
55;10591
165;10592
14;10595
18;10618
10;10619
6;10620
23;10621
15;10624
22;10639
28;10642
24;10647
25;10651
47;10681
166;10682
20;10683
1;10684
11;10686
20;10698
167;10713
36;10714
170;10715
28;10716
8;10717
18;10728
10;10733
7;10739
2;10743
9;10777
27;10778
47;10779
60;10780
3;10799
21;10800
4;10803
11;10815
7;10817
1;10822
16;10823
12;10825
154;10826
30;10828
554;10830
5;10833
99;10873
70;10874
208;10875
32;10876
22;10881
48;10894
18;10895
11;10896
29;10902
12;10903
8;10912
9;10918
5;10919
27;10923
25;10969
564;10970
233;10971
15;10972
8;10990
41;10991
57;10992
6;11016
31;11017
17;11018
11;11019
13;11023
6;11027
71;11065
232;11066
34;11067
258;11068
8;11071
16;11082
22;11087
19;11088
16;11103
40;11108
146;11109
21;11115
9;11117
158;11118
9;11123
27;11157
207;11161
67;11162
20;11163
61;11164
18;11174
51;11182
27;11190
11;11195
10;11209
6;11211
17;11217
16;11219
151;11226
22;11228
25;11257
203;11258
93;11259
35;11260
61;11262
195;11263
1;11264
56;11284
1;11288
18;11289
53;11290
37;11291
45;11292
25;11293
13;11295
16;11296
31;11306
24;11313
161;11315
27;11319
8;11352
9;11353
20;11354
175;11355
22;11356
38;11357
40;11358
77;11359
45;11360
44;11361
22;11365
8;11366
19;11371
15;11376
14;11385
43;11387
55;11388
10;11392
3;11400
10;11405
4;11406
22;11407
6;11408
16;11409
4;11413
372;11449
196;11450
33;11451
24;11452
170;11469
9;11470
11;11471
35;11472
32;11475
30;11476
27;11490
9;11496
29;11499
13;11500
56;11508
34;11545
38;11546
188;11547
35;11548
64;11565
68;11566
5;11567
2;11568
4;11570
1;11578
155;11585
29;11600
10;11601
34;11608
18;11633
42;11641
38;11642
43;11643
5;11644
2;11650
6;11655
2;11660
158;11661
16;11662
25;11663
1;11664
2;11666
2;11685
9;11687
34;11689
11;11692
7;11694
28;11696
2;11698
5;11700
16;11737
19;11738
32;11739
18;11740
7;11749
41;11758
20;11759
9;11760
6;11768
3;11771
152;11775
164;11781
1;11787
25;11794
9;11796
213;11833
106;11834
17;11835
2;11839
7;11852
16;11853
6;11854
13;11856
12;11882
7;11884
25;11885
24;11886
163;11888
27;11890
10;11912
6;11929
31;11930
94;11931
53;11932
45;11933
10;11934
30;11935
83;11936
167;11950
24;11958
9;11961
23;11966
4;11970
12;11981
32;12025
20;12027
3;12028
12;12029
27;12030
35;12031
33;12039
4;12044
10;12055
191;12057
149;12058
6;12059
66;12061
11;12065
2;12073
27;12081
31;12094
42;12121
195;12122
70;12123
220;12124
15;12132
19;12141
53;12142
8;12143
27;12144
5;12151
15;12162
13;12167
20;12180
8;12207
205;12218
185;12219
67;12220
8;12240
1;12241
29;12255
161;12256
154;12267
4;12268
14;12271
8;12272
17;12274
41;12276
11;12280
226;12313
7;12315
14;12316
150;12325
14;12327
17;12336
11;12344
10;12355
20;12357
19;12359
9;12365
21;12368
7;12371
53;12409
28;12410
245;12411
70;12412
9;12416
25;12417
4;12424
29;12426
59;12430
16;12432
14;12435
6;12452
19;12454
29;12455
9;12459
26;12467
3;12468
19;12498
34;12505
41;12506
24;12507
202;12508
151;12510
7;12517
1;12520
183;12526
9;12528
8;12534
13;12556
16;12557
17;12560
29;12563
36;12566
13;12573
34;12601
72;12602
5;12603
22;12604
35;12605
30;12606
57;12607
37;12608
4;12609
6;12612
27;12633
27;12634
2;12635
18;12636
22;12638
10;12639
16;12640
2;12647
19;12651
8;12653
17;12654
10;12659
153;12661
8;12680
3;12697
152;12700
112;12701
16;12702
12;12703
40;12704
3;12705
32;12706
2;12707
568;12712
4;12714
16;12719
9;12721
31;12729
27;12730
43;12733
29;12734
2;12735
20;12750
43;12752
3;12754
17;12756
10;12758
25;12759
114;12793
93;12794
50;12795
258;12796
202;12813
33;12814
12;12815
8;12819
9;12838
36;12842
6;12852
212;12889
168;12891
46;12892
17;12904
1;12909
51;12910
3;12912
31;12933
1;12936
35;12937
2;12944
7;12945
227;12985
27;12986
49;12987
78;12988
5;12996
49;13005
1;13006
24;13008
4;13027
2;13030
13;13038
38;13044
8;13051
196;13081
59;13082
35;13083
45;13084
4;13087
8;13095
30;13101
18;13103
23;13104
28;13105
17;13112
26;13126
33;13132
5;13134
8;13139
17;13146
197;13177
37;13178
42;13180
154;13194
9;13197
161;13198
26;13199
51;13200
8;13209
14;13215
156;13224
6;13225
11;13228
10;13230
162;13231
18;13239
40;13273
42;13274
9;13275
178;13276
80;13277
32;13279
750;13280
15;13281
5;13307
48;13308
1;13309
161;13311
15;13312
17;13328
23;13331
18;13334
28;13335
21;13336
38;13354
52;13369
8;13370
18;13371
25;13372
35;13373
12;13374
4;13376
5;13381
22;13382
19;13383
27;13387
25;13388
159;13401
34;13405
182;13407
16;13424
7;13426
11;13427
577;13428
562;13429
2;13431
21;13462
70;13465
164;13466
11;13467
7;13468
22;13485
170;13486
179;13488
174;13492
17;13495
28;13512
12;13513
4;13514
10;13519
15;13521
8;13541
267;13561
7;13562
58;13563
55;13564
5;13570
20;13572
157;13581
5;13582
8;13583
8;13584
25;13595
3;13598
26;13599
8;13605
16;13607
32;13609
19;13610
25;13615
21;13617
24;13618
146;13628
146;13642
13;13657
3;13658
16;13659
28;13660
149;13675
60;13677
1;13678
29;13679
151;13680
31;13685
12;13689
6;13710
50;13753
46;13754
205;13755
29;13756
7;13757
31;13761
26;13765
2;13769
21;13773
152;13774
22;13794
3;13795
8;13800
28;13802
23;13811
22;13838
124;13849
71;13850
80;13851
203;13852
21;13870
20;13871
17;13872
25;13891
30;13893
19;13894
26;13896
2;13899
20;13900
27;13901
555;13903
147;13904
35;13905
31;13906
13;13907
160;13908
11;13946
22;13947
15;13948
57;13949
2;13951
680;13952
1;13957
30;13964
1;13968
12;13979
22;13981
24;13983
28;13984
16;13996
149;13997
42;13998
28;14001
6;14004
18;14007
62;14041
30;14042
45;14043
208;14044
1;14045
12;14046
131;14047
48;14048
34;14074
52;14075
14;14076
12;14077
32;14079
6;14080
25;14082
6;14083
15;14095
175;14096
3;14101
9;14116
3;14121
95;14137
342;14138
39;14139
87;14140
8;14147
10;14148
29;14149
10;14152
73;14157
15;14158
181;14160
28;14166
33;14181
16;14183
37;14185
5;14186
20;14187
9;14190
11;14192
23;14196
13;14233
72;14234
23;14235
352;14236
148;14241
58;14254
31;14255
16;14256
33;14262
29;14267
5;14274
77;14281
2;14283
5;14290
8;14315
344;14330
34;14331
30;14332
23;14351
50;14352
4;14356
11;14373
31;14375
167;14376
20;14379
13;14383
17;14385
18;14388
34;14425
175;14426
2;14427
193;14428
12;14430
5;14431
29;14460
16;14520
22;14521
61;14522
152;14523
72;14524
5;14538
23;14541
153;14544
29;14553
29;14565
22;14566
20;14568
24;14572
26;14618
26;14619
97;14621
38;14622
11;14623
43;14624
22;14636
9;14637
1;14639
26;14643
3;14646
23;14650
21;14653
45;14654
182;14655
22;14656
24;14667
22;14669
20;14672
7;14673
18;14674
36;14676
45;14677
20;14713
62;14714
165;14715
71;14716
2;14717
18;14718
35;14719
49;14720
168;14725
13;14730
18;14743
152;14747
21;14751
56;14766
26;14768
37;14769
25;14771
10;14774
11;14775
164;14809
77;14811
7;14812
153;14818
16;14825
16;14827
13;14830
16;14833
31;14849
8;14853
28;14854
5;14858
20;14859
5;14863
17;14868
5;14883
37;14905
47;14906
38;14907
16;14908
44;14926
20;14927
57;14928
23;14931
34;14934
32;14949
11;14950
7;14955
23;14956
53;14961
13;14962
25;14963
189;15001
612;15002
38;15003
81;15004
5;15007
14;15022
6;15023
21;15024
9;15029
21;15039
2;15045
11;15047
163;15052
2;15053
3;15074
198;15097
36;15098
39;15099
17;15100
13;15118
21;15119
153;15131
12;15145
9;15146
8;15148
13;15161
72;15193
49;15194
57;15195
252;15196
8;15200
16;15202
15;15203
30;15205
4;15213
6;15215
24;15216
172;15240
33;15242
22;15243
76;15244
33;15245
2;15247
12;15251
2;15252
52;15289
15;15290
205;15291
10;15292
13;15293
48;15294
164;15295
36;15296
2;15310
32;15321
21;15324
34;15327
26;15341
583;15345
4;15363
4;15368
52;15385
47;15386
20;15387
8;15388
55;15389
17;15391
33;15394
22;15397
19;15398
19;15401
10;15409
155;15417
24;15419
27;15424
10;15432
1;15437
21;15442
6;15444
7;15445
37;15446
18;15447
5;15448
236;15481
68;15482
19;15483
69;15484
2;15493
4;15497
165;15502
19;15503
171;15504
24;15508
21;15517
3;15523
14;15532
27;15534
20;15535
9;15537
11;15538
13;15568
62;15577
34;15578
69;15579
406;15580
3;15586
186;15598
184;15600
15;15625
20;15626
1;15633
173;15636
19;15653
91;15673
171;15674
42;15675
178;15676
23;15677
29;15681
37;15693
17;15695
200;15696
23;15717
1;15718
16;15722
5;15723
6;15729
17;15769
35;15770
92;15771
30;15772
6;15777
15;15778
22;15789
22;15790
7;15791
31;15792
33;15815
18;15819
25;15821
23;15828
30;15865
46;15866
26;15867
36;15868
24;15885
9;15887
8;15889
24;15902
22;15911
7;15913
47;15917
13;15918
27;15919
8;15920
20;15923
13;15944
3;15945
2;15951
4;15961
11;15962
209;15963
21;15964
161;15965
40;15966
42;15967
10;15975
9;15983
7;15993
6;15994
45;15995
18;15998
15;15999
30;16006
21;16008
31;16014
2;16018
8;16022
5;16038
17;16048
27;16049
22;16058
68;16060
40;16061
15;16062
23;16063
278;16064
33;16069
18;16077
16;16085
33;16089
31;16090
32;16091
13;16092
1;16094
169;16095
27;16096
26;16098
5;16099
8;16100
3;16105
18;16120
10;16153
85;16154
371;16155
11;16156
5;16160
48;16162
3;16165
33;16173
25;16174
196;16175
48;16176
2;16179
36;16180
8;16198
36;16202
3;16204
25;16206
20;16208
34;16209
6;16234
192;16249
8;16250
66;16251
172;16252
12;16262
166;16269
1;16271
31;16272
20;16281
52;16284
55;16297
28;16300
26;16301
18;16304
8;16305
34;16330
14;16345
69;16346
9;16347
19;16348
41;16366
5;16367
74;16368
166;16370
7;16374
32;16377
59;16390
25;16394
83;16441
38;16442
24;16443
31;16444
47;16461
1;16462
20;16464
11;16483
35;16484
16;16485
15;16491
50;16493
2;16499
4;16508
211;16537
387;16538
18;16539
224;16540
25;16543
12;16549
31;16557
16;16558
7;16559
5;16561
4;16572
13;16583
13;16584
23;16586
38;16596
20;16608
26;16627
53;16633
4;16634
29;16635
34;16636
7;16637
11;16639
48;16640
36;16644
19;16650
9;16665
156;16666
1;16668
26;16671
36;16672
21;16684
32;16687
26;16689
13;16691
1;16696
6;16723
13;16729
9;16731
9;16733
183;16734
229;16735
4;16736
11;16759
166;16763
10;16767
9;16786
10;16789
17;16791
72;16792
28;16800
225;16825
20;16826
345;16827
6;16828
6;16840
49;16846
10;16850
3;16854
11;16869
28;16871
17;16882
23;16884
222;16922
39;16923
34;16924
34;16936
12;16945
23;16957
22;16960
10;16967
9;16969
7;16970
26;16974
16;16978
22;16979
1;16995
22;17003
77;17017
67;17018
22;17019
215;17020
11;17022
9;17031
20;17037
13;17038
9;17039
13;17041
162;17046
17;17061
4;17062
23;17063
10;17064
25;17067
10;17068
6;17072
5;17076
5;17113
36;17114
17;17115
66;17116
37;17133
31;17135
23;17142
15;17162
12;17163
9;17167
26;17172
24;17209
9;17210
50;17211
53;17212
24;17223
25;17231
19;17232
9;17235
10;17243
3;17253
155;17256
7;17268
5;17288
158;17305
171;17306
21;17308
44;17311
18;17312
17;17330
30;17340
24;17343
5;17361
15;17363
8;17365
13;17372
25;17379
16;17399
22;17401
5;17402
208;17403
2;17404
24;17405
26;17406
27;17408
2;17433
150;17434
17;17435
2;17436
8;17440
14;17450
5;17453
5;17456
10;17458
33;17461
9;17462
46;17497
173;17498
32;17499
57;17500
18;17507
21;17511
27;17518
154;17519
24;17546
8;17549
12;17551
30;17556
82;17593
270;17594
165;17595
574;17596
31;17597
15;17614
21;17615
10;17616
3;17629
31;17632
4;17633
6;17637
27;17639
2;17640
24;17641
16;17643
17;17644
168;17645
314;17646
27;17647
24;17648
193;17650
1;17652
37;17689
31;17690
28;17691
11;17692
10;17700
20;17708
27;17710
2;17711
5;17712
27;17713
18;17718
19;17724
26;17725
27;17727
11;17736
10;17743
42;17748
43;17785
70;17786
36;17787
27;17788
18;17789
5;17794
29;17806
17;17807
39;17834
14;17843
48;17881
88;17882
93;17883
14;17884
22;17902
41;17903
26;17904
33;17906
10;17912
6;17919
17;17925
29;17926
26;17929
21;17934
2;17935
9;17955
36;17979
39;17980
27;17981
52;17982
17;17983
48;17984
159;17985
22;17991
9;18005
1;18011
19;18012
25;18014
31;18016
37;18021
39;18029
7;18031
9;18032
5;18036
21;18066
8;18073
179;18074
23;18075
170;18076
8;18077
17;18078
42;18080
25;18105
28;18106
1;18109
4;18111
695;18112
25;18126
22;18127
24;18131
24;18132
9;18136
53;18169
169;18171
208;18172
151;18184
30;18189
14;18190
5;18192
7;18195
32;18209
22;18214
38;18215
11;18219
27;18221
42;18265
10;18267
169;18268
12;18287
15;18290
1;18317
17;18340
99;18361
54;18362
41;18363
47;18364
165;18384
20;18391
30;18392
151;18401
24;18404
5;18409
172;18411
14;18413
16;18416
11;18417
28;18420
77;18457
111;18458
62;18459
191;18460
1;18462
20;18482
1;18483
14;18485
12;18494
13;18495
21;18496
24;18502
1;18508
183;18510
17;18516
19;18553
5;18555
179;18556
11;18559
14;18567
12;18569
14;18572
49;18573
13;18574
16;18576
15;18608
20;18610
39;18649
40;18650
18;18652
8;18653
17;18654
156;18655
68;18656
6;18665
45;18681
15;18682
21;18685
20;18687
32;18708
167;18710
32;18724
26;18745
25;18747
25;18748
43;18749
176;18750
41;18751
168;18755
22;18759
34;18769
6;18775
31;18777
36;18778
19;18781
5;18782
188;18783
17;18793
21;18797
10;18801
6;18804
13;18807
18;18811
7;18825
51;18841
28;18842
27;18843
31;18844
28;18846
2;18861
8;18864
32;18866
11;18892
22;18899
120;18937
45;18938
24;18939
73;18940
4;18944
37;18957
169;18959
8;18960
11;18963
167;18971
18;18982
6;18986
42;18987
2;18988
160;18991
6;18992
41;19033
75;19034
48;19035
181;19036
24;19053
44;19054
6;19055
11;19056
14;19057
8;19076
26;19078
35;19085
10;19091
42;19092
56;19129
20;19130
39;19131
44;19132
26;19136
20;19138
23;19155
23;19157
28;19171
34;19173
32;19174
4;19175
166;19180
12;19182
3;19185
213;19225
13;19226
242;19227
60;19228
7;19245
1;19246
32;19247
24;19248
15;19261
14;19267
9;19273
18;19277
54;19282
17;19317
6;19321
71;19322
162;19323
3;19324
57;19325
12;19327
30;19328
29;19333
4;19339
12;19353
20;19354
15;19356
32;19357
3;19361
2;19366
26;19370
9;19379
10;19417
12;19418
168;19419
37;19421
84;19422
36;19424
37;19426
28;19436
12;19437
6;19439
34;19447
5;19450
14;19451
306;19452
10;19456
11;19472
16;19477
30;19504
164;19513
63;19514
39;19515
8;19527
176;19532
41;19533
5;19534
5;19535
31;19536
8;19544
28;19549
27;19558
16;19593
95;19609
94;19610
34;19611
43;19612
7;19619
24;19622
29;19624
4;19625
7;19629
34;19630
2;19650
9;19653
10;19654
25;19657
170;19658
15;19661
3;19662
15;19663
11;19666
17;19667
42;19705
247;19706
45;19707
5;19708
28;19725
6;19726
15;19734
11;19750
2;19751
79;19801
200;19802
48;19803
209;19804
28;19810
6;19834
1;19837
175;19850
7;19852
34;19860
46;19897
33;19898
18;19900
37;19909
11;19917
14;19918
11;19919
20;19920
1;19922
8;19941
16;19946
23;19952
19;19954
19;19964
26;19975
39;19993
19;19994
72;19995
33;19996
29;19997
55;19999
7;20000
9;20025
14;20026
15;20027
15;20028
153;20029
8;20030
21;20032
9;20048
171;20050
2;20052
35;20054
5;20055
17;20056
13;20090
24;20091
56;20092
66;20093
178;20094
3;20095
12;20096
25;20107
9;20116
178;20121
20;20123
29;20124
21;20126
11;20128
23;20140
32;20144
6;20147
20;20185
41;20186
16;20187
237;20188
27;20195
28;20205
23;20206
27;20208
15;20224
17;20230
13;20238
34;20275
49;20282
29;20283
34;20284
2;20286
2;20293
9;20298
1;20301
36;20304
30;20306
17;20310
27;20329
3;20331
17;20332
24;20337
162;20338
163;20339
35;20375
92;20377
64;20378
32;20379
90;20380
30;20384
36;20397
4;20398
41;20402
15;20421
11;20424
36;20425
22;20427
15;20431
8;20433
189;20473
101;20474
26;20475
206;20476
21;20482
45;20493
40;20495
162;20496
158;20517
27;20525
10;20526
26;20569
154;20570
28;20571
116;20572
15;20589
28;20590
15;20592
11;20593
16;20602
61;20615
15;20618
18;20619
310;20623
10;20624
18;20631
55;20665
13;20666
11;20667
46;20668
39;20669
24;20670
30;20671
23;20681
26;20698
39;20700
171;20701
45;20703
5;20706
176;20708
14;20737
17;20743
28;20761
9;20762
219;20763
8;20764
29;20765
30;20766
11;20767
195;20768
12;20785
27;20788
29;20793
23;20795
11;20797
21;20798
14;20800
30;20814
12;20817
19;20819
17;20857
89;20858
106;20859
173;20860
4;20865
6;20872
12;20878
26;20880
21;20894
28;20908
22;20910
29;20911
159;20953
336;20955
27;20956
26;20959
5;20966
33;20973
54;20974
13;20976
24;20981
16;20999
58;21011
34;21012
4;21032
10;21049
28;21050
29;21051
45;21052
27;21071
17;21072
2;21077
15;21092
18;21094
3;21095
58;21098
27;21099
15;21102
6;21103
64;21145
20;21146
65;21147
31;21148
10;21155
43;21167
50;21168
12;21191
31;21203
27;21204
11;21234
30;21238
246;21241
55;21242
70;21243
46;21244
28;21263
13;21264
21;21268
6;21278
1;21280
28;21289
15;21290
3;21299
9;21323
23;21326
191;21337
7;21338
77;21339
12;21340
16;21341
16;21342
3;21364
150;21369
22;21371
29;21372
2;21373
35;21375
19;21382
159;21396
162;21399
11;21403
23;21417
31;21433
30;21434
15;21435
2;21436
26;21437
28;21439
205;21440
9;21444
16;21455
167;21465
6;21466
177;21467
36;21468
8;21471
9;21472
13;21489
3;21491
21;21493
33;21494
9;21523
98;21530
55;21531
61;21532
11;21540
45;21550
577;21551
52;21580
171;21581
11;21588
168;21593
161;21625
63;21626
92;21627
369;21628
6;21646
13;21647
44;21657
11;21660
19;21665
8;21672
11;21675
16;21676
7;21681
3;21702
152;21703
69;21721
68;21723
174;21724
73;21730
13;21742
172;21743
4;21744
28;21751
327;21763
32;21767
14;21772
35;21774
4;21775
168;21776
30;21780
160;21810
571;21817
35;21818
29;21819
30;21820
27;21827
49;21839
24;21859
6;21861
12;21876
3;21890
86;21913
56;21914
27;21915
382;21916
24;21933
10;21934
173;21935
37;21936
16;21958
7;21959
44;21960
34;21962
21;21963
14;21968
8;21969
1;21978
29;22009
22;22010
6;22011
25;22012
161;22013
55;22014
90;22015
21;22016
23;22019
30;22030
1;22042
27;22043
14;22044
31;22045
21;22046
2;22047
24;22048
16;22061
24;22064
10;22084
10;22098
9;22103
204;22105
24;22107
15;22108
16;22109
173;22110
15;22124
8;22135
204;22138
22;22142
23;22143
188;22144
26;22153
5;22154
9;22155
30;22157
27;22161
2;22163
164;22169
27;22173
38;22201
40;22202
245;22203
6;22204
171;22206
161;22214
10;22221
23;22224
8;22231
24;22234
16;22236
24;22237
1;22245
154;22256
32;22260
8;22275
2;22284
79;22297
25;22298
58;22299
8;22300
11;22312
62;22317
11;22318
563;22319
174;22328
22;22336
31;22342
33;22343
25;22344
11;22345
24;22346
38;22348
24;22349
165;22350
47;22353
18;22354
264;22393
204;22395
1;22396
8;22406
3;22413
59;22416
10;22429
13;22445
24;22452
15;22489
132;22490
2;22491
45;22492
21;22500
1;22508
11;22509
3;22514
10;22515
18;22533
183;22542
171;22545
6;22546
30;22547
38;22548
171;22585
15;22586
96;22587
38;22588
14;22590
15;22594
9;22603
14;22605
33;22606
15;22607
17;22608
7;22621
16;22634
12;22635
31;22636
162;22641
24;22642
14;22681
242;22682
10;22683
21;22684
5;22685
33;22686
207;22687
4;22688
162;22696
15;22712
29;22717
32;22720
4;22734
184;22735
35;22736
12;22743
176;22778
9;22779
22;22780
33;22781
12;22782
8;22783
175;22784
42;22795
22;22799
22;22803
27;22805
167;22809
24;22810
20;22811
10;22812
11;22833
34;22834
18;22836
18;22839
31;22841
40;22873
122;22874
45;22875
32;22876
14;22893
39;22896
19;22907
5;22925
162;22926
1;22927
179;22969
104;22970
187;22971
33;22972
22;22977
19;22982
13;22989
11;23005
28;23013
28;23019
13;23023
18;23026
91;23065
61;23067
105;23068
18;23073
26;23081
4;23086
16;23087
11;23106
16;23115
27;23118
26;23121
15;23123
19;23124
19;23148
2;23161
6;23162
67;23163
209;23164
10;23168
5;23171
4;23173
65;23181
8;23182
18;23184
10;23198
156;23206
158;23207
23;23210
171;23216
27;23220
17;23222
27;23236
37;23257
71;23258
19;23259
28;23260
72;23277
30;23279
29;23302
4;23309
2;23311
14;23328
9;23333
36;23338
18;23340
12;23347
18;23352
47;23353
70;23354
8;23355
30;23356
39;23357
207;23358
171;23359
43;23360
17;23367
1;23380
32;23385
27;23386
14;23387
24;23390
23;23391
7;23409
28;23414
16;23416
7;23420
16;23423
34;23449
29;23450
20;23451
8;23452
41;23453
14;23455
202;23456
30;23465
17;23474
8;23481
26;23483
2;23484
23;23485
21;23486
2;23487
29;23488
198;23502
4;23503
1;23505
13;23509
6;23512
9;23515
18;23545
119;23546
14;23547
17;23548
3;23555
7;23563
23;23565
22;23566
565;23568
9;23580
2;23586
2;23590
6;23591
10;23592
27;23595
6;23598
13;23599
58;23641
37;23642
589;23644
35;23654
14;23661
42;23662
22;23663
19;23664
10;23665
33;23687
16;23693
25;23694
165;23697
15;23699
941;23737
173;23738
7;23739
201;23740
167;23745
17;23746
4;23748
10;23757
32;23758
36;23759
29;23760
10;23780
20;23785
8;23795
4;23821
157;23833
138;23834
12;23835
12;23836
180;23853
164;23854
183;23855
23;23869
31;23877
35;23878
16;23882
8;23886
37;23888
28;23890
34;23891
3;23895
31;23929
63;23930
26;23931
818;23932
1;23938
21;23940
38;23950
23;23961
11;23968
12;23979
8;23980
4;23987
12;24025
22;24026
24;24028
3;24029
46;24030
7;24031
103;24032
163;24036
1;24037
54;24057
77;24060
28;24062
15;24063
23;24064
25;24073
29;24084
3;24089
38;24090
30;24121
28;24122
16;24123
37;24124
6;24125
39;24126
34;24127
36;24132
14;24143
12;24150
15;24153
35;24155
26;24156
34;24157
25;24158
1;24159
4;24160
28;24163
10;24175
26;24177
6;24178
1;24179
51;24180
13;24181
25;24182
6;24184
12;24191
166;24202
141;24217
167;24218
205;24219
24;24220
4;24238
4;24247
31;24276
159;24287
26;24290
548;24313
59;24314
39;24315
10;24316
36;24333
5;24335
35;24337
15;24353
33;24359
9;24370
438;24409
766;24410
54;24411
57;24412
19;24432
17;24436
37;24438
16;24439
15;24453
14;24455
25;24458
34;24460
12;24462
31;24465
5;24468
61;24505
220;24506
41;24507
48;24508
19;24511
19;24516
16;24519
19;24526
10;24527
33;24530
2;24535
34;24555
5;24556
1;24558
49;24601
24;24602
51;24603
16;24604
18;24609
60;24619
15;24620
30;24622
16;24624
34;24646
10;24648
17;24649
5;24650
564;24657
2;24659
20;24660
210;24697
58;24698
2;24699
16;24700
5;24701
80;24702
13;24703
16;24704
10;24729
17;24730
12;24731
3;24732
27;24733
3;24735
12;24736
7;24739
15;24744
16;24750
10;24751
36;24753
3;24758
12;24760
2;24761
6;24786
57;24794
12;24795
28;24796
30;24797
6;24798
32;24800
13;24802
26;24811
44;24828
28;24829
35;24847
5;24855
173;24856
9;24857
35;24882
98;24889
50;24890
184;24891
206;24892
4;24907
32;24910
20;24912
35;24913
3;24919
27;24926
21;24934
156;24935
24;24941
12;24943
6;24945
10;24985
39;24986
110;24987
15;24988
8;24995
24;25006
68;25007
25;25008
32;25012
26;25029
16;25038
36;25039
162;25056
25;25059
9;25063
15;25081
41;25082
54;25083
47;25084
11;25089
9;25101
20;25110
6;25120
24;25125
15;25126
1;25127
30;25128
35;25132
10;25139
1;25177
58;25178
75;25179
23;25180
26;25185
11;25197
44;25198
17;25201
14;25213
43;25225
24;25227
4;25236
26;25273
31;25274
214;25275
48;25276
6;25277
2;25281
20;25289
14;25292
18;25294
3;25295
17;25302
9;25310
33;25316
25;25321
39;25323
147;25324
3;25326
54;25369
19;25370
32;25371
8;25372
188;25373
16;25374
53;25375
68;25376
56;25401
1;25402
18;25404
27;25406
2;25407
188;25408
6;25421
32;25423
12;25427
20;25428
37;25431
13;25462
26;25465
29;25466
17;25467
50;25468
69;25469
168;25470
16;25495
7;25498
14;25499
2;25500
2;25501
14;25502
11;25503
33;25504
29;25517
24;25518
12;25519
268;25561
105;25562
34;25563
4;25564
34;25581
29;25613
11;25619
83;25657
42;25658
24;25659
4;25660
16;25662
5;25672
12;25675
23;25677
25;25679
1;25680
19;25701
20;25707
13;25708
7;25712
20;25716
88;25753
64;25754
239;25755
180;25756
26;25775
8;25776
20;25777
39;25787
44;25798
31;25802
157;25807
31;25812
16;25814
8;25836
15;25841
39;25849
40;25851
16;25852
1;25863
22;25869
586;25870
19;25871
2;25872
33;25879
161;25885
30;25899
17;25907
206;25945
6;25946
38;25947
82;25948
13;25949
6;25951
9;25953
14;25965
183;25966
21;25967
202;25968
8;25986
7;25988
3;25989
30;25990
30;26002
4;26007
16;26018
12;26041
6;26042
162;26043
227;26044
162;26045
92;26046
52;26048
5;26071
10;26073
31;26074
40;26075
64;26076
20;26077
8;26080
26;26086
14;26094
36;26109
6;26125
26;26137
21;26140
7;26142
28;26143
24;26144
7;26169
8;26170
6;26172
3;26173
37;26174
12;26175
12;26181
4;26190
19;26195
2;26196
155;26197
6;26233
85;26234
25;26235
205;26236
224;26254
3;26256
22;26258
152;26270
25;26280
25;26282
19;26287
12;26316
28;26329
5;26330
170;26331
20;26332
35;26338
8;26342
12;26345
18;26350
33;26351
1;26360
562;26365
33;26377
3;26382
32;26383
39;26386
41;26425
37;26426
33;26427
2;26445
31;26447
9;26461
1;26463
27;26471
19;26477
61;26521
38;26522
6;26523
73;26524
22;26541
59;26542
19;26544
19;26551
23;26566
17;26568
27;26574
16;26575
49;26579
26;26580
3;26611
59;26617
104;26618
11;26619
54;26620
10;26637
8;26638
64;26639
5;26640
15;26666
31;26669
3;26682
38;26686
20;26714
43;26715
48;26716
48;26718
30;26719
74;26720
169;26745
14;26747
60;26748
14;26749
57;26751
162;26752
12;26760
13;26770
37;26775
166;26804
41;26809
74;26810
39;26811
9;26812
26;26813
39;26814
37;26815
46;26816
29;26817
4;26826
9;26830
19;26836
7;26841
30;26843
19;26845
165;26846
14;26847
17;26848
8;26850
24;26855
35;26857
12;26865
13;26866
15;26867
7;26868
17;26872
25;26905
62;26906
63;26907
3;26908
34;26909
28;26925
44;26926
3;26928
13;26935
11;26937
11;26949
7;26952
13;26954
7;26955
22;26956
9;26959
33;26964
158;26997
64;27001
58;27002
44;27003
46;27004
39;27006
16;27022
2;27024
10;27027
10;27037
6;27046
166;27055
158;27057
21;27059
37;27060
29;27070
28;27097
56;27098
338;27099
15;27105
172;27106
42;27117
1;27118
165;27119
11;27121
19;27126
9;27131
10;27143
159;27144
2;27146
36;27148
161;27150
2;27155
7;27185
25;27193
90;27194
32;27195
54;27196
13;27214
155;27215
6;27216
16;27223
34;27243
19;27247
179;27250
186;27252
12;27281
194;27289
42;27290
63;27291
36;27292
13;27301
24;27309
15;27310
9;27312
14;27325
18;27328
200;27333
56;27338
7;27344
24;27345
45;27385
36;27387
179;27388
22;27389
5;27390
37;27391
18;27392
19;27400
167;27412
3;27417
5;27419
40;27420
29;27422
4;27438
171;27440
17;27447
10;27448
2;27454
156;27468
205;27481
28;27483
21;27484
164;27485
69;27486
19;27488
9;27492
11;27506
11;27507
30;27512
42;27513
29;27516
41;27517
11;27518
27;27519
46;27520
159;27534
25;27536
21;27537
21;27538
3;27539
5;27541
38;27577
83;27578
74;27579
26;27580
26;27589
20;27594
3;27598
51;27599
24;27600
4;27602
2;27621
8;27624
25;27626
2;27632
13;27673
78;27675
38;27676
17;27693
10;27694
177;27695
16;27696
6;27718
26;27720
15;27726
29;27732
19;27740
237;27769
94;27770
83;27771
37;27772
13;27789
1;27790
167;27791
5;27792
14;27796
9;27798
4;27807
22;27811
18;27813
14;27817
37;27822
51;27826
112;27865
194;27866
8;27867
112;27868
14;27884
20;27885
30;27886
30;27887
11;27888
13;27894
7;27896
26;27898
19;27910
17;27919
3;27921
41;27961
66;27963
213;27964
12;27975
180;27981
47;27982
2;27983
16;27995
6;28001
7;28014
1;28015
23;28020
25;28027
3;28028
51;28057
175;28058
14;28059
19;28060
1;28061
49;28063
57;28064
10;28074
37;28080
38;28088
26;28091
11;28094
30;28095
24;28110
23;28112
23;28113
15;28114
52;28116
6;28118
75;28153
17;28155
179;28156
9;28157
9;28158
30;28159
1;28160
35;28175
9;28178
34;28185
15;28187
30;28188
16;28190
5;28191
7;28192
3;28202
20;28208
4;28212
98;28249
39;28250
63;28251
18;28252
9;28264
2;28269
26;28270
4;28272
24;28276
23;28284
27;28293
32;28294
5;28295
34;28298
7;28299
29;28300
53;28302
22;28305
21;28306
27;28307
95;28345
15;28346
79;28347
67;28348
20;28365
27;28368
26;28384
33;28390
7;28391
26;28397
163;28400
10;28411
27;28441
38;28442
40;28443
18;28444
28;28448
1;28462
37;28463
31;28495
9;28496
9;28499
19;28500
46;28537
41;28538
36;28539
77;28540
156;28549
25;28557
31;28560
6;28566
156;28580
22;28581
21;28583
13;28586
14;28590
21;28592
7;28608
51;28633
33;28634
91;28635
45;28636
9;28647
197;28654
15;28677
584;28678
159;28679
4;28680
154;28683
31;28687
2;28689
17;28692
13;28714
21;28729
26;28730
25;28731
23;28732
35;28733
1;28734
188;28735
6;28743
10;28746
23;28753
3;28761
5;28765
45;28767
5;28768
1;28778
30;28782
11;28784
3;28786
5;28787
36;28826
12;28827
21;28828
39;28829
208;28830
55;28831
161;28832
69;28858
12;28859
14;28861
18;28862
11;28863
47;28864
11;28875
20;28877
20;28881
207;28887
48;28921
59;28922
116;28923
111;28924
11;28930
5;28941
12;28942
27;28960
24;28961
3;28966
155;28967
8;28968
12;28971
4;28979
85;29017
181;29018
212;29019
22;29020
12;29037
4;29038
10;29040
9;29058
4;29068
40;29069
1;29074
20;29076
16;29091
240;29113
26;29114
14;29115
88;29116
41;29117
17;29133
51;29134
183;29135
33;29136
10;29137
34;29150
3;29162
166;29163
59;29166
14;29167
19;29172
23;29213
229;29214
210;29215
12;29216
3;29230
8;29233
18;29254
11;29266
6;29267
6;29269
49;29309
233;29310
7;29311
79;29312
19;29329
165;29331
11;29338
12;29344
14;29349
19;29351
5;29353
3;29361
67;29362
145;29364
3;29373
159;29387
46;29405
41;29406
29;29407
198;29409
65;29410
30;29411
15;29412
14;29416
3;29422
14;29427
4;29429
23;29431
36;29435
5;29437
163;29438
8;29440
44;29441
19;29444
1;29450
37;29457
21;29458
36;29459
174;29460
6;29461
8;29467
12;29502
10;29503
69;29504
49;29505
164;29506
34;29507
13;29508
7;29510
9;29511
17;29538
13;29540
6;29545
18;29551
12;29557
30;29561
11;29562
32;29564
21;29596
66;29597
15;29598
20;29599
44;29600
6;29618
26;29619
6;29625
11;29644
13;29648
10;29653
32;29654
20;29656
11;29658
146;29693
113;29694
41;29695
12;29696
6;29713
15;29721
27;29737
8;29741
8;29748
162;29752
77;29789
9;29790
262;29791
44;29792
37;29799
16;29803
6;29804
19;29808
25;29809
161;29811
2;29812
40;29815
37;29833
24;29834
32;29836
29;29844
22;29847
79;29885
229;29886
80;29888
5;29905
164;29907
20;29910
40;29913
26;29931
10;29933
24;29943
9;29973
84;29981
7;29982
55;29983
325;29984
73;30001
18;30002
21;30004
3;30032
24;30077
94;30078
3;30079
79;30081
211;30082
28;30083
1;30084
160;30088
4;30093
26;30101
9;30108
8;30109
7;30111
158;30112
31;30114
10;30116
163;30127
3;30130
163;30134
28;30135
29;30136
7;30143
38;30173
39;30174
30;30175
30;30176
23;30177
2;30178
213;30179
14;30181
14;30205
1;30208
1;30210
19;30212
178;30225
24;30226
27;30227
31;30233
89;30235
1;30236
6;30237
299;30269
236;30270
29;30271
207;30272
8;30275
58;30289
16;30290
20;30291
15;30292
13;30301
34;30314
2;30319
9;30321
5;30322
154;30325
8;30328
3;30360
1;30365
40;30366
347;30367
66;30368
21;30373
5;30385
32;30386
25;30388
26;30391
8;30399
160;30413
19;30417
5;30421
14;30422
21;30461
55;30462
27;30463
15;30464
16;30475
12;30481
11;30482
13;30484
2;30490
32;30491
17;30509
3;30510
26;30512
158;30515
1;30519
23;30554
22;30557
8;30558
34;30559
204;30560
33;30576
4;30578
29;30579
9;30586
192;30604
21;30606
10;30653
14;30654
26;30655
178;30656
166;30673
22;30680
26;30694
1;30695
154;30697
15;30702
28;30707
15;30709
256;30749
32;30750
77;30751
27;30752
43;30753
45;30754
15;30755
5;30768
17;30769
2;30777
78;30781
31;30784
42;30785
4;30787
25;30796
19;30803
185;30806
1;30811
4;30819
22;30839
9;30843
7;30845
15;30846
17;30847
42;30848
5;30849
61;30850
2;30851
27;30852
12;30860
30;30861
7;30864
7;30866
9;30868
13;30870
8;30877
6;30878
6;30881
27;30897
28;30899
153;30900
18;30901
174;30904
9;30906
11;30916
184;30941
65;30942
42;30943
33;30944
26;30952
4;30961
25;30963
1;30969
21;30986
17;30989
23;30990
14;30992
28;30994
26;30999
33;31000
15;31018
116;31037
62;31038
827;31039
25;31040
9;31043
31;31048
3;31052
2;31057
57;31058
23;31059
28;31060
42;31062
32;31064
24;31076
36;31079
7;31089
155;31090
37;31092
12;31093
8;31094
159;31098
404;31133
12;31134
82;31135
38;31136
18;31145
6;31153
26;31155
16;31160
11;31163
4;31164
17;31165
12;31176
13;31183
22;31186
144;31228
33;31229
253;31230
57;31231
102;31232
32;31235
7;31236
31;31246
74;31249
18;31250
5;31251
24;31275
22;31276
11;31277
6;31278
8;31284
33;31285
16;31321
30;31325
567;31326
32;31327
47;31328
9;31336
6;31339
11;31343
47;31345
12;31346
153;31348
22;31371
14;31373
16;31374
7;31377
156;31383
3;31391
7;31421
29;31422
25;31423
51;31424
40;31425
43;31426
95;31427
24;31428
203;31453
29;31455
154;31456
3;31458
3;31459
12;31460
10;31480
63;31517
12;31518
37;31519
226;31520
53;31521
34;31522
19;31523
102;31524
12;31549
14;31553
4;31554
17;31556
6;31557
1;31566
8;31569
185;31573
12;31575
14;31578
59;31580
28;31603
48;31613
45;31614
34;31615
204;31616
10;31620
27;31627
29;31632
16;31634
29;31635
2;31636
164;31647
39;31659
31;31666
1;31667
40;31672
36;31709
43;31710
194;31711
80;31712
27;31718
35;31719
25;31729
14;31730
17;31731
13;31753
14;31756
8;31759
10;31762
7;31763
13;31765
22;31767
172;31805
52;31806
388;31807
10;31808
3;31813
3;31816
172;31821
180;31825
35;31826
29;31829
27;31831
29;31841
5;31842
47;31849
47;31850
34;31855
9;31857
33;31864
168;31901
48;31902
331;31903
42;31904
152;31907
30;31923
14;31924
9;31950
155;31953
38;31954
31;31959
42;31997
64;31998
24;31999
22;32000
315;32017
24;32018
17;32020
18;32054
31;32085
54;32093
6;32094
27;32095
22;32096
22;32097
5;32098
56;32099
25;32100
8;32120
149;32121
23;32123
30;32125
28;32126
53;32128
61;32130
15;32132
13;32134
15;32140
10;32144
9;32146
20;32154
173;32156
9;32172
23;32181
155;32189
21;32190
22;32191
200;32192
368;32193
25;32194
26;32196
6;32201
19;32209
188;32221
25;32222
29;32223
14;32227
24;32228
36;32229
26;32242
20;32245
26;32249
4;32251
45;32285
53;32286
166;32287
42;32288
7;32291
554;32292
25;32301
5;32306
6;32308
2;32329
24;32330
193;32333
15;32335
26;32338
22;32339
32;32342
28;32379
28;32381
226;32382
28;32383
187;32384
9;32401
20;32404
167;32422
24;32429
29;32431
17;32432
2;32450
23;32464
27;32467
77;32477
616;32478
11;32479
34;32480
38;32497
11;32499
187;32500
27;32502
7;32510
175;32520
31;32521
16;32526
16;32527
40;32529
7;32531
572;32536
1;32569
175;32573
347;32574
59;32575
52;32576
6;32587
13;32593
24;32594
30;32595
95;32596
27;32597
2;32616
9;32619
31;32621
30;32628
6;32629
245;32669
59;32670
79;32671
43;32672
6;32674
25;32680
27;32686
34;32690
26;32692
34;32707
8;32715
8;32718
9;32719
22;32728
19;32746
48;32765
24;32766
26;32767
33;32768
14;32769
41;32770
53;32771
16;32776
6;32777
12;32780
3;32786
16;32793
147;32798
1;32801
52;32802
22;32803
14;32804
5;32818
7;32825
12;32827
23;32861
13;32863
58;32864
38;32865
185;32867
28;32868
42;32875
11;32890
20;32892
11;32893
28;32894
19;32897
7;32898
5;32899
4;32905
18;32910
1;32913
161;32914
27;32916
5;32917
6;32922
32;32946
21;32949
189;32957
224;32958
38;32959
3;32960
24;32978
15;32979
4;32990
29;33002
25;33004
22;33006
9;33008
12;33009
30;33010
25;33011
4;33013
157;33014
200;33053
28;33054
62;33055
191;33056
13;33072
13;33073
3;33074
169;33075
2;33076
155;33098
29;33099
8;33103
12;33111
183;33112
6;33139
196;33149
332;33150
245;33151
201;33152
152;33153
23;33155
27;33165
5;33169
42;33170
14;33172
166;33173
38;33194
4;33201
1;33207
168;33245
23;33246
31;33247
18;33248
157;33260
24;33266
14;33267
59;33268
11;33289
28;33291
27;33292
1;33299
14;33301
25;33302
38;33341
753;33342
78;33343
19;33344
10;33361
42;33362
168;33363
30;33364
15;33371
35;33385
39;33387
6;33390
6;33393
24;33394
5;33395
16;33399
32;33400
18;33410
25;33437
38;33438
35;33440
28;33441
7;33442
204;33443
20;33461
15;33462
26;33469
68;33470
66;33471
13;33472
23;33473
20;33482
1;33491
30;33493
46;33494
12;33495
19;33496
20;33498
4;33499
31;33500
4;33511
48;33533
15;33534
46;33535
177;33537
59;33538
6;33550
20;33554
25;33565
21;33566
15;33567
20;33568
32;33570
17;33584
38;33589
29;33591
14;33592
44;33593
22;33594
23;33596
96;33629
834;33630
16;33632
162;33649
15;33650
25;33651
71;33652
4;33661
4;33663
153;33668
4;33675
10;33680
1;33681
20;33684
30;33685
12;33688
185;33725
33;33726
45;33727
13;33728
14;33736
1;33739
18;33744
23;33745
3;33746
25;33748
6;33771
22;33773
4;33780
23;33781
25;33784
1;33821
51;33822
72;33823
224;33824
29;33831
11;33832
4;33833
8;33839
1;33841
17;33842
45;33843
22;33844
32;33846
17;33858
7;33865
41;33866
2;33869
30;33874
34;33875
13;33876
53;33877
43;33917
153;33918
96;33919
249;33920
25;33923
34;33932
1;33938
15;33939
18;33955
21;33957
5;33971
51;34013
400;34014
64;34015
75;34016
40;34033
26;34035
29;34041
1;34055
11;34058
12;34061
25;34062
3;34063
38;34064
5;34065
20;34068
31;34070
11;34071
14;34072
3;34081
15;34084
17;34109
188;34110
40;34111
30;34112
31;34113
10;34114
43;34115
56;34116
159;34120
29;34131
4;34142
168;34143
11;34144
1;34149
12;34154
6;34161
30;34169
22;34171
33;34172
39;34205
46;34206
81;34207
42;34208
73;34209
50;34210
17;34211
175;34212
18;34214
5;34225
12;34226
7;34229
4;34232
11;34233
191;34241
155;34242
27;34244
25;34246
11;34248
4;34251
1;34257
56;34258
30;34259
3;34260
32;34262
13;34264
2;34266
28;34267
50;34301
183;34302
67;34303
35;34304
3;34308
39;34320
34;34321
174;34323
153;34324
35;34329
1;34332
25;34345
19;34346
162;34348
17;34349
47;34356
49;34397
176;34398
68;34399
30;34400
5;34412
30;34417
50;34418
19;34420
21;34434
6;34443
20;34446
3;34452
13;34453
20;34456
34;34493
242;34494
48;34495
76;34496
16;34508
20;34511
10;34513
20;34515
32;34516
5;34522
174;34525
3;34544
13;34545
27;34549
29;34578
54;34589
40;34590
22;34592
20;34598
49;34610
80;34612
15;34621
3;34631
148;34634
18;34635
6;34637
15;34646
220;34685
172;34686
169;34687
32;34688
172;34703
30;34706
22;34707
13;34717
16;34719
5;34721
9;34730
18;34731
5;34732
39;34735
147;34736
8;34739
6;34742
39;34781
36;34782
10;34784
83;34785
64;34786
5;34788
10;34813
41;34815
28;34817
27;34818
26;34826
31;34833
6;34835
3;34836
23;34838
11;34840
35;34841
13;34855
11;34857
73;34877
156;34878
20;34879
45;34881
8;34882
3;34883
45;34884
27;34890
33;34891
5;34910
4;34924
9;34932
9;34935
4;34936
8;34938
16;34939
4;34940
405;34973
193;34974
36;34975
17;34976
161;34988
38;34991
4;34994
3;34996
1;35005
15;35010
15;35019
30;35022
33;35029
16;35032
