sums of daily draw-off volumes
10
39.5
94
16.5
15.8
81
31.8
17.5
16.5
39.5
14.8
84.8
27.2
33.5
55.2
42.5
11
67.8
26.5
20
36.2
61
28.5
22.2
166
59.5
84.5
73
12
19.5
22.5
60.5
22.2
15
26.8
24
12.8
48.2
39.5
98.2
71
17.8
19.5
139.2
32.2
28.8
50.8
29.2
15.8
46.2
17.2
20
21.5
27.5
27
116.2
64.5
31.2
53.8
25.8
31.8
19.5
111
8.5
12.8
158.8
168
48
20.2
13.2
54.5
71.8
25.8
53.2
10.8
23.8
60.5
37
11.5
33.8
60.2
42.8
73.5
20.2
2
26.5
66.8
69
15
27.8
16.2
25.2
56.5
14.5
21.2
98
62.8
21.2
9.2
81.2
68.2
9.8
19
64.2
6.8
17.5
16.2
21.2
21.5
8.8
21.8
56
14.2
22.8
58.5
19.2
17
73.5
19.8
60.5
15.5
75.2
14.8
26
144
50.5
57.2
68.8
51.8
67.8
28.8
50.8
9.8
48.2
15.8
13.8
12.2
14.8
33.5
46.2
11.8
3.8
7.2
19.5
68.2
27.2
72.2
22.8
29.8
50.2
52.8
170
98.8
21.5
15.8
56
20.8
19
17
30
55.2
211
16
57
62.5
21
83.8
6.8
56.2
13.8
12
19.2
15.5
12.8
151
51.2
64.2
165
65.2
19.2
7.5
117.5
10
20.2
35
8.8
6.8
35.5
67.8
7.8
6.5
14
48.5
26
29.2
48.2
25.5
37.8
46
35
58.2
13.8
15
17
21.2
67.8
13.2
8.8
49.5
15
27
18.8
75.2
9.2
19.5
25.2
31
33.5
57.2
6.8
16.2
58.8
60.2
35
10.8
29.2
18.8
31.5
46.5
7.2
100.8
55
20
46.8
24.5
50.8
87.2
17.2
30.8
7.2
25.8
56
60.8
43
31
97.5
23
14.2
20.2
13.2
35.2
116
14.8
14.2
14
27
43
10.8
10.5
21.2
0
10.8
9
34.2
58
45.2
38.5
57.2
51.2
48.5
18.8
53.5
22
54
20
71
15.8
24.5
9.2
2.2
59
68.2
45.2
51
18.2
55.8
58.8
14.5
13.5
4.5
23.8
33.5
18
167.8
16.5
17
8.2
166.5
50.2
36.2
48.5
16
9
55.2
11
24.2
73.5
32
72
9.2
103.5
17
17.5
21.8
17.2
9.5
3.5
17.5
91.2
12
205.5
51.8
89
56.2
65.8
51.2
19.8
77
53.2
34.8
28.5
63.5
87.8
46.2
8.5
21.2
40.5
26
81
9.2
5.5
24.5
117.5
21.2
14.8
9.2
50.5
11.8
138
49.8
43.8
26
16.2
13
68.2
26.8
20.8
10.5
185.5
24.8
215.8
52.8
37
21.8
25.5
sums of draw-off volumes of each hour of the day
187.5
70.9
127.5
20
46
25.3
2335.9
3485.9
1687.4
232.3
168.4
718
696.4
227.5
426.3
617.1
412.7
501
704.7
481.4
839.1
735.9
178.6
68
sums of draw-off volumes of each hour of weekdays
185.3
9.7
83.9
1.8
40.8
6.7
1907.6
2347.7
848.70000000
95
105.7
655.8
591.2
194.6
149.1
180.3
115.3
302.1
689.7
442.4
629.6
446.4
69.3
0.8
sums of draw-off volumes of each hour of weekend-days
2.2
61.2
43.6
18.2
5.2
18.6
428.3
1138.2
838.7
137.3
62.7
62.2
105.2
32.9
277.2
436.8
297.4
198.9
15
39
209.5
289.5
109.3
67.2
holidays of household(s), numbers correspond to day of year
