6;29
210;30
382;31
41;32
16;49
18;51
9;77
31;79
70;84
10;86
27;88
15;89
23;91
36;125
18;126
26;127
222;128
19;133
18;136
13;145
37;147
8;148
4;171
13;172
38;173
158;174
18;180
28;221
62;222
315;223
101;224
19;232
27;242
568;244
13;266
13;268
8;270
8;272
32;276
8;278
55;317
25;319
41;320
27;332
10;334
6;338
40;339
30;340
16;341
9;352
2;361
35;364
40;366
18;371
2;372
179;373
3;401
5;406
265;413
185;414
54;415
9;416
166;421
53;433
34;435
9;436
30;437
2;441
15;458
34;459
12;460
22;465
2;468
2;470
25;471
12;497
25;509
38;511
15;512
70;513
221;514
11;515
53;516
30;521
17;528
36;544
21;546
37;548
18;552
157;563
12;566
4;572
69;605
53;606
21;608
172;609
46;611
42;612
12;618
12;623
4;625
22;635
23;637
61;638
15;639
180;641
38;642
19;643
46;644
13;652
157;657
42;661
11;663
3;664
23;666
4;686
211;701
198;702
37;703
638;704
29;720
23;721
24;723
11;736
13;745
13;746
29;748
20;752
26;755
2;758
32;760
20;773
250;797
190;799
32;800
51;817
49;818
25;819
108;820
30;828
20;841
27;846
36;847
36;849
16;864
58;894
38;895
277;896
1;913
30;914
14;916
26;918
26;942
18;943
42;949
17;952
66;989
206;990
284;991
29;992
4;1007
21;1009
162;1010
6;1011
45;1020
38;1023
7;1024
2;1032
27;1033
38;1037
25;1038
3;1043
21;1044
20;1045
32;1047
16;1079
35;1085
48;1086
66;1087
22;1088
34;1097
46;1105
25;1106
35;1108
1;1114
1;1126
27;1137
19;1141
10;1142
28;1181
64;1182
29;1183
15;1184
44;1185
7;1187
51;1188
13;1202
25;1204
161;1209
25;1212
169;1213
16;1215
9;1216
1;1217
29;1219
220;1220
14;1230
18;1233
2;1243
9;1260
14;1262
150;1267
221;1277
7;1278
165;1279
5;1280
80;1281
59;1282
214;1283
24;1284
8;1286
21;1294
3;1299
11;1301
191;1309
5;1310
33;1312
12;1313
24;1314
26;1315
10;1316
37;1326
167;1332
6;1338
2;1340
21;1373
129;1374
204;1375
201;1376
2;1388
4;1393
1;1394
5;1395
10;1416
10;1418
9;1427
31;1428
39;1431
117;1469
76;1471
74;1472
10;1477
175;1489
165;1490
15;1491
21;1508
16;1518
5;1519
35;1526
1;1565
83;1566
159;1567
41;1568
10;1587
155;1590
7;1609
33;1622
5;1623
21;1654
34;1661
165;1662
7;1663
42;1664
3;1682
53;1683
3;1703
6;1705
153;1707
35;1709
12;1720
33;1757
98;1758
5;1759
48;1760
163;1769
26;1774
15;1779
24;1792
30;1793
16;1794
15;1801
35;1806
9;1810
50;1811
28;1814
25;1842
34;1853
24;1855
75;1856
205;1857
36;1859
41;1860
24;1869
4;1878
19;1881
11;1886
3;1888
31;1889
4;1890
19;1892
18;1905
18;1906
11;1909
18;1910
8;1911
6;1914
33;1916
76;1949
222;1950
19;1951
129;1952
162;1953
176;1954
174;1956
2;1973
3;1980
23;1981
11;1982
9;1983
34;1984
204;1986
29;1987
6;1994
10;2000
21;2006
22;2009
19;2012
70;2045
190;2046
177;2047
23;2048
1;2053
26;2055
34;2061
31;2064
166;2065
27;2068
19;2089
28;2093
7;2094
11;2098
36;2100
11;2102
10;2104
25;2133
62;2141
202;2142
14;2143
17;2144
4;2154
46;2157
39;2161
5;2162
36;2163
25;2164
33;2183
8;2186
25;2191
2;2194
23;2200
16;2218
48;2237
65;2238
131;2239
26;2240
36;2249
149;2250
24;2253
23;2255
13;2257
202;2258
20;2274
29;2284
13;2285
8;2286
15;2288
1;2289
21;2292
30;2294
33;2296
30;2333
196;2334
255;2335
2;2353
187;2354
16;2356
8;2364
9;2378
5;2379
39;2383
24;2384
1;2385
19;2388
10;2390
12;2425
135;2429
30;2430
79;2431
218;2432
12;2436
29;2444
17;2447
1;2449
1;2450
14;2451
18;2455
5;2475
22;2476
25;2482
12;2484
24;2485
16;2486
3;2503
34;2525
32;2526
22;2527
208;2528
31;2529
318;2530
167;2531
20;2532
16;2533
4;2541
28;2557
150;2558
76;2559
27;2560
4;2561
17;2562
52;2563
6;2565
1;2577
18;2580
31;2586
28;2608
30;2620
36;2621
214;2622
18;2623
36;2624
44;2625
37;2626
19;2641
6;2653
34;2654
20;2655
38;2656
34;2657
3;2658
21;2659
24;2673
3;2675
18;2676
38;2683
26;2708
51;2717
42;2718
31;2719
76;2720
24;2737
21;2738
11;2739
25;2742
21;2746
3;2755
19;2763
36;2764
24;2770
31;2777
223;2813
170;2814
46;2815
249;2816
18;2833
74;2835
30;2836
11;2846
14;2848
15;2854
8;2855
14;2858
341;2864
39;2909
212;2910
40;2911
56;2912
10;2920
13;2931
20;2934
7;2951
11;2953
24;2956
5;2957
8;2958
159;2959
11;2963
3;2965
39;3005
55;3006
175;3007
40;3008
21;3011
31;3025
27;3027
21;3028
18;3033
2;3037
4;3041
4;3043
35;3051
13;3054
9;3055
37;3059
19;3075
240;3101
53;3102
91;3104
11;3122
10;3123
21;3124
4;3127
29;3136
22;3143
1;3147
49;3148
8;3152
1;3155
14;3160
153;3197
5;3198
38;3199
68;3200
46;3204
19;3216
1;3230
11;3231
43;3232
49;3234
22;3235
156;3236
25;3243
18;3249
52;3253
32;3256
10;3258
37;3293
33;3294
27;3295
51;3296
25;3298
242;3299
14;3306
9;3308
4;3318
16;3325
14;3326
148;3327
184;3328
169;3329
47;3331
9;3334
25;3336
16;3337
12;3339
45;3343
7;3344
22;3345
24;3348
2;3353
25;3355
78;3389
380;3390
35;3392
12;3409
36;3411
32;3412
34;3418
14;3436
23;3439
17;3441
152;3444
79;3485
43;3486
244;3487
36;3488
28;3496
28;3506
14;3507
26;3508
1;3529
9;3531
20;3535
4;3537
2;3538
9;3539
39;3540
20;3543
31;3558
7;3581
795;3582
734;3583
49;3584
30;3588
5;3599
5;3600
27;3601
4;3602
15;3603
2;3611
10;3620
36;3627
9;3628
18;3634
10;3635
6;3639
170;3655
76;3677
5;3678
33;3679
216;3680
12;3689
27;3691
39;3698
13;3699
27;3700
26;3718
7;3722
4;3723
1;3724
2;3729
159;3731
18;3733
18;3736
232;3773
22;3774
45;3775
6;3776
20;3789
22;3793
165;3795
65;3796
2;3799
5;3817
42;3819
31;3821
5;3823
10;3824
13;3828
5;3831
29;3834
16;3857
15;3863
11;3869
49;3870
152;3871
177;3872
27;3873
1;3875
6;3885
27;3887
2;3892
26;3898
164;3903
4;3905
29;3907
5;3908
7;3916
30;3923
23;3925
14;3928
26;3930
15;3951
37;3958
5;3959
44;3965
12;3966
46;3967
9;3968
4;3969
30;3970
14;3971
63;3972
24;3982
24;3987
5;3989
6;3998
22;3999
5;4000
28;4001
19;4002
33;4003
26;4016
29;4020
14;4021
161;4027
64;4061
102;4063
59;4064
25;4081
11;4090
174;4091
7;4092
6;4105
6;4109
16;4110
11;4112
27;4113
23;4114
1;4115
37;4117
36;4118
79;4157
43;4158
61;4159
68;4160
23;4162
32;4178
20;4179
2;4201
27;4206
11;4207
22;4213
1;4215
15;4253
65;4254
101;4255
18;4256
16;4262
45;4273
28;4275
35;4289
29;4295
19;4299
24;4300
7;4308
3;4309
2;4317
21;4333
240;4349
189;4350
43;4351
230;4352
4;4359
2;4360
14;4369
29;4370
161;4371
5;4382
15;4387
2;4390
2;4396
19;4398
5;4401
12;4402
2;4403
7;4404
30;4405
3;4408
212;4445
53;4446
55;4447
63;4448
20;4466
53;4467
16;4468
12;4471
34;4477
11;4479
14;4486
2;4493
12;4495
25;4499
167;4501
23;4503
36;4504
14;4525
24;4536
43;4541
185;4542
19;4543
61;4544
41;4545
24;4546
1;4547
21;4548
5;4555
6;4565
114;4573
9;4574
18;4577
4;4580
19;4581
7;4592
6;4597
15;4601
27;4603
29;4637
8;4638
58;4639
35;4640
34;4641
5;4642
4;4643
10;4644
8;4648
160;4670
26;4671
6;4672
36;4673
215;4674
19;4693
44;4694
20;4695
52;4696
37;4697
33;4699
176;4700
4;4713
5;4726
88;4733
68;4734
70;4735
47;4736
13;4751
6;4753
187;4755
10;4759
6;4766
4;4780
30;4783
3;4785
9;4787
34;4829
235;4830
50;4831
13;4832
11;4836
2;4840
21;4849
6;4850
50;4852
32;4853
13;4854
3;4857
3;4862
2;4864
22;4873
34;4875
10;4876
6;4877
24;4878
160;4879
20;4881
151;4885
82;4925
65;4926
84;4927
152;4928
26;4941
17;4946
40;4959
3;4964
8;4972
27;4977
31;4978
2;4979
33;4982
1;4984
359;5021
53;5022
22;5023
358;5024
13;5030
5;5041
12;5042
20;5043
23;5068
20;5070
10;5073
23;5074
25;5076
155;5080
191;5118
221;5119
79;5120
8;5124
2;5130
43;5137
45;5139
191;5140
12;5144
156;5160
19;5162
157;5163
6;5165
37;5167
24;5168
161;5172
168;5198
23;5199
47;5213
9;5214
1;5216
54;5218
31;5220
25;5231
27;5233
33;5245
37;5246
557;5249
4;5250
19;5251
14;5256
32;5260
23;5262
30;5266
168;5267
17;5268
39;5275
43;5309
62;5310
51;5311
27;5312
34;5313
58;5314
3;5315
13;5316
3;5318
23;5327
169;5335
4;5337
8;5341
148;5342
579;5343
9;5344
12;5345
12;5346
15;5347
2;5348
11;5357
7;5358
6;5362
5;5363
73;5364
3;5365
9;5367
1;5371
8;5372
27;5405
32;5406
28;5407
47;5408
36;5413
22;5415
7;5426
16;5429
15;5432
25;5448
2;5450
37;5451
158;5457
23;5501
278;5502
335;5503
388;5504
27;5505
26;5506
150;5509
6;5513
31;5521
13;5522
3;5523
23;5524
8;5528
5;5532
10;5542
5;5549
15;5552
5;5555
13;5557
7;5595
16;5596
166;5597
96;5598
135;5599
38;5600
22;5602
30;5609
50;5617
12;5618
22;5620
163;5625
11;5632
27;5641
6;5642
3;5645
15;5649
23;5650
18;5653
3;5655
13;5680
191;5693
67;5694
28;5695
243;5696
19;5706
13;5712
39;5713
23;5714
4;5715
67;5716
29;5731
32;5738
19;5741
7;5743
25;5744
27;5745
1;5748
13;5751
8;5772
2;5778
3;5789
40;5790
39;5791
70;5792
36;5800
4;5804
23;5809
16;5821
7;5833
36;5835
3;5837
13;5841
13;5844
13;5847
10;5852
24;5880
210;5885
11;5887
21;5889
25;5890
36;5891
4;5892
22;5902
23;5909
8;5917
11;5919
2;5920
5;5921
15;5923
5;5924
24;5925
12;5933
26;5937
175;5939
5;5940
49;5941
20;5946
158;5947
4;5952
11;5953
164;5957
50;5981
21;5982
27;5983
35;5984
38;5985
53;5986
17;5987
42;5988
12;5996
22;5999
24;6016
187;6019
32;6020
12;6034
17;6035
26;6037
154;6038
1;6040
29;6044
12;6076
168;6077
77;6078
52;6079
227;6080
13;6094
170;6100
21;6106
23;6121
15;6122
22;6124
5;6133
55;6137
165;6173
19;6174
35;6175
22;6176
1;6179
19;6182
32;6183
25;6193
23;6195
31;6196
22;6219
163;6220
6;6223
35;6224
14;6225
2;6226
28;6230
5;6231
48;6232
191;6269
52;6270
43;6271
71;6272
27;6285
20;6290
160;6292
28;6313
27;6321
34;6322
28;6328
9;6329
28;6365
49;6366
185;6367
97;6368
9;6373
53;6374
1;6378
166;6384
27;6385
31;6386
22;6387
27;6388
7;6401
26;6413
1;6414
21;6415
9;6418
58;6420
547;6422
248;6461
7;6462
57;6463
46;6464
26;6482
23;6483
23;6495
152;6504
6;6508
14;6515
3;6519
19;6557
5;6558
30;6559
11;6560
5;6561
50;6562
58;6563
52;6564
160;6566
23;6568
13;6570
24;6572
12;6578
54;6591
13;6592
54;6593
161;6605
2;6609
15;6611
1;6619
3;6624
19;6647
18;6653
93;6654
27;6655
64;6659
41;6660
10;6672
34;6678
21;6684
28;6688
46;6689
11;6705
17;6706
17;6707
4;6708
38;6709
5;6710
28;6714
10;6749
64;6750
62;6751
569;6752
34;6754
51;6769
38;6770
16;6771
4;6774
9;6778
13;6781
14;6793
6;6796
34;6799
11;6806
231;6845
13;6846
90;6847
33;6848
10;6866
158;6867
33;6868
23;6870
1;6883
21;6893
12;6894
168;6899
34;6901
82;6942
60;6943
14;6944
22;6947
1;6953
35;6961
11;6963
4;6968
2;6980
13;6981
36;6986
12;6989
53;6990
40;6995
11;6999
21;7015
27;7020
50;7037
52;7038
53;7039
51;7040
18;7042
31;7053
4;7057
171;7058
1;7078
14;7089
1;7092
88;7133
192;7134
67;7135
62;7136
9;7140
5;7150
30;7153
156;7154
171;7155
11;7177
9;7187
27;7189
1;7191
26;7192
27;7212
11;7218
5;7224
82;7229
158;7230
18;7231
35;7232
7;7233
241;7234
8;7235
9;7236
6;7243
161;7253
48;7261
59;7262
34;7263
30;7264
22;7267
52;7268
15;7272
2;7274
25;7279
7;7281
23;7283
4;7287
24;7288
10;7294
5;7309
25;7311
86;7325
28;7326
5;7327
15;7328
163;7329
22;7330
56;7331
56;7332
45;7349
2;7350
16;7357
20;7358
17;7359
36;7361
26;7362
20;7364
14;7374
21;7383
1;7384
17;7386
9;7393
55;7421
61;7422
26;7423
32;7424
30;7425
5;7433
16;7434
573;7443
53;7444
6;7449
22;7450
154;7452
6;7466
163;7469
1;7471
21;7472
17;7475
70;7517
12;7518
21;7519
155;7520
2;7536
27;7540
7;7544
12;7557
156;7562
2;7567
147;7569
6;7571
159;7574
30;7575
311;7613
51;7614
185;7615
189;7616
158;7617
22;7627
11;7633
36;7634
56;7635
84;7636
11;7659
16;7661
17;7666
16;7667
42;7669
12;7699
88;7709
40;7710
20;7711
16;7712
17;7721
21;7729
19;7730
20;7731
3;7732
13;7737
10;7753
15;7757
26;7760
23;7762
33;7764
5;7767
26;7768
2;7770
9;7795
8;7805
92;7806
30;7807
37;7808
3;7815
34;7826
19;7827
22;7828
1;7854
16;7894
2;7901
24;7902
13;7903
82;7904
27;7906
186;7907
54;7908
19;7909
7;7933
3;7935
32;7936
18;7937
22;7938
11;7939
148;7946
24;7948
31;7953
16;7954
29;7955
22;7957
12;7963
10;7964
14;7981
148;7997
18;7998
158;7999
39;8000
9;8002
217;8003
13;8004
40;8021
14;8027
21;8029
167;8030
11;8033
26;8034
60;8035
10;8037
15;8051
10;8055
17;8056
15;8085
247;8093
24;8094
18;8095
52;8096
12;8105
154;8107
5;8115
38;8116
4;8135
49;8137
23;8138
13;8139
23;8142
10;8144
12;8145
40;8146
5;8148
31;8152
12;8156
236;8189
27;8190
134;8191
41;8192
29;8202
152;8203
12;8209
26;8210
80;8211
2;8212
24;8215
2;8218
163;8221
40;8237
58;8239
5;8241
14;8242
79;8244
26;8245
39;8248
85;8285
40;8286
252;8287
65;8288
60;8305
189;8308
11;8310
17;8320
26;8338
6;8341
5;8345
5;8381
174;8382
179;8383
162;8384
34;8401
159;8402
73;8403
20;8404
3;8413
1;8418
31;8419
19;8437
2;8438
14;8439
20;8466
43;8477
11;8478
51;8479
178;8480
10;8481
46;8497
59;8498
7;8499
67;8500
28;8515
10;8522
16;8525
8;8528
4;8536
16;8544
10;8553
2;8559
164;8573
6;8574
8;8577
52;8578
79;8579
56;8580
4;8582
6;8584
16;8592
12;8606
7;8607
164;8608
12;8610
24;8611
43;8612
192;8621
9;8625
18;8626
34;8630
10;8658
74;8666
12;8668
72;8670
60;8671
52;8672
29;8676
3;8678
37;8690
4;8698
46;8699
23;8700
9;8701
37;8702
14;8703
562;8704
14;8708
7;8710
9;8720
5;8723
27;8724
1;8725
31;8761
217;8762
4;8763
75;8764
9;8781
6;8782
6;8783
13;8799
5;8807
9;8809
18;8811
27;8815
20;8819
17;8834
188;8857
42;8858
189;8859
32;8860
2;8863
11;8876
8;8877
53;8878
7;8879
9;8899
3;8900
42;8903
37;8905
56;8909
8;8913
33;8915
17;8916
7;8952
153;8953
120;8954
350;8955
173;8956
8;8958
567;8966
31;8975
12;8979
6;8981
12;8983
28;8990
18;8998
19;8999
24;9002
14;9006
3;9008
10;9011
5;9043
32;9049
34;9050
58;9051
75;9052
9;9059
7;9060
157;9062
2;9063
4;9064
16;9069
55;9070
6;9071
22;9078
14;9080
19;9087
23;9096
24;9098
15;9099
16;9101
25;9102
1;9108
6;9111
29;9145
41;9146
77;9147
17;9148
16;9162
11;9165
11;9166
33;9168
33;9179
11;9189
164;9190
21;9191
3;9194
13;9195
29;9196
26;9197
12;9198
17;9202
9;9219
17;9225
9;9235
124;9241
84;9242
159;9243
19;9244
16;9245
17;9246
42;9247
23;9248
1;9261
17;9266
44;9270
25;9273
32;9274
30;9276
185;9277
39;9279
17;9281
6;9284
24;9295
2;9296
8;9297
41;9300
23;9301
5;9311
5;9337
19;9338
81;9340
26;9341
24;9342
43;9343
12;9345
18;9349
153;9350
15;9352
30;9363
36;9369
59;9370
147;9372
39;9376
23;9388
158;9395
160;9397
8;9411
605;9433
83;9434
17;9435
271;9436
14;9447
14;9449
25;9453
5;9456
29;9459
19;9462
7;9473
13;9474
8;9477
29;9479
30;9481
3;9482
32;9485
20;9529
46;9530
221;9531
27;9532
15;9535
31;9543
159;9547
50;9549
49;9551
2;9552
29;9570
7;9573
18;9577
24;9580
15;9604
164;9622
53;9625
364;9626
23;9627
30;9628
28;9630
37;9642
37;9645
205;9646
7;9647
5;9655
1;9659
12;9660
12;9669
160;9672
25;9674
10;9682
12;9683
8;9684
18;9698
50;9721
199;9722
33;9723
40;9724
19;9735
12;9743
149;9744
165;9747
3;9766
14;9771
50;9773
6;9775
29;9777
20;9778
187;9817
27;9818
27;9819
52;9820
7;9826
7;9837
35;9839
11;9840
27;9841
8;9842
4;9847
13;9850
27;9855
21;9862
7;9865
9;9868
10;9869
29;9873
33;9876
2;9910
202;9913
2;9915
3;9916
24;9917
56;9918
186;9919
2;9920
24;9932
7;9942
170;9943
28;9945
12;9946
23;9947
1;9948
19;9950
1;9954
6;9969
5;9970
35;9975
169;9981
24;9994
6;10000
48;10009
54;10011
18;10012
24;10013
29;10014
14;10015
35;10016
38;10028
8;10041
6;10042
21;10043
55;10044
7;10045
5;10047
188;10063
10;10068
3;10072
18;10105
893;10106
71;10107
64;10108
4;10111
9;10123
88;10125
9;10126
159;10127
4;10128
45;10150
23;10151
4;10152
30;10155
34;10156
18;10166
29;10201
22;10202
800;10203
43;10204
32;10212
24;10222
36;10223
23;10224
8;10229
12;10231
8;10242
19;10247
23;10250
12;10251
146;10253
16;10257
16;10258
9;10259
21;10297
54;10298
126;10299
56;10300
13;10304
39;10317
13;10318
15;10319
28;10320
6;10337
6;10345
11;10346
5;10349
10;10350
217;10351
20;10352
3;10356
15;10373
25;10384
41;10393
247;10394
239;10395
56;10396
4;10413
1;10415
2;10416
5;10423
25;10425
4;10427
6;10441
4;10443
20;10444
6;10445
29;10446
2;10448
20;10449
128;10489
36;10490
36;10491
372;10492
17;10509
25;10510
17;10511
4;10512
32;10526
17;10534
179;10538
4;10542
1;10546
11;10547
4;10562
20;10565
15;10585
537;10586
8;10587
196;10588
42;10590
170;10591
58;10592
2;10594
32;10595
3;10612
13;10618
42;10619
33;10620
6;10622
21;10623
25;10626
13;10627
2;10631
8;10636
11;10639
7;10643
31;10644
11;10645
16;10681
9;10684
15;10685
19;10686
33;10687
35;10688
18;10699
28;10708
20;10713
44;10714
11;10717
15;10718
44;10719
11;10724
25;10730
18;10735
164;10768
33;10777
18;10778
29;10779
178;10780
1;10797
194;10798
42;10799
23;10800
39;10813
1;10817
8;10824
50;10873
211;10874
203;10875
4;10876
22;10882
15;10884
1;10893
18;10894
158;10895
10;10896
15;10912
17;10914
1;10918
19;10919
4;10920
29;10925
20;10931
35;10933
64;10969
284;10970
4;10971
34;10972
20;10976
5;10985
17;10990
8;11013
557;11014
10;11015
18;11022
14;11024
3;11028
25;11065
13;11066
74;11067
114;11068
38;11086
27;11087
12;11088
6;11091
17;11099
26;11113
13;11114
20;11118
2;11120
30;11121
554;11124
12;11126
59;11161
30;11162
1;11163
12;11164
3;11166
13;11181
33;11182
36;11183
24;11184
27;11189
31;11192
198;11194
3;11197
29;11207
30;11219
24;11220
9;11249
54;11257
9;11260
160;11261
22;11262
38;11263
66;11264
6;11278
14;11282
193;11289
49;11290
51;11291
9;11292
35;11293
17;11294
1;11296
48;11299
18;11309
5;11310
9;11312
38;11315
15;11319
8;11332
2;11333
16;11353
45;11354
2;11355
31;11356
17;11357
50;11358
12;11359
12;11360
9;11374
33;11386
39;11388
160;11389
10;11390
4;11393
14;11406
29;11407
28;11411
11;11413
25;11415
13;11416
9;11450
52;11451
41;11452
17;11460
175;11471
159;11472
25;11498
3;11499
8;11507
193;11545
47;11546
19;11547
127;11548
27;11551
167;11560
28;11566
31;11567
62;11568
21;11589
33;11595
15;11596
27;11601
19;11602
8;11604
22;11628
56;11641
50;11642
38;11643
630;11644
13;11646
28;11661
4;11662
45;11663
1;11664
5;11680
35;11685
37;11686
7;11696
8;11699
9;11737
32;11738
13;11739
49;11740
24;11745
8;11752
56;11758
25;11759
16;11760
28;11769
27;11774
18;11775
7;11781
3;11782
13;11788
8;11791
42;11833
34;11834
179;11835
26;11836
6;11852
22;11854
4;11855
176;11856
29;11862
19;11871
8;11872
1;11883
26;11885
164;11890
25;11929
55;11930
14;11931
169;11932
176;11933
20;11934
1;11935
113;11936
29;11942
28;11944
26;11948
8;11953
8;11955
1;11956
26;11961
33;11967
5;11968
31;11974
34;11986
6;11987
6;11989
13;11991
14;11992
157;11993
166;12011
101;12025
34;12027
33;12029
354;12030
167;12031
20;12033
3;12041
9;12048
44;12058
52;12063
28;12066
3;12084
296;12121
45;12122
45;12123
66;12124
4;12125
6;12139
9;12141
36;12142
5;12143
9;12158
19;12165
3;12166
8;12173
15;12174
23;12175
8;12176
10;12178
8;12179
26;12212
237;12217
105;12218
141;12219
11;12224
183;12238
6;12249
171;12256
24;12261
203;12264
6;12267
5;12268
3;12269
64;12270
3;12271
39;12272
161;12274
3;12310
10;12313
38;12314
169;12316
27;12325
13;12334
7;12355
5;12360
174;12367
24;12372
763;12409
9;12410
63;12412
18;12413
7;12424
54;12429
8;12431
40;12432
38;12434
10;12435
34;12442
15;12457
7;12461
28;12464
35;12465
24;12467
162;12468
13;12505
215;12506
674;12507
21;12508
22;12512
149;12515
67;12525
23;12526
186;12527
7;12528
1;12547
169;12551
10;12560
2;12562
14;12586
367;12601
332;12602
166;12603
38;12605
24;12607
6;12608
8;12612
153;12624
148;12626
24;12635
49;12636
27;12638
10;12651
158;12654
7;12657
9;12661
38;12663
9;12670
5;12672
18;12697
16;12699
5;12700
194;12702
228;12704
20;12729
28;12732
193;12733
25;12735
7;12747
21;12752
162;12757
37;12758
5;12759
170;12760
200;12794
29;12795
44;12796
34;12806
46;12813
24;12814
26;12816
13;12820
30;12823
11;12824
9;12837
27;12840
8;12845
20;12848
3;12851
1;12852
20;12889
208;12890
72;12891
32;12892
26;12901
10;12906
2;12908
3;12909
20;12910
22;12911
27;12934
158;12937
28;12940
10;12942
27;12946
97;12985
178;12986
652;12987
239;12988
19;13005
28;13006
12;13007
29;13008
31;13013
28;13014
8;13025
18;13030
16;13042
27;13046
49;13081
156;13082
44;13083
231;13084
3;13101
27;13102
42;13103
14;13104
16;13107
22;13109
50;13125
20;13131
14;13134
57;13135
19;13138
4;13142
27;13161
160;13170
57;13178
28;13179
216;13180
7;13197
33;13198
4;13199
32;13200
14;13203
5;13226
25;13231
13;13247
21;13248
172;13273
23;13274
51;13275
40;13276
14;13277
53;13278
44;13279
51;13308
15;13309
191;13310
18;13311
11;13317
3;13318
27;13325
12;13327
8;13328
38;13331
4;13335
1;13336
8;13348
56;13369
28;13370
23;13371
13;13372
54;13373
44;13374
204;13375
9;13376
12;13380
27;13402
7;13404
26;13405
12;13422
30;13423
28;13426
12;13427
157;13428
32;13429
5;13443
357;13465
68;13466
15;13467
27;13468
22;13486
152;13487
40;13488
12;13510
162;13521
30;13523
12;13553
34;13561
211;13562
78;13563
67;13564
153;13573
24;13581
4;13582
153;13583
83;13584
23;13598
4;13603
9;13605
27;13607
4;13611
33;13612
20;13613
27;13619
65;13657
25;13658
131;13659
75;13660
5;13676
27;13678
42;13679
10;13680
34;13681
3;13682
7;13684
154;13704
5;13706
35;13711
33;13742
236;13753
136;13754
355;13755
70;13756
16;13767
23;13769
28;13773
13;13774
22;13809
50;13849
197;13850
47;13851
33;13852
11;13869
11;13870
21;13871
16;13872
5;13876
32;13878
7;13883
22;13886
569;13894
317;13905
27;13919
12;13946
40;13947
12;13948
8;13950
2;13951
12;13962
22;13963
3;13974
11;13977
2;13980
165;13983
4;13984
5;13985
20;13995
25;14002
5;14040
575;14042
7;14043
574;14044
34;14045
17;14046
8;14047
51;14048
24;14051
13;14064
3;14065
14;14073
162;14075
13;14079
171;14080
26;14091
19;14096
34;14099
17;14101
197;14137
184;14138
84;14139
58;14140
31;14148
3;14154
191;14157
31;14158
4;14159
25;14160
158;14163
1;14188
13;14191
9;14210
617;14233
83;14234
213;14235
23;14242
34;14246
23;14253
40;14255
4;14267
9;14277
158;14282
164;14283
25;14285
38;14289
180;14329
37;14330
21;14331
131;14332
12;14347
16;14348
38;14349
30;14350
20;14351
1;14352
31;14361
14;14363
5;14365
44;14366
9;14377
10;14379
9;14384
15;14387
19;14388
154;14425
357;14426
88;14427
24;14428
12;14452
28;14471
21;14472
25;14474
10;14475
16;14476
8;14483
2;14517
88;14521
45;14522
217;14523
419;14524
33;14527
12;14534
176;14541
9;14544
16;14560
12;14571
12;14574
17;14576
5;14578
10;14579
31;14592
151;14599
35;14605
27;14619
47;14620
17;14621
64;14622
17;14624
9;14626
162;14627
19;14630
22;14649
35;14652
7;14653
42;14655
1;14664
3;14666
19;14685
12;14687
22;14713
54;14714
173;14715
29;14716
6;14717
24;14718
26;14719
26;14720
2;14730
28;14737
20;14744
4;14745
170;14746
6;14747
34;14748
24;14749
18;14751
14;14752
14;14754
25;14760
7;14763
3;14768
4;14769
28;14770
13;14771
8;14775
3;14776
65;14809
41;14810
82;14811
19;14812
5;14817
19;14827
56;14829
41;14830
11;14831
4;14836
2;14841
7;14846
21;14852
10;14854
24;14857
7;14865
41;14867
24;14905
33;14906
149;14907
11;14908
20;14914
23;14922
218;14925
3;14926
29;14927
25;14928
6;14944
20;14951
157;14954
23;14957
181;14962
37;15001
117;15002
34;15003
18;15012
1;15021
30;15023
24;15024
17;15038
5;15042
27;15049
3;15053
17;15054
7;15058
41;15059
19;15060
36;15097
219;15098
202;15099
254;15100
30;15101
22;15108
24;15115
26;15118
177;15119
8;15122
27;15125
16;15129
15;15139
10;15141
44;15142
28;15144
27;15148
38;15149
12;15154
82;15193
221;15194
48;15195
6;15196
16;15198
7;15213
19;15214
43;15215
3;15216
35;15219
12;15227
40;15232
23;15237
164;15243
160;15246
17;15249
19;15251
20;15252
4;15261
26;15267
12;15273
39;15290
18;15291
9;15292
69;15293
60;15294
34;15296
12;15309
17;15321
53;15322
23;15323
19;15326
20;15328
1;15334
31;15344
34;15345
7;15346
14;15349
2;15350
35;15352
26;15386
18;15387
39;15388
13;15389
22;15390
8;15391
33;15392
32;15395
7;15417
8;15418
48;15420
23;15421
64;15422
18;15423
14;15424
26;15432
22;15438
4;15445
11;15481
184;15482
1;15483
16;15484
19;15495
11;15501
56;15502
21;15503
14;15504
48;15506
19;15509
20;15531
1;15532
26;15535
32;15536
32;15577
15;15578
72;15579
80;15580
5;15591
10;15597
12;15598
3;15606
16;15612
7;15623
12;15626
23;15631
31;15633
31;15673
67;15674
222;15675
189;15676
35;15690
21;15692
14;15694
24;15696
33;15710
13;15712
6;15730
8;15731
13;15769
12;15770
37;15771
25;15772
165;15773
10;15789
36;15791
22;15792
2;15794
31;15796
171;15804
5;15811
2;15813
1;15815
29;15827
57;15865
17;15866
139;15867
48;15868
17;15870
27;15871
6;15885
10;15886
19;15887
1;15888
12;15891
15;15909
15;15919
32;15921
16;15923
11;15924
30;15947
2;15962
2;15963
14;15964
180;15965
1;15966
1;15968
168;15983
16;15986
42;15993
5;15994
28;15995
2;15996
3;15997
35;15999
11;16000
32;16022
17;16024
59;16057
20;16058
12;16059
9;16060
59;16061
85;16063
41;16064
35;16065
28;16072
24;16077
31;16089
28;16090
4;16092
14;16093
167;16094
16;16095
3;16097
1;16099
167;16101
3;16114
10;16116
103;16153
445;16154
221;16155
162;16156
573;16165
39;16173
36;16174
36;16178
21;16193
16;16194
7;16196
1;16198
5;16206
25;16207
16;16208
15;16210
29;16211
10;16212
24;16221
252;16249
31;16250
75;16251
33;16252
9;16265
20;16267
9;16270
28;16271
30;16272
9;16290
26;16293
32;16296
32;16298
6;16303
32;16305
264;16345
21;16346
47;16347
2;16348
49;16365
5;16367
8;16387
16;16392
15;16398
28;16428
26;16441
174;16442
112;16443
75;16444
11;16446
6;16462
47;16463
10;16464
33;16474
23;16487
25;16490
10;16499
90;16538
97;16540
12;16557
29;16562
26;16582
191;16585
27;16591
14;16592
11;16594
26;16615
11;16633
32;16635
226;16636
36;16637
10;16638
38;16639
3;16640
152;16656
1;16665
11;16667
160;16669
6;16670
565;16672
13;16688
24;16689
165;16690
12;16692
21;16709
20;16726
298;16729
17;16730
53;16731
22;16732
27;16734
32;16735
62;16736
8;16750
34;16751
14;16761
50;16762
66;16763
31;16766
2;16767
160;16768
32;16769
18;16784
44;16786
36;16788
16;16789
50;16825
7;16826
69;16827
10;16828
29;16835
29;16845
21;16846
37;16848
4;16869
12;16874
6;16880
9;16921
19;16922
39;16923
28;16935
39;16939
16;16942
11;16943
9;16944
4;16959
1;16966
9;16975
82;17017
75;17018
71;17020
4;17038
5;17040
4;17051
8;17059
19;17061
25;17064
3;17065
168;17069
4;17075
38;17113
29;17114
31;17115
15;17120
198;17133
51;17136
1;17143
6;17146
2;17148
14;17149
171;17161
32;17169
69;17209
32;17210
185;17211
73;17212
190;17230
56;17231
13;17248
11;17257
22;17260
16;17265
166;17268
35;17290
7;17297
35;17305
201;17306
183;17307
30;17308
84;17310
1;17311
6;17312
29;17315
48;17327
12;17334
42;17339
33;17340
13;17341
10;17342
46;17344
8;17350
29;17352
14;17357
28;17358
23;17360
7;17362
34;17363
60;17401
18;17402
27;17403
274;17405
17;17406
5;17407
12;17408
19;17422
5;17436
13;17437
6;17438
153;17439
7;17440
1;17453
10;17454
32;17462
33;17464
14;17465
50;17497
14;17498
613;17499
30;17500
7;17507
10;17518
204;17520
9;17524
1;17526
2;17527
8;17542
2;17544
16;17547
15;17550
49;17551
15;17556
49;17593
25;17594
31;17595
28;17596
6;17598
10;17604
22;17609
35;17614
38;17615
24;17616
36;17621
12;17641
23;17646
27;17649
19;17668
138;17690
237;17691
21;17692
9;17697
161;17707
19;17709
39;17710
42;17711
164;17730
27;17734
21;17735
9;17745
85;17785
10;17786
77;17787
216;17788
17;17804
14;17805
20;17806
182;17807
1;17808
5;17813
8;17815
6;17823
11;17825
31;17831
36;17834
54;17881
19;17882
186;17883
34;17884
20;17891
37;17901
44;17903
9;17912
30;17925
23;17926
35;17929
10;17935
4;17965
35;17968
15;17977
9;17978
14;17979
9;17980
30;17982
207;17983
36;17984
11;18008
150;18009
27;18010
23;18011
43;18012
13;18013
15;18015
38;18016
29;18026
8;18029
19;18035
40;18036
6;18038
6;18040
175;18074
24;18075
33;18076
16;18078
14;18079
4;18080
7;18082
23;18091
18;18093
33;18106
8;18107
21;18110
9;18111
17;18112
3;18126
4;18128
4;18131
194;18169
219;18171
59;18172
37;18176
30;18180
18;18189
26;18190
2;18191
21;18192
29;18202
173;18208
20;18210
18;18216
44;18217
22;18218
24;18223
1;18224
20;18227
5;18264
25;18265
8;18266
72;18267
52;18268
6;18275
1;18283
42;18287
12;18292
15;18312
15;18313
32;18315
18;18320
6;18324
60;18361
13;18362
71;18363
16;18366
47;18381
25;18383
15;18384
162;18394
8;18410
21;18414
29;18417
18;18419
210;18457
28;18458
198;18459
343;18460
22;18467
8;18474
23;18477
206;18480
16;18490
172;18503
37;18509
38;18511
11;18553
28;18554
55;18555
71;18556
14;18562
15;18574
7;18575
2;18576
18;18594
34;18603
171;18608
17;18609
1;18610
7;18631
16;18649
27;18650
15;18651
198;18652
444;18653
75;18654
44;18656
17;18659
17;18660
14;18681
35;18682
18;18684
195;18686
28;18696
21;18699
1;18701
13;18710
29;18711
14;18729
20;18739
90;18745
28;18746
199;18748
28;18749
16;18752
34;18774
161;18779
5;18783
30;18796
573;18797
52;18802
20;18803
3;18804
38;18841
41;18842
3;18843
40;18844
19;18852
7;18861
31;18862
24;18863
4;18888
6;18895
27;18896
34;18897
32;18938
170;18939
17;18940
6;18950
14;18951
153;18957
32;18958
44;18960
20;18962
14;18980
25;18987
21;18988
6;18994
12;19001
32;19005
5;19021
51;19033
268;19034
226;19035
367;19036
27;19040
25;19047
10;19051
3;19054
8;19086
190;19089
34;19091
7;19100
28;19129
45;19131
42;19132
18;19138
171;19149
10;19151
171;19152
26;19175
159;19182
19;19183
19;19216
59;19225
152;19226
67;19227
44;19228
11;19231
7;19249
25;19255
12;19270
12;19272
7;19275
9;19280
3;19282
9;19307
33;19321
45;19324
15;19325
26;19326
3;19327
15;19328
25;19329
31;19353
24;19354
3;19356
9;19372
10;19381
21;19388
1;19393
24;19417
40;19419
44;19421
22;19422
4;19423
30;19424
34;19449
168;19450
16;19452
32;19453
8;19454
57;19455
183;19456
20;19477
10;19513
3;19514
23;19515
11;19523
33;19534
35;19535
25;19536
31;19539
5;19558
4;19562
4;19566
66;19567
21;19568
26;19600
79;19609
229;19610
48;19611
87;19612
25;19622
22;19629
4;19630
31;19632
17;19639
25;19656
34;19658
66;19705
93;19706
194;19707
77;19708
33;19725
36;19726
11;19727
568;19728
6;19752
27;19758
3;19759
19;19760
11;19764
51;19801
177;19802
194;19803
55;19804
12;19814
24;19822
31;19824
30;19836
38;19837
18;19838
2;19848
23;19851
209;19898
249;19899
29;19900
66;19917
32;19920
21;19924
7;19944
11;19946
1;19948
9;19949
2;19952
31;19955
7;19974
24;19984
212;19993
26;19994
332;19996
38;19997
30;19998
4;19999
74;20000
19;20018
18;20028
6;20031
1;20032
24;20036
8;20040
10;20048
5;20052
54;20054
160;20055
24;20090
49;20091
50;20092
11;20093
6;20094
21;20095
22;20096
27;20099
15;20113
4;20118
11;20122
1;20123
19;20124
42;20126
34;20127
161;20141
3;20144
9;20148
30;20149
12;20150
8;20151
28;20152
30;20185
25;20186
21;20187
29;20188
21;20194
6;20205
25;20207
14;20208
23;20213
28;20216
158;20231
2;20232
25;20234
39;20239
30;20240
13;20242
78;20281
31;20282
233;20283
42;20284
21;20301
3;20302
16;20303
9;20304
14;20309
20;20310
12;20313
5;20324
14;20331
22;20334
217;20377
52;20378
14;20379
326;20380
6;20393
10;20397
18;20398
16;20399
156;20400
166;20417
7;20426
3;20428
21;20433
6;20436
11;20459
238;20474
16;20475
202;20476
27;20482
24;20492
6;20493
19;20495
157;20496
4;20498
7;20512
7;20524
9;20531
49;20569
37;20570
103;20571
30;20572
3;20573
5;20589
179;20590
1;20591
171;20592
8;20606
22;20617
22;20665
56;20666
7;20667
36;20668
151;20669
6;20670
36;20671
8;20672
2;20683
159;20688
23;20698
62;20699
6;20700
5;20701
22;20703
48;20704
31;20717
22;20718
2;20722
19;20728
8;20735
47;20761
181;20762
36;20763
15;20764
51;20765
24;20766
24;20767
194;20768
39;20793
25;20794
12;20795
40;20798
19;20801
3;20821
48;20857
48;20858
39;20859
24;20860
4;20862
39;20878
4;20881
18;20909
559;20910
30;20913
103;20953
23;20954
53;20955
24;20971
2;20973
21;20974
36;20975
172;20976
20;20994
77;21049
53;21050
26;21051
20;21052
5;21056
4;21071
11;21072
30;21088
16;21091
30;21104
23;21105
29;21145
23;21146
216;21147
76;21148
8;21153
8;21165
22;21166
33;21167
31;21168
16;21191
8;21193
12;21196
37;21198
168;21201
30;21203
23;21228
7;21233
284;21241
54;21242
63;21243
87;21244
16;21256
46;21261
198;21267
151;21277
30;21285
30;21286
31;21316
7;21337
28;21338
45;21339
31;21340
53;21341
23;21342
620;21343
4;21344
7;21345
23;21367
35;21368
19;21370
44;21371
1;21374
26;21376
12;21392
31;21398
20;21400
33;21433
69;21434
9;21435
70;21436
5;21437
169;21438
160;21440
1;21445
20;21446
4;21449
24;21451
7;21455
3;21456
31;21465
3;21468
15;21469
5;21471
14;21476
38;21484
1;21488
9;21492
247;21529
21;21530
97;21531
91;21532
4;21535
31;21540
57;21552
10;21563
563;21574
5;21580
25;21584
3;21604
12;21625
351;21626
156;21627
66;21628
7;21635
33;21645
36;21648
160;21671
24;21673
1;21677
29;21681
78;21721
106;21722
5;21723
44;21724
5;21742
158;21743
51;21744
33;21757
165;21762
12;21765
26;21766
24;21770
17;21777
9;21808
46;21817
11;21818
140;21819
73;21820
154;21829
5;21831
27;21837
11;21838
3;21839
20;21840
6;21861
7;21864
1;21867
151;21869
158;21870
10;21871
2;21874
159;21891
187;21913
61;21914
186;21915
67;21916
4;21928
52;21930
60;21933
10;21934
26;21935
53;21936
10;21944
7;21946
12;21953
4;21959
19;21971
21;21993
1;21995
5;22006
33;22009
13;22010
26;22011
53;22012
28;22013
168;22014
31;22015
32;22016
5;22017
168;22039
32;22041
13;22044
10;22045
26;22047
35;22048
14;22049
45;22065
16;22067
2;22072
5;22075
5;22085
7;22087
13;22102
22;22105
43;22106
1;22107
117;22108
32;22109
34;22110
10;22112
22;22118
14;22127
22;22128
16;22137
3;22140
30;22146
19;22152
39;22157
19;22166
3;22178
260;22201
181;22202
69;22203
153;22204
2;22211
20;22221
44;22222
29;22223
43;22224
3;22247
29;22251
28;22252
11;22254
5;22257
5;22258
13;22270
28;22297
51;22298
324;22299
232;22300
25;22318
15;22320
161;22328
14;22345
30;22349
3;22350
54;22353
20;22355
190;22356
16;22393
176;22394
22;22395
20;22396
9;22397
19;22413
15;22414
13;22415
49;22416
16;22426
24;22438
30;22439
5;22448
2;22452
68;22489
4;22490
30;22491
162;22492
20;22503
24;22505
15;22510
44;22511
16;22512
1;22537
10;22542
13;22545
9;22546
187;22585
33;22586
33;22587
109;22588
8;22606
2;22607
52;22608
31;22613
26;22615
32;22631
34;22635
1;22664
11;22681
4;22682
38;22683
35;22684
27;22685
10;22688
7;22697
9;22713
25;22714
20;22715
26;22718
12;22719
7;22721
2;22731
32;22737
159;22743
20;22744
35;22765
7;22778
110;22779
193;22781
63;22782
12;22783
192;22784
7;22798
2;22799
26;22809
16;22810
28;22811
30;22814
24;22826
5;22830
22;22832
18;22834
32;22838
11;22843
14;22867
258;22874
196;22876
24;22886
7;22892
92;22893
16;22894
16;22895
8;22903
162;22921
33;22930
2;22931
28;22958
9;22969
28;22970
46;22971
8;22972
14;22973
35;22974
4;22980
4;22983
4;22989
3;22990
16;22991
4;22992
20;23007
164;23014
18;23017
2;23018
33;23019
26;23026
28;23046
81;23065
73;23066
127;23067
93;23068
10;23072
20;23086
66;23088
4;23105
14;23110
33;23112
7;23114
24;23115
26;23117
4;23118
3;23120
6;23161
334;23162
53;23163
398;23164
40;23181
26;23183
3;23186
4;23196
19;23197
3;23207
25;23209
16;23214
21;23215
4;23220
28;23257
45;23258
25;23259
237;23260
6;23267
167;23278
18;23279
14;23280
5;23299
22;23303
2;23304
5;23314
3;23338
21;23345
33;23353
40;23354
19;23355
47;23356
13;23360
23;23368
1;23371
28;23377
27;23385
163;23390
179;23391
175;23392
14;23400
8;23401
28;23410
24;23414
3;23449
93;23450
17;23452
11;23453
56;23454
42;23455
168;23456
12;23471
5;23482
20;23483
48;23484
36;23485
17;23486
10;23487
10;23488
159;23496
1;23498
14;23510
155;23545
35;23546
26;23547
4;23548
5;23559
44;23567
17;23568
35;23601
161;23637
244;23641
561;23642
29;23644
33;23649
6;23653
19;23657
33;23664
14;23679
6;23685
14;23690
14;23692
22;23693
172;23695
36;23737
36;23738
27;23739
35;23740
4;23757
66;23758
24;23760
26;23764
30;23778
29;23784
5;23785
3;23787
164;23790
15;23793
39;23794
21;23796
13;23806
47;23833
74;23834
71;23835
21;23836
17;23854
20;23856
38;23878
29;23879
47;23883
18;23891
9;23910
171;23929
14;23931
77;23932
24;23945
30;23948
12;23950
16;23951
25;23958
3;23969
9;23975
11;23977
25;23980
17;23983
5;24025
29;24026
21;24027
10;24028
57;24029
10;24030
58;24031
15;24044
11;24058
36;24059
28;24061
201;24062
16;24064
160;24077
15;24087
33;24089
1;24117
4;24120
42;24121
40;24122
562;24123
4;24124
162;24125
20;24126
9;24136
165;24142
33;24156
20;24157
34;24158
24;24159
19;24160
16;24174
23;24175
15;24179
11;24181
16;24182
7;24184
28;24217
50;24218
198;24219
85;24220
11;24232
9;24235
29;24239
20;24240
18;24248
21;24256
50;24260
30;24263
334;24264
16;24270
13;24271
33;24274
270;24313
58;24314
37;24315
14;24316
16;24327
69;24334
170;24346
11;24350
10;24352
8;24355
12;24358
11;24362
2;24363
26;24369
4;24370
159;24372
21;24409
34;24410
43;24411
4;24412
28;24429
151;24431
8;24434
16;24468
36;24505
29;24506
636;24507
1;24508
24;24509
13;24537
172;24539
28;24547
1;24556
7;24559
11;24560
24;24564
28;24568
5;24574
8;24577
48;24601
25;24602
54;24603
44;24604
21;24618
34;24621
164;24623
9;24638
5;24644
28;24645
173;24655
23;24658
19;24675
62;24697
9;24699
29;24700
18;24701
76;24702
18;24703
15;24704
156;24705
10;24706
21;24713
11;24725
10;24727
187;24729
179;24731
11;24733
19;24735
21;24746
159;24751
17;24753
8;24760
16;24770
15;24788
20;24793
58;24795
55;24796
43;24797
23;24798
15;24799
19;24800
9;24807
144;24813
15;24823
30;24825
19;24826
22;24827
31;24828
28;24830
2;24831
4;24832
10;24836
27;24848
30;24853
12;24856
6;24869
54;24889
33;24890
22;24891
48;24892
12;24900
31;24909
22;24912
22;24922
12;24931
11;24939
10;24967
315;24985
27;24986
73;24987
61;24988
15;24998
4;25005
16;25007
146;25008
6;25011
12;25024
24;25030
7;25041
69;25081
57;25083
200;25084
27;25101
22;25104
5;25105
8;25118
149;25123
6;25125
12;25129
4;25130
36;25132
4;25136
19;25137
50;25177
13;25178
20;25179
23;25180
22;25197
19;25198
187;25199
19;25216
1;25225
21;25231
5;25235
23;25273
51;25274
623;25275
47;25276
35;25277
7;25282
2;25295
5;25296
7;25321
14;25322
21;25325
26;25343
7;25353
9;25363
163;25366
40;25369
37;25370
36;25371
23;25372
23;25373
42;25375
76;25376
20;25385
26;25391
9;25394
168;25400
41;25401
174;25402
20;25404
4;25405
52;25406
42;25407
194;25408
21;25417
4;25426
1;25427
17;25431
26;25465
14;25466
19;25467
75;25469
58;25470
154;25471
27;25472
38;25497
3;25501
20;25502
194;25517
17;25518
2;25522
10;25527
40;25528
19;25561
44;25562
385;25563
196;25564
161;25576
21;25578
163;25582
161;25595
9;25610
28;25612
3;25620
148;25657
120;25658
209;25659
78;25660
18;25677
11;25679
42;25680
25;25690
9;25697
10;25700
8;25710
4;25715
78;25753
7;25754
592;25755
25;25758
163;25764
22;25773
47;25775
12;25776
14;25781
14;25788
27;25789
32;25804
25;25808
8;25809
41;25849
86;25850
24;25851
116;25852
18;25870
19;25871
23;25872
10;25874
28;25881
12;25893
171;25894
22;25895
5;25899
16;25903
57;25945
95;25946
61;25947
26;25948
38;25959
22;25965
8;25966
66;25967
49;25968
35;25969
31;25973
8;25991
17;25995
6;25996
10;26000
7;26003
3;26006
21;26026
37;26041
25;26043
22;26044
179;26045
160;26047
51;26048
9;26050
17;26057
29;26073
38;26074
20;26075
24;26077
23;26079
44;26080
11;26085
34;26094
29;26097
30;26098
9;26101
11;26137
14;26138
15;26139
35;26140
24;26141
14;26142
33;26144
13;26146
10;26151
1;26154
16;26166
167;26169
7;26170
20;26171
3;26173
49;26174
27;26175
159;26176
37;26190
20;26194
11;26233
44;26234
252;26235
35;26236
152;26237
1;26241
174;26253
19;26255
5;26258
12;26278
3;26283
4;26291
25;26329
41;26330
70;26331
40;26332
4;26334
4;26339
20;26346
23;26350
8;26352
18;26364
2;26373
9;26380
42;26385
20;26387
155;26408
78;26425
48;26427
23;26428
4;26432
10;26439
19;26440
16;26441
40;26445
4;26446
6;26450
17;26454
19;26471
13;26478
10;26479
294;26521
99;26522
169;26523
32;26524
4;26537
25;26541
15;26543
6;26551
1;26557
5;26558
22;26565
7;26573
31;26576
3;26578
10;26603
29;26617
26;26618
130;26619
28;26620
157;26621
39;26637
6;26649
30;26685
78;26713
210;26714
14;26716
43;26717
79;26718
45;26719
4;26720
31;26743
4;26747
11;26748
24;26749
29;26751
46;26752
3;26768
35;26774
44;26775
1;26776
25;26779
3;26780
12;26809
35;26810
34;26811
13;26813
29;26814
20;26815
18;26816
19;26826
22;26836
15;26841
32;26843
11;26844
2;26847
10;26853
30;26861
30;26862
18;26867
19;26868
43;26870
7;26871
9;26874
41;26905
80;26906
79;26907
220;26908
32;26926
27;26927
13;26928
2;26932
2;26933
38;26941
8;26944
549;26951
38;26958
31;26959
29;26962
52;26963
81;27001
193;27003
96;27004
12;27008
7;27017
3;27019
8;27021
29;27022
27;27023
13;27024
150;27037
37;27051
17;27059
13;27097
16;27098
170;27099
245;27100
11;27101
155;27102
18;27106
20;27108
29;27110
22;27118
31;27119
26;27126
34;27130
6;27132
5;27145
26;27149
28;27150
9;27151
26;27152
12;27153
19;27155
153;27156
17;27183
15;27193
32;27194
38;27195
43;27196
4;27201
6;27206
21;27208
29;27213
49;27214
18;27215
60;27216
13;27217
15;27221
14;27225
15;27234
169;27237
19;27238
31;27239
28;27240
33;27243
147;27249
16;27289
27;27291
55;27292
176;27294
67;27309
5;27310
28;27312
5;27323
565;27340
31;27346
35;27385
154;27386
57;27387
190;27388
9;27389
166;27390
24;27392
36;27395
27;27409
5;27412
79;27417
14;27419
11;27420
20;27423
1;27437
4;27438
14;27439
6;27446
32;27447
10;27463
99;27481
8;27482
50;27483
26;27484
63;27485
67;27486
342;27487
171;27488
17;27491
26;27492
18;27505
30;27513
11;27514
19;27517
22;27519
11;27522
31;27525
8;27527
4;27531
164;27536
30;27538
5;27541
26;27543
5;27544
40;27577
33;27578
355;27579
54;27580
1;27594
7;27596
22;27598
21;27599
31;27600
24;27604
39;27624
3;27626
11;27627
6;27643
32;27673
40;27674
114;27675
87;27676
24;27693
62;27695
14;27697
34;27698
34;27708
20;27712
8;27715
9;27720
18;27723
30;27729
2;27730
82;27770
64;27771
30;27772
17;27778
48;27787
6;27789
175;27791
30;27792
27;27805
24;27814
14;27815
6;27821
5;27823
31;27827
17;27865
267;27866
156;27867
41;27868
158;27885
3;27897
9;27908
8;27909
12;27913
23;27915
5;27921
2;27922
5;27924
10;27927
46;27961
53;27962
23;27963
190;27964
13;27965
6;27971
61;27981
7;27982
34;27983
183;27984
3;27986
7;27994
9;28007
11;28017
7;28019
34;28020
10;28031
9;28053
5;28057
38;28059
43;28060
8;28061
38;28062
184;28063
36;28064
9;28082
27;28091
34;28094
23;28095
23;28097
17;28102
19;28116
35;28117
189;28118
155;28119
3;28136
5;28140
19;28153
10;28154
40;28155
19;28156
19;28158
9;28159
163;28160
6;28177
14;28185
24;28187
11;28189
35;28190
36;28191
19;28192
4;28194
19;28207
39;28212
5;28214
23;28219
21;28249
65;28250
51;28251
59;28252
57;28269
17;28270
30;28271
9;28277
4;28296
26;28299
8;28300
49;28345
6;28346
115;28347
32;28348
7;28356
37;28366
27;28367
41;28368
24;28389
20;28391
10;28394
12;28399
3;28400
38;28401
5;28402
6;28404
268;28441
54;28443
57;28444
22;28452
149;28461
208;28463
27;28476
2;28480
23;28486
171;28488
11;28490
558;28491
6;28509
59;28537
1;28538
53;28539
15;28540
6;28548
42;28554
62;28558
27;28559
8;28566
35;28588
2;28589
6;28633
107;28634
98;28635
75;28636
10;28650
17;28651
39;28653
43;28654
38;28655
4;28656
17;28661
13;28690
11;28691
6;28718
26;28729
3;28730
6;28731
2;28734
15;28751
11;28757
18;28763
26;28764
26;28765
57;28766
37;28767
10;28768
6;28777
6;28781
17;28782
1;28786
12;28790
25;28791
29;28792
11;28825
17;28827
46;28829
167;28830
10;28831
155;28836
19;28837
27;28839
26;28841
16;28852
11;28856
43;28859
24;28860
40;28862
11;28863
13;28884
9;28885
43;28921
108;28922
149;28923
3;28924
147;28925
20;28926
39;28940
42;28943
23;28953
10;28957
31;28959
25;28967
22;28969
16;28970
17;28971
32;28975
14;28977
45;28979
96;29017
25;29018
117;29019
71;29020
9;29021
18;29025
11;29030
2;29034
17;29038
29;29061
4;29065
12;29081
182;29113
188;29114
35;29115
226;29116
33;29120
10;29121
9;29123
8;29133
1;29134
17;29136
19;29139
166;29140
17;29158
6;29163
17;29164
17;29167
32;29168
25;29169
4;29170
4;29172
160;29213
39;29214
31;29215
46;29216
8;29222
21;29226
29;29235
12;29258
159;29260
172;29267
7;29268
20;29270
158;29271
146;29272
281;29309
32;29310
83;29311
586;29312
38;29320
26;29322
35;29329
169;29340
18;29344
13;29354
2;29355
26;29356
15;29359
27;29363
169;29405
177;29406
12;29407
14;29409
59;29410
42;29412
10;29426
157;29437
19;29438
563;29439
89;29444
18;29460
7;29468
5;29501
68;29502
209;29503
169;29504
215;29505
33;29506
46;29508
5;29514
23;29516
1;29518
65;29533
46;29534
10;29536
31;29537
40;29539
12;29543
26;29549
162;29553
19;29554
16;29556
4;29558
26;29559
4;29561
12;29562
9;29564
19;29597
10;29598
26;29599
89;29600
24;29617
2;29618
40;29619
22;29620
15;29622
19;29632
13;29633
5;29637
25;29651
24;29652
133;29693
31;29694
25;29695
68;29696
28;29701
16;29702
61;29714
47;29737
6;29742
4;29745
30;29747
158;29748
8;29750
14;29752
29;29771
19;29789
178;29790
53;29791
27;29792
7;29795
24;29809
25;29810
10;29811
16;29812
23;29815
12;29816
18;29835
4;29838
18;29839
4;29841
20;29842
5;29843
3;29847
1;29848
1;29876
71;29885
663;29886
77;29887
53;29888
17;29889
15;29890
8;29906
171;29916
27;29930
13;29935
5;29942
10;29960
64;29981
33;29982
2;29983
200;29984
22;30000
20;30001
8;30002
4;30004
31;30022
40;30025
11;30026
29;30031
30;30037
4;30070
76;30077
44;30078
15;30079
20;30081
4;30082
13;30084
4;30086
18;30106
29;30110
56;30111
32;30112
21;30117
156;30120
13;30129
27;30131
16;30135
1;30140
28;30164
1;30167
9;30173
236;30174
29;30177
10;30178
11;30180
8;30188
31;30201
17;30202
46;30205
177;30208
7;30210
23;30211
18;30216
11;30220
13;30232
11;30239
197;30269
207;30270
52;30271
161;30272
9;30276
6;30277
15;30284
6;30288
35;30289
8;30290
36;30291
34;30307
19;30309
29;30319
6;30321
7;30323
167;30365
132;30366
51;30367
176;30368
27;30377
3;30379
40;30386
26;30387
32;30388
9;30408
39;30409
12;30413
38;30415
7;30419
13;30422
13;30424
4;30443
24;30461
492;30462
210;30463
71;30464
6;30481
235;30483
24;30487
164;30488
5;30506
229;30508
40;30511
25;30516
11;30519
18;30557
13;30558
21;30559
210;30560
12;30561
24;30564
115;30579
3;30596
12;30608
42;30611
6;30634
19;30653
365;30654
254;30655
33;30656
45;30673
19;30674
11;30675
17;30683
147;30698
27;30699
20;30708
5;30711
7;30712
9;30722
12;30730
3;30736
14;30749
219;30751
17;30752
74;30753
33;30754
78;30755
99;30756
13;30763
32;30776
3;30781
2;30785
43;30786
9;30787
6;30788
7;30792
23;30795
25;30804
156;30805
151;30807
16;30809
81;30845
56;30846
40;30847
7;30848
9;30850
28;30851
27;30852
16;30856
10;30863
19;30872
21;30877
161;30878
3;30880
35;30881
18;30882
19;30884
10;30888
166;30902
19;30903
10;30908
30;30911
258;30941
391;30942
238;30943
43;30944
12;30947
7;30950
19;30954
26;30961
1;30962
14;30966
17;30971
2;30977
2;30978
13;30982
38;30984
31;30992
19;30993
6;31004
63;31037
37;31038
223;31039
403;31040
160;31046
29;31058
150;31059
178;31060
157;31061
17;31069
9;31083
13;31085
166;31086
161;31089
30;31096
5;31119
62;31133
19;31135
228;31136
55;31153
29;31154
29;31155
11;31171
28;31177
22;31179
10;31180
3;31186
169;31229
89;31230
3;31232
27;31241
24;31246
154;31251
40;31252
6;31261
10;31265
1;31280
4;31281
5;31282
4;31305
42;31325
21;31326
141;31327
569;31328
8;31339
557;31344
11;31346
26;31348
1;31354
35;31355
8;31383
25;31384
218;31421
17;31422
638;31423
10;31424
12;31425
24;31426
18;31427
53;31428
8;31431
7;31440
27;31442
15;31449
34;31450
23;31455
14;31456
32;31457
14;31458
10;31459
7;31471
174;31483
20;31518
3;31519
30;31520
26;31521
18;31522
69;31523
3;31524
12;31527
19;31533
11;31545
4;31546
11;31549
18;31551
25;31552
17;31553
17;31554
29;31555
5;31556
165;31567
10;31575
38;31580
82;31613
189;31614
43;31615
176;31616
157;31633
167;31634
43;31635
42;31636
18;31645
16;31656
5;31660
18;31665
12;31668
17;31672
6;31676
34;31680
41;31709
48;31710
5;31711
50;31712
172;31720
56;31729
181;31730
18;31732
14;31744
15;31746
11;31758
35;31760
5;31762
17;31765
218;31805
7;31806
29;31808
25;31813
7;31820
169;31824
4;31825
49;31826
215;31828
155;31833
22;31848
8;31850
31;31851
66;31901
12;31902
48;31903
28;31904
12;31906
16;31917
3;31920
27;31921
35;31924
1;31928
45;31930
15;31945
13;31947
4;31952
45;31956
160;31989
27;31997
63;31998
41;31999
80;32000
35;32006
22;32007
13;32013
6;32017
32;32020
18;32047
6;32049
36;32050
37;32055
1;32064
235;32093
27;32094
15;32095
57;32096
66;32097
22;32098
57;32099
58;32100
3;32104
52;32113
15;32126
22;32127
45;32129
34;32132
3;32145
29;32146
24;32148
175;32150
6;32153
1;32156
15;32167
6;32180
1;32189
176;32190
30;32192
36;32193
26;32194
52;32195
89;32196
13;32221
1;32224
59;32225
21;32226
167;32227
24;32229
17;32247
9;32272
113;32285
93;32286
6;32287
230;32288
30;32289
16;32295
76;32307
20;32317
9;32339
7;32340
32;32341
37;32376
43;32381
19;32382
620;32383
112;32384
9;32401
63;32403
40;32404
21;32406
31;32411
26;32428
25;32431
51;32437
10;32439
13;32440
5;32465
24;32477
31;32478
107;32479
189;32480
5;32496
16;32497
22;32498
55;32500
8;32504
8;32508
45;32521
5;32523
8;32525
15;32529
7;32531
151;32535
22;32573
10;32574
56;32575
10;32576
15;32579
9;32593
39;32594
192;32595
28;32596
14;32621
28;32622
4;32625
3;32628
12;32632
14;32633
5;32661
79;32669
12;32670
184;32671
69;32672
23;32683
9;32689
80;32691
25;32692
3;32713
21;32714
152;32723
7;32725
16;32765
36;32766
71;32767
41;32770
64;32771
2;32772
17;32792
16;32797
3;32798
13;32802
185;32804
27;32808
12;32812
19;32815
3;32816
8;32819
8;32821
157;32822
18;32824
24;32826
6;32827
6;32841
164;32851
59;32861
6;32862
22;32864
18;32865
41;32866
29;32867
3;32868
16;32876
7;32879
31;32888
17;32896
43;32898
28;32900
8;32914
184;32916
15;32922
166;32923
4;32924
74;32958
33;32959
133;32960
17;32974
9;32977
69;32978
54;32979
13;32990
3;32993
10;33006
9;33008
18;33011
18;33014
31;33016
17;33039
3;33051
67;33053
17;33054
57;33055
235;33056
9;33063
39;33070
23;33073
20;33074
190;33075
33;33076
7;33102
9;33104
18;33105
161;33106
15;33107
96;33149
50;33150
19;33151
84;33152
1;33154
25;33171
168;33172
24;33181
1;33194
30;33197
6;33200
35;33201
5;33202
37;33204
36;33206
180;33207
35;33238
642;33245
17;33246
31;33247
191;33248
30;33264
21;33266
22;33267
52;33268
3;33271
5;33280
11;33294
24;33296
6;33300
5;33301
40;33302
10;33304
268;33341
155;33342
52;33343
68;33344
3;33348
1;33351
26;33357
26;33360
10;33361
29;33369
3;33389
5;33391
8;33411
7;33437
13;33438
9;33439
29;33441
34;33442
83;33443
51;33444
5;33448
10;33452
12;33457
13;33466
165;33469
34;33470
23;33472
4;33474
23;33476
2;33479
35;33484
5;33490
8;33491
34;33493
12;33496
21;33499
12;33500
37;33501
24;33522
77;33534
34;33535
183;33536
163;33537
35;33538
589;33539
179;33540
27;33564
1;33565
171;33566
46;33570
13;33571
7;33578
21;33579
20;33584
9;33586
181;33596
29;33599
21;33629
190;33630
2;33631
62;33632
169;33640
7;33649
16;33650
69;33651
16;33662
151;33673
10;33675
44;33679
5;33686
26;33687
3;33725
38;33726
157;33727
73;33728
39;33746
20;33748
24;33751
32;33760
23;33769
29;33772
19;33773
16;33778
31;33781
10;33820
61;33821
192;33822
218;33823
579;33824
8;33841
67;33842
11;33844
16;33856
4;33870
38;33877
5;33885
8;33898
35;33917
35;33918
193;33919
64;33920
26;33929
9;33935
8;33937
45;33939
37;33940
10;33942
15;33956
10;33962
39;33964
2;33965
2;33974
173;33976
81;34013
57;34014
6;34015
25;34016
11;34021
22;34033
4;34034
15;34035
12;34036
6;34049
176;34062
10;34065
33;34069
26;34072
8;34085
7;34086
18;34109
34;34110
15;34111
557;34112
30;34114
20;34115
222;34116
18;34117
20;34143
34;34146
22;34147
16;34148
5;34161
3;34164
17;34166
38;34168
37;34169
15;34172
8;34206
17;34207
4;34208
77;34209
12;34210
33;34211
16;34232
36;34237
19;34238
323;34241
168;34244
1;34254
13;34256
9;34260
5;34265
15;34267
36;34300
82;34302
55;34303
31;34304
21;34308
17;34320
13;34321
6;34322
39;34323
12;34324
32;34328
14;34344
36;34346
27;34347
4;34349
20;34351
13;34352
30;34357
106;34397
60;34398
16;34399
57;34400
155;34407
74;34417
29;34419
161;34420
23;34424
13;34441
5;34451
17;34452
50;34456
71;34493
34;34494
62;34495
50;34496
12;34504
27;34506
4;34508
14;34513
26;34521
32;34537
17;34538
40;34546
23;34547
51;34550
648;34589
73;34590
33;34592
18;34604
22;34610
20;34611
35;34612
21;34629
2;34632
11;34635
28;34636
167;34637
44;34685
62;34686
272;34687
71;34688
21;34696
28;34697
89;34705
22;34706
238;34707
30;34732
5;34740
15;34781
206;34782
72;34783
13;34784
45;34785
90;34787
35;34788
12;34813
39;34815
17;34818
30;34819
33;34820
34;34833
8;34835
2;34843
5;34871
11;34878
19;34879
15;34880
46;34881
32;34882
29;34883
3;34884
14;34888
1;34895
16;34898
13;34901
13;34910
7;34911
39;34912
30;34913
56;34914
27;34929
1;34937
15;34939
25;34953
244;34973
35;34974
43;34975
41;34976
34;34982
580;34995
6;35008
145;35023
24;35029
20;35032
