sums of daily draw-off volumes
214.5
157
300.5
133.8
231.8
194.2
271
327.5
222.5
136.8
259
96.2
235
376
166.5
177.2
123.5
133.5
148.8
166.8
337.8
216.8
141.5
225.8
200.2
167.5
316.2
175.2
110.2
303.2
154.5
132.8
143.2
187
301.8
203.2
150.5
448.2
213.2
179.8
202.8
168.8
151.2
97.2
101.8
258.8
202
165.8
253.8
137.5
225.5
142.8
274.5
338
339.5
349.5
113
341
215.8
215
84
223.8
243.5
215
173.8
172.5
341
151.2
191.2
130.2
233.8
206.8
99
123.5
213.5
280.8
174
312.5
201.5
301.2
102.2
63.8
202
251.8
196.8
297.2
189
219
143.5
229.5
276.8
110
188.5
388.8
156.2
141
254.5
262
303
174.5
302
201.8
135.2
244.2
148.2
368.2
319.5
160.8
187.8
219.8
327.5
90.2
182.5
208
259.5
245.8
138.2
216.5
142.5
122.2
206
244.8
84
184
249.5
253.5
153.8
347
117.5
328.8
389.8
398
282.2
131.2
166.2
345.5
192
160.5
194
195.5
222.5
241.5
154.5
233
341.2
85.8
441.8
245
360
160.5
185.8
276
172.2
196.2
113.8
230.5
99.2
303.8
234.8
133.8
106.2
119.8
79.5
165.8
140.2
110.5
147.2
204
446
156
106.8
145
124.2
372.8
265.8
68.5
46
117
147
208.2
239.5
176.5
261.2
91.5
226.5
179.8
125.2
196.8
103.2
239.2
77.2
121.2
325.2
111
303.5
318.2
68.5
149.5
305.2
172.2
106.8
67.2
170.8
67.8
156.8
286
163.8
166.8
263
146.8
122.2
130
254.5
181.8
152
182.8
177.5
203.2
113.5
73.8
179.2
247.2
265
172.5
287.8
219.5
181
208.5
229.2
195.5
117
224.5
286.8
104
104
136.8
111.2
208.2
207
116.5
153.2
238
143.5
211.5
180.5
80.2
332
143.2
95.5
110.8
176.2
306.8
236.2
219.2
76.2
253.8
159
263.8
161.8
68.2
179
154.5
95
215.2
312.2
174.2
297.5
170.5
266.5
147.8
134.8
203
168.8
178
81.5
115.5
178.2
113.8
182.2
107
310.2
168.2
268.5
204
243.8
221
315.8
161.8
132
139.8
179
174.2
223
130.5
86.8
108
389
77.5
119.5
84.8
161.2
196.5
102.8
254
252
337.8
334
314
83.2
157.2
124
280.2
126
137.2
171.5
206.8
196.2
385
117.5
243.8
261
196.2
284.2
449
125.2
133
362
338.8
137.5
256.2
167
234.8
92.5
144.2
236.5
183.2
160.2
280
175.2
114
167.2
186.5
216.8
122.8
230
199.2
286.2
161.5
172.2
452.2
197
126
302.2
177.8
121
284
189
122
191.5
115.8
269.5
220.5
162.8
98
299.2
sums of draw-off volumes of each hour of the day
122.1
212.2
178.7
159.6
274
258.1
13749.1
16948
6563.2
1632.2
901
3473.2
4616.3
1669.7
1957.2
3113.8
2521.8
1924
2299
3220.4
2842.7
2789.2
914.2
292.8
sums of draw-off volumes of each hour of weekdays
76.2
86.9
77.3
59.3
128.3
167.3
11505.4
11878.1
3499
961.9
776.6
3175.1
4306.4
1374.6
711.9
610.4
550.5
1481.4
2025.6
2414
2049.5
1584.1
353
62.6
sums of draw-off volumes of each hour of weekend-days
45.9
125.3
101.4
100.3
145.7
90.8
2243.7
5069.9
3064.2
670.3
124.4
298.1
309.9
295.1
1245.3
2503.4
1971.3
442.6
273.4
806.4
793.2
1205.1
561.2
230.2
holidays of household(s), numbers correspond to day of year
