sums of daily draw-off volumes
66.5
215.5
35.2
38.8
119.5
36.8
65
37.8
21.2
126.2
86.2
41
153.2
82
55.5
30
97
127.5
111.5
188.5
176.2
24.8
48.2
18
88.8
73
123.2
101.5
69.2
147.8
25.5
66.2
81
85.2
202.8
24
79.5
115
65.2
39.8
90.8
43.5
57.8
57
39
120.8
35
119
64.2
77.8
156.5
79.8
47
198.5
94.8
70.5
65.8
120
27.8
50.8
42.8
127.8
161
45
90
50
112.2
100.2
103
116.2
76
34.5
84
137.5
45.2
176
58.8
88.5
64.8
63.2
67.5
46
124.5
297
42.5
312
92.5
113.2
64.2
82
69.5
137.8
32.8
79.5
43.8
248.2
57.2
230.8
190.8
10
52.8
77.5
141.5
124.5
172
30
26.2
28
205.2
21.2
184
45.5
100.8
131.8
100.8
19.2
101.2
238.5
136
132.5
60.2
29
127.8
112.5
151
108.2
176.5
41.2
87
16.2
75
132.5
27.2
35.5
56.8
20.8
88.8
83
57.2
96.5
135.5
46.5
105.8
52.2
73
56
59.5
88.8
43.5
50.2
59
56.5
107.2
26.5
36
255.5
76.2
108.5
67
124
137.8
73.2
47.5
49.2
102.2
48.8
30.8
74.8
44.5
40.8
64.5
116.8
30.8
73.8
131
70.5
33.2
222
13.5
72.8
225.2
59.8
42.8
22
11.8
126.2
107
43.2
65.2
29.8
78.2
104.8
22.5
82
42
58.5
21.5
215.5
32.5
64.8
94.2
96.2
58.2
133
202.5
196
29.2
86
72.2
54.8
57
112
32.8
29.2
73
22.2
131.2
36.8
46
27.5
12.8
9.5
9
48
57.8
21
63.8
10.5
81.5
60.8
170.2
76.5
31.5
80.8
35.2
50.8
40.5
93.5
162
22.2
90
64.2
27.2
38.5
131.5
61
18.2
31.8
83
17.5
76.2
20
36.2
64.2
35
82.2
27.5
81.8
50.2
38.2
71.8
68.2
115.5
93.8
81.8
21
201.2
54.5
17.8
29.2
65.2
105.2
69
176.2
70.5
58.8
88.2
37.5
107.2
120.5
32.2
75.2
81.2
58
25.2
301.5
47.5
36
155.5
176.2
56.5
31
35.2
57.8
51
22.2
73.2
8.5
11
45.5
30.8
63
65.2
155.8
90.8
22.5
99.5
70
43
12.8
38.8
13.8
23.2
42.8
48.8
122.5
132
65.2
49.5
47
69.5
75
144.2
27.8
36
81.8
262.8
60.5
21
154
77.2
124.5
23
328.5
70
124
86.5
83
12.8
106.5
50
42.5
107
80
48
96.5
125
85.5
44.2
86.8
35.2
90.5
53
55.2
95.5
95.8
151.5
68
94.5
53.5
110
144.5
80.8
67.2
187.8
sums of draw-off volumes of each hour of the day
49.5
69.2
82.2
144.3
263.7
49.5
5019.9
7275.3
2567.5
612.3
236.7
1979.3
1436.2
858.8
734.5
1199.9
1067
834.4
1271.5
1252
1225.9
974.2
231.6
88.1
sums of draw-off volumes of each hour of weekdays
18.5
24.7
67.7
23.4
30.2
47.2
3976.8
4970.3
1346.2
347.2
170.1
1918.9
1383.7
769.1
246.7
174.9
244.6
659.4
957.4
923.5
806.9
564.4
90.3
31.6
sums of draw-off volumes of each hour of weekend-days
31
44.5
14.5
120.9
233.5
2.3
1043.1
2305
1221.3
265.1
66.6
60.4
52.5
89.7
487.8
1025
822.4
175
314.1
328.5
419
409.8
141.3
56.5
holidays of household(s), numbers correspond to day of year
